tensor([[[-3.9154e-01,  6.6678e-01, -6.2512e-04,  1.3113e+00, -5.6786e-01,
          -1.4136e-01,  1.1178e+00,  3.2968e-02],
         [-1.0649e+00, -4.6665e-01, -3.3151e-02,  3.0644e-01, -4.4168e-01,
           2.5446e-01,  5.8348e-01, -3.5257e-01],
         [ 5.0191e-01,  1.0129e+00,  8.8764e-01, -2.1796e+00,  2.0667e-01,
          -8.6446e-01,  1.9406e-01, -8.8539e-01],
         [ 2.4375e-01,  1.6302e-01, -1.5398e+00,  1.0862e+00,  1.3679e+00,
          -6.3408e-01, -8.7971e-01,  9.0831e-01],
         [-4.6019e-01,  1.3517e+00, -1.2509e+00,  5.4344e-02, -1.9105e-01,
           7.4864e-01, -1.7619e-01,  3.5613e-01],
         [-1.1815e+00, -1.6694e+00,  1.0737e+00, -1.4162e-01,  5.0004e-01,
          -1.2908e-01, -7.7172e-01, -1.6199e+00],
         [-1.7539e-01, -1.1359e+00,  1.0092e+00, -8.6250e-01, -5.5438e-02,
           5.2094e-01, -1.5613e+00, -5.9006e-01],
         [ 1.5633e-02, -1.4246e-02,  1.8838e-01,  6.0920e-01,  8.0732e-01,
           1.0654e+00, -6.8374e-02, -2.7077e-01],
         [ 8.4238e-01, -1.5851e-01,  3.6720e-01, -4.4828e-01,  1.9906e-01,
          -5.0872e-01, -4.0558e-01, -6.7784e-01],
         [-1.7458e-01, -7.1938e-01,  1.9299e+00,  3.3343e-01,  6.7195e-01,
           2.7942e-01,  1.4987e-02, -1.3770e+00],
         [ 1.4099e-01,  6.2268e-01,  4.8331e-01, -1.3952e+00, -3.3924e-01,
           1.1193e+00,  6.7911e-02, -1.2992e+00],
         [ 8.8974e-01, -9.4803e-01, -9.2376e-01, -8.2602e-01, -4.1551e-01,
           1.0330e+00, -5.4964e-01, -4.2927e-01],
         [-6.7332e-01, -1.1488e-01,  1.2062e+00,  1.3156e+00, -9.9965e-01,
           5.4303e-01,  5.1076e-01,  1.2650e+00],
         [ 8.7450e-01,  3.8053e-01, -1.1232e+00, -1.4496e-01, -1.1780e+00,
           6.1516e-01, -1.3940e-01, -4.4130e-01],
         [ 9.4142e-01, -1.0085e-01, -6.2391e-02,  5.9763e-01, -5.8613e-01,
          -1.6221e-01, -1.5421e+00, -9.4633e-01],
         [ 8.2028e-01,  2.6278e+00,  1.3667e-01, -2.8401e-01,  2.0922e-01,
          -2.6115e-01, -1.1615e+00, -9.7403e-01],
         [-2.6360e-01,  5.1911e-01, -2.1908e-01,  6.4871e-01, -1.9958e+00,
           5.8094e-01, -1.5202e+00,  6.7440e-01],
         [ 8.0267e-01,  4.0668e-01,  6.6428e-02, -1.6345e+00,  1.9484e+00,
          -1.1101e+00,  8.8034e-01, -2.8193e+00],
         [ 7.3385e-01, -7.1180e-01, -9.5003e-01, -3.3340e-01, -1.3726e+00,
           1.4660e-01, -5.8513e-01,  1.1827e+00],
         [-2.7253e-01,  4.8507e-01,  1.3803e+00, -6.4989e-01,  4.8182e-01,
           3.3786e-01, -8.7894e-01,  1.2634e+00],
         [-1.1617e+00,  1.1308e+00, -4.3014e-01,  2.6728e+00, -2.6279e-01,
           1.9408e+00, -7.9877e-01, -1.0871e+00],
         [ 7.5723e-01,  1.6619e+00,  1.5706e-01,  5.1076e-01, -3.6885e-01,
           8.6344e-01,  6.6255e-01, -1.9716e+00],
         [ 2.2487e-01,  8.7479e-02,  4.2418e-02,  3.9061e-01, -8.0226e-01,
          -4.6240e-01, -1.2064e+00, -6.0422e-01],
         [ 1.0327e+00, -4.2999e-01,  4.6269e-01,  1.4861e+00,  1.2288e+00,
          -7.0782e-01,  1.2375e+00,  7.7558e-01],
         [ 5.8369e-01, -1.0142e+00,  5.0154e-01,  1.2550e+00,  9.7094e-01,
          -2.8849e+00, -4.7775e-02, -2.9756e-01],
         [-3.0146e-01,  2.3418e-02,  6.6882e-01,  1.7539e-02, -4.0828e-01,
           1.7354e+00, -1.2147e+00,  1.3464e+00],
         [-5.9111e-01, -1.0859e-01,  2.3155e-02,  2.1407e-01, -1.8849e-01,
          -1.1864e+00, -5.2286e-01, -1.2916e-01],
         [-4.4009e-01,  1.2042e+00, -2.3409e+00,  1.7795e+00,  6.1397e-01,
          -8.4747e-01, -1.8072e+00, -9.9912e-01],
         [-6.5713e-01,  1.6081e+00, -1.5097e+00,  4.7235e-02,  7.9659e-01,
          -1.0446e+00, -1.4339e+00, -5.9349e-01],
         [-1.0298e-01,  2.8797e-01, -1.1134e+00, -2.8800e-01, -1.3180e+00,
          -8.3506e-01, -4.8903e-01,  3.3440e+00],
         [-1.3965e+00, -4.9820e-01,  2.5952e-01, -6.4305e-01, -9.2400e-01,
           6.4635e-01, -5.0339e-01,  1.8799e+00],
         [ 1.2234e+00,  2.3652e-02,  1.4937e+00,  2.4494e-01, -3.6691e-01,
           1.8380e-01, -2.5732e-02,  1.6635e+00]]], device='cuda:1')