sample name: ['Cc1ccc(C(C)C)c(OCC(=O)N/N=C/c2ccco2)c1']
atom_index,distance,cosine_similarity
0,-0.0570184326171875,0.006257830504328012
1,-0.208890380859375,0.014133926555514336
2,-0.0180767822265625,0.0018770580366253853
3,-0.2777947998046875,0.019201115965843202
4,-0.12392578125,0.01162074588239193
5,0.2579217529296875,-0.020842344760894777
6,-0.3078863525390625,0.02876656614243984
7,0.3016339111328125,-0.02328117400407791
8,-0.4592950439453125,0.0407655656337738
9,0.0938909912109375,-0.00938392773270607
10,-0.294510498046875,0.027637072056531906
11,-0.0792303466796875,0.011501800045371055
12,-0.1334246826171875,0.01685397535562515
13,-0.219925537109375,0.021431249305605887
14,-0.0320355224609375,-0.006555631682276726
15,-0.0480645751953125,0.005890546143054962
16,0.1854669189453125,-0.015974671766161918

Sum of phi values for distance
-1.4211651611328124
Sum of phi values for cosine similarity
0.12989970168098808
Average distance random samples:
6.076221342156915
Average cosine similarity random samples:
0.7622120280826793
Distances random samples
[4.665028095245361, 8.359380722045898, 8.472994804382324, 5.777148723602295, 6.544312953948975, 4.376873016357422, 5.874749660491943, 5.646368026733398, 5.838790416717529, 4.102375030517578, 3.0437726974487305, 4.928192615509033, 6.593484401702881, 10.455695152282715, 5.3315653800964355, 3.5266659259796143, 6.701473712921143, 4.723175048828125, 4.636197090148926, 4.596408843994141, 5.458633899688721, 5.913292407989502, 5.808235168457031, 10.176445960998535, 5.095254421234131, 8.848755836486816, 10.150799751281738, 6.570175647735596, 5.7848029136657715, 5.058752059936523, 4.690377712249756, 7.825502395629883, 6.875217437744141, 6.229455947875977, 6.819758415222168, 6.724617958068848, 5.815141677856445, 5.144795894622803, 4.572723865509033, 6.587943077087402, 5.907369613647461, 7.204174995422363, 5.518764019012451, 4.4496636390686035, 5.281142234802246, 4.905649185180664, 5.672505855560303, 9.807045936584473, 6.435380935668945, 10.820608139038086, 5.117002964019775, 4.891968727111816, 4.146444320678711, 8.292491912841797, 5.428991794586182, 5.7344746589660645, 6.167619228363037, 6.493363857269287, 6.750894069671631, 2.867936849594116, 6.207813739776611, 6.644649028778076, 8.983339309692383, 6.915176868438721, 9.713430404663086, 8.248621940612793, 6.381194591522217, 6.5228142738342285, 4.333787441253662, 4.30978536605835, 5.600620269775391, 4.280028343200684, 5.532280445098877, 6.983963489532471, 6.474923610687256, 9.121771812438965, 2.7888741493225098, 4.016322135925293, 6.711153984069824, 5.503264427185059, 4.471268177032471, 4.324347019195557, 3.9425525665283203, 9.54348087310791, 9.264984130859375, 5.744604587554932, 5.069592475891113, 4.528915882110596, 5.188950538635254, 5.805483341217041, 4.590632438659668, 8.910323143005371, 5.3342766761779785, 5.630927562713623, 9.167635917663574, 6.7014288902282715, 3.8617658615112305, 4.4325852394104, 11.193416595458984, 6.035203456878662, 3.7060494422912598, 5.168304443359375, 9.503702163696289, 6.155052661895752, 4.170154094696045, 8.71621322631836, 6.705682754516602, 3.873757839202881, 4.671194553375244, 7.285790920257568, 3.8992347717285156, 0.5269493460655212, 4.990048408508301, 6.277884483337402, 4.908838748931885, 7.141514778137207, 4.517232418060303, 4.014167308807373, 6.490428447723389, 5.088803768157959, 6.52483606338501, 6.342543125152588, 6.047466278076172, 5.937406063079834, 5.1714653968811035, 5.915055751800537, 4.990634918212891, 5.228785514831543, 6.729650497436523, 6.188233852386475, 4.794042110443115, 3.9935364723205566, 6.573673725128174, 5.418799877166748, 0.9715192317962646, 10.020557403564453, 9.264822959899902, 6.3948540687561035, 5.896442413330078, 5.1415324211120605, 7.2297821044921875, 5.519418239593506, 9.516700744628906, 9.978619575500488, 5.1063551902771, 4.618091583251953, 10.114304542541504, 6.833775520324707, 4.5671820640563965, 9.414291381835938, 5.701977252960205, 5.599450588226318, 4.528133392333984, 6.388766288757324, 6.470925807952881, 5.931005477905273, 9.649277687072754, 6.791290283203125, 5.525447368621826, 5.0601372718811035, 5.889760971069336, 5.58224630355835, 5.683834075927734, 5.519500255584717, 5.6727375984191895, 9.674875259399414, 5.102297306060791, 5.292898654937744, 4.066734790802002, 4.941208362579346, 8.153336524963379, 10.802271842956543, 6.236298561096191, 4.040365219116211, 6.079635143280029, 6.577223300933838, 9.65670394897461, 3.7520577907562256, 3.9201722145080566, 4.322818279266357, 5.666752338409424, 5.84206485748291, 3.9730889797210693, 5.0617170333862305, 4.925689220428467, 6.153847694396973, 5.794225215911865, 7.022148609161377, 6.537528991699219, 5.426759719848633, 8.866915702819824, 5.5302414894104, 5.545612335205078, 3.0021674633026123, 6.846124649047852, 5.73582649230957, 6.707562446594238, 5.776564121246338, 4.658452033996582, 6.365887641906738, 5.102702617645264, 6.2897138595581055, 5.076084613800049, 4.735084533691406, 6.821186065673828, 6.315347194671631, 10.495259284973145, 5.038269519805908, 9.797118186950684, 3.7745585441589355, 4.814868450164795, 9.584500312805176, 4.241115093231201, 4.895771503448486, 5.690192222595215, 4.138473987579346, 5.441555023193359, 4.281440734863281, 4.471978187561035, 6.749134063720703, 9.46569538116455, 9.343640327453613, 6.8485798835754395, 6.136756896972656, 8.537181854248047, 5.866363048553467, 4.227701663970947, 5.671663761138916, 9.717632293701172, 5.1313700675964355, 5.183521270751953, 5.244609832763672, 4.667477130889893, 4.199151515960693, 7.811315059661865, 6.497883319854736, 4.5660080909729, 5.582542419433594, 6.5829267501831055, 3.085660696029663, 5.7718186378479, 5.7646870613098145, 2.882511854171753, 6.332498073577881, 5.068336009979248, 3.863348960876465, 9.186070442199707, 2.282933235168457, 3.6788406372070312, 6.667191028594971, 10.957367897033691, 5.768517971038818, 6.653134346008301, 6.654484272003174, 6.498043060302734, 5.392764091491699, 6.23851203918457, 5.124863624572754, 6.506099224090576, 6.630050182342529, 2.6137871742248535, 5.588415622711182, 6.612844467163086, 9.212410926818848, 6.3945841789245605, 6.169772148132324, 5.57482385635376, 5.3387770652771, 6.4366607666015625, 11.096199035644531, 6.304296016693115, 5.606398582458496, 5.402139186859131, 5.321469306945801, 6.866184234619141, 9.945606231689453, 11.064268112182617, 1.5256246328353882, 6.545063018798828, 3.713181257247925, 3.7598748207092285, 9.855653762817383, 6.730379581451416, 6.399721145629883, 4.704482555389404, 5.1250410079956055, 4.267276287078857, 5.986990451812744, 5.790191173553467, 4.894974231719971, 12.55745792388916, 6.256598472595215, 0.3268343210220337, 4.539396286010742, 6.474368572235107, 5.498274803161621, 11.836770057678223, 6.104248523712158, 6.175579071044922, 3.8477227687835693, 5.1125407218933105, 5.913656711578369, 9.74528980255127, 9.828544616699219, 9.771904945373535, 5.199574947357178, 4.946435928344727, 4.279540061950684, 6.0567216873168945, 3.590545892715454, 6.707775115966797, 10.472233772277832, 5.267399311065674, 7.146181106567383, 3.9381608963012695, 3.561687707901001, 2.130781650543213, 4.056737422943115, 5.451069355010986, 4.571533679962158, 5.876051425933838, 5.092166423797607, 6.4966840744018555, 5.606354236602783, 5.770488739013672, 6.755529403686523, 9.682312965393066, 2.9927382469177246, 4.944970607757568, 4.491353511810303, 6.436873435974121, 6.489307403564453, 5.547479152679443, 5.880029201507568, 9.298849105834961, 5.230714321136475, 5.134543418884277, 5.72946834564209, 5.931295394897461, 4.45243501663208, 5.001943588256836, 3.4148266315460205, 6.0602312088012695, 5.6449666023254395, 10.176326751708984, 6.487202167510986, 6.843921184539795, 5.6339287757873535, 6.339977741241455, 5.634634971618652, 7.070738792419434, 6.650990962982178, 4.509061336517334, 5.385885238647461, 3.8466455936431885, 6.650962829589844, 6.500442981719971, 6.881139755249023, 4.298795700073242, 3.8610165119171143, 3.834901809692383, 5.658603191375732, 4.59365701675415, 5.444859504699707, 10.297125816345215, 6.352778434753418, 4.204810619354248, 11.170863151550293, 4.170505523681641, 4.5965471267700195, 5.631932735443115, 5.752039432525635, 5.864573955535889, 6.419432163238525, 6.211554527282715, 7.326191425323486, 6.341609001159668, 6.0870490074157715, 9.024518013000488, 4.5946760177612305, 3.442241907119751, 5.227079391479492, 4.385487079620361, 10.676127433776855, 4.816267967224121, 3.796349287033081, 4.9195475578308105, 5.113414764404297, 4.890847206115723, 5.398679733276367, 10.71224308013916, 9.664896965026855, 2.9652886390686035, 6.266754627227783, 5.431783676147461, 5.836650371551514, 3.976423501968384, 5.5089545249938965, 6.198490619659424, 6.515284538269043, 5.860544204711914, 5.59050989151001, 6.6006622314453125, 6.474113464355469, 6.479770660400391, 6.168404579162598, 6.652596473693848, 6.161874294281006, 5.408857345581055, 3.8263094425201416, 3.865732192993164, 3.6423730850219727, 4.765696048736572, 5.008459568023682, 6.566242218017578, 9.336882591247559, 4.913760662078857, 4.872285842895508, 3.187507390975952, 4.656984329223633, 2.968984603881836, 4.394424915313721, 6.884212493896484, 4.516092777252197, 5.553058624267578, 5.176870822906494, 4.622876167297363, 4.206881046295166, 5.44680643081665, 2.898406744003296, 5.603612899780273, 4.417426109313965, 6.55308723449707, 7.220008850097656, 4.699068546295166, 10.638574600219727, 6.349217414855957, 3.8958277702331543, 3.9197378158569336, 5.421208381652832, 5.431186199188232, 10.063936233520508, 5.405317783355713, 4.360012531280518, 2.1528937816619873, 6.8341169357299805, 5.517217636108398, 4.087114334106445, 5.487974643707275, 4.866605281829834, 5.213808059692383, 9.109912872314453, 5.050808429718018, 5.783210277557373, 5.064125061035156, 4.524484157562256, 4.305631160736084, 4.567299842834473, 5.554230690002441, 4.746916770935059, 5.545956134796143, 5.51694393157959, 5.381458282470703, 10.155549049377441, 7.143194675445557, 11.846704483032227, 3.8849055767059326, 5.372600078582764, 4.605851650238037, 10.283260345458984, 4.934721946716309, 4.283303260803223, 6.140687942504883, 5.364734172821045, 6.67156457901001, 4.931245803833008, 3.986250877380371, 6.81020975112915, 6.550241470336914, 3.5811872482299805, 10.138792037963867, 4.88430643081665, 5.627823829650879, 3.4095537662506104, 9.555048942565918, 7.314598560333252, 4.8894572257995605, 3.929060459136963, 8.71557331085205, 5.799473285675049, 6.327716827392578, 5.420105457305908, 3.966604232788086, 7.141932964324951, 4.035791397094727, 10.219765663146973, 6.877262592315674, 4.617257118225098, 1.817678451538086, 5.718729496002197, 10.076013565063477, 5.745671272277832, 5.013125419616699, 4.008458614349365, 5.7809882164001465, 6.6718854904174805, 12.274879455566406, 10.110902786254883, 4.734181880950928, 5.247474670410156, 5.563940048217773, 5.8531012535095215, 5.05869197845459, 6.073310852050781, 4.916942596435547, 6.653669357299805, 9.903334617614746, 5.645693302154541, 5.901019096374512, 6.491754531860352, 6.947561740875244, 3.974715232849121, 4.270510196685791, 10.09890365600586, 5.932114124298096, 11.330065727233887, 4.143038749694824, 6.040657997131348, 5.248611927032471, 5.133193016052246, 9.842597961425781, 5.761858940124512, 8.47706413269043, 6.557648658752441, 6.491044521331787, 3.718066453933716, 10.904305458068848, 5.901636123657227, 6.120110034942627, 5.088708877563477, 5.0070295333862305, 5.109750270843506, 5.38580846786499, 4.56970739364624, 6.6658935546875, 5.049986839294434, 5.325350761413574, 5.651038646697998, 4.379012107849121, 6.501937389373779, 5.534882068634033, 5.919064998626709, 11.600724220275879, 5.1102213859558105, 5.715946197509766, 6.2291340827941895, 7.201423168182373, 9.56144905090332, 4.662806510925293, 6.593202590942383, 6.230902194976807, 4.720058441162109, 5.484490394592285, 6.241966724395752, 6.914139270782471, 10.095702171325684, 6.591763973236084, 6.518651962280273, 5.911514759063721, 11.29106616973877, 4.065997123718262, 6.575930118560791, 4.396604537963867, 10.492140769958496, 6.1030473709106445, 6.2584757804870605, 5.975955963134766, 4.907629013061523, 10.949193000793457, 6.682253360748291, 7.014848232269287, 6.657453536987305, 6.540916919708252, 3.785762071609497, 5.40680456161499, 6.750344753265381, 9.927945137023926, 6.217460632324219, 6.368013381958008, 4.701169967651367, 4.933297634124756, 7.201559066772461, 4.6304168701171875, 9.378753662109375, 5.9364705085754395, 6.237806797027588, 4.669790744781494, 6.5502448081970215, 6.941282749176025, 6.899365425109863, 3.4939446449279785, 4.725188255310059, 4.8997483253479, 10.497821807861328, 5.7531657218933105, 4.946168422698975, 8.416816711425781, 5.271584510803223, 4.173776149749756, 4.721724510192871, 5.906785488128662, 5.072636604309082, 10.349857330322266, 3.8845419883728027, 5.638042449951172, 5.335983753204346, 9.453411102294922, 6.452552318572998, 5.090169906616211, 5.7134785652160645, 6.3465423583984375, 3.692202568054199, 8.703760147094727, 4.27070951461792, 6.372241020202637, 6.898783206939697, 4.416830539703369, 4.802971363067627, 11.4978666305542, 8.837410926818848, 5.677182674407959, 6.5046916007995605, 6.663957118988037, 6.810723781585693, 5.123354434967041, 6.876602649688721, 10.731903076171875, 6.048933982849121, 6.714385032653809, 9.294086456298828, 6.135201930999756, 3.7406065464019775, 3.84865403175354, 5.916074275970459, 8.742927551269531, 5.666232585906982, 9.1659574508667, 5.105353832244873, 6.663758754730225, 5.153715133666992, 6.973763942718506, 6.483305931091309, 5.932453632354736, 4.518470287322998, 6.793990612030029, 5.699894905090332, 6.761473178863525, 5.321826457977295, 4.621025085449219, 2.8936853408813477, 6.170360088348389, 5.592904090881348, 5.695732593536377, 2.955225706100464, 9.026642799377441, 5.4601263999938965, 6.57893705368042, 9.813997268676758, 3.6785082817077637, 3.933983564376831, 6.108362674713135, 2.5966687202453613, 10.21571159362793, 6.008945465087891, 6.417232036590576, 3.320533037185669, 6.381739616394043, 6.895499229431152, 5.350390911102295, 6.584688186645508, 2.863701820373535, 11.620207786560059, 10.19000244140625, 5.832395553588867, 5.581442832946777, 4.852646827697754, 5.957441806793213, 4.47639274597168, 7.093235015869141, 5.821678638458252, 4.589888095855713, 10.102764129638672, 5.893002986907959, 7.106748580932617, 6.1606125831604, 5.570805549621582, 5.168620586395264, 3.603398084640503, 6.0326104164123535, 5.628692626953125, 4.34692907333374, 3.7087762355804443, 5.865267276763916, 5.087308406829834, 5.474446773529053, 5.408366680145264, 6.5570068359375, 4.114931106567383, 6.039999485015869, 3.1584973335266113, 4.592185020446777, 5.504947662353516, 3.92462420463562, 6.562331199645996, 5.641644477844238, 5.163161754608154, 5.601507663726807, 3.449582815170288, 4.035752773284912, 6.615331649780273, 6.575600624084473, 5.993286609649658, 4.924777507781982, 3.9077582359313965, 5.89818000793457, 4.391341686248779, 5.52164363861084, 4.126216888427734, 5.839970588684082, 6.033650875091553, 6.198136329650879, 4.8997626304626465, 5.7357683181762695, 6.460027694702148, 5.448167324066162, 6.531796455383301, 6.775635719299316, 6.620153903961182, 6.861725807189941, 4.835328102111816, 4.3997273445129395, 6.88522481918335, 9.19346809387207, 5.412599563598633, 6.06019926071167, 4.243025779724121, 4.0455546379089355, 6.740386486053467, 9.014461517333984, 6.759251594543457, 6.078621864318848, 5.648359298706055, 5.0203046798706055, 5.566251754760742, 6.240558624267578, 4.179956912994385, 6.272568702697754, 9.331506729125977, 4.073470592498779, 3.7196507453918457, 9.97895336151123, 5.940227508544922, 5.768571853637695, 5.678126335144043, 5.762887954711914, 6.300850868225098, 6.090073585510254, 5.988077640533447, 6.128437042236328, 6.959406852722168, 3.740692377090454, 4.274255752563477, 5.762439250946045, 3.998173475265503, 6.703506946563721, 4.123921871185303, 3.90889310836792, 5.5781474113464355, 10.056724548339844, 2.9307351112365723, 3.7261240482330322, 6.711493015289307, 6.0571064949035645, 7.829082489013672, 5.359833717346191, 4.428826332092285, 5.615990161895752, 10.271615982055664, 5.116212844848633, 9.818838119506836, 6.85027551651001, 6.207962989807129, 2.8695077896118164, 5.349229335784912, 6.222333908081055, 3.5321571826934814, 10.412368774414062, 4.653896808624268, 6.5923895835876465, 5.198784351348877, 6.8244242668151855, 4.883409023284912, 4.122123718261719, 4.498044967651367, 5.219025611877441, 8.636716842651367, 5.125593662261963, 4.918405055999756, 5.131837368011475, 6.5486955642700195, 4.653713226318359, 3.3619332313537598, 9.149554252624512, 5.375865936279297, 9.491669654846191, 5.766751289367676, 4.55751371383667, 4.557087421417236, 5.474549293518066, 3.6604464054107666, 2.351506233215332, 9.976714134216309, 10.986424446105957, 5.896401882171631, 6.197851181030273, 6.961086750030518, 6.366225242614746, 5.846421718597412, 4.882641792297363, 10.338927268981934, 4.7855939865112305, 10.596806526184082, 4.563641548156738, 6.727707862854004, 6.577310562133789, 5.855483531951904, 9.542861938476562, 6.344124794006348, 4.546543598175049, 11.009596824645996, 4.462634563446045, 10.263138771057129, 4.9237961769104, 8.934391975402832, 9.679352760314941, 8.626002311706543, 6.44473934173584, 6.782378196716309, 6.675822734832764, 5.952280521392822, 6.695425987243652, 5.2640533447265625, 5.559865474700928, 9.290842056274414, 5.9481201171875, 6.969644069671631, 11.255999565124512, 5.543026447296143, 4.050162315368652, 4.561595439910889, 4.898387432098389, 4.577061653137207, 6.7927374839782715, 6.902426242828369, 6.364513397216797, 5.484124660491943, 6.4258317947387695, 9.85434341430664, 5.069810390472412, 2.879298210144043, 4.4630126953125, 6.204282283782959, 6.342033386230469, 6.922313690185547, 6.177391529083252, 7.16973876953125, 2.8540117740631104, 5.7625250816345215, 6.439873218536377, 6.733828544616699, 6.802928924560547, 5.712323188781738, 4.871262073516846, 6.445214748382568, 6.395305156707764, 3.266620635986328, 4.346063613891602, 3.888014554977417, 4.658044338226318, 8.968914985656738, 4.855706691741943, 6.660347938537598, 6.755028247833252, 10.295563697814941, 2.9234583377838135, 4.266470432281494, 9.156882286071777, 6.415665626525879, 8.943559646606445, 6.430367946624756, 1.797261357307434, 6.25795841217041, 4.851537704467773, 6.896455764770508, 6.5326433181762695, 7.94194221496582, 4.5795087814331055, 7.133249282836914, 4.95989465713501, 2.5546040534973145, 3.7814781665802, 9.79071044921875, 10.427752494812012, 5.71292781829834, 6.124907970428467, 3.7003872394561768, 6.324423789978027, 6.104495048522949, 8.920499801635742, 5.517533779144287, 6.046567916870117, 4.74839448928833, 5.193110466003418, 5.774462699890137, 5.8125433921813965, 6.315107822418213, 6.573693752288818, 9.988837242126465, 6.584963321685791, 9.178616523742676, 6.901089191436768, 3.862431287765503, 8.940757751464844, 8.476849555969238, 6.449439525604248, 6.288352966308594, 3.7987935543060303, 5.920757293701172, 4.65831995010376, 6.644299507141113, 5.623993873596191, 9.66425895690918, 6.51632833480835, 10.069393157958984, 4.276268005371094, 4.610528945922852, 6.493492603302002, 4.616160869598389, 4.494665145874023, 7.2590789794921875, 9.213294982910156, 9.232258796691895, 9.999091148376465, 5.819934844970703, 4.678994178771973, 6.394672870635986, 10.42781925201416, 4.685016632080078, 6.176007270812988, 6.860438823699951, 6.9945220947265625, 6.2270636558532715, 3.6087355613708496, 6.604337692260742, 4.562827110290527, 5.8026204109191895, 4.583892822265625, 4.408896446228027, 5.553037166595459, 9.544424057006836, 5.771914482116699, 4.111678600311279, 6.403461456298828, 5.839458465576172, 4.2569684982299805, 4.405022144317627, 4.581046104431152, 4.874748706817627, 6.538297176361084, 6.849644660949707, 6.293712615966797, 5.916895866394043, 6.548947334289551, 5.961803913116455, 5.690231800079346, 2.9365599155426025, 10.927605628967285, 6.62335729598999, 5.855359077453613, 9.533685684204102, 5.775845527648926, 3.9588372707366943, 10.422698020935059, 7.039673328399658, 5.886238098144531, 8.883648872375488, 6.012355804443359, 6.652921199798584, 5.2855634689331055, 4.695268630981445, 3.931295156478882, 5.83323335647583, 6.852092742919922, 5.929625511169434, 4.080384731292725, 5.339740753173828, 4.700407028198242, 5.983615398406982, 4.684073448181152, 7.148941993713379, 5.632130146026611, 5.4256486892700195, 3.838250160217285, 4.4371442794799805, 5.79974365234375, 9.656935691833496, 7.092957496643066, 6.716644287109375, 6.422674655914307, 9.317898750305176, 5.551884174346924, 4.327415466308594, 5.593547821044922, 4.9785284996032715, 5.1631364822387695, 5.631913185119629, 9.526400566101074, 3.500166416168213, 4.069159507751465, 10.739157676696777, 5.7810282707214355, 4.568010330200195, 4.634713649749756, 6.6077728271484375, 5.302853107452393, 6.7011189460754395, 6.154801845550537, 9.976343154907227, 4.6816582679748535, 3.7427403926849365, 5.264216423034668, 9.126577377319336, 8.669339179992676, 5.2043232917785645, 5.562646865844727, 3.7477383613586426, 5.371403694152832, 3.8416104316711426, 5.749958515167236, 2.4513838291168213, 5.694562911987305, 6.791313171386719, 4.662754535675049, 4.12232780456543, 4.732542037963867, 4.138406276702881, 5.824466228485107, 6.856600284576416, 6.704803943634033, 6.605475902557373, 10.255105972290039, 7.038190841674805, 5.423147678375244, 9.099656105041504, 3.8919460773468018, 4.557374954223633, 4.2966132164001465, 9.871878623962402, 6.212275981903076, 4.923816204071045, 5.011887550354004, 5.618763446807861, 6.282439231872559, 6.341336250305176, 7.93340539932251, 5.74225378036499, 6.646717548370361, 6.219257354736328, 6.690548419952393, 8.980792045593262, 4.930601596832275, 4.6770806312561035, 4.601512432098389, 6.896083831787109, 3.9107110500335693, 6.098998546600342, 3.871520519256592, 5.711422920227051, 8.26562786102295, 6.945187568664551, 6.877164363861084, 5.604804992675781, 4.775021553039551, 5.205112934112549, 10.48823070526123, 4.552855014801025, 5.6298370361328125, 4.942416667938232, 9.939011573791504, 6.258224964141846, 5.106756687164307, 2.956437826156616, 5.71087121963501, 3.9079251289367676, 5.814445495605469, 9.810501098632812, 5.15334415435791, 6.40789794921875, 5.248622417449951, 4.6040191650390625, 3.930812120437622, 9.782508850097656, 3.9195327758789062, 5.726226806640625, 6.335102558135986, 9.652535438537598, 8.50653076171875, 4.7501044273376465, 4.5398173332214355, 5.994146823883057, 9.388579368591309, 4.291487216949463, 3.7406556606292725, 6.510024070739746, 5.333553791046143, 3.3970775604248047, 5.483604907989502, 9.772542953491211, 11.22879409790039, 4.452210426330566, 6.272758960723877, 4.653592586517334, 6.965091705322266, 5.465592384338379, 5.374215126037598, 4.774500846862793, 4.747994422912598, 5.577587604522705, 4.892632484436035, 6.414865016937256, 5.895973205566406, 10.094056129455566, 5.776895523071289, 6.602455139160156, 5.7629313468933105, 6.168609619140625, 5.022549629211426, 5.5174689292907715, 5.800586700439453, 3.191417932510376, 5.824245452880859, 3.3442416191101074, 6.139548301696777, 6.125083923339844, 8.543107032775879, 6.438947677612305, 6.203567028045654, 3.7058258056640625, 5.906740188598633, 5.8859052658081055, 8.928860664367676, 6.55389404296875, 9.086397171020508, 5.638547897338867, 3.7214479446411133, 5.582650184631348, 4.157710552215576, 3.3961474895477295, 5.583982467651367, 4.788934707641602, 6.494204521179199, 6.621511459350586, 5.411409378051758, 5.855597019195557, 6.629424571990967, 4.001054763793945, 6.623999118804932, 5.697125434875488, 4.5294647216796875, 11.022599220275879, 9.502983093261719, 6.231860160827637, 9.244378089904785, 6.377683162689209, 5.35314416885376, 6.203661918640137, 6.454068660736084, 6.106966972351074, 10.306605339050293, 3.0445258617401123, 5.835064888000488, 5.0304365158081055, 6.7737135887146, 2.870404005050659, 5.800381183624268, 4.5517354011535645, 3.0350329875946045, 7.072872161865234, 5.0297627449035645, 7.509344100952148, 6.5202860832214355, 5.731703281402588, 9.358694076538086, 6.525111198425293, 3.258465528488159, 4.69279670715332, 5.787302017211914, 6.940898418426514, 11.253585815429688, 5.179919719696045, 5.004239559173584, 5.930826663970947, 5.465397834777832, 4.223540306091309, 7.2372941970825195, 6.742317199707031, 5.11221981048584, 6.0302886962890625, 8.086795806884766, 6.287386894226074, 6.21367883682251, 9.256351470947266, 3.641004800796509, 9.482100486755371, 9.362041473388672, 6.021770477294922, 4.525169849395752, 7.147015571594238, 4.740413665771484, 4.8600172996521, 4.609728813171387, 10.016680717468262, 5.780376434326172, 11.151165008544922, 6.290105819702148, 3.138972759246826, 10.240643501281738, 5.711124420166016, 6.416207790374756, 4.742885112762451, 5.483714580535889, 10.894532203674316, 3.420436382293701, 6.389063358306885, 6.216979503631592, 4.047049045562744, 4.992046356201172, 10.407794952392578, 5.349424362182617, 8.15492057800293, 6.738720893859863, 7.0381550788879395, 3.60595703125, 6.252041339874268, 5.724972724914551, 5.993716239929199, 5.517894268035889, 5.861268997192383, 9.824429512023926, 6.054001331329346, 10.33188247680664, 5.930874347686768, 7.012898921966553, 6.646211624145508, 5.59499454498291, 5.630431175231934, 3.939436674118042, 7.427199363708496, 5.923589706420898, 9.745641708374023, 6.918194770812988, 5.447654724121094, 5.573605537414551, 5.6601152420043945, 4.824542045593262, 4.816628932952881, 9.821098327636719, 8.98006820678711, 6.813808917999268, 4.524258136749268, 9.28398323059082, 11.238121032714844, 4.592798709869385, 10.9869966506958, 9.55614948272705, 5.472052097320557, 6.24639368057251, 6.7942399978637695, 4.30600643157959, 9.128045082092285, 7.017786502838135, 5.7961745262146, 9.640501976013184, 9.814777374267578, 5.688526153564453, 5.018640518188477, 5.749087333679199, 5.491523265838623, 8.111063003540039, 4.964502811431885, 4.544012069702148, 7.020445823669434, 4.872981548309326, 4.906699180603027, 6.679959774017334, 6.261447429656982, 6.0857768058776855, 7.058428764343262, 5.695847034454346, 9.831063270568848, 5.851260185241699, 6.769942760467529, 4.4860358238220215, 6.095860004425049, 3.5405142307281494, 2.983772039413452, 6.54739236831665, 6.024665355682373, 4.148561954498291, 4.887424468994141, 5.041714191436768, 6.782325267791748, 4.519015789031982, 6.576138496398926, 7.368838787078857, 6.459085464477539, 5.817663192749023, 5.329537391662598, 4.973181247711182, 4.287900447845459, 5.5428338050842285, 8.655895233154297, 5.284104824066162, 4.372981548309326, 9.806225776672363, 10.078450202941895, 5.855443000793457, 5.813188076019287, 3.415926933288574, 3.604860544204712, 5.12731409072876, 5.998075008392334, 5.466636657714844, 5.853850364685059, 4.534849166870117, 8.73302173614502, 4.431044578552246, 3.6683857440948486, 6.10237979888916, 4.207738876342773, 3.393688678741455, 5.221116542816162, 4.814774513244629, 5.7248854637146, 5.570289611816406, 6.515100955963135, 5.130924701690674, 4.768877983093262, 5.761537551879883, 6.086402416229248, 4.452174663543701, 6.057203769683838, 5.342899322509766, 6.5334320068359375, 6.206168174743652, 8.440116882324219, 3.68407940864563, 6.826968669891357, 5.114442825317383, 6.1968464851379395, 3.913994550704956, 5.041609287261963, 3.765007734298706, 6.597179889678955, 7.038040637969971, 5.121084213256836, 5.933175086975098, 4.798572063446045, 4.217627048492432, 6.9378461837768555, 6.306276321411133, 5.10148811340332, 4.384047031402588, 7.6629180908203125, 3.0019896030426025, 6.417709827423096, 11.011754989624023, 4.266517162322998, 6.601016998291016, 5.2642974853515625, 5.368707180023193, 8.808796882629395, 5.151965618133545, 5.936461448669434, 2.5766026973724365, 6.801136493682861, 4.250511646270752, 6.94158935546875, 5.133889198303223, 5.14210844039917, 5.0721964836120605, 3.362029790878296, 11.109859466552734, 10.195406913757324, 5.398890018463135, 9.766273498535156, 8.460951805114746, 9.231749534606934, 5.069214344024658, 5.9708099365234375, 2.830225944519043, 4.534647464752197, 6.150503635406494, 3.8820860385894775, 8.962957382202148, 4.906485557556152, 4.345973491668701, 4.88731575012207, 5.325801372528076, 5.023486614227295, 6.6157379150390625, 9.87804889678955, 6.96647310256958, 5.180617809295654, 4.3357157707214355, 5.704756259918213, 5.1459879875183105, 4.528143405914307, 4.697342395782471, 3.2699785232543945, 5.699629783630371, 5.290473937988281, 6.234704971313477, 4.441434383392334, 6.219210147857666, 5.883085250854492, 6.204782009124756, 6.436522960662842, 6.269772052764893, 4.862690448760986, 10.88769817352295, 7.111912250518799, 4.387852191925049, 3.015683889389038, 10.607061386108398, 4.4285454750061035, 6.781744480133057, 3.983570098876953, 9.879332542419434, 5.818418025970459, 6.642489433288574, 3.649496078491211, 7.752914905548096, 4.049636363983154, 3.940690040588379, 5.74470853805542, 5.156181812286377, 4.931127548217773, 5.316898345947266, 4.5837249755859375, 3.5414254665374756, 3.7751739025115967, 5.330997943878174, 6.814953327178955, 5.921834945678711, 6.586929798126221, 3.500042200088501, 5.523144245147705, 5.772355079650879, 10.28111457824707, 6.3815436363220215, 5.557737350463867, 6.228490352630615, 6.106362342834473, 5.830690383911133, 4.18625545501709, 6.2046637535095215, 4.872229099273682, 6.255829811096191, 5.393989562988281, 10.76077938079834, 6.348682403564453, 5.515065670013428, 6.136163711547852, 5.824127197265625, 4.800038814544678, 9.5182466506958, 6.155632019042969, 10.119773864746094, 8.683248519897461, 6.3263959884643555, 10.945425033569336, 10.225345611572266, 6.261073112487793, 6.89859676361084, 4.5205183029174805, 3.9555442333221436, 9.992513656616211, 5.797652244567871, 10.754120826721191, 2.9612245559692383, 6.655702590942383, 6.5661468505859375, 6.836813449859619, 5.578908443450928, 6.138051986694336, 7.458702087402344, 4.391608238220215, 4.794416904449463, 6.181574821472168, 4.260464668273926, 6.901888370513916, 5.033426761627197, 4.904944896697998, 5.197816371917725, 8.224953651428223, 8.903192520141602, 3.9171528816223145, 5.578264236450195, 6.563817501068115, 3.690779685974121, 5.765819072723389, 2.970848798751831, 4.911917686462402, 6.359466075897217, 6.6759114265441895, 8.277599334716797, 4.151394844055176, 3.508704900741577, 5.799334526062012, 5.9252824783325195, 4.302279949188232, 4.737987041473389, 6.062679767608643, 6.470693588256836, 6.353701114654541, 6.2287917137146, 3.766897439956665, 7.0395917892456055, 5.1392130851745605, 4.873084545135498, 4.983720779418945, 6.74400520324707, 5.227840900421143, 10.209671974182129, 5.586587429046631, 6.263469219207764, 5.165645122528076, 6.467033386230469, 5.7829203605651855, 9.910067558288574, 4.0349860191345215, 5.444780349731445, 4.393501281738281, 6.047800540924072, 9.992094993591309, 6.349006652832031, 4.065310478210449, 4.694816589355469, 5.831088542938232, 6.710638046264648, 3.9162838459014893, 8.906492233276367, 5.1325883865356445, 8.4403657913208, 4.41654634475708, 6.309471607208252, 6.390203475952148, 6.431737422943115, 5.574306011199951, 5.858110427856445, 8.0559720993042, 5.5871758460998535, 6.458038806915283, 4.300357341766357, 6.862847328186035, 4.497981548309326, 7.094943046569824, 6.237946033477783, 0.7220326066017151, 5.262502670288086, 10.238578796386719, 9.704200744628906, 5.6898274421691895, 4.655390739440918, 6.064440727233887, 6.609192848205566, 6.713357925415039, 6.746659278869629, 6.5913262367248535, 4.9089035987854, 3.7687389850616455, 6.213964939117432, 10.147621154785156, 5.722822666168213, 5.8510332107543945, 5.919632434844971, 5.4795122146606445, 4.554276466369629, 11.809703826904297, 5.8026018142700195, 6.831287860870361, 5.098735809326172, 6.60140323638916, 5.723011493682861, 4.149846076965332, 7.306648254394531, 5.685941696166992, 6.971166133880615, 4.550520420074463, 4.700225353240967, 6.883495807647705, 5.916236877441406, 5.678927898406982, 9.82330322265625, 6.666720390319824, 8.899674415588379, 3.5889170169830322, 4.675087928771973, 6.0207648277282715, 4.9090046882629395, 6.806276798248291, 10.383893966674805, 4.552639484405518, 4.561227321624756, 9.621262550354004, 6.788895130157471, 6.438855171203613, 5.066143035888672, 5.751722812652588, 4.893396377563477, 6.208597660064697, 9.879166603088379, 6.089634895324707, 5.897777080535889, 6.10525369644165, 4.566651344299316, 5.136884689331055, 6.203333377838135, 6.181490898132324, 6.574899196624756, 6.336231231689453, 4.599677085876465, 5.946228504180908, 5.03442907333374, 5.559535980224609, 5.149655342102051, 5.84743595123291, 4.543624401092529, 6.950647830963135, 5.697608947753906, 4.552948951721191, 4.181067943572998, 5.162203788757324, 5.421501159667969, 5.524809837341309, 9.538924217224121, 10.072632789611816, 5.76215124130249, 8.98005199432373, 6.0343918800354, 5.324038028717041, 5.223538875579834, 8.883210182189941, 6.346363067626953, 3.802152395248413, 4.036667346954346, 4.38803768157959, 5.711922645568848, 4.16457462310791, 5.229665279388428, 6.490208625793457, 7.945487022399902, 2.9721322059631348, 4.502693176269531, 6.732161045074463, 6.574612140655518, 7.058812618255615, 9.665874481201172, 6.59702730178833, 5.764180660247803, 6.5959625244140625, 6.349293231964111, 5.704043865203857, 6.410381317138672, 3.7142767906188965, 6.110347747802734, 11.847511291503906, 6.0455145835876465, 5.163739204406738, 5.910538196563721, 10.0667142868042, 5.038964748382568, 6.292788505554199, 5.797855854034424, 4.702673435211182, 7.011781692504883, 5.7086181640625, 5.571735858917236, 3.9094138145446777]
Cosines similarity random samples
[0.8789684176445007, 0.5940289497375488, 0.5646182298660278, 0.8147666454315186, 0.7648640871047974, 0.8942508697509766, 0.8042265772819519, 0.8239684104919434, 0.8044285774230957, 0.9067952036857605, 0.9479881525039673, 0.8649754524230957, 0.7633382081985474, 0.3103373050689697, 0.8410818576812744, 0.930411696434021, 0.7503812909126282, 0.8740060329437256, 0.8811473250389099, 0.8829611539840698, 0.8292969465255737, 0.8065296411514282, 0.8128893971443176, 0.3872694969177246, 0.8498983383178711, 0.5248037576675415, 0.4074905514717102, 0.7669364213943481, 0.812989354133606, 0.8602128028869629, 0.8874831199645996, 0.63543701171875, 0.7353008985519409, 0.7872530221939087, 0.7384910583496094, 0.7411100268363953, 0.7942575812339783, 0.852196455001831, 0.8834578990936279, 0.741639256477356, 0.8002262115478516, 0.6756353974342346, 0.8326951861381531, 0.890680193901062, 0.847399890422821, 0.8654545545578003, 0.8124383687973022, 0.3045465648174286, 0.7704728841781616, 0.22040274739265442, 0.8524587154388428, 0.8644580841064453, 0.9059183597564697, 0.6599398851394653, 0.8358700275421143, 0.8153501152992249, 0.7885599136352539, 0.7562462091445923, 0.7710697650909424, 0.9541995525360107, 0.774865448474884, 0.7556708455085754, 0.48744842410087585, 0.6999061107635498, 0.432850182056427, 0.544061005115509, 0.7505004405975342, 0.7607758641242981, 0.8964358568191528, 0.8985198736190796, 0.8202346563339233, 0.8975259065628052, 0.8305894136428833, 0.7299604415893555, 0.7441062927246094, 0.5024689435958862, 0.9572069644927979, 0.9102904796600342, 0.7431320548057556, 0.8281251192092896, 0.8945544362068176, 0.8930410146713257, 0.9213635921478271, 0.44516605138778687, 0.4470948278903961, 0.8213467597961426, 0.8717348575592041, 0.8848066926002502, 0.8491480350494385, 0.8147411942481995, 0.8836535215377808, 0.5340662002563477, 0.8443114757537842, 0.8249562978744507, 0.4903094470500946, 0.7387077212333679, 0.9148518443107605, 0.8912237882614136, 0.17587357759475708, 0.8195393085479736, 0.9218090772628784, 0.8431864380836487, 0.4320141673088074, 0.8084089756011963, 0.9026844501495361, 0.5425204038619995, 0.7510050535202026, 0.9262145161628723, 0.880091667175293, 0.6643664836883545, 0.9144514203071594, 0.998615026473999, 0.8604462146759033, 0.7861860990524292, 0.8818769454956055, 0.7276572585105896, 0.8941571712493896, 0.9111027717590332, 0.7737831473350525, 0.8576505184173584, 0.7321112751960754, 0.7555714845657349, 0.7848165035247803, 0.8174707889556885, 0.8513894081115723, 0.8024404048919678, 0.8600635528564453, 0.846746563911438, 0.7309517860412598, 0.7894231081008911, 0.8656045794487, 0.9130454063415527, 0.7323514819145203, 0.8312325477600098, 0.9974280595779419, 0.45152315497398376, 0.5133921504020691, 0.7750106453895569, 0.8065555095672607, 0.8521732687950134, 0.7285810112953186, 0.8335901498794556, 0.4596104025840759, 0.3310614824295044, 0.8543020486831665, 0.882322371006012, 0.2569507360458374, 0.7481883764266968, 0.8848025798797607, 0.4328809976577759, 0.8168517351150513, 0.8185197114944458, 0.8872784972190857, 0.7735559940338135, 0.7544394731521606, 0.8221979141235352, 0.42817455530166626, 0.7445094585418701, 0.8235153555870056, 0.8536902666091919, 0.8082032203674316, 0.8265823125839233, 0.8394063115119934, 0.8307048082351685, 0.8187991380691528, 0.4337204098701477, 0.8496442437171936, 0.842710554599762, 0.9075090885162354, 0.8663573265075684, 0.5651407241821289, 0.2571914494037628, 0.7983353137969971, 0.9074736833572388, 0.7790505290031433, 0.762256383895874, 0.4033812880516052, 0.9213142395019531, 0.9144175052642822, 0.8939158916473389, 0.8192195892333984, 0.8181066513061523, 0.9131472110748291, 0.8563318252563477, 0.8669917583465576, 0.8343719244003296, 0.8071874976158142, 0.7286934852600098, 0.7648884057998657, 0.8367495536804199, 0.5283904075622559, 0.8202956914901733, 0.8259340524673462, 0.9504320621490479, 0.7309562563896179, 0.8218033909797668, 0.7526153326034546, 0.8179148435592651, 0.8803636431694031, 0.7601535320281982, 0.8560266494750977, 0.801135778427124, 0.8610242009162903, 0.8721296191215515, 0.7287921905517578, 0.7800182104110718, 0.25535866618156433, 0.8621507883071899, 0.41583728790283203, 0.9200302362442017, 0.8724405765533447, 0.41216787695884705, 0.9106401205062866, 0.8600262403488159, 0.8204278945922852, 0.904636025428772, 0.8382427096366882, 0.8994521498680115, 0.8868610858917236, 0.7387856245040894, 0.45722144842147827, 0.47339025139808655, 0.7540178298950195, 0.7926959991455078, 0.5551175475120544, 0.8091579079627991, 0.8976833820343018, 0.8437917828559875, 0.3847639858722687, 0.8519852161407471, 0.8525301218032837, 0.8482450246810913, 0.8864266872406006, 0.9033935070037842, 0.6009951829910278, 0.7630899548530579, 0.8868712782859802, 0.8293933868408203, 0.7597647905349731, 0.94734126329422, 0.8178393840789795, 0.8169578313827515, 0.9539669156074524, 0.7774920463562012, 0.8580803871154785, 0.9195467233657837, 0.4903300702571869, 0.971102237701416, 0.923647940158844, 0.7594300508499146, 0.17895479500293732, 0.8081581592559814, 0.7499706745147705, 0.7471659183502197, 0.7628829479217529, 0.8393481373786926, 0.7789665460586548, 0.8555736541748047, 0.7659379839897156, 0.7525773048400879, 0.9625303745269775, 0.8268529176712036, 0.7535048127174377, 0.48313671350479126, 0.767857015132904, 0.7880271673202515, 0.8306347131729126, 0.8325660824775696, 0.7632381319999695, 0.17072232067584991, 0.7767668962478638, 0.8179681897163391, 0.8388153910636902, 0.8374675512313843, 0.7416762113571167, 0.35674405097961426, 0.13492898643016815, 0.9871988892555237, 0.7622841596603394, 0.9242113828659058, 0.9222025871276855, 0.3784142732620239, 0.7523708939552307, 0.7715175747871399, 0.880132257938385, 0.8550490140914917, 0.8999708890914917, 0.7867076992988586, 0.8173807859420776, 0.8682898283004761, 0.11509998887777328, 0.7816503047943115, 0.9994786977767944, 0.8875802755355835, 0.7689551711082458, 0.8302499055862427, 0.12361826002597809, 0.7844827175140381, 0.7836723327636719, 0.9162205457687378, 0.8566699028015137, 0.8248149752616882, 0.4256901741027832, 0.35777199268341064, 0.436992883682251, 0.8420280814170837, 0.8566443920135498, 0.8973264098167419, 0.8004541993141174, 0.9297009706497192, 0.7201563715934753, 0.2379714846611023, 0.8397213816642761, 0.7248408198356628, 0.9150438904762268, 0.9351863861083984, 0.974947452545166, 0.9058934450149536, 0.832922637462616, 0.8832902908325195, 0.804609477519989, 0.8554481267929077, 0.7587023377418518, 0.8197698593139648, 0.8104874491691589, 0.7675098180770874, 0.41577011346817017, 0.9501662850379944, 0.857595682144165, 0.8899363279342651, 0.7680753469467163, 0.7664101123809814, 0.8279608488082886, 0.81325763463974, 0.45964935421943665, 0.8479001522064209, 0.8471203446388245, 0.8217348456382751, 0.7887486219406128, 0.8915160298347473, 0.8529104590415955, 0.9349440336227417, 0.7947924137115479, 0.8255096673965454, 0.3493884801864624, 0.7689934968948364, 0.7247580289840698, 0.8178558349609375, 0.7783243656158447, 0.8275504112243652, 0.7233954668045044, 0.7485347986221313, 0.8821859359741211, 0.8373790383338928, 0.9192278385162354, 0.7470105886459351, 0.7636836171150208, 0.7385486960411072, 0.8951969146728516, 0.9155247807502747, 0.9258530139923096, 0.8194381594657898, 0.891687273979187, 0.8291714191436768, 0.3628438115119934, 0.772502064704895, 0.9005899429321289, 0.0922934040427208, 0.902518630027771, 0.8888751864433289, 0.8240662813186646, 0.8144543766975403, 0.8028804063796997, 0.772024929523468, 0.7832368016242981, 0.678966224193573, 0.7799680233001709, 0.7927061915397644, 0.5116031169891357, 0.8829600811004639, 0.9351769685745239, 0.8557906150817871, 0.8937699794769287, 0.22770659625530243, 0.8658109903335571, 0.9210414886474609, 0.8743815422058105, 0.8516752123832703, 0.8681535720825195, 0.833194375038147, 0.2777949571609497, 0.3222666084766388, 0.951200008392334, 0.7805435657501221, 0.8322838544845581, 0.8098486661911011, 0.9099100828170776, 0.8325692415237427, 0.7825551629066467, 0.764616072177887, 0.8096678256988525, 0.8245770931243896, 0.7474662661552429, 0.7641305923461914, 0.7680291533470154, 0.7799244523048401, 0.7607762813568115, 0.7732425332069397, 0.8533213138580322, 0.91867595911026, 0.9156769514083862, 0.9261819124221802, 0.876286506652832, 0.856641948223114, 0.767922043800354, 0.476395845413208, 0.8629711866378784, 0.8699088096618652, 0.943332314491272, 0.8744239807128906, 0.956791877746582, 0.8917111158370972, 0.7285393476486206, 0.8905702829360962, 0.829362154006958, 0.8476289510726929, 0.8768194913864136, 0.9043735265731812, 0.8348770141601562, 0.953171968460083, 0.8210417032241821, 0.893280029296875, 0.7620587348937988, 0.7325888872146606, 0.8808310031890869, 0.28249090909957886, 0.7800949215888977, 0.9166973233222961, 0.9141542911529541, 0.8392990231513977, 0.8353323936462402, 0.30907773971557617, 0.8364921808242798, 0.8937503099441528, 0.9743197560310364, 0.706442654132843, 0.8284940719604492, 0.9057369232177734, 0.8338253498077393, 0.8675674796104431, 0.8464134931564331, 0.5312882661819458, 0.8591340780258179, 0.8178381323814392, 0.8557674288749695, 0.8865559101104736, 0.8967353105545044, 0.8916462063789368, 0.8264448642730713, 0.8868546485900879, 0.8146659135818481, 0.8321384191513062, 0.8370824456214905, 0.34564709663391113, 0.6817060708999634, 0.04167584329843521, 0.9164863228797913, 0.840396523475647, 0.8835577964782715, 0.2241348773241043, 0.8663955926895142, 0.8940190076828003, 0.7841248512268066, 0.8380192518234253, 0.7605049014091492, 0.8582400679588318, 0.9100719690322876, 0.7450594902038574, 0.7581787109375, 0.9366381168365479, 0.255082368850708, 0.8695583343505859, 0.8370605707168579, 0.9344655275344849, 0.4756377935409546, 0.7031103372573853, 0.8597539663314819, 0.9137405753135681, 0.5420280694961548, 0.810808539390564, 0.7835618257522583, 0.8366696834564209, 0.9103639721870422, 0.7113144397735596, 0.9071775674819946, 0.24546882510185242, 0.7337462902069092, 0.8788549900054932, 0.9819109439849854, 0.8174422979354858, 0.44339311122894287, 0.8152428269386292, 0.8622913360595703, 0.9110336303710938, 0.8133270144462585, 0.7507269382476807, 0.06379212439060211, 0.3954537808895111, 0.8769288063049316, 0.8425346612930298, 0.8197063207626343, 0.8134685754776001, 0.8590542674064636, 0.7923406958580017, 0.8681944608688354, 0.7744747996330261, 0.3197941482067108, 0.8240593671798706, 0.798906147480011, 0.7611827254295349, 0.720104992389679, 0.9095453023910522, 0.9017603993415833, 0.3293578326702118, 0.8023998141288757, 0.020508132874965668, 0.9024209976196289, 0.8002288341522217, 0.8442577123641968, 0.8505527973175049, 0.374237984418869, 0.8167502284049988, 0.5411633253097534, 0.7585992813110352, 0.7629188299179077, 0.9303765296936035, 0.1714707314968109, 0.8061654567718506, 0.7878807783126831, 0.8577687740325928, 0.8540580868721008, 0.8509656190872192, 0.8279889822006226, 0.8845041990280151, 0.7489678859710693, 0.8587708473205566, 0.844102144241333, 0.8222165107727051, 0.8929600715637207, 0.766791045665741, 0.8271297216415405, 0.7943671345710754, 0.12488840520381927, 0.872734010219574, 0.8137017488479614, 0.7877464294433594, 0.7073485851287842, 0.44951221346855164, 0.8918989896774292, 0.7578945755958557, 0.8041306138038635, 0.8733681440353394, 0.8322931528091431, 0.7861955165863037, 0.7380092740058899, 0.3713237941265106, 0.7688709497451782, 0.760610818862915, 0.7905153036117554, 0.12773141264915466, 0.917406439781189, 0.7510771155357361, 0.8914198875427246, 0.2544252276420593, 0.7952507138252258, 0.7813766598701477, 0.8043814897537231, 0.8643759489059448, 0.19123797118663788, 0.7516566514968872, 0.7237801551818848, 0.7584307193756104, 0.7648506164550781, 0.9214791059494019, 0.839736819267273, 0.7433338165283203, 0.3070390224456787, 0.7766884565353394, 0.7607327103614807, 0.8710489869117737, 0.8607537746429443, 0.692209780216217, 0.8766857981681824, 0.47551214694976807, 0.7977376580238342, 0.7807867527008057, 0.8792439699172974, 0.7593700289726257, 0.7353451251983643, 0.7328691482543945, 0.9321666955947876, 0.8794658184051514, 0.8651269674301147, 0.28920087218284607, 0.8158997297286987, 0.8647862672805786, 0.56590336561203, 0.8446800708770752, 0.9028260707855225, 0.884162425994873, 0.8070151805877686, 0.8568975925445557, 0.3478965163230896, 0.9170001745223999, 0.819225549697876, 0.8393508791923523, 0.42049095034599304, 0.771068811416626, 0.8548387289047241, 0.8062342405319214, 0.7729795575141907, 0.9241034388542175, 0.543645441532135, 0.8982752561569214, 0.7599723935127258, 0.7237952947616577, 0.8890609741210938, 0.8668332099914551, 0.16948606073856354, 0.5121575593948364, 0.8446206450462341, 0.7587364315986633, 0.752798318862915, 0.7420777082443237, 0.865412175655365, 0.7365204095840454, 0.2197985053062439, 0.7945456504821777, 0.7467031478881836, 0.4255743622779846, 0.8130074739456177, 0.9223676323890686, 0.9169096946716309, 0.8321304321289062, 0.5441780090332031, 0.8218271732330322, 0.472436785697937, 0.8634971976280212, 0.7599907517433167, 0.8487737774848938, 0.7304428815841675, 0.7526499629020691, 0.80333411693573, 0.8859604597091675, 0.7682591676712036, 0.8209907412528992, 0.7515316605567932, 0.842421293258667, 0.8817340135574341, 0.953266441822052, 0.7878297567367554, 0.8265038728713989, 0.8206549882888794, 0.9547117948532104, 0.5280005931854248, 0.8344030380249023, 0.7544975876808167, 0.38003259897232056, 0.9246214032173157, 0.9121952056884766, 0.7852703332901001, 0.9624532461166382, 0.37137988209724426, 0.7831440567970276, 0.7727583646774292, 0.9383708238601685, 0.7712395787239075, 0.712067186832428, 0.8453187942504883, 0.7595487236976624, 0.954092264175415, 0.06490939855575562, 0.2930746078491211, 0.8207910656929016, 0.8221464157104492, 0.8693244457244873, 0.8024783134460449, 0.8868580460548401, 0.7226002216339111, 0.8073962330818176, 0.8872017860412598, 0.30911901593208313, 0.8058813810348511, 0.7207735180854797, 0.8180348873138428, 0.8277705311775208, 0.8529412746429443, 0.9382925033569336, 0.7966738939285278, 0.8172293901443481, 0.8969020843505859, 0.9219670295715332, 0.8021343946456909, 0.8515244722366333, 0.8328174352645874, 0.8365976810455322, 0.7559174299240112, 0.9069293737411499, 0.798941969871521, 0.9459847211837769, 0.878830075263977, 0.8321239352226257, 0.9148555994033813, 0.7520430088043213, 0.8266497254371643, 0.8636239767074585, 0.823591947555542, 0.9334858059883118, 0.919302225112915, 0.783104658126831, 0.73385089635849, 0.7982577681541443, 0.8684300780296326, 0.9144147634506226, 0.8058868646621704, 0.8923780918121338, 0.8280816078186035, 0.9022066593170166, 0.8086296319961548, 0.7863085269927979, 0.7808347344398499, 0.8599900007247925, 0.8169604539871216, 0.7659246921539307, 0.8285353183746338, 0.7704261541366577, 0.7457716464996338, 0.7623510956764221, 0.7401455640792847, 0.871085524559021, 0.8964909911155701, 0.734277069568634, 0.4632883369922638, 0.8386344909667969, 0.7994164824485779, 0.9116195440292358, 0.9102346897125244, 0.7528076767921448, 0.48563799262046814, 0.7397939562797546, 0.7983541488647461, 0.8200446367263794, 0.8616471290588379, 0.8263814449310303, 0.7849358916282654, 0.9034886956214905, 0.7847980856895447, 0.4731091856956482, 0.9073122143745422, 0.9232515096664429, 0.4371964931488037, 0.8103572130203247, 0.8102665543556213, 0.8212877511978149, 0.8164054155349731, 0.7626103162765503, 0.7964158654212952, 0.787278413772583, 0.7871825695037842, 0.7319146394729614, 0.923001766204834, 0.9006861448287964, 0.8143661618232727, 0.9110197424888611, 0.7766554355621338, 0.9051234126091003, 0.9153949022293091, 0.8260446786880493, 0.44146180152893066, 0.9520941376686096, 0.9238268136978149, 0.7224463820457458, 0.7960653305053711, 0.6219022274017334, 0.8405302166938782, 0.8903701901435852, 0.8173108100891113, 0.27339407801628113, 0.8547067642211914, 0.4383895993232727, 0.7246395945549011, 0.7887503504753113, 0.9540677666664124, 0.8369346857070923, 0.7880892157554626, 0.9318896532058716, 0.28731825947761536, 0.8751752376556396, 0.7479470372200012, 0.8435031771659851, 0.7254458665847778, 0.860762894153595, 0.9072915315628052, 0.886705219745636, 0.8479551076889038, 0.5242181420326233, 0.8441498279571533, 0.861888587474823, 0.8532466888427734, 0.7652466297149658, 0.8792862892150879, 0.9374406933784485, 0.48917198181152344, 0.8332722187042236, 0.45399126410484314, 0.818185567855835, 0.8858038187026978, 0.886215090751648, 0.8306645154953003, 0.9238041639328003, 0.9704875349998474, 0.3932722508907318, 0.18718858063220978, 0.810538113117218, 0.7759311199188232, 0.7290511131286621, 0.7709782719612122, 0.8090901374816895, 0.8657582998275757, 0.31016096472740173, 0.8688148260116577, 0.16309614479541779, 0.8837471604347229, 0.7485435009002686, 0.7576286792755127, 0.8118599653244019, 0.4315611720085144, 0.7799075841903687, 0.8857396245002747, 0.2197488695383072, 0.8905422687530518, 0.229435533285141, 0.8651292324066162, 0.5191906690597534, 0.4286535382270813, 0.5575999617576599, 0.7668421268463135, 0.7440105080604553, 0.7545635104179382, 0.8062843084335327, 0.7550409436225891, 0.846650242805481, 0.8259965181350708, 0.4441816210746765, 0.7986500263214111, 0.7166196703910828, 0.12927579879760742, 0.8206332921981812, 0.907489538192749, 0.8820501565933228, 0.8601598739624023, 0.8857494592666626, 0.729120671749115, 0.7346022129058838, 0.794073224067688, 0.8366866111755371, 0.7742696404457092, 0.36643680930137634, 0.8576394319534302, 0.9539557695388794, 0.8887606859207153, 0.7844184637069702, 0.7804231643676758, 0.7333779335021973, 0.786680281162262, 0.746719241142273, 0.9547345638275146, 0.8144251108169556, 0.7641696929931641, 0.7456140518188477, 0.7228666543960571, 0.8224310874938965, 0.8698156476020813, 0.7709287405014038, 0.7727735042572021, 0.9437875151634216, 0.8961167335510254, 0.9244344830513, 0.8891843557357788, 0.520034909248352, 0.8707455992698669, 0.7382280230522156, 0.7501006722450256, 0.3326052129268646, 0.9523910284042358, 0.8994207382202148, 0.45637959241867065, 0.773959755897522, 0.4819692373275757, 0.7878085374832153, 0.9822534322738647, 0.7834314107894897, 0.8650921583175659, 0.7407714128494263, 0.7613745927810669, 0.5960964560508728, 0.8839002847671509, 0.71440589427948, 0.8666461706161499, 0.9639862179756165, 0.9214573502540588, 0.4858039617538452, 0.2757059931755066, 0.8185184001922607, 0.7921463251113892, 0.92336106300354, 0.7756891250610352, 0.7906556725502014, 0.5251423120498657, 0.8318685293197632, 0.7992422580718994, 0.8711717128753662, 0.8675476312637329, 0.8199502825737, 0.8065152168273926, 0.7589521408081055, 0.7568355798721313, 0.3722275495529175, 0.7356102466583252, 0.38571062684059143, 0.7231408357620239, 0.9148608446121216, 0.47177305817604065, 0.5429152250289917, 0.7709819078445435, 0.7794831991195679, 0.9197819232940674, 0.8078252673149109, 0.879520833492279, 0.7644428014755249, 0.8247618675231934, 0.42882829904556274, 0.7319198846817017, 0.3331928551197052, 0.894687294960022, 0.8835359811782837, 0.7575031518936157, 0.8784706592559814, 0.8838673830032349, 0.6775734424591064, 0.4561501145362854, 0.49096328020095825, 0.2813858985900879, 0.8167788982391357, 0.8857303261756897, 0.7701293230056763, 0.29375335574150085, 0.8718279600143433, 0.7847464680671692, 0.7090773582458496, 0.7244094610214233, 0.7811483144760132, 0.9288183450698853, 0.7549116611480713, 0.8818738460540771, 0.83485347032547, 0.8831830620765686, 0.8928300142288208, 0.8245496153831482, 0.4864247143268585, 0.810966432094574, 0.9077317118644714, 0.792395830154419, 0.8075948357582092, 0.8979792594909668, 0.8893511295318604, 0.8847734332084656, 0.8682693243026733, 0.7446007132530212, 0.7363564968109131, 0.7755537629127502, 0.8039121031761169, 0.7625955939292908, 0.8008760213851929, 0.8332386016845703, 0.9522821307182312, 0.15614168345928192, 0.7590593099594116, 0.8084762692451477, 0.4347962439060211, 0.8158390522003174, 0.9129254817962646, 0.27230778336524963, 0.7384677529335022, 0.8095909953117371, 0.4471510052680969, 0.794861912727356, 0.7469037771224976, 0.8410406112670898, 0.8774002194404602, 0.9125967025756836, 0.8104515075683594, 0.7231734991073608, 0.8121654987335205, 0.9049563407897949, 0.8412383198738098, 0.8824659585952759, 0.7997962236404419, 0.8771140575408936, 0.70008784532547, 0.827407717704773, 0.8303722143173218, 0.9191077947616577, 0.8916149139404297, 0.8155506253242493, 0.45884081721305847, 0.6964552402496338, 0.7434775829315186, 0.7590509653091431, 0.4703407287597656, 0.8464841842651367, 0.8955626487731934, 0.8480103015899658, 0.8637933135032654, 0.8529217839241028, 0.8264116048812866, 0.4512130916118622, 0.9310178160667419, 0.909113347530365, 0.15890270471572876, 0.8119956254959106, 0.8828803896903992, 0.8816338777542114, 0.7580060958862305, 0.8337846398353577, 0.7534545660018921, 0.8045315742492676, 0.3344796597957611, 0.8782970905303955, 0.9222126603126526, 0.8548253774642944, 0.52508544921875, 0.5527970790863037, 0.846073567867279, 0.8270524740219116, 0.9218518733978271, 0.8370479345321655, 0.916441023349762, 0.8175560235977173, 0.9667317867279053, 0.8151845932006836, 0.745294451713562, 0.8794283866882324, 0.9115825891494751, 0.8887598514556885, 0.9148116111755371, 0.8048181533813477, 0.7249438762664795, 0.7658787965774536, 0.7594305276870728, 0.3418366312980652, 0.755337119102478, 0.83466637134552, 0.4540654420852661, 0.9177855253219604, 0.8845449090003967, 0.9062154293060303, 0.3842529356479645, 0.761420726776123, 0.8661203384399414, 0.8594257831573486, 0.8235500454902649, 0.7891697287559509, 0.7765714526176453, 0.6057267189025879, 0.8199200630187988, 0.7403081655502319, 0.7800344228744507, 0.7466821670532227, 0.51322340965271, 0.8744653463363647, 0.8767635226249695, 0.8815131187438965, 0.7275386452674866, 0.9245679378509521, 0.796170175075531, 0.9180048704147339, 0.8208335638046265, 0.5901792049407959, 0.7266573309898376, 0.7243542671203613, 0.8293906450271606, 0.873021125793457, 0.8433160781860352, 0.23065496981143951, 0.8848644495010376, 0.8236936330795288, 0.8673899173736572, 0.3758939802646637, 0.7864769697189331, 0.8547284603118896, 0.9516807794570923, 0.8195840120315552, 0.9147757887840271, 0.8105044960975647, 0.34319865703582764, 0.8515163660049438, 0.7742448449134827, 0.8474305868148804, 0.8816467523574829, 0.91484135389328, 0.4099830389022827, 0.9143715500831604, 0.8165637850761414, 0.7654720544815063, 0.3371354639530182, 0.5480778217315674, 0.8908719420433044, 0.8871865272521973, 0.7961533069610596, 0.47378355264663696, 0.895621657371521, 0.9220781326293945, 0.7634657025337219, 0.8436539173126221, 0.9356850385665894, 0.8318673372268677, 0.4140795171260834, 0.15720179677009583, 0.8877053260803223, 0.7711410522460938, 0.8814361095428467, 0.7305134534835815, 0.835493803024292, 0.8403383493423462, 0.8706041574478149, 0.8821333050727844, 0.8217945098876953, 0.8799096345901489, 0.7712163925170898, 0.8126250505447388, 0.43331295251846313, 0.8344443440437317, 0.7598296999931335, 0.8114373683929443, 0.7732117176055908, 0.860343337059021, 0.8284041881561279, 0.8006271123886108, 0.9436498880386353, 0.8214988112449646, 0.9369646310806274, 0.7875021696090698, 0.7786235809326172, 0.5383902192115784, 0.7694061994552612, 0.7876841425895691, 0.923337996006012, 0.8074322938919067, 0.8291158676147461, 0.5254576206207275, 0.7636337280273438, 0.4941200613975525, 0.8216431736946106, 0.9240797758102417, 0.8235405087471008, 0.9018054008483887, 0.9358638525009155, 0.8236532211303711, 0.8714562654495239, 0.7997398376464844, 0.7490274310112, 0.8378465175628662, 0.8269118070602417, 0.7476988434791565, 0.9121662974357605, 0.7548065185546875, 0.8211033940315247, 0.8930159211158752, 0.25850579142570496, 0.4920779764652252, 0.7655220031738281, 0.44338127970695496, 0.7705243825912476, 0.8440530300140381, 0.7898118495941162, 0.8051552772521973, 0.7968860864639282, 0.2644171118736267, 0.9482281804084778, 0.8045579195022583, 0.8576796650886536, 0.7478861808776855, 0.9543231129646301, 0.8075160980224609, 0.8857008218765259, 0.9575008153915405, 0.7227770090103149, 0.8568394780158997, 0.6721448302268982, 0.7683412432670593, 0.8166376948356628, 0.4699625074863434, 0.7621292471885681, 0.9401259422302246, 0.8846226930618286, 0.8535131216049194, 0.7131986021995544, 0.1849338710308075, 0.8404964208602905, 0.8590928316116333, 0.8009088039398193, 0.8333295583724976, 0.9009837508201599, 0.6960538029670715, 0.7292691469192505, 0.8525124788284302, 0.8170123100280762, 0.5931037068367004, 0.774132251739502, 0.7694029211997986, 0.4539344310760498, 0.9267153739929199, 0.4514258801937103, 0.4528921842575073, 0.8214131593704224, 0.8880099058151245, 0.6884082555770874, 0.8684379458427429, 0.869739294052124, 0.8818238973617554, 0.3058801591396332, 0.8127226829528809, 0.21013331413269043, 0.771649181842804, 0.945123553276062, 0.28001469373703003, 0.8139709234237671, 0.7765731811523438, 0.8737842440605164, 0.8256256580352783, 0.177415668964386, 0.9346500039100647, 0.7721740007400513, 0.7606604099273682, 0.9087436199188232, 0.8630878925323486, 0.35526221990585327, 0.8369943499565125, 0.6235539317131042, 0.738994836807251, 0.7529580593109131, 0.9290943741798401, 0.7704160213470459, 0.8186734318733215, 0.7967539429664612, 0.8344489336013794, 0.799181342124939, 0.412120521068573, 0.7858618497848511, 0.33512943983078003, 0.8058468699455261, 0.7149038314819336, 0.7485241889953613, 0.8247532844543457, 0.8201773166656494, 0.9112751483917236, 0.6678478717803955, 0.8047467470169067, 0.38641124963760376, 0.7370716333389282, 0.8392212390899658, 0.8290765285491943, 0.820249080657959, 0.8660705089569092, 0.8641135096549988, 0.42078906297683716, 0.5406488180160522, 0.7458220720291138, 0.8868324160575867, 0.4500318467617035, 0.19559043645858765, 0.8780799508094788, 0.16263723373413086, 0.4181674122810364, 0.8373470306396484, 0.7860461473464966, 0.7638124227523804, 0.8981400728225708, 0.47152894735336304, 0.7392916679382324, 0.8158586621284485, 0.4371092915534973, 0.3795713782310486, 0.8224735856056213, 0.8531458377838135, 0.8154361248016357, 0.8345739245414734, 0.6006783246994019, 0.8653354644775391, 0.8861605525016785, 0.7283023595809937, 0.8639609217643738, 0.8666070699691772, 0.7645890712738037, 0.77936190366745, 0.7914113998413086, 0.7165483236312866, 0.8209776878356934, 0.4015144407749176, 0.8071893453598022, 0.7440856695175171, 0.8854485750198364, 0.7880921959877014, 0.9308779835700989, 0.9519593715667725, 0.7623764276504517, 0.7942092418670654, 0.9036619663238525, 0.8699657320976257, 0.8576632738113403, 0.7281285524368286, 0.8887475728988647, 0.7526335716247559, 0.6527587175369263, 0.7691519260406494, 0.8124136328697205, 0.835397481918335, 0.8622249364852905, 0.8982506990432739, 0.8293659687042236, 0.5415709018707275, 0.834557831287384, 0.89384925365448, 0.42370787262916565, 0.403573215007782, 0.8275411128997803, 0.8082435131072998, 0.9349972009658813, 0.9262558221817017, 0.8563783168792725, 0.8035371899604797, 0.8273603320121765, 0.8011156320571899, 0.8857332468032837, 0.5117063522338867, 0.8905965089797974, 0.9266809225082397, 0.7995909452438354, 0.9004101157188416, 0.9366509914398193, 0.8493757247924805, 0.868930459022522, 0.8173539638519287, 0.8348671197891235, 0.7671751976013184, 0.8534703850746155, 0.8694986701011658, 0.8189493417739868, 0.8003590106964111, 0.8858873248100281, 0.7962204813957214, 0.8381210565567017, 0.7656872272491455, 0.7778620719909668, 0.5585295557975769, 0.9257157444953918, 0.7188513875007629, 0.8572555780410767, 0.7865670919418335, 0.9123845100402832, 0.8557792901992798, 0.9195346832275391, 0.7520976662635803, 0.7123797535896301, 0.853216826915741, 0.8052986860275269, 0.8713667392730713, 0.907809853553772, 0.7342036962509155, 0.7935310006141663, 0.8575056791305542, 0.8939627408981323, 0.6764144897460938, 0.950885534286499, 0.7552464008331299, 0.1178140789270401, 0.8991103172302246, 0.7579196691513062, 0.8447710871696472, 0.8401930332183838, 0.5616308450698853, 0.8555229306221008, 0.8012818694114685, 0.9631716012954712, 0.7294650077819824, 0.9008809328079224, 0.7203623652458191, 0.8554051518440247, 0.8453883528709412, 0.8538445234298706, 0.9369838237762451, 0.17485332489013672, 0.26449137926101685, 0.8324775695800781, 0.42312759160995483, 0.49938637018203735, 0.4799937307834625, 0.8581622838973999, 0.788512110710144, 0.955553412437439, 0.8874243497848511, 0.7746426463127136, 0.9166675209999084, 0.44930508732795715, 0.8680596351623535, 0.8963838815689087, 0.868462324142456, 0.8403626084327698, 0.861162006855011, 0.7671408653259277, 0.41199353337287903, 0.721156656742096, 0.8510456681251526, 0.8963394165039062, 0.816780686378479, 0.850581169128418, 0.8816952705383301, 0.8737528324127197, 0.9422966241836548, 0.8136457204818726, 0.851320743560791, 0.7627420425415039, 0.8882647156715393, 0.8063157796859741, 0.8070924282073975, 0.7825380563735962, 0.7695778608322144, 0.784713625907898, 0.8691478371620178, 0.24391892552375793, 0.716607928276062, 0.8898563385009766, 0.9497236013412476, 0.17570927739143372, 0.8913939595222473, 0.7292733788490295, 0.9244574308395386, 0.41289985179901123, 0.8280837535858154, 0.7480261921882629, 0.9263567924499512, 0.689232587814331, 0.9084914922714233, 0.9141680002212524, 0.8189972043037415, 0.8691402673721313, 0.8645194172859192, 0.8375171422958374, 0.8916826844215393, 0.9305984973907471, 0.9213812351226807, 0.8413444757461548, 0.7306455969810486, 0.8039600849151611, 0.7616757750511169, 0.9316333532333374, 0.8224468231201172, 0.8128728866577148, 0.3598478138446808, 0.7621040344238281, 0.8275801539421082, 0.7861206531524658, 0.7748311758041382, 0.8022009134292603, 0.9132248759269714, 0.8092480897903442, 0.8694750070571899, 0.7804896831512451, 0.8400197625160217, 0.25625404715538025, 0.7778719663619995, 0.8326272964477539, 0.7891873717308044, 0.8084291219711304, 0.8671230673789978, 0.40798911452293396, 0.7887411117553711, 0.4323902130126953, 0.5472091436386108, 0.7831064462661743, 0.20019185543060303, 0.2512660026550293, 0.7791417837142944, 0.7363261580467224, 0.886942446231842, 0.9106248617172241, 0.3107217848300934, 0.8082236647605896, 0.22625085711479187, 0.9508504867553711, 0.7452688813209534, 0.7615842819213867, 0.7390445470809937, 0.8301993608474731, 0.7931534647941589, 0.6769688129425049, 0.8936340808868408, 0.8719822764396667, 0.7824540734291077, 0.895234227180481, 0.7225098609924316, 0.852484405040741, 0.8678076267242432, 0.8489521741867065, 0.5940390825271606, 0.5082135200500488, 0.9131022095680237, 0.8270862102508545, 0.7529774904251099, 0.9236828088760376, 0.8127858638763428, 0.9505189657211304, 0.8628945350646973, 0.7769930362701416, 0.7537349462509155, 0.5879737138748169, 0.906305730342865, 0.9303736090660095, 0.8088873028755188, 0.7982185482978821, 0.8974571824073792, 0.8743650913238525, 0.7962789535522461, 0.7643423080444336, 0.7817139625549316, 0.7746986150741577, 0.9196987748146057, 0.7118441462516785, 0.8541347980499268, 0.8745336532592773, 0.8620900511741638, 0.7733439803123474, 0.845388650894165, 0.3041934370994568, 0.819450855255127, 0.785122275352478, 0.8502547740936279, 0.7623850703239441, 0.8161638975143433, 0.41340047121047974, 0.9081270694732666, 0.8296444416046143, 0.8956581354141235, 0.8006181716918945, 0.38568708300590515, 0.7710334658622742, 0.9051815867424011, 0.8746581077575684, 0.8331477642059326, 0.7516731023788452, 0.9157660603523254, 0.48202282190322876, 0.8522607684135437, 0.526343822479248, 0.9016059041023254, 0.7956951856613159, 0.7785395383834839, 0.7522902488708496, 0.8231932520866394, 0.8290021419525146, 0.6143268346786499, 0.8210307359695435, 0.7697358131408691, 0.8986076712608337, 0.7421547174453735, 0.8824982643127441, 0.724166214466095, 0.7840372323989868, 0.9973698258399963, 0.8476656079292297, 0.36693161725997925, 0.4342281222343445, 0.8132380247116089, 0.8753612041473389, 0.796781063079834, 0.7300204038619995, 0.7483865022659302, 0.7522948980331421, 0.7626887559890747, 0.8603307008743286, 0.919287919998169, 0.7989412546157837, 0.3482842445373535, 0.8219327926635742, 0.8107514381408691, 0.8110975027084351, 0.8345942497253418, 0.8845188021659851, 0.13210232555866241, 0.8143824338912964, 0.7655977010726929, 0.855765163898468, 0.7450301051139832, 0.8237533569335938, 0.9050179123878479, 0.6739897727966309, 0.8137644529342651, 0.7229030728340149, 0.8878542184829712, 0.8735748529434204, 0.7317378520965576, 0.8067795634269714, 0.8212763071060181, 0.38880738615989685, 0.7411826848983765, 0.5229333639144897, 0.9296871423721313, 0.8790228366851807, 0.7895767688751221, 0.8645659685134888, 0.7433602809906006, 0.2123449295759201, 0.8805530071258545, 0.8850215673446655, 0.42813947796821594, 0.746696949005127, 0.7550886869430542, 0.8619036674499512, 0.8105220794677734, 0.8699508309364319, 0.7849091291427612, 0.4723665118217468, 0.7963168621063232, 0.8088515996932983, 0.7918803095817566, 0.8801652193069458, 0.8493950366973877, 0.7883921265602112, 0.78867506980896, 0.7605577111244202, 0.7745327949523926, 0.8842124938964844, 0.8041086792945862, 0.859276294708252, 0.8307958841323853, 0.8492506742477417, 0.8071285486221313, 0.8855301737785339, 0.730721116065979, 0.8180974721908569, 0.883039653301239, 0.9026414752006531, 0.8554544448852539, 0.8380056619644165, 0.8230240345001221, 0.44976454973220825, 0.4294259250164032, 0.8109517097473145, 0.4820329546928406, 0.7943845987319946, 0.84007728099823, 0.8401874303817749, 0.5005254745483398, 0.7531872987747192, 0.9205549955368042, 0.9075406193733215, 0.8930947780609131, 0.8181911706924438, 0.9045785069465637, 0.8466005325317383, 0.7608712911605835, 0.5902774333953857, 0.9513431787490845, 0.8871741890907288, 0.7469332218170166, 0.7733595371246338, 0.6954214572906494, 0.4256100654602051, 0.7550453543663025, 0.8182789087295532, 0.7586567997932434, 0.774916410446167, 0.8198323845863342, 0.7913194894790649, 0.9226778745651245, 0.7880620360374451, 0.19567079842090607, 0.7944239377975464, 0.8437836170196533, 0.8090825080871582, 0.38723626732826233, 0.8604109287261963, 0.7784616947174072, 0.808578610420227, 0.881190299987793, 0.7265665531158447, 0.8130252957344055, 0.8211432695388794, 0.914406418800354]
