sample name: ['CC[C@H](NC(=O)[C@H]1CN(C)CCO1)c1ccc(Br)cc1']
atom_index,distance,cosine_similarity
0,-0.08846954345703124,0.016331945657730104
1,0.078953857421875,-0.011584790796041489
2,0.164844970703125,-0.009445511922240257
3,-0.38611602783203125,0.06099570371210575
4,0.0784100341796875,-0.018080958873033525
5,0.31014007568359375,-0.037861717492342
6,0.22707122802734375,-0.021336823478341104
7,-0.017176513671875,-0.005190644040703773
8,-0.24684173583984376,0.05144498690962791
9,-0.1502587890625,0.0025183352828025817
10,-0.039677734375,-0.01690936744213104
11,-0.0218377685546875,0.004624483585357666
12,0.15732391357421874,-0.013468489944934846
13,-0.03782379150390625,0.016885258033871652
14,-0.20950042724609375,0.031098902225494385
15,0.12280792236328125,-0.013646814674139023
16,-0.16687591552734374,0.014949754178524018

Sum of phi values for distance
-0.2250262451171875
Sum of phi values for cosine similarity
0.05132425092160702
Average distance random samples:
3.028772536438397
Average cosine similarity random samples:
0.6939651783051736
Distances random samples
[3.296513319015503, 3.2905871868133545, 3.279505729675293, 3.2776031494140625, 2.6825973987579346, 2.8616597652435303, 3.280797004699707, 2.8225479125976562, 2.6976661682128906, 2.3097171783447266, 2.7647271156311035, 4.090592384338379, 2.8123908042907715, 2.4551546573638916, 2.818504810333252, 3.5888795852661133, 3.5914480686187744, 2.8916757106781006, 3.591859817504883, 3.2771427631378174, 4.025969505310059, 3.5903303623199463, 2.742677927017212, 4.593754768371582, 3.603632926940918, 3.596632719039917, 3.4952640533447266, 3.591057538986206, 3.9750704765319824, 2.8454363346099854, 3.631566286087036, 3.834418773651123, 3.5915026664733887, 0.48608943819999695, 3.982541084289551, 3.6474616527557373, 3.366607666015625, 2.6804986000061035, 3.5918169021606445, 2.882453203201294, 2.7722713947296143, 4.3828349113464355, 2.906663179397583, 3.272246837615967, 0.02437538094818592, 3.2741639614105225, 5.505003452301025, 4.716826438903809, 3.5966403484344482, 2.844874143600464, 3.2781877517700195, 3.618333339691162, 3.663459539413452, 4.657618999481201, 3.6010913848876953, 3.2739522457122803, 0.8422440886497498, 0.6962006092071533, 2.7254891395568848, 2.6784613132476807, 6.579540252685547, 0.09483269602060318, 2.6872024536132812, 4.554254531860352, 2.682041883468628, 3.648690700531006, 3.9852373600006104, 3.596510410308838, 3.5901544094085693, 2.2994186878204346, 3.5426976680755615, 2.6793739795684814, 2.6823999881744385, 3.32412052154541, 3.5990686416625977, 3.5941898822784424, 2.6799230575561523, 3.2760791778564453, 2.933100461959839, 2.8473269939422607, 4.066363334655762, 3.5017685890197754, 2.813255548477173, 3.6517276763916016, 3.966327428817749, 2.813417911529541, 2.8445534706115723, 3.655416250228882, 2.7040674686431885, 2.6890180110931396, 3.5902793407440186, 3.991297960281372, 3.6112120151519775, 3.585942506790161, 3.617908477783203, 5.731628894805908, 5.199514389038086, 3.595067024230957, 3.591886281967163, 0.41877880692481995, 3.9943628311157227, 2.813218832015991, 2.8355369567871094, 3.610316753387451, 2.6826703548431396, 2.8165247440338135, 3.5903286933898926, 0.4815654456615448, 3.5847675800323486, 4.087435722351074, 2.8443503379821777, 3.5929718017578125, 3.304769277572632, 2.814779043197632, 3.6140406131744385, 3.272021770477295, 3.320401668548584, 4.484281539916992, 2.6793086528778076, 3.591515064239502, 3.0173094272613525, 2.9114019870758057, 3.066279649734497, 3.4547314643859863, 0.09112873673439026, 3.657731771469116, 3.662540912628174, 3.5924527645111084, 2.8799383640289307, 3.5993292331695557, 1.9647389650344849, 3.272291421890259, 0.7017980217933655, 2.837092638015747, 0.5016834139823914, 0.42748692631721497, 4.28997802734375, 3.181731939315796, 3.629214286804199, 2.813840627670288, 2.8555901050567627, 3.2855172157287598, 3.591282367706299, 2.749628782272339, 3.2771573066711426, 0.07777337729930878, 2.722280740737915, 3.5893642902374268, 2.8134806156158447, 4.584688663482666, 3.5984115600585938, 4.96544075012207, 2.680274724960327, 2.369830369949341, 3.5790843963623047, 2.7132015228271484, 2.684612512588501, 3.65322208404541, 3.6599247455596924, 3.6459033489227295, 2.720430850982666, 2.678804636001587, 0.41615480184555054, 2.810001850128174, 3.7345027923583984, 2.681300163269043, 4.53925895690918, 3.2735350131988525, 3.594799041748047, 3.598196268081665, 4.558648109436035, 5.095532417297363, 0.6166832447052002, 0.7194029688835144, 3.6022448539733887, 3.5939695835113525, 3.6207962036132812, 2.8090980052948, 3.629957914352417, 5.8944244384765625, 3.3228509426116943, 3.21281099319458, 1.921846866607666, 2.8113415241241455, 3.2134673595428467, 3.429464817047119, 3.286041021347046, 3.274446725845337, 2.6828296184539795, 2.816314220428467, 3.6214699745178223, 3.2890164852142334, 3.307201623916626, 3.7379636764526367, 0.5557078123092651, 3.6005375385284424, 3.594303846359253, 2.6787264347076416, 4.017698287963867, 2.709463119506836, 2.682161331176758, 3.620880365371704, 2.8130321502685547, 4.126092910766602, 3.3369107246398926, 3.6953814029693604, 2.8392977714538574, 3.2790486812591553, 2.7359087467193604, 3.6858694553375244, 3.3349809646606445, 2.7291719913482666, 3.6207122802734375, 3.658076524734497, 0.024232126772403717, 3.594372272491455, 2.8182260990142822, 2.6786530017852783, 2.725383758544922, 5.92588472366333, 3.2856080532073975, 2.8280601501464844, 2.407043218612671, 3.587639093399048, 2.816685199737549, 3.5922157764434814, 6.366969108581543, 0.4153786897659302, 3.873440980911255, 2.681459426879883, 3.274359703063965, 2.7984843254089355, 2.8308284282684326, 2.8396997451782227, 3.7240002155303955, 3.589614152908325, 3.2765724658966064, 1.4775642156600952, 2.926187515258789, 3.5982511043548584, 3.2802445888519287, 2.808772325515747, 2.7678866386413574, 3.5931451320648193, 2.681044101715088, 3.6667017936706543, 3.5889925956726074, 2.683084011077881, 6.18342399597168, 3.5912294387817383, 0.40627390146255493, 3.5939393043518066, 1.4373126029968262, 3.597933292388916, 3.5909223556518555, 3.2733256816864014, 3.696045398712158, 3.5922653675079346, 0.07364154607057571, 3.2807650566101074, 0.03291890025138855, 4.377832889556885, 2.7287137508392334, 2.85603404045105, 3.604970693588257, 3.592804193496704, 3.586453437805176, 2.828664541244507, 3.603212833404541, 2.7742927074432373, 2.682305097579956, 6.215420246124268, 3.592806577682495, 2.8218555450439453, 2.830629825592041, 0.36273348331451416, 3.625748634338379, 3.2742364406585693, 0.1556129902601242, 2.7012996673583984, 3.593899726867676, 3.777316093444824, 3.595595359802246, 3.279029369354248, 0.13727985322475433, 3.6151013374328613, 2.6816885471343994, 3.663194179534912, 0.05568699911236763, 3.2741777896881104, 4.646888732910156, 3.629408359527588, 3.5928895473480225, 2.8088009357452393, 3.2792582511901855, 3.586846113204956, 4.031050682067871, 2.7146153450012207, 3.621478796005249, 3.3283767700195312, 3.587876558303833, 0.6324892044067383, 3.760181427001953, 0.3728680908679962, 2.31693959236145, 2.7706587314605713, 2.911302089691162, 0.041878726333379745, 2.815861463546753, 3.5916173458099365, 3.491365432739258, 0.3529936671257019, 5.6918487548828125, 3.2761528491973877, 3.6006991863250732, 2.8654608726501465, 2.810865879058838, 0.22969725728034973, 0.5633466839790344, 3.5900893211364746, 2.6901321411132812, 0.030263353139162064, 0.40627792477607727, 3.305229902267456, 2.760218381881714, 3.5995397567749023, 0.269813597202301, 0.15293489396572113, 0.441586971282959, 3.5891406536102295, 3.594369888305664, 3.2770471572875977, 3.949463129043579, 3.5924646854400635, 3.593410015106201, 3.5894601345062256, 3.9412033557891846, 3.598328113555908, 4.111988067626953, 3.590028762817383, 1.9648669958114624, 0.10677234828472137, 0.038248587399721146, 3.6367146968841553, 3.5098187923431396, 3.5942602157592773, 2.8972272872924805, 0.5799883604049683, 3.551931858062744, 3.407536029815674, 2.8173599243164062, 3.7965822219848633, 2.7205748558044434, 2.6800968647003174, 2.875168561935425, 3.615246295928955, 2.814253807067871, 3.745368719100952, 3.6333582401275635, 5.262124538421631, 0.5337986946105957, 3.5919265747070312, 2.734424352645874, 0.26823681592941284, 0.5782684683799744, 3.592804193496704, 3.629758596420288, 2.8639047145843506, 3.5942206382751465, 3.7957839965820312, 2.746842622756958, 2.6813230514526367, 2.756720542907715, 2.8409311771392822, 3.2822463512420654, 4.599054336547852, 4.457545757293701, 3.2819902896881104, 2.81791090965271, 2.678203582763672, 3.5958595275878906, 3.5987038612365723, 1.4202402830123901, 0.3826046586036682, 6.639676094055176, 3.592116117477417, 2.749295473098755, 2.7256991863250732, 2.680866003036499, 2.8481316566467285, 3.590768814086914, 2.850790023803711, 2.680084705352783, 2.8101694583892822, 3.60280179977417, 0.18515068292617798, 3.972978353500366, 3.6414873600006104, 2.763395071029663, 2.683408260345459, 3.5910704135894775, 6.412774085998535, 2.5326428413391113, 3.276796340942383, 3.5958809852600098, 2.4504024982452393, 3.62612247467041, 3.4207541942596436, 3.618197441101074, 3.596782922744751, 3.827627658843994, 3.2767186164855957, 2.8481171131134033, 2.8287851810455322, 3.679786205291748, 3.2782552242279053, 3.468188762664795, 3.3763587474823, 0.339516282081604, 6.371608734130859, 2.719484806060791, 1.6398447751998901, 3.072467803955078, 2.830831289291382, 3.2786500453948975, 3.5972301959991455, 6.494725227355957, 0.023617219179868698, 3.592214822769165, 6.631861686706543, 3.1224205493927, 2.681065320968628, 3.6203219890594482, 2.87172532081604, 0.15011237561702728, 6.370388507843018, 3.0463740825653076, 3.589292526245117, 3.9548914432525635, 3.7154645919799805, 3.327232599258423, 3.6062750816345215, 0.03988855704665184, 2.6897261142730713, 2.8086767196655273, 2.865326404571533, 3.611619710922241, 4.111900806427002, 3.2723746299743652, 3.592574119567871, 2.8667280673980713, 5.519496917724609, 3.2746260166168213, 2.8157739639282227, 3.283445358276367, 0.1462337225675583, 3.3236329555511475, 2.8529157638549805, 2.8124120235443115, 2.84826922416687, 0.46764612197875977, 3.2788684368133545, 0.0460892990231514, 2.9365975856781006, 1.3053789138793945, 3.6070361137390137, 2.809791088104248, 3.5895254611968994, 3.138144016265869, 3.6263296604156494, 3.592367172241211, 4.051165580749512, 3.6012027263641357, 3.314765214920044, 3.769728660583496, 2.724860906600952, 3.6013569831848145, 2.6854801177978516, 0.039606787264347076, 2.845083713531494, 3.6176390647888184, 0.17837710678577423, 3.691612482070923, 3.6145269870758057, 5.293615818023682, 2.6820454597473145, 2.884838104248047, 2.809809446334839, 4.602473735809326, 2.8180558681488037, 2.8181259632110596, 2.0733821392059326, 3.9910807609558105, 2.707383871078491, 4.060909748077393, 4.925373554229736, 3.277188301086426, 3.079979658126831, 3.5951783657073975, 2.67622709274292, 4.743368148803711, 3.6164662837982178, 0.3912048935890198, 3.5926449298858643, 2.814213991165161, 3.278707265853882, 3.596548318862915, 0.0646853968501091, 4.087244987487793, 2.708252191543579, 4.624109268188477, 2.8123300075531006, 3.280503749847412, 2.705230712890625, 3.5929813385009766, 3.725883960723877, 0.7279265522956848, 2.8131625652313232, 3.7716941833496094, 3.5959975719451904, 3.645639419555664, 2.123073101043701, 0.15932483971118927, 0.053380291908979416, 2.6874005794525146, 3.30743408203125, 2.868206739425659, 3.307224988937378, 3.32236647605896, 3.617412567138672, 0.4176371395587921, 3.6207096576690674, 5.058074474334717, 3.5898168087005615, 2.8417999744415283, 3.6459500789642334, 4.642603397369385, 3.590970039367676, 0.6888131499290466, 3.619504928588867, 3.3307249546051025, 3.5987319946289062, 4.339815139770508, 2.7205049991607666, 3.305769681930542, 3.3162739276885986, 2.8132808208465576, 3.5916149616241455, 3.5937893390655518, 2.8101649284362793, 4.008335590362549, 0.8788673281669617, 3.5886757373809814, 3.3019351959228516, 2.731046438217163, 0.11633726209402084, 0.38965991139411926, 4.892372131347656, 2.958923101425171, 3.5915820598602295, 3.303410291671753, 2.8537285327911377, 3.283961057662964, 3.590040445327759, 3.391878604888916, 3.0792453289031982, 0.4014507532119751, 2.68111252784729, 3.255836009979248, 3.6186599731445312, 3.614509105682373, 3.60040020942688, 3.6169657707214355, 0.3460026681423187, 3.274920701980591, 3.591411828994751, 3.2137646675109863, 2.7066891193389893, 4.935166835784912, 2.683168411254883, 3.31506609916687, 2.6844398975372314, 3.5972909927368164, 4.216828346252441, 3.2798283100128174, 3.628692626953125, 3.6344716548919678, 3.6680963039398193, 3.689652442932129, 3.6630473136901855, 3.5965681076049805, 3.374749183654785, 2.6917471885681152, 5.644857883453369, 6.3922600746154785, 3.2806265354156494, 3.5877606868743896, 3.631260395050049, 0.3338612914085388, 2.8182544708251953, 3.2775466442108154, 3.5970070362091064, 2.6755900382995605, 3.5385172367095947, 2.9791388511657715, 3.3236496448516846, 3.778491973876953, 3.594597339630127, 2.7119624614715576, 2.8701350688934326, 2.68241286277771, 2.678891181945801, 2.737947702407837, 2.7053492069244385, 3.603684425354004, 3.6132888793945312, 3.2930750846862793, 3.2705307006835938, 0.03040320985019207, 5.003658771514893, 0.15178124606609344, 0.028545159846544266, 4.736366271972656, 2.808802843093872, 2.897965908050537, 2.697341203689575, 3.5916574001312256, 7.840213775634766, 4.886573314666748, 4.775435924530029, 3.6732380390167236, 3.627739667892456, 3.2792704105377197, 3.590979814529419, 2.713233709335327, 3.5921425819396973, 3.618504524230957, 3.7955081462860107, 3.2778985500335693, 3.6037800312042236, 2.7152135372161865, 2.7149240970611572, 2.8318352699279785, 0.7906231880187988, 2.737908363342285, 2.683401346206665, 3.615415334701538, 2.829655408859253, 2.826781988143921, 2.7652015686035156, 2.821645736694336, 6.518080711364746, 2.8326964378356934, 3.593292236328125, 0.3645188808441162, 3.5890254974365234, 3.591580390930176, 2.8208773136138916, 3.5936660766601562, 2.6799509525299072, 3.6391189098358154, 3.587221622467041, 3.2764732837677, 0.2635800242424011, 3.3888580799102783, 0.15468242764472961, 3.440418004989624, 2.895815849304199, 0.06476036459207535, 3.6029794216156006, 1.6585747003555298, 3.2796061038970947, 2.6805357933044434, 0.7017690539360046, 3.591735601425171, 2.8678038120269775, 2.9064600467681885, 6.03328800201416, 3.2744596004486084, 3.2723681926727295, 2.7377142906188965, 3.3013179302215576, 2.841970443725586, 3.324824571609497, 2.7421603202819824, 2.7039217948913574, 3.5962836742401123, 3.605623960494995, 2.676241397857666, 3.630404233932495, 6.019996643066406, 0.3867010474205017, 2.8146159648895264, 2.811063528060913, 3.6947343349456787, 2.683101177215576, 2.813485860824585, 2.719632863998413, 2.963913917541504, 2.319800615310669, 2.8522517681121826, 0.30839812755584717, 2.69024395942688, 2.858457088470459, 2.808788537979126, 3.5945205688476562, 4.043966293334961, 0.05667662248015404, 3.58963942527771, 2.702279806137085, 3.1133902072906494, 2.220665216445923, 3.593981981277466, 3.6032588481903076, 2.6776974201202393, 0.4709397256374359, 2.814944267272949, 0.2260250747203827, 2.845062732696533, 3.6133577823638916, 3.7750627994537354, 2.6776092052459717, 0.48967990279197693, 3.6433937549591064, 2.8135409355163574, 2.6787564754486084, 2.6809117794036865, 3.639460325241089, 2.827221632003784, 3.277148723602295, 2.7113230228424072, 3.9334306716918945, 3.6002750396728516, 2.680983543395996, 4.064429759979248, 2.68082332611084, 3.5942745208740234, 3.313816547393799, 3.593492031097412, 3.2898144721984863, 3.3317513465881348, 3.588799238204956, 0.3971332311630249, 3.6679677963256836, 3.608236074447632, 2.7147328853607178, 3.5882389545440674, 3.597315549850464, 3.3427317142486572, 5.142669200897217, 3.5903842449188232, 3.5854196548461914, 3.874295234680176, 2.8442721366882324, 3.591228723526001, 2.8370306491851807, 2.8117752075195312, 2.8093812465667725, 3.5896096229553223, 3.610785484313965, 3.7764182090759277, 3.275695562362671, 3.2883174419403076, 2.7150750160217285, 3.596203565597534, 3.3582918643951416, 2.812530994415283, 3.801579236984253, 3.655410051345825, 3.623605728149414, 3.5924201011657715, 3.59302020072937, 3.597656011581421, 2.83849835395813, 2.7650134563446045, 3.097076177597046, 0.04849684238433838, 3.285893201828003, 2.8698840141296387, 3.5956597328186035, 3.594797134399414, 2.8362770080566406, 2.7194437980651855, 3.625333070755005, 3.5985941886901855, 3.072601556777954, 0.41788703203201294, 2.7797603607177734, 2.683164596557617, 4.569784641265869, 0.36857837438583374, 0.11965542286634445, 2.6813762187957764, 0.4856089949607849, 2.6800827980041504, 3.588796854019165, 2.776639223098755, 2.9069223403930664, 0.19028663635253906, 7.022210121154785, 3.6603150367736816, 4.0473198890686035, 3.599212408065796, 3.7318460941314697, 3.9797537326812744, 3.594151735305786, 2.18237042427063, 2.8571901321411133, 3.5903897285461426, 3.577241897583008, 3.6338815689086914, 3.2817745208740234, 2.9438838958740234, 2.787921905517578, 2.266904830932617, 3.2759313583374023, 3.6293392181396484, 3.5928661823272705, 4.971593379974365, 0.35363489389419556, 3.3958048820495605, 2.7177834510803223, 3.910753011703491, 3.320777416229248, 2.8862757682800293, 3.9653193950653076, 2.823728561401367, 2.8961408138275146, 2.8148317337036133, 2.884317398071289, 2.833472490310669, 3.617872476577759, 0.21309170126914978, 2.8166427612304688, 0.10437644273042679, 2.715545415878296, 4.453155040740967, 3.592438220977783, 3.5899484157562256, 2.8991637229919434, 3.283141613006592, 3.5325522422790527, 3.8502259254455566, 0.05790235474705696, 2.8847455978393555, 3.5892271995544434, 0.4540403485298157, 2.8201138973236084, 0.18993321061134338, 0.1178283765912056, 3.988611936569214, 2.806807518005371, 3.8301477432250977, 0.5159847140312195, 3.198063373565674, 5.121239185333252, 2.7715086936950684, 4.064395427703857, 0.4012629985809326, 3.6239593029022217, 5.18948221206665, 3.5920143127441406, 4.943195819854736, 3.5976321697235107, 3.624087333679199, 3.5912203788757324, 3.5959107875823975, 2.7023801803588867, 0.21047107875347137, 2.6842825412750244, 3.5975959300994873, 3.588380813598633, 0.03232506290078163, 3.6912569999694824, 0.03863394632935524, 3.3034658432006836, 3.280367374420166, 3.5893290042877197, 2.809359073638916, 3.594468355178833, 0.6362337470054626, 3.5882747173309326, 4.658471584320068, 2.6814258098602295, 0.0618828721344471, 3.4090049266815186, 0.1257835477590561, 3.3219337463378906, 2.7277729511260986, 0.13590219616889954, 0.020366594195365906, 0.5811399817466736, 3.28306245803833, 6.081721305847168, 0.2032284289598465, 3.588143825531006, 3.7969486713409424, 3.5899670124053955, 4.1234540939331055, 3.6356773376464844, 2.8125650882720947, 3.274019718170166, 2.8263561725616455, 3.5917258262634277, 2.849656820297241, 4.6443400382995605, 2.6771693229675293, 3.589919090270996, 5.885312557220459, 3.5873782634735107, 2.681363344192505, 2.9630661010742188, 0.5473310947418213, 3.609511613845825, 3.5962939262390137, 2.8163301944732666, 2.6942367553710938, 3.589167356491089, 2.7699568271636963, 3.331433057785034, 3.595888137817383, 3.632164478302002, 3.617551803588867, 3.648928165435791, 4.5269293785095215, 2.6895751953125, 2.805807590484619, 6.1003031730651855, 0.7320517301559448, 3.6601381301879883, 3.5968422889709473, 0.04489416256546974, 3.8990561962127686, 6.059994697570801, 3.698767900466919, 2.816200017929077, 3.59704327583313, 2.8247740268707275, 2.6832263469696045, 2.9726226329803467, 3.7758660316467285, 3.3157095909118652, 4.609982490539551, 2.837318181991577, 3.8072240352630615, 3.5921504497528076, 0.37484124302864075, 2.924257278442383, 3.606977701187134, 3.3485593795776367, 2.697601795196533, 3.591336965560913, 3.3120036125183105, 2.687706708908081, 3.295672655105591, 3.289644718170166, 3.66448712348938, 4.318458080291748, 3.3241732120513916, 2.8360767364501953, 3.597205400466919, 2.873438596725464, 2.811835765838623, 3.619628667831421, 3.615598201751709, 2.8613691329956055, 2.6829376220703125, 3.5980446338653564, 3.6386022567749023, 3.1827497482299805, 2.847830057144165, 3.2755510807037354, 4.041956424713135, 3.6229007244110107, 2.7205753326416016, 0.29287052154541016, 3.611905336380005, 3.274644613265991, 3.3556108474731445, 3.975172281265259, 0.8962887525558472, 0.37903374433517456, 0.11611850559711456, 3.592632293701172, 3.663158893585205, 2.8085203170776367, 2.6985795497894287, 3.5973739624023438, 3.6009581089019775, 3.3170247077941895, 3.599571943283081, 2.814544439315796, 2.8315577507019043, 2.875929594039917, 3.594797372817993, 3.8356027603149414, 2.866863250732422, 3.596654176712036, 3.710698127746582, 3.5946781635284424, 3.4610583782196045, 2.807326555252075, 4.291135787963867, 2.8299598693847656, 3.364537239074707, 0.6479905843734741, 2.333409070968628, 3.6013197898864746, 3.280611276626587, 2.872072219848633, 2.795930862426758, 3.817765712738037, 0.031854044646024704, 3.592410087585449, 2.739631414413452, 2.6778550148010254, 2.7652454376220703, 0.25534746050834656, 4.014885902404785, 2.812563896179199, 3.631108045578003, 2.6784965991973877, 3.6224703788757324, 3.2701539993286133, 3.9567525386810303, 2.6811013221740723, 2.685695171356201, 2.8340024948120117, 3.602271556854248, 2.8458011150360107, 2.680137872695923, 3.2832651138305664, 2.811885118484497, 3.5917930603027344, 3.7138142585754395, 3.5947487354278564, 3.745781898498535, 3.677344560623169, 3.2773261070251465, 0.024029487743973732, 0.5838592052459717, 4.307913780212402, 3.85847544670105, 3.2871546745300293, 0.12494295835494995, 2.8097710609436035, 3.0947952270507812, 2.719564437866211, 0.07520978897809982, 3.5884461402893066, 0.07501646876335144, 0.0730167031288147, 0.4879756569862366, 3.6037631034851074, 0.4092849791049957, 3.310279130935669, 6.314681529998779, 3.5975534915924072, 4.010648250579834, 3.275529384613037, 2.7383475303649902, 2.7116568088531494, 3.598554849624634, 4.130492210388184, 3.281310558319092, 2.6794865131378174, 4.031181335449219, 3.0712220668792725, 5.744210720062256, 3.591710329055786, 2.8132104873657227, 2.7950873374938965, 0.18626606464385986, 3.5881080627441406, 4.510698318481445, 2.812267780303955, 5.443398952484131, 3.309415340423584, 2.7649624347686768, 2.832350492477417, 2.6766133308410645, 3.2805497646331787, 2.806864023208618, 3.6041383743286133, 3.1893515586853027, 2.8137941360473633, 2.8161091804504395, 3.0329484939575195, 4.769468307495117, 3.606234073638916, 3.604367733001709, 2.8147480487823486, 3.2789642810821533, 4.344266891479492, 1.6412818431854248, 3.595114231109619, 2.890406608581543, 2.6779258251190186, 3.6494386196136475, 3.593972682952881, 0.12822961807250977, 3.5955522060394287, 2.816385507583618, 3.5969088077545166, 4.599781036376953, 2.190371036529541, 3.272308349609375, 3.5896005630493164, 3.6143453121185303, 0.34733447432518005, 3.5955326557159424, 2.737827777862549, 2.8465213775634766, 3.5895791053771973, 4.061349391937256, 2.9032909870147705, 3.5920186042785645, 2.8485865592956543, 3.5929782390594482, 2.866387128829956, 3.5930871963500977, 2.8425071239471436, 2.8122246265411377, 3.2735941410064697, 3.6218478679656982, 2.6793453693389893, 3.63342547416687, 2.6801774501800537, 2.9023759365081787, 2.8658571243286133, 3.9400548934936523, 2.890547037124634, 3.6704187393188477, 1.649540662765503, 3.2823429107666016, 2.83901309967041, 2.740908145904541, 3.2953763008117676, 2.843238353729248, 3.589881181716919, 2.679349660873413, 2.676144599914551, 3.6164004802703857, 0.04043029248714447, 2.8313896656036377, 3.3227357864379883, 3.745109796524048, 2.689757823944092, 7.7737507820129395, 0.38238275051116943, 3.1049702167510986, 3.601193904876709, 3.15358304977417, 1.0374209880828857, 4.62002420425415, 3.2727530002593994, 3.594921588897705, 3.282270908355713, 2.6817283630371094, 0.43510550260543823, 4.27495813369751, 3.301030397415161, 2.7171213626861572, 2.676053047180176, 3.5967392921447754, 0.5050029158592224, 3.6001200675964355, 3.9192721843719482, 0.671818196773529, 3.2831497192382812, 2.8449864387512207, 2.969085931777954, 0.6148030161857605, 2.3499984741210938, 3.6645777225494385, 0.044627994298934937, 3.2893316745758057, 2.8213183879852295, 0.659687876701355, 2.8599166870117188, 3.8267459869384766, 3.74480938911438, 3.6544883251190186, 2.739790916442871, 3.5909717082977295, 3.2780306339263916, 3.295103073120117, 3.937711477279663, 2.893540620803833, 3.194744825363159, 3.6529526710510254, 2.8129007816314697, 3.2731735706329346, 2.810213804244995, 3.8466858863830566, 3.282311201095581, 3.6207361221313477, 3.3078482151031494, 5.273976802825928, 7.528625011444092, 3.5933403968811035, 3.2769978046417236, 3.273695468902588, 2.813750982284546, 3.492459535598755, 2.2014012336730957, 3.369506597518921, 3.6655831336975098, 3.9107675552368164, 3.60125470161438, 2.8105804920196533, 0.4857800304889679, 2.8261401653289795, 2.7243595123291016, 2.6887125968933105, 3.739356279373169, 3.4299190044403076, 4.030275821685791, 3.300163507461548, 2.838324546813965, 2.822636365890503, 2.880990743637085, 3.7344343662261963, 3.9830968379974365, 0.6744402647018433, 3.644237518310547, 0.025872008875012398, 0.6994693875312805, 3.5959794521331787, 3.9590072631835938, 3.588300943374634, 3.3579771518707275, 0.9968804717063904, 4.470569610595703, 5.654603004455566, 3.5945847034454346, 2.7005667686462402, 3.8425307273864746, 3.5935370922088623, 2.682741165161133, 0.7893556356430054, 3.601494073867798, 3.5969808101654053, 0.45476233959198, 3.313591480255127, 2.81425404548645, 3.276292562484741, 3.589824676513672, 3.3432352542877197, 5.156732559204102, 2.9100866317749023, 0.42711520195007324, 3.279318332672119, 6.603831768035889, 3.3325443267822266, 2.813906192779541, 0.09679713100194931, 2.8004581928253174, 3.9369328022003174, 3.7918894290924072, 3.6574623584747314, 2.6819584369659424, 4.347290992736816, 3.340229034423828, 2.8129146099090576, 0.3985094726085663, 3.1710615158081055, 4.528658866882324, 3.5929741859436035, 3.6109113693237305, 2.812795639038086, 3.99786639213562, 2.6801984310150146, 3.2778749465942383, 3.2819132804870605, 3.687072277069092, 2.683434009552002, 3.6007730960845947, 3.607111930847168, 3.9402315616607666, 3.6054906845092773, 3.633659839630127, 3.2809884548187256, 3.3041436672210693, 3.7136921882629395, 3.2871124744415283, 3.5912022590637207, 3.1246907711029053, 0.018731502816081047, 3.451676368713379, 2.860807418823242, 3.5954132080078125, 0.45064473152160645, 4.467907905578613, 3.277432680130005, 2.7276837825775146, 3.592297077178955, 2.6921029090881348, 2.7126965522766113, 0.27520906925201416, 3.2721877098083496, 2.676851987838745, 3.441187620162964, 2.8155205249786377, 0.6772017478942871, 3.6529276371002197, 3.954568862915039, 3.7410006523132324, 2.81486177444458, 2.851562976837158, 2.838245391845703, 3.591578245162964, 1.4714425802230835, 0.2772131860256195, 0.17234723269939423, 3.5877561569213867, 2.8428006172180176, 3.271815538406372, 3.593048095703125, 2.8475637435913086, 3.3436272144317627, 5.355568885803223, 2.6820459365844727, 3.284761667251587, 5.623552322387695, 3.1809611320495605, 2.6794161796569824, 2.890812397003174, 3.2814972400665283, 3.594299554824829, 3.588531494140625, 2.865678071975708, 0.3271743953227997, 3.5914087295532227, 2.819523334503174, 4.021022796630859, 0.7046939134597778, 2.8446011543273926, 0.10919170081615448, 3.6046786308288574, 3.523442029953003, 2.6795780658721924, 3.6116931438446045, 4.002011299133301, 0.38258132338523865, 4.680287837982178, 2.8102056980133057, 3.2816832065582275, 2.811896562576294, 2.6825783252716064, 3.601062059402466, 0.1323545277118683, 2.8134357929229736, 0.16524913907051086, 2.706361770629883, 0.45151156187057495, 2.813845157623291, 2.998558521270752, 2.8126275539398193, 2.6794676780700684, 2.713520050048828, 3.2819788455963135, 3.2794923782348633, 2.8097758293151855, 2.854748487472534, 4.208756446838379, 2.681230068206787, 2.716416120529175, 3.2749226093292236, 3.5936946868896484, 2.8313791751861572, 0.3358233869075775, 3.625432252883911, 3.3025786876678467, 2.7767882347106934, 3.590786933898926, 3.5943756103515625, 3.58882474899292, 3.3316681385040283, 0.02393287420272827, 0.9423713088035583, 0.8963958024978638, 3.2833445072174072, 4.635716915130615, 2.7188572883605957, 2.765249729156494, 3.6165289878845215, 0.15804266929626465, 3.5938773155212402, 3.595858097076416, 6.912057876586914, 4.229469299316406, 4.000897407531738, 3.610229730606079, 3.5938212871551514, 2.823761463165283, 3.594003438949585, 2.7047924995422363, 0.11870614439249039, 2.7474875450134277, 0.4138684868812561, 3.591233968734741, 2.809774160385132, 4.959160327911377, 2.2521915435791016, 0.592212975025177, 4.86178731918335, 3.5902512073516846, 3.5910415649414062, 3.6216084957122803, 3.592787742614746, 3.5956597328186035, 3.6238162517547607, 3.590733766555786, 4.972414970397949, 2.680284023284912, 3.592449426651001, 3.594182252883911, 3.3313047885894775, 0.03561973571777344, 3.2408573627471924, 3.6091527938842773, 3.6797144412994385, 3.9881975650787354, 3.2829740047454834, 3.281625270843506, 3.5960183143615723, 0.2776658833026886, 3.790614366531372, 3.588866949081421, 2.719632863998413, 3.6089091300964355, 3.6630876064300537, 3.6499030590057373, 2.8687281608581543, 0.4074799716472626, 0.26864126324653625, 2.8139355182647705, 0.2323712259531021, 3.2719037532806396, 3.623504161834717, 3.3076202869415283, 6.307432174682617, 0.03591500595211983, 3.604339599609375, 2.68334698677063, 0.2252776175737381, 2.8420321941375732, 0.029447421431541443, 2.7302908897399902, 2.6901955604553223, 3.276432752609253, 3.6605043411254883, 2.6834356784820557, 3.275129556655884, 2.6833043098449707, 0.422270268201828, 3.2777767181396484, 1.0061978101730347, 3.6342966556549072, 3.59562611579895, 0.12425103783607483, 2.820020914077759, 3.5532593727111816, 3.276491641998291, 3.588301181793213, 3.6253199577331543, 2.6840503215789795, 2.809784173965454, 2.868281126022339, 3.8307366371154785, 3.275794744491577, 3.272775411605835, 3.6222548484802246, 2.8273024559020996, 3.622300386428833, 2.8420753479003906, 3.5945394039154053, 1.4533499479293823, 3.614884376525879, 4.297018527984619, 3.5934526920318604, 2.822922468185425, 3.661004066467285, 3.6786820888519287, 0.705649197101593, 2.789971113204956, 3.641380548477173, 4.433010578155518, 0.07240454852581024, 3.5907320976257324, 3.6286275386810303, 4.700570106506348, 3.592357873916626, 0.1163167804479599, 3.281337261199951, 3.6075146198272705, 2.898775815963745, 3.6199729442596436, 3.2941792011260986, 2.855325222015381, 3.6123814582824707, 2.6799123287200928, 3.7072978019714355, 2.814814329147339, 3.280832290649414, 5.377532482147217, 2.813185453414917, 2.8165910243988037, 3.6360113620758057, 2.8716938495635986, 3.358318567276001, 2.768536329269409, 3.597851514816284, 3.2731313705444336, 3.8811824321746826, 0.5735222101211548, 2.8383450508117676, 0.07650867849588394, 3.352145195007324, 3.633854866027832, 4.985808372497559, 4.780002593994141, 2.7455592155456543, 2.682088851928711, 3.5908734798431396, 4.359311103820801, 0.7212492823600769, 5.879798889160156, 0.4718834161758423, 3.2835299968719482, 2.8684074878692627, 0.49271199107170105, 2.8133769035339355, 3.5865116119384766, 2.6821212768554688, 2.9149703979492188, 3.7936227321624756, 3.3068392276763916, 2.8431777954101562, 3.321199417114258, 0.06462237983942032, 3.630878448486328, 6.006777763366699, 3.662061929702759, 3.619903326034546, 3.5936856269836426, 0.1252620667219162, 4.078916549682617, 2.6806254386901855, 2.933652400970459, 2.841032028198242, 0.27970340847969055, 3.280719041824341, 2.731900453567505, 3.641157865524292, 2.8688859939575195, 6.401638031005859, 3.641483783721924, 2.7132296562194824, 3.593247413635254, 2.815232992172241, 5.275263786315918, 3.883699417114258, 3.43900728225708, 3.713036298751831, 3.735802173614502, 4.435755729675293, 4.466691970825195, 3.3876805305480957, 0.43805694580078125, 4.71412467956543, 3.5983200073242188, 0.42746925354003906, 2.8097896575927734, 3.6095075607299805, 3.400505781173706, 0.041529811918735504, 3.266947031021118, 3.2884461879730225, 3.5940375328063965, 0.09864386171102524, 3.2757952213287354, 4.0995354652404785, 2.71925687789917, 2.682077407836914, 3.6870462894439697, 2.8100266456604004, 2.6804449558258057, 3.591797351837158, 3.4823496341705322, 4.016730785369873, 2.6921231746673584, 3.639732837677002, 0.12017998844385147, 3.590775728225708, 3.4942166805267334, 2.8161447048187256, 2.6805429458618164, 3.6203858852386475, 2.811370849609375, 0.43969854712486267, 2.8090803623199463, 3.7197458744049072, 3.5991575717926025, 3.589246988296509, 3.6267848014831543, 2.7723610401153564, 0.4497358798980713, 2.8653321266174316, 3.6149046421051025, 3.9898829460144043, 3.302447557449341, 3.591817855834961, 2.7047970294952393, 3.6116127967834473, 2.812037467956543, 3.2780933380126953, 3.2772109508514404, 3.32893967628479, 2.834923505783081, 3.5972893238067627, 2.7004687786102295, 3.1129846572875977, 2.6788063049316406, 2.8784759044647217, 3.6284046173095703, 3.6711833477020264, 2.678040027618408, 2.706785202026367, 3.857652425765991, 3.5931334495544434, 4.492452144622803, 3.591222047805786, 2.7169077396392822, 0.0984344333410263, 2.701957941055298, 3.5082802772521973, 3.2770497798919678, 3.594123125076294, 3.5961198806762695, 3.5915701389312744, 0.10504888743162155, 2.821237325668335, 3.59037709236145, 2.813890218734741, 3.5057878494262695, 3.617480754852295, 2.8145859241485596, 3.2725138664245605, 3.588411808013916, 5.869692802429199, 2.8134665489196777, 0.12061575800180435, 2.8124163150787354, 2.677741050720215, 3.3004016876220703, 3.6360602378845215, 3.7555038928985596, 3.7250680923461914, 3.6307268142700195, 3.6491613388061523, 0.8247003555297852, 3.045126438140869, 3.5564403533935547, 2.8074846267700195, 3.7547948360443115, 3.5959887504577637, 2.6810803413391113, 3.9720120429992676, 3.6422836780548096, 3.9124817848205566, 3.2294065952301025, 0.3474334478378296, 2.6967642307281494, 2.8135881423950195, 3.8055520057678223, 3.6684834957122803, 0.6963739991188049, 3.6208322048187256, 3.5882914066314697, 3.5946507453918457, 3.596735715866089, 3.2864410877227783, 3.619608163833618, 3.2789621353149414, 3.2918646335601807, 2.847217321395874, 2.6858625411987305, 3.3530988693237305, 2.8159852027893066, 2.6773645877838135, 3.591902494430542, 3.2778313159942627, 0.5569400191307068, 1.7603676319122314, 2.858851909637451, 5.890593528747559, 0.4181680679321289, 3.5930492877960205]
Cosines similarity random samples
[0.6734884977340698, 0.6683303713798523, 0.6954948902130127, 0.6920846104621887, 0.7950671315193176, 0.7726225852966309, 0.705464243888855, 0.7722278833389282, 0.7978906631469727, 0.8681092262268066, 0.7629329562187195, 0.45278117060661316, 0.7750752568244934, 0.8558192849159241, 0.7730417847633362, 0.6325907707214355, 0.6337781548500061, 0.7408024072647095, 0.6353815793991089, 0.6956614255905151, 0.5788424015045166, 0.6334719657897949, 0.8032987713813782, 0.18952931463718414, 0.6435933709144592, 0.6332891583442688, 0.5959067344665527, 0.633966326713562, 0.5787802934646606, 0.7848362922668457, 0.6401911973953247, 0.5530422925949097, 0.6355963945388794, 0.9932906627655029, 0.5770171880722046, 0.6079734563827515, 0.7639200687408447, 0.7967850565910339, 0.6332776546478271, 0.7492585182189941, 0.7612349987030029, 0.2802942991256714, 0.7415564060211182, 0.6958328485488892, 0.9999831914901733, 0.6959977746009827, 0.30633214116096497, 0.22600021958351135, 0.6330026984214783, 0.7715674638748169, 0.6957951784133911, 0.6062682867050171, 0.5792853236198425, 0.4015851616859436, 0.6301847100257874, 0.6957477331161499, 0.9796234369277954, 0.9899665713310242, 0.805620551109314, 0.7955902814865112, -0.02985195815563202, 0.9997447729110718, 0.7936910390853882, 0.2726602256298065, 0.797096848487854, 0.6097873449325562, 0.4744614064693451, 0.6333158016204834, 0.6343718767166138, 0.8391362428665161, 0.6226514577865601, 0.7956697940826416, 0.794632613658905, 0.6888556480407715, 0.6597143411636353, 0.6315689086914062, 0.7949514985084534, 0.6949541568756104, 0.7258419990539551, 0.7779285311698914, 0.4670357406139374, 0.6178736686706543, 0.776864767074585, 0.6095685362815857, 0.5604437589645386, 0.7734792232513428, 0.7743123769760132, 0.580885648727417, 0.780924379825592, 0.7873210310935974, 0.6339527368545532, 0.42469608783721924, 0.6301507949829102, 0.6331548690795898, 0.6099603772163391, -0.1716250777244568, 0.44182178378105164, 0.6339514255523682, 0.6312696933746338, 0.9952980279922485, 0.5834536552429199, 0.7750523686408997, 0.7663503289222717, 0.6069521903991699, 0.7932798862457275, 0.7733752131462097, 0.6316519975662231, 0.9961053133010864, 0.6350578665733337, 0.4637443423271179, 0.7791746258735657, 0.6330323219299316, 0.6931043863296509, 0.7743682265281677, 0.6319562792778015, 0.7418270111083984, 0.7000478506088257, 0.3038902282714844, 0.7953201532363892, 0.6344478130340576, 0.7749195694923401, 0.7817926406860352, 0.7626000046730042, 0.6915704011917114, 0.999778687953949, 0.5808783173561096, 0.6017279624938965, 0.6350255012512207, 0.7493460178375244, 0.6327046155929565, 0.9032169580459595, 0.6962217092514038, 0.99126797914505, 0.7787386775016785, 0.9957541227340698, 0.9949963688850403, 0.3122449517250061, 0.7305032014846802, 0.6519100069999695, 0.7759904861450195, 0.7524053454399109, 0.7007420063018799, 0.6333235502243042, 0.7736743092536926, 0.694368839263916, 0.9998322129249573, 0.7796438932418823, 0.6345871686935425, 0.7745956182479858, 0.2854846715927124, 0.6294553279876709, 0.4877697825431824, 0.7962830066680908, 0.8529412746429443, 0.5683839917182922, 0.7940465807914734, 0.796513020992279, 0.6281168460845947, 0.5816409587860107, 0.5815847516059875, 0.7898220419883728, 0.7954341173171997, 0.9953527450561523, 0.7760339975357056, 0.6371444463729858, 0.794609785079956, 0.3966323137283325, 0.6938639879226685, 0.6326283812522888, 0.6324268579483032, 0.2663135528564453, -0.007206723093986511, 0.9901604652404785, 0.9885649681091309, 0.6276753544807434, 0.6312623023986816, 0.6032461524009705, 0.7754424810409546, 0.6052680611610413, -0.0854758620262146, 0.7091624140739441, 0.749043881893158, 0.8901400566101074, 0.7761094570159912, 0.6757409572601318, 0.6922968626022339, 0.695382833480835, 0.6935209035873413, 0.795753538608551, 0.7760487198829651, 0.6026937961578369, 0.6879633665084839, 0.6687545776367188, 0.5667591691017151, 0.9919180274009705, 0.6339722275733948, 0.6351665258407593, 0.7952662706375122, 0.3927278518676758, 0.7859604954719543, 0.7945599555969238, 0.6353859305381775, 0.7758280038833618, 0.42630478739738464, 0.6976174712181091, 0.6279617547988892, 0.8040993809700012, 0.695578932762146, 0.8041778206825256, 0.6391944885253906, 0.705311119556427, 0.7774930000305176, 0.6317907571792603, 0.6558452844619751, 0.999985933303833, 0.6324307918548584, 0.7725202441215515, 0.7957273721694946, 0.7755402326583862, -0.02213476598262787, 0.6948612332344055, 0.7697826623916626, 0.8402138352394104, 0.6332686543464661, 0.7755307555198669, 0.633048951625824, -0.23850807547569275, 0.995410680770874, 0.6076244115829468, 0.7953739166259766, 0.6963234543800354, 0.788308322429657, 0.7625998258590698, 0.7649067640304565, 0.7372273206710815, 0.631833553314209, 0.6948486566543579, 0.9395747780799866, 0.7859489321708679, 0.6309993267059326, 0.6937040090560913, 0.7764412760734558, 0.8062605261802673, 0.6331347227096558, 0.7956936359405518, 0.573094367980957, 0.6339707970619202, 0.7941501140594482, -0.00890052318572998, 0.6323227286338806, 0.9959748983383179, 0.628491222858429, 0.9399150609970093, 0.6439342498779297, 0.6332390308380127, 0.6995204091072083, 0.6469986438751221, 0.6318472623825073, 0.9998576641082764, 0.6921433210372925, 0.9999720454216003, 0.37957799434661865, 0.7818628549575806, 0.7566522359848022, 0.6172530651092529, 0.6342030167579651, 0.6341942548751831, 0.7499933242797852, 0.6184934377670288, 0.8012540936470032, 0.7948727607727051, -0.2077511101961136, 0.6318809986114502, 0.765845537185669, 0.7756409049034119, 0.9964346885681152, 0.6059753894805908, 0.6952275633811951, 0.9993112087249756, 0.7941732406616211, 0.631409764289856, 0.5702232718467712, 0.6318999528884888, 0.6921018362045288, 0.9994664192199707, 0.6331010460853577, 0.7967618107795715, 0.6547383666038513, 0.999913215637207, 0.6976877450942993, 0.22302047908306122, 0.5994573831558228, 0.6313416361808777, 0.7758245468139648, 0.6948061585426331, 0.6329122185707092, 0.4098702073097229, 0.7979819178581238, 0.6086796522140503, 0.709833025932312, 0.630840003490448, 0.9920997619628906, 0.625828742980957, 0.9962578415870667, 0.8597779273986816, 0.8058555126190186, 0.7817658185958862, 0.9999522566795349, 0.7729673385620117, 0.6336798667907715, 0.7365759015083313, 0.9966425895690918, -0.008978515863418579, 0.6948136687278748, 0.6298549175262451, 0.7765848636627197, 0.7746508121490479, 0.9985148906707764, 0.9939725995063782, 0.6323480606079102, 0.7872481942176819, 0.999977707862854, 0.9966287612915039, 0.6699098348617554, 0.7644778490066528, 0.6313599944114685, 0.9985445737838745, 0.9993360042572021, 0.9953200221061707, 0.6314957737922668, 0.6310174465179443, 0.6944249272346497, 0.585628867149353, 0.6316088438034058, 0.6340545415878296, 0.6317380666732788, 0.551604151725769, 0.6322174668312073, 0.5198813676834106, 0.6344146132469177, 0.9071937203407288, 0.9996761679649353, 0.9999606013298035, 0.6290243268013, 0.7030234336853027, 0.6322303414344788, 0.7582131624221802, 0.9938612580299377, 0.6084104776382446, 0.6810308694839478, 0.7731031179428101, 0.5229886174201965, 0.7792737483978271, 0.7961186766624451, 0.7779102325439453, 0.6121960878372192, 0.7742981910705566, 0.6260125637054443, 0.604783296585083, 0.06433899700641632, 0.9931365847587585, 0.6310165524482727, 0.797324001789093, 0.9984745383262634, 0.9938737750053406, 0.6327483654022217, 0.6291842460632324, 0.7544800639152527, 0.6325428485870361, 0.568221926689148, 0.7792477607727051, 0.7963835000991821, 0.7654381990432739, 0.7587158679962158, 0.6986638307571411, 0.21457615494728088, 0.31284141540527344, 0.6923298835754395, 0.7737599611282349, 0.7959527969360352, 0.637179434299469, 0.6127074956893921, 0.9435902237892151, 0.9960006475448608, -0.4799201786518097, 0.6322711706161499, 0.7999362349510193, 0.7865851521492004, 0.7967180013656616, 0.779395341873169, 0.6337072253227234, 0.7821328043937683, 0.7957841157913208, 0.7751192450523376, 0.6170894503593445, 0.9990299940109253, 0.5601899027824402, 0.6209738254547119, 0.7635411024093628, 0.7941848039627075, 0.6327896118164062, -0.0025276094675064087, 0.8052492737770081, 0.6938852071762085, 0.6314168572425842, 0.851137638092041, 0.5995604395866394, 0.7062400579452515, 0.6345927715301514, 0.6309000253677368, 0.6633213758468628, 0.6941794157028198, 0.7842944860458374, 0.7895139455795288, 0.5678037405014038, 0.6929566860198975, 0.6064814329147339, 0.6986827850341797, 0.9967300891876221, 0.04900616407394409, 0.8054903745651245, 0.9311542510986328, 0.689498782157898, 0.7802358269691467, 0.6958577036857605, 0.6190510392189026, -0.47190380096435547, 0.9999842643737793, 0.6319714188575745, -0.08325685560703278, 0.7152517437934875, 0.7953758239746094, 0.6105645895004272, 0.7749229669570923, 0.9993626475334167, -0.21869581937789917, 0.7120201587677002, 0.6334811449050903, 0.56209397315979, 0.5537630319595337, 0.7079756855964661, 0.6232237219810486, 0.9999557733535767, 0.7999586462974548, 0.7768931984901428, 0.7822816371917725, 0.6076935529708862, 0.5003547668457031, 0.695097804069519, 0.6344549059867859, 0.7830398082733154, 0.10447995364665985, 0.6950008869171143, 0.7742660045623779, 0.6944593191146851, 0.9993932247161865, 0.6954037547111511, 0.7869384288787842, 0.7744649648666382, 0.7726490497589111, 0.9955165982246399, 0.6952791213989258, 0.9999501705169678, 0.7336177825927734, 0.9691584706306458, 0.6372874975204468, 0.7766218185424805, 0.6336566209793091, 0.7337194681167603, 0.6455540657043457, 0.6323089003562927, 0.5626562833786011, 0.6191763877868652, 0.6664366722106934, 0.6506034731864929, 0.7802315950393677, 0.6438757181167603, 0.7965805530548096, 0.9999555349349976, 0.7868842482566833, 0.6149841547012329, 0.9991114735603333, 0.5808382034301758, 0.6415485143661499, 0.15584078431129456, 0.7966840863227844, 0.7808643579483032, 0.7748148441314697, 0.22684654593467712, 0.7738910913467407, 0.7737370729446411, 0.8872183561325073, 0.5656080842018127, 0.7799829840660095, 0.570409893989563, 0.033967792987823486, 0.6944957375526428, 0.7255672812461853, 0.6322956085205078, 0.796186089515686, 0.22154459357261658, 0.6069753170013428, 0.995853841304779, 0.6344194412231445, 0.7779428958892822, 0.6944739818572998, 0.6431950330734253, 0.9998810887336731, 0.557280421257019, 0.7863782048225403, 0.5786086320877075, 0.7744230031967163, 0.6946647763252258, 0.780197024345398, 0.631557285785675, 0.6546328067779541, 0.9898494482040405, 0.7745346426963806, 0.5308482050895691, 0.6188885569572449, 0.6176307201385498, 0.8798178434371948, 0.9992835521697998, 0.9999191761016846, 0.7926896810531616, 0.7186836004257202, 0.783135712146759, 0.6888641119003296, 0.710996150970459, 0.6073312759399414, 0.9959459900856018, 0.631054699420929, 0.0060410648584365845, 0.6310422420501709, 0.7720338106155396, 0.615947425365448, 0.1633743941783905, 0.6327043771743774, 0.991223931312561, 0.6499448418617249, 0.66059410572052, 0.619900107383728, 0.32532864809036255, 0.7797998189926147, 0.7105963826179504, 0.7017486095428467, 0.7743517160415649, 0.6335064172744751, 0.6317226886749268, 0.7747947573661804, 0.5334379076957703, 0.9804818630218506, 0.6313323974609375, 0.7096536159515381, 0.7961499691009521, 0.9996157884597778, 0.9971200227737427, 0.11256767064332962, 0.8183262348175049, 0.6321530938148499, 0.7110930681228638, 0.75752192735672, 0.6953312158584595, 0.6324842572212219, 0.6905207633972168, 0.7361267805099487, 0.9956541657447815, 0.7947145700454712, 0.7840771675109863, 0.6175204515457153, 0.6541382074356079, 0.6375974416732788, 0.6113907098770142, 0.9967607259750366, 0.6947836875915527, 0.6317844986915588, 0.720445990562439, 0.7799760103225708, 0.10561111569404602, 0.7965010404586792, 0.6895065307617188, 0.7940977215766907, 0.6309880018234253, 0.451482355594635, 0.6929030418395996, 0.5994781255722046, 0.67482990026474, 0.5870745778083801, 0.6466481685638428, 0.6556301116943359, 0.6186805963516235, 0.7220782041549683, 0.7922072410583496, 0.023191772401332855, -0.2415795475244522, 0.6948254704475403, 0.6346911191940308, 0.6432657241821289, 0.9968738555908203, 0.7734000086784363, 0.6939795613288879, 0.6304676532745361, 0.7967199087142944, 0.7188807725906372, 0.7905699014663696, 0.6629387736320496, 0.6498252749443054, 0.6351799964904785, 0.7799712419509888, 0.7763268351554871, 0.7972302436828613, 0.7973935604095459, 0.8037983179092407, 0.7920939922332764, 0.6188106536865234, 0.6069415807723999, 0.6863652467727661, 0.6967993974685669, 0.9999793171882629, 0.03212972730398178, 0.9993597269058228, 0.9999769330024719, 0.2383188009262085, 0.7762739658355713, 0.7853690385818481, 0.7836233973503113, 0.6475379467010498, -0.04728308320045471, 0.1901748925447464, 0.19245414435863495, 0.6294000148773193, 0.5995385646820068, 0.6945641040802002, 0.635188639163971, 0.7772582769393921, 0.6315509080886841, 0.612640380859375, 0.6199693083763123, 0.6958162188529968, 0.625969409942627, 0.7945088148117065, 0.7927088737487793, 0.7929577827453613, 0.9832644462585449, 0.7798634767532349, 0.7947288751602173, 0.6056382656097412, 0.7837011814117432, 0.7653352618217468, 0.7632555365562439, 0.7762902975082397, -0.19687354564666748, 0.779144823551178, 0.6318937540054321, 0.9981415271759033, 0.6353226900100708, 0.635698676109314, 0.7657605409622192, 0.6330292820930481, 0.7953043580055237, 0.6510251760482788, 0.6336796283721924, 0.6931854486465454, 0.998897135257721, 0.7417864799499512, 0.9993268251419067, 0.6249405741691589, 0.7863026857376099, 0.9998868703842163, 0.6377626061439514, 0.9223620295524597, 0.6945080161094666, 0.7959519624710083, 0.9914383292198181, 0.6307264566421509, 0.7852878570556641, 0.7610281109809875, 0.011194795370101929, 0.696618914604187, 0.6676964163780212, 0.804362416267395, 0.676749587059021, 0.7639865875244141, 0.6989007592201233, 0.8034131526947021, 0.7937292456626892, 0.6324009895324707, 0.617448627948761, 0.795886754989624, 0.5996712446212769, -0.1269756257534027, 0.9959943890571594, 0.77428138256073, 0.7759906053543091, 0.6514585614204407, 0.7944130897521973, 0.7755639553070068, 0.8052855134010315, 0.7726483941078186, 0.8565260171890259, 0.7676714062690735, 0.9975739121437073, 0.7922305464744568, 0.7857366800308228, 0.7758402228355408, 0.6303913593292236, 0.44876208901405334, 0.9999088644981384, 0.6314424872398376, 0.7941701412200928, 0.6938639879226685, 0.8710159659385681, 0.6311988830566406, 0.6248694658279419, 0.796195387840271, 0.9945489764213562, 0.7760261297225952, 0.9985539317131042, 0.7869608998298645, 0.6365933418273926, 0.6227040886878967, 0.7962827682495117, 0.9941892623901367, 0.6044325828552246, 0.7764321565628052, 0.7957653999328613, 0.7958272695541382, 0.6124469041824341, 0.7772197723388672, 0.6943676471710205, 0.7773921489715576, 0.5642666816711426, 0.6317400336265564, 0.7946802377700806, 0.5843935012817383, 0.7958724498748779, 0.6312757730484009, 0.6664026975631714, 0.6321253776550293, 0.6726561784744263, 0.6962347030639648, 0.6349018812179565, 0.9970446825027466, 0.6462551951408386, 0.6546382904052734, 0.7926295399665833, 0.6335743069648743, 0.6329102516174316, 0.6504999995231628, 0.4310719966888428, 0.6323148012161255, 0.6339335441589355, 0.5805345773696899, 0.7743659019470215, 0.6312656998634338, 0.7716469764709473, 0.7757195234298706, 0.7746480703353882, 0.6327865123748779, 0.6402061581611633, 0.6013314127922058, 0.6960703730583191, 0.6807575225830078, 0.79140305519104, 0.6305263042449951, 0.6439537405967712, 0.7751853466033936, 0.616750180721283, 0.5815538763999939, 0.6003299951553345, 0.6343108415603638, 0.631986141204834, 0.6326570510864258, 0.7588231563568115, 0.7988966703414917, 0.7372579574584961, 0.999936580657959, 0.6938178539276123, 0.7752704620361328, 0.6273086071014404, 0.6304328441619873, 0.7887485027313232, 0.779807448387146, 0.6524746417999268, 0.6298515200614929, 0.7407956123352051, 0.9960449934005737, 0.8021590113639832, 0.7971305847167969, 0.313170850276947, 0.9966536164283752, 0.9995937943458557, 0.7957466840744019, 0.994360089302063, 0.7951493263244629, 0.6331106424331665, 0.7936108708381653, 0.7420454025268555, 0.99897700548172, -0.0708768367767334, 0.5792174339294434, 0.5552510619163513, 0.6312093734741211, 0.6031047105789185, 0.5108480453491211, 0.6322540044784546, 0.8909069299697876, 0.7525961995124817, 0.6318798661231995, 0.6482488512992859, 0.6524975299835205, 0.6949359178543091, 0.7706151604652405, 0.7942856550216675, 0.8657394647598267, 0.6946418285369873, 0.615195631980896, 0.6331723928451538, 0.016022123396396637, 0.9969508647918701, 0.6476752161979675, 0.7810840606689453, 0.46174681186676025, 0.6996911764144897, 0.7580088973045349, 0.5831297636032104, 0.7656023502349854, 0.7393884062767029, 0.7744234800338745, 0.8050273656845093, 0.78263258934021, 0.6473761200904846, 0.998713493347168, 0.78910231590271, 0.9996903538703918, 0.805748701095581, 0.36500513553619385, 0.6307336091995239, 0.6341530084609985, 0.7870969772338867, 0.6931217908859253, 0.6130400896072388, 0.5172417163848877, 0.9999063014984131, 0.7708635330200195, 0.6338896155357361, 0.9941837191581726, 0.7725220918655396, 0.9989850521087646, 0.9996053576469421, 0.5809381008148193, 0.776649534702301, 0.6409603357315063, 0.994731068611145, 0.7072842121124268, 0.131852924823761, 0.8053715229034424, 0.5966224074363708, 0.9972847700119019, 0.6006581783294678, 0.012770846486091614, 0.633116602897644, 0.46196651458740234, 0.6270620822906494, 0.6527700424194336, 0.63266521692276, 0.6335466504096985, 0.7876759767532349, 0.998744010925293, 0.7967628240585327, 0.6312038898468018, 0.6339429616928101, 0.9999707937240601, 0.6074658632278442, 0.9999651908874512, 0.6926426887512207, 0.6940019130706787, 0.6346307992935181, 0.7766671180725098, 0.6302820444107056, 0.9887391328811646, 0.6345744729042053, 0.1680314540863037, 0.7976433634757996, 0.9998915195465088, 0.6787191033363342, 0.9995521903038025, 0.699019193649292, 0.7991087436676025, 0.9994776248931885, 0.9999884963035583, 0.9903914928436279, 0.6926637887954712, -0.09403032809495926, 0.9988653659820557, 0.635025680065155, 0.49897801876068115, 0.6334484815597534, 0.36257052421569824, 0.6396852135658264, 0.7747516632080078, 0.696227490901947, 0.7626350522041321, 0.6341801881790161, 0.7592883110046387, 0.26706555485725403, 0.7953118085861206, 0.6326239705085754, -0.09083425253629684, 0.6326204538345337, 0.7957273125648499, 0.7666499614715576, 0.9926778078079224, 0.6235407590866089, 0.6312034130096436, 0.7670580744743347, 0.7870867252349854, 0.6315472722053528, 0.804891049861908, 0.6897883415222168, 0.6312001943588257, 0.6555343866348267, 0.6362205743789673, 0.6248070001602173, 0.5828012824058533, 0.799689769744873, 0.7773066759109497, -0.14196914434432983, 0.9937008023262024, 0.6543249487876892, 0.6259073615074158, 0.9999434351921082, 0.6381796598434448, -0.09577149152755737, 0.6528446078300476, 0.7734904289245605, 0.629120945930481, 0.7639203071594238, 0.7946014404296875, 0.7864917516708374, 0.6522365212440491, 0.6708439588546753, 0.313321590423584, 0.7657465934753418, 0.5552456378936768, 0.6327670812606812, 0.9962397813796997, 0.7866703271865845, 0.6415960192680359, 0.7101950645446777, 0.7890243530273438, 0.6363098621368408, 0.6723494529724121, 0.7925785779953003, 0.6835533380508423, 0.6813666820526123, 0.6517632603645325, 0.4629364013671875, 0.7058600783348083, 0.7851507663726807, 0.6331624984741211, 0.7844571471214294, 0.7751975059509277, 0.6178349256515503, 0.6073691248893738, 0.7680791616439819, 0.794925332069397, 0.6295181512832642, 0.6484966278076172, 0.7477196455001831, 0.7599872350692749, 0.6978089809417725, 0.5848154425621033, 0.6526371836662292, 0.7768898606300354, 0.9982755184173584, 0.628254771232605, 0.6961032748222351, 0.7102787494659424, 0.5477206110954285, 0.9878271818161011, 0.9961037039756775, 0.9996167421340942, 0.6345811486244202, 0.6135239601135254, 0.7754419445991516, 0.7975739240646362, 0.6342748999595642, 0.6326065063476562, 0.6728867292404175, 0.6350158452987671, 0.7755504846572876, 0.7662217617034912, 0.7728794813156128, 0.6331853866577148, 0.6643471121788025, 0.7855634689331055, 0.6302939653396606, 0.5619750022888184, 0.632442057132721, 0.6922942399978638, 0.7765548229217529, 0.601027250289917, 0.7675532102584839, 0.7059177160263062, 0.9883260726928711, 0.8694536685943604, 0.6195532083511353, 0.6958070993423462, 0.7607752084732056, 0.7950183749198914, 0.6285235285758972, 0.999971330165863, 0.6317130923271179, 0.7836496829986572, 0.7966709136962891, 0.8048800230026245, 0.998202919960022, 0.4463205933570862, 0.7763720750808716, 0.6322954893112183, 0.7959058284759521, 0.6347130537033081, 0.6982523798942566, 0.578414797782898, 0.7953231930732727, 0.7962898015975952, 0.7852730751037598, 0.6357659101486206, 0.7599057555198669, 0.7958226203918457, 0.6931149959564209, 0.7750869989395142, 0.6323668360710144, 0.5614035725593567, 0.6316603422164917, 0.6543897390365601, 0.5826160311698914, 0.6949222683906555, 0.9999843239784241, 0.9933171272277832, 0.5707910656929016, 0.6216363906860352, 0.6826099753379822, 0.9995596408843994, 0.7750992774963379, 0.7433422803878784, 0.7773230075836182, 0.9998393654823303, 0.6345069408416748, 0.9998443722724915, 0.9998512268066406, 0.9943311214447021, 0.668781042098999, 0.9973591566085815, 0.694023609161377, -0.23264770209789276, 0.6362268328666687, 0.5955888032913208, 0.696624755859375, 0.8035008311271667, 0.7942022085189819, 0.6308069825172424, 0.3657567501068115, 0.694738507270813, 0.7960330247879028, 0.5628786087036133, 0.6874831914901733, -0.01215161383152008, 0.6317363381385803, 0.7758296132087708, 0.7878416776657104, 0.9990130066871643, 0.6326143741607666, 0.3135822117328644, 0.7744291424751282, 0.3380444645881653, 0.6741487979888916, 0.7626614570617676, 0.7749176621437073, 0.7936785221099854, 0.6951709985733032, 0.7773911952972412, 0.6441072821617126, 0.7410770654678345, 0.7741956114768982, 0.7759181261062622, 0.7416349649429321, 0.25452980399131775, 0.6160479784011841, 0.6406099796295166, 0.7745623588562012, 0.6935477256774902, 0.5515486001968384, 0.940528929233551, 0.6341875791549683, 0.7408971786499023, 0.7961962223052979, 0.6040689945220947, 0.6327298283576965, 0.9995324015617371, 0.6357800960540771, 0.7759014964103699, 0.6348775625228882, 0.27687981724739075, 0.8755662441253662, 0.6933625936508179, 0.6345071792602539, 0.6545441150665283, 0.9968013763427734, 0.6347798705101013, 0.8048262596130371, 0.7598416209220886, 0.6303980350494385, 0.5929689407348633, 0.7837503552436829, 0.6325114965438843, 0.8052121996879578, 0.632763147354126, 0.7846291065216064, 0.6307544708251953, 0.7609765529632568, 0.7752561569213867, 0.6957197189331055, 0.6231300234794617, 0.7957810163497925, 0.6513787508010864, 0.7950373291969299, 0.7838504910469055, 0.7758337259292603, 0.5967837572097778, 0.7410224676132202, 0.624824047088623, 0.9209789037704468, 0.6932973265647888, 0.7655000686645508, 0.8033789396286011, 0.6998538970947266, 0.7593488693237305, 0.6326234936714172, 0.7960033416748047, 0.796073317527771, 0.6333378553390503, 0.9999538660049438, 0.7797336578369141, 0.7380062341690063, 0.6420280337333679, 0.7868468761444092, -0.028228282928466797, 0.9959645867347717, 0.7470525503158569, 0.5767742991447449, 0.7044421434402466, 0.970029354095459, 0.18830463290214539, 0.6953583359718323, 0.6298477649688721, 0.6921941041946411, 0.7963657379150391, 0.9948599338531494, 0.3735595941543579, 0.7004417777061462, 0.7917296886444092, 0.7972158789634705, 0.6293962597846985, 0.995050847530365, 0.6197251081466675, 0.5060704350471497, 0.9915918111801147, 0.6913119554519653, 0.7730404734611511, 0.7820525169372559, 0.9897194504737854, 0.8406826853752136, 0.5840630531311035, 0.9999455213546753, 0.6860170364379883, 0.7720304727554321, 0.989500105381012, 0.7787938117980957, 0.6479223966598511, 0.5523873567581177, 0.5839866399765015, 0.8014658689498901, 0.6325531601905823, 0.6920411586761475, 0.683697521686554, 0.5885003805160522, 0.7872504591941833, 0.7270207405090332, 0.5830512642860413, 0.7740906476974487, 0.6960005760192871, 0.776715874671936, 0.600719690322876, 0.6935523748397827, 0.6337933540344238, 0.6753448247909546, 0.3888463079929352, -0.22545558214187622, 0.633307695388794, 0.6944601535797119, 0.6951020359992981, 0.7735262513160706, 0.6194605827331543, 0.8770718574523926, 0.7143226265907288, 0.655550479888916, 0.48115283250808716, 0.6209834218025208, 0.7764108180999756, 0.9949789047241211, 0.7710545063018799, 0.7758678793907166, 0.7920700311660767, 0.667327880859375, 0.6202691793441772, 0.5901387929916382, 0.710655927658081, 0.7579659223556519, 0.7825530767440796, 0.7508587837219238, 0.5585576295852661, 0.6388005614280701, 0.9915757179260254, 0.6082549691200256, 0.9999858140945435, 0.9917317032814026, 0.6325388550758362, 0.571121096611023, 0.6333352327346802, 0.7111726999282837, 0.9754865765571594, 0.31254130601882935, 0.08740915358066559, 0.6320768594741821, 0.7883322834968567, 0.6269320845603943, 0.631699800491333, 0.7959016561508179, 0.9854451417922974, 0.6248966455459595, 0.6335258483886719, 0.9949605464935303, 0.7131266593933105, 0.7735216021537781, 0.6955775022506714, 0.6323938369750977, 0.6512335538864136, -0.08346346020698547, 0.7359883785247803, 0.99517822265625, 0.6944779753684998, -0.3098451495170593, 0.6459290981292725, 0.7746847867965698, 0.9997361302375793, 0.7613592743873596, 0.5902847051620483, 0.5676974058151245, 0.6145039796829224, 0.7959909439086914, 0.32241326570510864, 0.6528503894805908, 0.7742221355438232, 0.9969565868377686, 0.7139372229576111, 0.20309969782829285, 0.6324914693832397, 0.6222697496414185, 0.7744995355606079, 0.5719240307807922, 0.7958062887191772, 0.6941355466842651, 0.6903080940246582, 0.6529378890991211, 0.7959280610084534, 0.6347647309303284, 0.6416751742362976, 0.588681697845459, 0.6442119479179382, 0.6385868787765503, 0.6953609585762024, 0.6749076843261719, 0.52949059009552, 0.6943442821502686, 0.6342954635620117, 0.7393276691436768, 0.999994158744812, 0.6464837789535522, 0.7767030000686646, 0.6305727362632751, 0.9942843914031982, 0.3240613043308258, 0.6947842836380005, 0.7773318290710449, 0.6344223618507385, 0.7957619428634644, 0.805186927318573, 0.9980534911155701, 0.6951014399528503, 0.7961596250534058, 0.6962627172470093, 0.7734345197677612, 0.992960512638092, 0.6260263919830322, 0.585460901260376, 0.6261641979217529, 0.7757644653320312, 0.7578285932540894, 0.7654826045036316, 0.6350859999656677, 0.938902735710144, 0.9983557462692261, 0.9992167949676514, 0.6334907412528992, 0.7874734401702881, 0.6949389576911926, 0.6322695016860962, 0.7706705331802368, 0.703514575958252, 0.4460712671279907, 0.7952656745910645, 0.6915373206138611, -0.11538664251565933, 0.6822777986526489, 0.7972460389137268, 0.7680802941322327, 0.6971962451934814, 0.6296974420547485, 0.6340385675430298, 0.7766220569610596, 0.9975050687789917, 0.6333324909210205, 0.7726561427116394, 0.5943444967269897, 0.9895329475402832, 0.7559744119644165, 0.9996647834777832, 0.6189795136451721, 0.6585832834243774, 0.7953557968139648, 0.6183720827102661, 0.5565090179443359, 0.9959089756011963, 0.23533551394939423, 0.7758879661560059, 0.693394124507904, 0.7749602794647217, 0.7967326641082764, 0.6302861571311951, 0.9995076656341553, 0.7759141325950623, 0.9992300868034363, 0.8061323761940002, 0.9971280097961426, 0.774594783782959, 0.7174777388572693, 0.7751166820526123, 0.7951920032501221, 0.7983323335647583, 0.6934621334075928, 0.6954629421234131, 0.7753028869628906, 0.7774416208267212, 0.43527382612228394, 0.7944138050079346, 0.8040021657943726, 0.6941276788711548, 0.6332191228866577, 0.781496524810791, 0.9972659945487976, 0.671042799949646, 0.6690340638160706, 0.7681435942649841, 0.6359810829162598, 0.6309818625450134, 0.6340998411178589, 0.6980350017547607, 0.9999871253967285, 0.981549859046936, 0.9770265817642212, 0.6952128410339355, 0.18089798092842102, 0.8056411743164062, 0.8065322637557983, 0.6104227304458618, 0.9992899298667908, 0.6316449046134949, 0.63236403465271, 0.08472160995006561, 0.375475138425827, 0.5528527498245239, 0.6074986457824707, 0.634063720703125, 0.7549293041229248, 0.6359213590621948, 0.7995872497558594, 0.999599277973175, 0.786527156829834, 0.9953369498252869, 0.6325950026512146, 0.7753676176071167, 0.0443294383585453, 0.873772144317627, 0.9927439093589783, 0.1262345314025879, 0.6330239772796631, 0.6322295069694519, 0.6404338479042053, 0.6334052085876465, 0.634048342704773, 0.6013432145118713, 0.6361365914344788, 0.03201337158679962, 0.7952372431755066, 0.6298421621322632, 0.6344156861305237, 0.7059696316719055, 0.9999764561653137, 0.7326029539108276, 0.6212427616119385, 0.5771924257278442, 0.5855120420455933, 0.692990779876709, 0.6960894465446472, 0.630112886428833, 0.9978116154670715, 0.6006938219070435, 0.6343585252761841, 0.7979065179824829, 0.6298869848251343, 0.6552643775939941, 0.5828109979629517, 0.7722305655479431, 0.9966961145401001, 0.9983982443809509, 0.7744114398956299, 0.998495876789093, 0.6945111751556396, 0.6059641242027283, 0.66757732629776, -0.23666271567344666, 0.9999647736549377, 0.6357903480529785, 0.7958055734634399, 0.9985890984535217, 0.7747640609741211, 0.9999755620956421, 0.797074556350708, 0.7981956005096436, 0.6943682432174683, 0.6264259815216064, 0.7943461537361145, 0.6956674456596375, 0.796832799911499, 0.9952352046966553, 0.694736897945404, 0.9742743968963623, 0.6402871608734131, 0.6324414610862732, 0.9995827078819275, 0.7719627618789673, 0.5764284729957581, 0.6960974335670471, 0.6322764158248901, 0.6067882776260376, 0.7966924905776978, 0.7749766707420349, 0.7839832305908203, 0.6809251308441162, 0.693511426448822, 0.6949154138565063, 0.6469197273254395, 0.7706149220466614, 0.6514861583709717, 0.7750378251075745, 0.6303353309631348, 0.9423058032989502, 0.6072489023208618, 0.3111542761325836, 0.6361116170883179, 0.7716124057769775, 0.6454427242279053, 0.6499038934707642, 0.9897909164428711, 0.7610243558883667, 0.6519380211830139, 0.29692479968070984, 0.9998515248298645, 0.6347713470458984, 0.6029441356658936, 0.21174368262290955, 0.6329796314239502, 0.9996209144592285, 0.6938232779502869, 0.6246379613876343, 0.7849669456481934, 0.6403934359550476, 0.6843762397766113, 0.7781535387039185, 0.6410624980926514, 0.7971200942993164, 0.6263550519943237, 0.7746881246566772, 0.6929100155830383, -0.11034780740737915, 0.7767338156700134, 0.7733839154243469, 0.6475560665130615, 0.7752759456634521, 0.694553554058075, 0.7758171558380127, 0.6289360523223877, 0.6947371959686279, 0.4663389027118683, 0.9939534664154053, 0.7712308168411255, 0.9998345971107483, 0.6492589712142944, 0.6041727662086487, 0.04816628247499466, 0.4979056119918823, 0.7805494666099548, 0.7955577373504639, 0.6340097188949585, 0.3169344663619995, 0.9905335903167725, -0.050904564559459686, 0.9946088194847107, 0.6530804634094238, 0.7831649780273438, 0.993135929107666, 0.7742512822151184, 0.6326965093612671, 0.7950581908226013, 0.7875772714614868, 0.5355011820793152, 0.6944282054901123, 0.764613151550293, 0.6973451972007751, 0.9998828172683716, 0.6552099585533142, 0.10541537404060364, 0.6543282270431519, 0.6403645873069763, 0.6313634514808655, 0.9995546340942383, 0.43953922390937805, 0.7955999374389648, 0.7610777616500854, 0.7867708802223206, 0.9978624582290649, 0.6956874132156372, 0.7990586757659912, 0.6502978801727295, 0.7842432260513306, -0.28980791568756104, 0.6497145295143127, 0.7935381531715393, 0.634906530380249, 0.7744412422180176, -0.11489234864711761, 0.5779149532318115, 0.6889166831970215, 0.6596148014068604, 0.6473612785339355, 0.3133254945278168, 0.40750420093536377, 0.6579753756523132, 0.9947332143783569, 0.23364070057868958, 0.615872323513031, 0.9949541687965393, 0.7924684882164001, 0.6327358484268188, 0.6337738037109375, 0.9999540448188782, 0.6978084444999695, 0.6862183809280396, 0.6312649250030518, 0.9997299909591675, 0.6943081617355347, 0.5395560264587402, 0.7981288433074951, 0.7964003086090088, 0.655606746673584, 0.7747989892959595, 0.7955434322357178, 0.6316455006599426, 0.699792742729187, 0.5701793432235718, 0.7845495939254761, 0.6520595550537109, 0.9995930194854736, 0.6333330869674683, 0.6116699576377869, 0.7738702297210693, 0.7951745986938477, 0.6339026093482971, 0.7746198177337646, 0.9946848154067993, 0.7754946351051331, 0.6347295045852661, 0.630254864692688, 0.6323879957199097, 0.6517053246498108, 0.7627397179603577, 0.9951189756393433, 0.7764895558357239, 0.6277505159378052, 0.5717750191688538, 0.6934459209442139, 0.6332225799560547, 0.7802853584289551, 0.619665265083313, 0.7753641605377197, 0.6940016746520996, 0.6934400796890259, 0.6749840974807739, 0.7578973174095154, 0.6336029767990112, 0.794988751411438, 0.7289421558380127, 0.7965624332427979, 0.7491996884346008, 0.5984362959861755, 0.5858608484268188, 0.7954651713371277, 0.7985852956771851, 0.6393759250640869, 0.6325779557228088, 0.23563626408576965, 0.6338053941726685, 0.8052668571472168, 0.9997370839118958, 0.8005674481391907, 0.5884448289871216, 0.6956532001495361, 0.6322437524795532, 0.6316095590591431, 0.6303131580352783, 0.9996898174285889, 0.788449764251709, 0.6363663673400879, 0.7752914428710938, 0.5940630435943604, 0.6066015958786011, 0.7743425965309143, 0.6956542730331421, 0.6341572999954224, 0.07373987138271332, 0.77507483959198, 0.9995871186256409, 0.7750160098075867, 0.7953655123710632, 0.7012078762054443, 0.6140077114105225, 0.6630768775939941, 0.5758768320083618, 0.6496335864067078, 0.6517255306243896, 0.9817846417427063, 0.7039089202880859, 0.6588563323020935, 0.7760215997695923, 0.5726355314254761, 0.6330427527427673, 0.7956640124320984, 0.5824005603790283, 0.627938449382782, 0.6018116474151611, 0.6596115827560425, 0.9965988397598267, 0.7945505380630493, 0.7747454643249512, 0.6328288316726685, 0.590445876121521, 0.990149199962616, 0.6036636829376221, 0.6342988014221191, 0.6304448843002319, 0.6333837509155273, 0.6944227814674377, 0.6353800892829895, 0.6952460408210754, 0.6912699937820435, 0.7723041772842407, 0.7974367141723633, 0.7141023874282837, 0.7743943333625793, 0.7960050702095032, 0.633402407169342, 0.6955505013465881, 0.99212646484375, 0.9078361392021179, 0.7561382055282593, 0.18359798192977905, 0.9958318471908569, 0.632228434085846]
