sample name: ['Cc1ccc(CCNC(=O)NCCc2csc(N3CCCC3)n2)c(C)c1']
atom_index,distance,cosine_similarity
0,0.2239361572265625,-0.02185924381017685
1,-0.5815087890625,0.060739368200302124
2,0.094468994140625,-0.0199427180737257
3,-0.456209716796875,0.048402987718582154
4,0.2362493896484375,-0.028913757028058172
5,0.24013427734375,-0.03553949847817421
6,0.0447406005859375,-0.007589338161051273
7,-0.4053515625,0.03444205082952976
8,-0.5487664794921875,0.051620667427778245
9,-0.2609295654296875,0.03357483435422182
10,-0.0610211181640625,0.002512346729636192
11,-0.158367919921875,0.020342870466411114
12,0.08492431640625,-0.01374652586877346
13,-0.433857421875,0.04191926293075085
14,0.6171478271484375,-0.0810990745946765
15,0.12559326171875,-0.007816300466656685
16,-0.2430596923828125,0.017703806534409523
17,0.6345184326171875,-0.061402583196759224
18,-0.3833990478515625,0.036391231566667556
19,0.515609130859375,-0.048204312212765214
20,-0.147855224609375,0.01386522650718689

Sum of phi values for distance
-0.8630041503906252
Sum of phi values for cosine similarity
0.0354013013746589
Average distance random samples:
7.115674860065892
Average cosine similarity random samples:
0.6352296920555334
Distances random samples
[4.803747653961182, 10.128005027770996, 10.885956764221191, 6.482277870178223, 5.716761112213135, 5.5042829513549805, 12.75940990447998, 6.768503665924072, 10.087529182434082, 18.558101654052734, 12.48941707611084, 5.163447856903076, 11.718722343444824, 5.7694830894470215, 5.8021039962768555, 6.843858242034912, 5.92618989944458, 5.659018039703369, 7.299358367919922, 6.644284248352051, 4.306635856628418, 10.593901634216309, 4.986668586730957, 5.935904026031494, 6.138212203979492, 6.041767120361328, 5.281882286071777, 4.444252014160156, 5.383902549743652, 12.29396915435791, 4.7272186279296875, 3.8353259563446045, 4.839473724365234, 5.009805202484131, 11.354684829711914, 5.781495094299316, 4.874944686889648, 6.037476062774658, 11.367693901062012, 6.383662223815918, 6.154099464416504, 11.447806358337402, 5.144598484039307, 5.404591083526611, 4.571095943450928, 6.288017272949219, 4.470062732696533, 5.356696605682373, 6.177952766418457, 4.692307472229004, 11.187819480895996, 16.852964401245117, 4.76125955581665, 16.628929138183594, 6.276793956756592, 6.330177307128906, 5.625090599060059, 5.722756385803223, 14.199548721313477, 14.133008003234863, 6.701253414154053, 8.039103507995605, 6.674386978149414, 5.505990505218506, 5.694860458374023, 6.527049541473389, 9.307904243469238, 6.578875541687012, 10.596473693847656, 4.053806304931641, 5.719074726104736, 5.863377094268799, 6.37419319152832, 10.266849517822266, 11.147993087768555, 14.63369083404541, 5.451472282409668, 9.160595893859863, 10.623326301574707, 5.683650493621826, 5.223189830780029, 4.002408504486084, 7.400576591491699, 5.572971820831299, 10.867525100708008, 4.8850884437561035, 6.209671497344971, 4.9383673667907715, 6.390146255493164, 5.474086284637451, 5.5517354011535645, 8.832465171813965, 0.7694887518882751, 10.244390487670898, 6.734577655792236, 3.794029712677002, 5.553487300872803, 8.98778247833252, 8.908884048461914, 6.524268627166748, 6.232720375061035, 9.316268920898438, 7.447712421417236, 5.576030731201172, 5.935457229614258, 7.00912618637085, 6.543081283569336, 6.509198188781738, 5.3805694580078125, 9.502044677734375, 5.624975204467773, 6.508337497711182, 5.4369120597839355, 6.282748222351074, 6.695106029510498, 6.522740364074707, 5.766578197479248, 6.563484191894531, 17.935880661010742, 3.9542040824890137, 5.076643466949463, 6.203704357147217, 11.683172225952148, 6.139019966125488, 5.36588191986084, 4.69905424118042, 10.887019157409668, 5.038638114929199, 10.149943351745605, 9.316015243530273, 5.776450157165527, 6.5869317054748535, 5.935294151306152, 6.533995628356934, 5.604020595550537, 4.97434139251709, 4.885756492614746, 6.333407878875732, 6.1561102867126465, 10.262552261352539, 10.962932586669922, 5.610256195068359, 11.70206356048584, 4.99124002456665, 4.011592388153076, 6.863370895385742, 6.695154666900635, 5.013129234313965, 9.864306449890137, 6.284758567810059, 5.4186625480651855, 11.59379768371582, 3.966284990310669, 5.8832879066467285, 8.817638397216797, 11.290067672729492, 5.89733362197876, 6.194849491119385, 5.165777683258057, 10.091156959533691, 5.4539313316345215, 5.24818229675293, 4.522636413574219, 5.600480556488037, 14.713465690612793, 7.858813285827637, 4.722729206085205, 5.806665420532227, 4.608498573303223, 5.221485614776611, 6.363492488861084, 7.446055889129639, 5.160897731781006, 4.490298748016357, 11.157355308532715, 5.142949104309082, 4.485523223876953, 10.578960418701172, 6.026937484741211, 10.881840705871582, 14.861124992370605, 3.687429189682007, 6.377159118652344, 9.320293426513672, 6.666921138763428, 5.268431663513184, 5.910238265991211, 11.949808120727539, 11.303011894226074, 5.60908317565918, 4.685051441192627, 9.874018669128418, 4.794492244720459, 12.06658935546875, 11.86758804321289, 6.486746788024902, 6.290990829467773, 6.026347637176514, 5.8252644538879395, 10.868990898132324, 4.528448581695557, 5.621346950531006, 5.488969326019287, 5.657872200012207, 6.114801406860352, 4.494724750518799, 4.574639320373535, 11.194067001342773, 4.877932548522949, 12.167632102966309, 5.171921253204346, 5.429167747497559, 6.2014594078063965, 5.951955318450928, 3.778395414352417, 12.614008903503418, 4.658483982086182, 13.747590065002441, 4.843338489532471, 9.518721580505371, 5.858577251434326, 8.856648445129395, 5.314753532409668, 9.533438682556152, 6.578824996948242, 5.595466136932373, 5.509573459625244, 11.871445655822754, 4.482020854949951, 6.168544769287109, 5.836588382720947, 6.227780818939209, 5.369079113006592, 6.208239555358887, 5.576176166534424, 5.314743995666504, 6.1568379402160645, 5.6439127922058105, 5.786843776702881, 6.6546525955200195, 8.34218692779541, 5.7068023681640625, 6.103353977203369, 7.104529857635498, 6.518918514251709, 5.836848735809326, 5.349803447723389, 15.00509262084961, 7.213980197906494, 5.153932094573975, 6.133021354675293, 4.441952705383301, 4.79671049118042, 6.406764030456543, 6.509981632232666, 10.770353317260742, 10.554956436157227, 10.744525909423828, 13.836472511291504, 6.481734275817871, 6.095187664031982, 4.82011079788208, 4.121192455291748, 5.236425399780273, 10.750736236572266, 9.157995223999023, 6.424811840057373, 11.946324348449707, 3.481175422668457, 5.2472310066223145, 4.257266044616699, 5.177009105682373, 10.70116901397705, 13.871308326721191, 3.3963842391967773, 3.6182737350463867, 5.828787803649902, 6.417478561401367, 9.752766609191895, 6.691981315612793, 14.139945030212402, 5.3146562576293945, 7.602773189544678, 5.53666353225708, 10.681557655334473, 6.870669364929199, 5.3751444816589355, 3.869223117828369, 5.960768699645996, 6.089276313781738, 12.853622436523438, 11.488073348999023, 4.542781352996826, 6.3688178062438965, 10.199441909790039, 7.4883270263671875, 6.1866936683654785, 2.728379011154175, 4.7750773429870605, 11.826095581054688, 9.878946304321289, 5.292261600494385, 12.98034381866455, 6.162618637084961, 7.606930255889893, 11.215972900390625, 5.813569068908691, 6.3151655197143555, 4.791754245758057, 4.811812400817871, 4.807066440582275, 6.162858486175537, 5.795565128326416, 5.1424102783203125, 5.815444469451904, 5.786580562591553, 5.185522079467773, 4.3262104988098145, 7.399378776550293, 5.411238193511963, 11.361900329589844, 5.263460636138916, 5.116859436035156, 10.269745826721191, 4.675455570220947, 7.763487339019775, 4.940365791320801, 5.584079742431641, 11.486735343933105, 5.755678653717041, 5.665480613708496, 5.931120872497559, 11.562334060668945, 4.3914594650268555, 6.100382328033447, 5.512072563171387, 6.041965007781982, 11.736915588378906, 4.709522724151611, 5.1399688720703125, 5.162820816040039, 12.915051460266113, 5.370120525360107, 5.290582656860352, 6.304531574249268, 5.42889928817749, 4.027651309967041, 10.899478912353516, 6.116097450256348, 6.982038497924805, 8.533096313476562, 5.337250709533691, 5.347080707550049, 10.735981941223145, 9.180619239807129, 5.941391944885254, 5.242618083953857, 6.099103927612305, 5.232202529907227, 11.836008071899414, 14.805424690246582, 4.286442279815674, 6.002974510192871, 3.9137299060821533, 7.076149940490723, 13.060537338256836, 4.752140998840332, 6.253142356872559, 5.0713396072387695, 9.977109909057617, 16.086572647094727, 6.4309773445129395, 6.31606912612915, 5.251639366149902, 4.518609523773193, 8.189887046813965, 14.868840217590332, 5.433403491973877, 9.683868408203125, 5.813893795013428, 8.653884887695312, 4.069884777069092, 5.613328456878662, 4.726959228515625, 10.368103981018066, 15.423094749450684, 5.504111289978027, 6.145081043243408, 5.031727313995361, 9.882451057434082, 5.9115214347839355, 5.86820125579834, 15.071747779846191, 5.240061283111572, 5.642125606536865, 4.629439830780029, 5.1113481521606445, 6.386623382568359, 5.976677894592285, 4.128284454345703, 5.205226898193359, 5.198002338409424, 5.7918171882629395, 3.585286855697632, 9.585247039794922, 4.43167781829834, 4.505650043487549, 4.69650936126709, 13.482852935791016, 4.621626377105713, 6.396766662597656, 6.1590657234191895, 7.490301132202148, 5.013562202453613, 6.306214332580566, 4.649848461151123, 5.331075668334961, 5.1427788734436035, 5.850072860717773, 12.814935684204102, 5.945976734161377, 5.857896327972412, 6.180171489715576, 11.319908142089844, 4.894847869873047, 10.059037208557129, 5.671529769897461, 6.340637683868408, 5.144089698791504, 6.2834625244140625, 4.697465419769287, 6.145177364349365, 5.554805278778076, 5.892522811889648, 4.425817489624023, 5.978837013244629, 3.629162549972534, 4.054407596588135, 5.7244696617126465, 5.56831169128418, 5.118959426879883, 7.300073623657227, 2.3055670261383057, 5.686384677886963, 3.7162444591522217, 6.269257545471191, 6.891104221343994, 11.61137580871582, 6.177766799926758, 6.080918312072754, 4.614522457122803, 14.734609603881836, 4.662555694580078, 7.486106872558594, 7.493083477020264, 5.299048900604248, 3.8284246921539307, 11.259718894958496, 9.078848838806152, 4.565978527069092, 5.539793491363525, 9.913556098937988, 4.6948442459106445, 5.47755765914917, 6.529371738433838, 6.0427470207214355, 9.789712905883789, 6.0380730628967285, 6.218201637268066, 4.279934883117676, 6.247524738311768, 10.87106704711914, 5.595770835876465, 5.238986492156982, 5.9973859786987305, 5.736982345581055, 5.399035453796387, 5.278284072875977, 5.902764320373535, 10.641301155090332, 7.020788669586182, 6.422517776489258, 5.974197864532471, 4.383423328399658, 10.11282730102539, 5.753078937530518, 5.166092872619629, 5.885918617248535, 7.089347839355469, 4.2420830726623535, 5.702364444732666, 8.824958801269531, 5.239655017852783, 11.721116065979004, 5.055145740509033, 5.154717922210693, 4.207158088684082, 6.7208571434021, 16.987119674682617, 10.055129051208496, 5.561073303222656, 9.277053833007812, 10.222131729125977, 5.513054847717285, 18.22753143310547, 13.543691635131836, 5.09006404876709, 11.350759506225586, 4.823976516723633, 5.036107540130615, 14.10729694366455, 5.426732540130615, 5.262966632843018, 5.098632335662842, 5.531773567199707, 9.833172798156738, 5.432117938995361, 13.315706253051758, 5.7747368812561035, 6.515528202056885, 4.112436294555664, 6.548001289367676, 10.013742446899414, 11.122841835021973, 16.49892807006836, 5.151064395904541, 6.103399276733398, 4.943419933319092, 6.0867156982421875, 5.694406509399414, 5.828452110290527, 6.647734642028809, 10.756830215454102, 6.997313976287842, 4.975482940673828, 6.148053169250488, 4.733053207397461, 6.536915302276611, 4.843938827514648, 9.703486442565918, 3.6734299659729004, 5.7097296714782715, 6.527793884277344, 5.633035182952881, 5.624582290649414, 4.698167324066162, 10.899046897888184, 6.510009765625, 5.369276523590088, 5.055995941162109, 4.61539888381958, 4.46083927154541, 4.813519477844238, 5.26388692855835, 5.485215187072754, 5.583826065063477, 10.419941902160645, 5.504617214202881, 16.610254287719727, 9.628870964050293, 5.8482208251953125, 5.040140628814697, 13.676290512084961, 3.915757894515991, 10.033549308776855, 5.237212657928467, 4.736072540283203, 6.178277492523193, 11.45772933959961, 6.394083499908447, 8.814016342163086, 5.849305629730225, 6.853032112121582, 5.309340000152588, 5.0540056228637695, 10.437962532043457, 5.950098514556885, 6.025620937347412, 11.259706497192383, 4.547701835632324, 11.227263450622559, 4.815749645233154, 6.1738810539245605, 6.597222805023193, 4.635606288909912, 14.202751159667969, 5.906809329986572, 5.806302070617676, 8.776220321655273, 5.042191028594971, 6.7808661460876465, 15.021121978759766, 10.53075122833252, 6.942257404327393, 4.765952110290527, 5.00586462020874, 5.391510963439941, 5.0914835929870605, 4.468158721923828, 5.814698696136475, 5.446234226226807, 7.8329572677612305, 6.326247692108154, 5.4553680419921875, 8.38178539276123, 6.230605602264404, 5.371787071228027, 4.441375732421875, 6.1598405838012695, 4.268794059753418, 4.926443576812744, 15.424470901489258, 11.323659896850586, 4.852456092834473, 5.528279781341553, 5.129637718200684, 5.2515950202941895, 11.470847129821777, 11.568069458007812, 6.764311790466309, 14.14647388458252, 5.479715824127197, 9.356901168823242, 4.91815710067749, 6.280467510223389, 6.678296089172363, 5.988541603088379, 17.389663696289062, 3.5213241577148438, 4.719079971313477, 5.54058837890625, 10.85731029510498, 12.270672798156738, 5.821102142333984, 5.30192756652832, 6.094083309173584, 6.001363277435303, 11.332295417785645, 4.791520595550537, 6.547759532928467, 9.648689270019531, 5.5032172203063965, 5.897469997406006, 4.785887718200684, 6.637803554534912, 17.048856735229492, 5.297865390777588, 9.536042213439941, 3.9436450004577637, 15.615612030029297, 13.241447448730469, 5.16375732421875, 11.561824798583984, 6.128757953643799, 6.846034526824951, 5.871758460998535, 7.123809337615967, 9.25132942199707, 4.906834602355957, 6.413360595703125, 5.570960521697998, 9.26113510131836, 16.474538803100586, 5.343489170074463, 4.26732063293457, 7.131179332733154, 4.7711567878723145, 6.053338527679443, 6.625327110290527, 5.370644569396973, 6.152910232543945, 5.510310649871826, 4.797292232513428, 5.064597129821777, 10.360447883605957, 5.533151626586914, 9.79433822631836, 6.009698390960693, 6.0465216636657715, 4.438117027282715, 6.627564907073975, 4.755635738372803, 10.879526138305664, 5.1402177810668945, 4.310428142547607, 3.8857076168060303, 6.229151725769043, 6.18204402923584, 7.121520042419434, 6.11255407333374, 9.452567100524902, 3.8472700119018555, 9.815510749816895, 5.55109167098999, 4.622422695159912, 12.410371780395508, 5.820107460021973, 5.571141242980957, 11.02319622039795, 6.375746250152588, 10.036548614501953, 4.761450290679932, 10.64270305633545, 5.927391529083252, 9.853489875793457, 6.169371128082275, 4.889446258544922, 11.41132926940918, 5.596554279327393, 10.048240661621094, 4.801436424255371, 6.199636936187744, 6.217453479766846, 5.896761894226074, 4.492128849029541, 10.651060104370117, 3.3705337047576904, 3.8646633625030518, 6.25971794128418, 5.743939399719238, 4.788301944732666, 3.961848258972168, 3.893653154373169, 9.542219161987305, 4.767209053039551, 11.96010971069336, 4.543833255767822, 4.34740686416626, 9.723376274108887, 6.756265163421631, 6.2482099533081055, 5.448273658752441, 4.886845588684082, 5.9982147216796875, 5.8575639724731445, 14.668355941772461, 6.448867321014404, 5.568876266479492, 5.250604629516602, 9.196802139282227, 4.43020486831665, 6.178001403808594, 6.228336334228516, 5.821865558624268, 6.571060657501221, 5.453509330749512, 9.620393753051758, 8.440760612487793, 10.650501251220703, 8.51859188079834, 5.263730049133301, 4.996938705444336, 11.295717239379883, 10.29211711883545, 9.822068214416504, 10.346710205078125, 4.642385482788086, 5.503608703613281, 10.578204154968262, 11.85159683227539, 5.068906307220459, 5.442240238189697, 8.483895301818848, 8.335409164428711, 9.776573181152344, 5.066954135894775, 7.158420085906982, 6.733584403991699, 7.900853157043457, 9.320841789245605, 6.6497883796691895, 10.482964515686035, 5.151065826416016, 4.637281894683838, 4.922743797302246, 9.647927284240723, 17.369003295898438, 5.540236473083496, 4.785379886627197, 12.561463356018066, 4.946091175079346, 4.318422317504883, 6.016944885253906, 6.4962310791015625, 6.287660121917725, 9.969133377075195, 6.624357223510742, 12.66632080078125, 8.843353271484375, 6.366686820983887, 11.72879409790039, 5.669727802276611, 6.116046905517578, 8.7105712890625, 6.5136566162109375, 12.157998085021973, 5.097900390625, 3.1717848777770996, 5.919351100921631, 10.876336097717285, 5.413422584533691, 4.693304538726807, 5.041833877563477, 5.684967994689941, 6.92922306060791, 6.397397518157959, 6.298364639282227, 5.406560897827148, 16.61522102355957, 5.126472473144531, 11.52469539642334, 6.5846638679504395, 9.858141899108887, 5.660923004150391, 10.023319244384766, 6.105453968048096, 6.540491580963135, 3.958433151245117, 5.350635528564453, 5.28192663192749, 8.920300483703613, 5.468524932861328, 6.326502799987793, 5.609070777893066, 6.174559116363525, 6.370688438415527, 6.159821510314941, 4.567777156829834, 8.742474555969238, 9.806136131286621, 5.9504499435424805, 5.4007344245910645, 5.547863960266113, 13.704561233520508, 5.6353654861450195, 5.968732833862305, 5.745729446411133, 13.596832275390625, 6.682668685913086, 6.319634437561035, 10.307981491088867, 4.602181911468506, 5.4662652015686035, 4.349093437194824, 5.2732720375061035, 6.041133880615234, 6.034642219543457, 4.614229202270508, 6.012178421020508, 5.589087009429932, 4.732080936431885, 6.043389797210693, 6.548067092895508, 5.911252975463867, 11.690103530883789, 10.078557968139648, 5.625670909881592, 6.266514301300049, 4.839050769805908, 9.895439147949219, 5.604250907897949, 14.33497428894043, 6.06374454498291, 6.193151950836182, 7.42142391204834, 13.069452285766602, 6.162827968597412, 4.836790084838867, 6.0240960121154785, 5.42363977432251, 17.202714920043945, 8.38232135772705, 4.7035651206970215, 4.425407886505127, 5.830961227416992, 6.208401679992676, 4.513551235198975, 4.756591796875, 6.024445533752441, 9.928624153137207, 4.862734317779541, 6.619868755340576, 9.024481773376465, 9.96762752532959, 4.562150478363037, 4.140253067016602, 9.454764366149902, 3.7613730430603027, 5.847012996673584, 9.604841232299805, 5.740620136260986, 6.003655910491943, 9.922306060791016, 5.571852207183838, 5.9929609298706055, 15.13426399230957, 5.278565406799316, 6.258829116821289, 5.396507740020752, 5.460383415222168, 6.1879706382751465, 6.558230876922607, 9.437788963317871, 10.238248825073242, 6.239207744598389, 4.1967620849609375, 9.964743614196777, 10.03360366821289, 10.444413185119629, 4.547231197357178, 4.434525012969971, 14.655963897705078, 10.462334632873535, 5.879706382751465, 6.343289852142334, 4.706364154815674, 6.146544933319092, 10.051115989685059, 2.9245903491973877, 13.061639785766602, 9.018769264221191, 8.732158660888672, 8.558021545410156, 3.4936509132385254, 4.886544227600098, 9.886995315551758, 6.295269012451172, 5.5421905517578125, 4.477744102478027, 6.252049446105957, 5.509176254272461, 7.178666591644287, 3.8660008907318115, 9.408903121948242, 4.882175922393799, 6.515834808349609, 13.745445251464844, 4.5239763259887695, 4.201283931732178, 5.976521968841553, 5.7541728019714355, 4.996891975402832, 6.01452112197876, 8.631211280822754, 13.693940162658691, 6.18135929107666, 5.43204927444458, 10.327333450317383, 5.8511857986450195, 6.528444290161133, 17.503597259521484, 15.31840991973877, 5.19206428527832, 4.79571533203125, 8.953082084655762, 13.98976993560791, 14.154263496398926, 7.679539680480957, 6.482085704803467, 5.372231483459473, 5.940482139587402, 11.063699722290039, 5.592764377593994, 5.437434673309326, 2.996291160583496, 4.660977840423584, 6.578479766845703, 4.851602077484131, 5.989712715148926, 5.504352569580078, 4.261792182922363, 9.212059020996094, 9.626933097839355, 5.615506649017334, 6.358164310455322, 10.406723976135254, 11.722380638122559, 17.06881332397461, 5.830108642578125, 10.795265197753906, 17.878307342529297, 8.01205062866211, 5.138936996459961, 12.920255661010742, 9.53071117401123, 16.439937591552734, 5.635629653930664, 5.7983198165893555, 6.814982891082764, 6.277618885040283, 6.14035177230835, 4.630981922149658, 5.681569576263428, 5.78605842590332, 5.790088653564453, 10.193960189819336, 5.879970550537109, 9.946823120117188, 6.432156562805176, 3.488853931427002, 6.136915683746338, 5.015600681304932, 7.06213903427124, 5.051535606384277, 6.8443145751953125, 9.803318977355957, 5.337168216705322, 5.638140678405762, 4.8535542488098145, 11.10616397857666, 6.546414852142334, 7.341954231262207, 4.615035533905029, 5.093760967254639, 5.320814609527588, 6.060351848602295, 4.670444488525391, 11.8396577835083, 4.852865219116211, 10.99913501739502, 8.489013671875, 3.6426923274993896, 5.247229099273682, 4.621225833892822, 10.342863082885742, 6.384265422821045, 5.098335266113281, 5.9578399658203125, 7.000986099243164, 10.374322891235352, 5.538738250732422, 9.786038398742676, 4.5510687828063965, 5.472280025482178, 4.755080699920654, 7.099203586578369, 9.926579475402832, 6.599532127380371, 9.402535438537598, 5.417542934417725, 10.00312328338623, 11.234299659729004, 4.95825719833374, 5.869033336639404, 10.274127006530762, 5.20710563659668, 6.805415153503418, 6.550556182861328, 5.859131336212158, 5.805356502532959, 4.883175849914551, 7.192680835723877, 6.572070121765137, 10.356513977050781, 8.950411796569824, 6.695843696594238, 4.582470417022705, 4.266605377197266, 5.831231117248535, 5.440545082092285, 10.98117446899414, 5.482612609863281, 5.597463607788086, 10.735943794250488, 6.263913631439209, 4.734399795532227, 6.372661590576172, 6.280035495758057, 4.665558815002441, 5.921825408935547, 4.925829887390137, 14.331721305847168, 5.447204113006592, 4.172080039978027, 5.7768988609313965, 5.820855617523193, 6.2454514503479, 5.058430194854736, 6.186300754547119, 3.4252965450286865, 6.382228374481201, 5.134937286376953, 8.900172233581543, 10.782249450683594, 5.889261245727539, 5.313894271850586, 5.1259613037109375, 6.105372905731201, 6.518771648406982, 17.8924503326416, 10.029784202575684, 6.781193256378174, 5.429494857788086, 0.33880332112312317, 9.449295043945312, 5.755575180053711, 11.38320541381836, 3.6932880878448486, 4.492590427398682, 10.812146186828613, 10.400362014770508, 5.333124160766602, 5.082996845245361, 9.206154823303223, 7.0333733558654785, 11.165813446044922, 6.409728527069092, 6.468704700469971, 4.361230850219727, 6.5485711097717285, 2.5871076583862305, 10.412897109985352, 10.782585144042969, 4.688138008117676, 9.906769752502441, 6.440425395965576, 5.668600559234619, 4.967125415802002, 10.480599403381348, 5.048264503479004, 5.097806453704834, 5.753650665283203, 7.980503559112549, 6.39084529876709, 5.491560459136963, 5.098240375518799, 10.031694412231445, 5.121532917022705, 5.545281887054443, 10.648724555969238, 9.927887916564941, 4.545225143432617, 5.948736190795898, 5.668320655822754, 4.975414752960205, 5.070366859436035, 9.115139961242676, 9.990762710571289, 17.613666534423828, 5.213580131530762, 5.284377098083496, 5.028411865234375, 10.028151512145996, 6.228947162628174, 9.639612197875977, 9.0635986328125, 2.404496669769287, 4.616953372955322, 5.107570171356201, 13.643495559692383, 11.276180267333984, 4.820322036743164, 1.7533665895462036, 5.5851616859436035, 5.947215557098389, 16.87552261352539, 10.127699851989746, 6.251074314117432, 5.193474769592285, 6.098537921905518, 9.522109031677246, 5.722900390625, 4.959109783172607, 5.508828639984131, 4.565031051635742, 6.237207889556885, 9.145633697509766, 5.850224018096924, 5.229619979858398, 5.567663669586182, 10.568583488464355, 6.026408672332764, 14.807941436767578, 5.592742443084717, 6.705846786499023, 8.23642635345459, 9.738493919372559, 10.43124008178711, 3.754964828491211, 10.559194564819336, 6.122950077056885, 6.319069862365723, 5.193847179412842, 5.955992698669434, 7.2111616134643555, 4.500498294830322, 6.594693183898926, 5.793782711029053, 6.297179222106934, 8.168127059936523, 6.5850019454956055, 2.2068631649017334, 5.81406831741333, 5.326837062835693, 7.21696138381958, 5.426906108856201, 5.592198371887207, 6.169244289398193, 6.310341835021973, 5.481703758239746, 10.807941436767578, 4.505311489105225, 10.43285846710205, 9.118290901184082, 5.7961907386779785, 5.025747776031494, 6.135921955108643, 10.12567138671875, 10.767541885375977, 10.460988998413086, 6.675278186798096, 6.0318074226379395, 8.072182655334473, 10.577376365661621, 5.413005828857422, 6.729386806488037, 6.004297733306885, 3.7202036380767822, 4.889077186584473, 5.281848907470703, 5.247590065002441, 5.834061145782471, 5.146177291870117, 6.453449726104736, 3.505779266357422, 6.087619781494141, 10.519485473632812, 11.63173770904541, 5.402859687805176, 5.7265424728393555, 11.912348747253418, 3.9934165477752686, 4.945612907409668, 6.452531814575195, 11.49332332611084, 5.95005464553833, 12.10660457611084, 10.983587265014648, 6.456332206726074, 11.201427459716797, 6.646233081817627, 5.9443440437316895, 10.553008079528809, 6.079312324523926, 4.872302532196045, 11.463948249816895, 10.036355018615723, 15.195876121520996, 5.947680473327637, 8.558834075927734, 9.174400329589844, 5.146784782409668, 5.048807621002197, 6.552520275115967, 4.409555912017822, 4.793313980102539, 16.417205810546875, 11.191069602966309, 9.787464141845703, 6.392925262451172, 14.856109619140625, 4.536264896392822, 11.815766334533691, 5.15377140045166, 11.50214958190918, 6.214996814727783, 4.653560161590576, 5.5629496574401855, 5.379400730133057, 4.137667655944824, 5.3488311767578125, 4.559114456176758, 4.819027900695801, 4.743460178375244, 5.750338554382324, 6.48602819442749, 9.50129222869873, 5.556234359741211, 6.920673847198486, 4.951925277709961, 6.162277698516846, 14.14619255065918, 6.296863079071045, 6.622762680053711, 9.370244026184082, 6.2037353515625, 5.465482234954834, 5.956503391265869, 12.316306114196777, 8.689589500427246, 5.523642063140869, 5.06740140914917, 9.196920394897461, 5.258742332458496, 5.408165454864502, 9.084110260009766, 12.341371536254883, 10.162676811218262, 9.97252082824707, 6.353175640106201, 11.077733993530273, 6.692342758178711, 9.074054718017578, 5.082343101501465, 11.433801651000977, 5.514795303344727, 5.607301712036133, 6.52467155456543, 4.5949859619140625, 5.8407979011535645, 7.738047122955322, 11.790755271911621, 7.118989944458008, 10.551650047302246, 6.688910007476807, 6.784273147583008, 15.058445930480957, 7.532817840576172, 4.7877702713012695, 4.584384441375732, 5.477123737335205, 11.587899208068848, 5.171721935272217, 5.184311389923096, 9.427361488342285, 9.916860580444336, 11.13939380645752, 10.356239318847656, 5.545337200164795, 3.8765218257904053, 5.634546279907227, 6.452512741088867, 6.012394428253174, 6.0772576332092285, 6.184073448181152, 4.995899200439453, 10.982263565063477, 10.775399208068848, 7.783809185028076, 4.530561923980713, 5.489078998565674, 11.007287979125977, 11.9563570022583, 7.689105987548828, 5.625797748565674, 6.095038890838623, 4.246283054351807, 4.962722301483154, 10.653251647949219, 16.744203567504883, 6.816535949707031, 4.604866027832031, 11.37867259979248, 11.659738540649414, 16.918081283569336, 5.452643394470215, 5.131778717041016, 3.751235008239746, 11.429871559143066, 6.007806301116943, 5.1549272537231445, 5.166835784912109, 5.528384685516357, 6.4032206535339355, 5.548145294189453, 5.7455573081970215, 10.58915901184082, 4.846283435821533, 5.349571228027344, 6.055217742919922, 3.7568471431732178, 4.349251747131348, 4.915912628173828, 5.608494281768799, 4.817862510681152, 5.304325103759766, 3.8224055767059326, 3.8437116146087646, 5.860080242156982, 5.720927715301514, 3.856379508972168, 6.644536018371582, 5.078395366668701, 10.302173614501953, 13.064229965209961, 8.30992317199707, 10.433305740356445, 5.842628002166748, 10.211138725280762, 5.778033256530762, 10.28228759765625, 4.581060886383057, 10.803818702697754, 11.208776473999023, 6.053419589996338, 5.465066909790039, 9.141505241394043, 10.86227035522461, 6.883591175079346, 6.615538120269775, 4.561602592468262, 5.113577842712402, 7.8261284828186035, 6.404665946960449, 5.9176836013793945, 5.232100486755371, 10.427526473999023, 10.297365188598633, 4.316455364227295, 9.145130157470703, 4.096436977386475, 6.873398303985596, 9.857392311096191, 10.775132179260254, 4.57433557510376, 9.344343185424805, 13.085776329040527, 11.008734703063965, 5.538925647735596, 4.6701202392578125, 10.117677688598633, 4.531188488006592, 6.309615135192871, 8.268624305725098, 4.959440231323242, 5.96602201461792, 6.8891119956970215, 6.591388702392578, 13.85399055480957, 11.751847267150879, 4.286295413970947, 6.8695878982543945, 4.463933944702148, 5.179098606109619, 5.549048900604248, 3.50483775138855, 7.213520050048828, 6.346423149108887, 5.324348449707031, 6.143091678619385, 12.261643409729004, 4.275209426879883, 5.626651763916016, 6.409225940704346, 5.497556209564209, 9.343267440795898, 5.775068759918213, 7.301373481750488, 6.236306190490723, 4.689707279205322, 7.742825031280518, 5.624695301055908, 9.926488876342773, 9.765276908874512, 9.506250381469727, 11.416829109191895, 11.308414459228516, 5.282556533813477, 4.630270481109619, 8.27310848236084, 6.424462795257568, 8.618402481079102, 6.941519260406494, 4.945096492767334, 5.126603603363037, 12.609776496887207, 7.6599578857421875, 10.187000274658203, 5.358641147613525, 5.217126846313477, 6.009294033050537, 6.508425235748291, 3.5910332202911377, 6.1439924240112305, 5.797871112823486, 5.113783359527588, 4.40535831451416, 12.192646980285645, 10.805731773376465, 3.71858286857605, 10.283968925476074, 7.56109619140625, 10.926673889160156, 5.782607555389404, 4.368558406829834, 4.373943328857422, 6.811373710632324, 4.082788467407227, 5.090856552124023, 6.8448967933654785, 5.240348815917969, 4.61972188949585, 3.192840814590454, 10.132381439208984, 8.805838584899902, 5.356490135192871, 11.51198673248291, 13.545912742614746, 5.442877292633057, 16.862865447998047, 5.36205530166626, 4.809946537017822, 9.648110389709473, 6.239416122436523, 10.410633087158203, 4.143893718719482, 5.113874912261963, 6.058372497558594, 5.948436260223389, 6.1207990646362305, 6.063598155975342, 4.879458904266357, 6.538311958312988, 4.988165855407715, 10.62301254272461, 6.166885852813721, 11.470556259155273, 8.173975944519043, 4.947840213775635, 8.766914367675781, 9.572962760925293, 8.059588432312012, 6.019912242889404, 6.088757514953613, 5.591761589050293, 5.475915908813477, 6.058981418609619, 6.55300760269165, 9.565953254699707, 9.304301261901855, 4.169632434844971, 8.24904727935791, 7.969006061553955, 5.455172061920166, 6.092148303985596, 10.247838973999023, 6.995934009552002, 4.696049213409424, 9.8720064163208, 5.142868518829346, 8.69359016418457, 10.417304039001465, 9.416338920593262, 8.15231704711914, 7.8931450843811035, 6.6107916831970215, 5.428049087524414, 4.609555244445801, 5.72173547744751, 6.889674186706543, 5.319754600524902, 10.34572982788086, 5.570720672607422, 4.637195587158203, 8.627547264099121, 5.667988300323486, 6.959676265716553, 5.764951229095459, 3.9473941326141357, 5.74686336517334, 8.828387260437012, 4.112374782562256, 6.656867980957031, 8.850753784179688, 6.108301639556885, 6.572800159454346, 4.33371114730835, 9.910052299499512, 5.515869140625, 4.03012228012085, 5.609992980957031, 9.319988250732422, 5.623517036437988, 5.724085807800293, 9.910114288330078, 6.523688316345215, 6.256358623504639, 6.3737711906433105, 4.12570858001709, 5.843210697174072, 4.101444244384766, 10.185212135314941, 11.418510437011719, 4.8235907554626465, 9.417672157287598, 5.671205043792725, 2.774341344833374, 4.387503147125244, 7.913295745849609, 10.625519752502441, 11.195731163024902, 3.5566375255584717, 4.6329121589660645, 6.004580497741699, 6.083716869354248, 6.348931789398193, 5.450927257537842, 9.496272087097168, 6.269197463989258, 6.182548522949219, 10.784725189208984, 5.437866687774658, 5.540165424346924, 10.749393463134766, 5.599706649780273, 5.66992712020874, 6.204836845397949, 4.293011665344238, 12.61160659790039, 4.936587333679199, 8.071938514709473, 5.77860164642334, 5.674706935882568, 4.370107650756836, 6.009237289428711, 3.5558278560638428, 5.027094841003418, 5.894592761993408, 2.2555789947509766, 5.134099006652832, 10.589171409606934, 5.951096057891846, 5.0928120613098145, 5.674017429351807, 5.2031049728393555, 6.108186721801758, 5.9167962074279785, 5.615983486175537, 5.242684364318848, 3.4552533626556396, 6.033207416534424, 3.3968372344970703, 4.612942695617676, 5.427600383758545, 6.390369892120361, 5.863253593444824, 4.10594367980957, 6.678679943084717, 9.459752082824707, 4.168365001678467, 6.647491455078125, 5.211571216583252, 9.813082695007324, 5.292873859405518, 6.200767993927002, 3.892453193664551, 4.635660648345947, 6.047318935394287, 5.24666166305542, 4.855452060699463, 4.351269721984863, 6.1211018562316895, 7.492100715637207, 6.27194881439209, 10.026701927185059, 10.172029495239258, 11.468320846557617, 11.570416450500488, 6.109245300292969, 11.502004623413086, 5.245756149291992, 3.8622512817382812, 6.133159160614014, 5.632697582244873, 5.720231056213379, 5.024123191833496, 6.583724021911621, 10.333409309387207, 7.3873748779296875, 5.622536659240723, 11.894208908081055, 12.3200044631958, 11.33224868774414, 5.296805381774902, 5.187946319580078, 5.723744869232178, 10.06401252746582, 6.2403388023376465, 5.888342380523682, 6.243307113647461, 3.861539363861084, 11.294012069702148, 5.456602573394775, 6.492522239685059, 10.44187068939209, 5.078482627868652, 16.99730110168457, 5.3944902420043945, 4.162814140319824, 10.90860366821289, 5.698652267456055, 5.272210121154785, 11.641911506652832, 5.104098320007324, 11.21137523651123, 10.396592140197754, 6.165953159332275, 9.991535186767578, 6.183024883270264, 7.120969295501709, 4.710600852966309, 5.544814109802246, 3.9930577278137207, 11.097390174865723, 6.363866806030273, 4.994415760040283, 4.810230731964111, 10.349321365356445, 11.518320083618164, 5.112850666046143, 10.286312103271484, 6.57232666015625, 7.593038558959961, 5.843358993530273, 5.982196807861328, 5.537549018859863, 6.263769149780273, 8.519134521484375, 10.715483665466309, 6.669495582580566, 5.902471542358398, 8.609328269958496, 5.333064079284668, 6.775587558746338, 5.49143123626709, 4.699948787689209, 5.326913356781006, 10.093205451965332, 6.463890075683594, 6.682202339172363, 10.391987800598145, 6.276544570922852, 10.816627502441406, 11.593008995056152, 7.359768867492676, 4.071543216705322, 5.77481746673584, 11.341617584228516, 3.6949150562286377, 10.607850074768066, 10.233078956604004, 4.424910545349121, 6.250096321105957, 6.5331854820251465, 6.155243873596191, 6.1891984939575195, 5.227529525756836, 9.056535720825195, 18.683517456054688, 2.4435508251190186, 11.55007266998291, 4.714526176452637, 15.19161605834961, 6.584583759307861, 5.9879326820373535, 5.9796833992004395, 5.229041576385498, 5.0316877365112305, 5.075780391693115, 6.357760906219482, 5.45274019241333, 5.7851996421813965, 4.669805526733398, 6.896571636199951, 5.093018531799316, 5.536710262298584, 12.139223098754883, 5.895013809204102, 6.040059566497803, 10.55243968963623, 4.684231758117676, 6.4901580810546875, 5.6047797203063965, 10.580452919006348, 4.802901268005371, 4.6452250480651855, 5.548277854919434, 6.114424228668213, 5.15885591506958, 9.856800079345703, 14.116230964660645, 4.5807695388793945, 9.966361045837402, 10.496281623840332, 5.22678279876709, 6.673766136169434, 6.278156280517578, 9.45535945892334, 10.764827728271484, 5.726997375488281, 5.139956474304199, 7.526094913482666, 5.285851001739502, 5.833688735961914, 5.8383660316467285, 10.04305648803711, 4.46409273147583, 4.405426025390625, 5.833385467529297, 4.579679489135742, 4.10538387298584, 4.514453411102295, 5.903870582580566, 5.259591102600098, 8.492423057556152, 10.183418273925781, 4.91680383682251, 6.483349323272705, 5.338428020477295, 13.633605003356934, 3.1986923217773438, 5.337146282196045, 10.380935668945312, 6.140580177307129, 4.70578145980835, 6.677877426147461, 10.436206817626953, 7.920356750488281, 14.411334991455078, 4.957901954650879, 5.332125186920166, 9.945719718933105, 6.261444091796875, 4.529135227203369, 5.602762699127197, 5.561206340789795, 4.113875865936279, 6.197384834289551, 6.206967830657959, 5.242359638214111, 6.002119541168213, 14.916350364685059, 3.596099853515625, 8.810115814208984, 5.694939613342285, 6.315464496612549, 4.733333587646484, 9.300167083740234, 6.255802154541016, 4.960681438446045, 5.511765003204346, 13.696288108825684, 4.232491493225098, 14.977945327758789, 7.046931743621826, 5.761258602142334, 4.676663875579834, 13.978053092956543, 5.606080055236816, 6.595489978790283, 11.867977142333984, 6.292771816253662, 6.21256685256958, 6.3761796951293945, 6.583197116851807, 7.014017581939697, 5.861354351043701, 5.21799373626709, 5.600363731384277, 6.070063591003418, 5.601739406585693, 7.183693885803223, 4.532938480377197, 6.055675506591797, 6.864968776702881, 11.175707817077637, 4.938658714294434, 5.958430767059326, 9.705906867980957, 14.080348014831543, 5.527108192443848, 3.101994752883911, 6.568337440490723, 5.2085185050964355, 8.094776153564453, 5.491020202636719, 6.268789291381836, 5.151132106781006, 6.0662736892700195, 6.685824394226074, 10.174595832824707, 5.822892189025879, 5.372507095336914, 5.767303466796875, 5.463077545166016, 4.9697265625, 6.496052265167236, 11.451006889343262, 9.851814270019531, 9.128252029418945, 7.691779613494873, 6.482456684112549, 10.5374755859375, 9.404438018798828, 15.539496421813965, 5.024837017059326, 5.255083084106445, 5.482077121734619, 10.888405799865723, 6.496578693389893, 12.56240177154541, 5.066043853759766, 4.971879959106445, 11.16612434387207, 4.659968376159668, 4.11649227142334, 6.103855133056641, 12.87985610961914, 4.534614562988281, 14.263197898864746, 4.414702415466309, 5.036017417907715, 9.642969131469727, 3.9292402267456055, 6.404652118682861, 17.587797164916992, 5.777131080627441, 5.4456377029418945, 6.265743732452393, 6.328730583190918, 6.227076053619385, 10.590689659118652, 3.4505081176757812, 10.59744930267334, 6.158364295959473, 17.521202087402344, 6.631965160369873, 8.656834602355957, 10.20882797241211, 6.308550834655762, 5.432415008544922, 9.231361389160156, 6.218758583068848, 9.873492240905762, 6.351573944091797, 9.963095664978027, 16.647916793823242, 6.416831016540527, 5.15462589263916, 5.779446601867676, 5.702749252319336, 6.707950115203857, 3.1878297328948975, 2.0345230102539062, 15.062348365783691, 5.108577728271484, 10.21028995513916, 6.233386039733887, 14.460760116577148, 5.065374851226807, 10.267788887023926, 5.348311424255371, 6.310678958892822, 5.395251750946045, 6.504502773284912, 6.426403522491455, 6.706790447235107, 4.2899909019470215, 4.4951653480529785, 5.2865824699401855, 5.78763484954834, 5.359246730804443, 4.605195045471191, 6.965463638305664, 5.56097412109375, 5.427919864654541, 10.919663429260254, 6.63072395324707, 4.252772808074951, 6.287534713745117, 9.547492980957031, 5.0827836990356445, 4.770382404327393, 10.77811050415039, 6.506786823272705, 5.933595657348633, 5.720349311828613, 6.318854808807373, 5.631631851196289, 6.181422710418701, 5.805150032043457, 6.10115909576416, 4.714862823486328, 9.58411693572998, 4.551455020904541, 14.05433464050293, 10.3134126663208, 9.261757850646973, 4.166499137878418, 5.405892372131348, 9.534703254699707, 5.00660514831543, 17.458280563354492, 5.172732353210449, 6.056516647338867, 5.099841594696045, 11.266736030578613, 5.503330230712891, 5.5770487785339355, 10.714326858520508, 5.872127532958984, 4.516438007354736, 7.814404487609863, 4.524468421936035, 5.9782843589782715, 5.549842357635498, 4.695713996887207, 10.419493675231934, 5.058843612670898, 3.8844666481018066, 6.692232131958008, 5.408980369567871, 5.284823417663574, 5.54669189453125, 4.960047721862793, 5.895092487335205, 4.685423374176025, 16.279863357543945, 6.128139495849609, 5.757353782653809, 4.810488224029541, 8.38016414642334, 6.680171012878418, 4.3206634521484375, 4.082057952880859, 4.732131481170654, 5.120883464813232, 5.3510050773620605, 5.220754623413086, 11.311362266540527, 15.335044860839844, 4.953160285949707, 6.4252824783325195, 4.755467414855957, 6.204181671142578, 6.319313049316406, 6.730021953582764, 3.829200267791748, 6.303928852081299, 5.577823638916016, 4.312398433685303, 5.463703155517578, 11.644204139709473, 12.636482238769531, 4.036069393157959, 4.263514041900635, 5.91405725479126, 5.819829940795898, 5.513136386871338, 7.252776622772217, 6.014895915985107, 6.157639026641846, 5.429821968078613, 6.391658306121826, 6.4270219802856445, 6.642772674560547, 6.539159297943115, 5.930606842041016, 5.572957515716553, 5.7956953048706055, 4.314813613891602, 4.8759002685546875, 4.2632670402526855, 4.487536430358887, 6.181933403015137, 7.18303918838501, 6.147347927093506, 10.257813453674316, 5.5199503898620605, 8.942071914672852, 6.297163963317871, 10.866134643554688, 9.570756912231445, 5.402632236480713, 5.55503511428833, 11.4136323928833, 12.820178985595703, 6.459267616271973, 5.061328887939453, 6.508162021636963, 5.48809814453125, 8.57632064819336, 5.47691011428833, 11.766205787658691, 5.263427257537842, 4.086217403411865, 6.594946384429932, 4.822183132171631, 3.5373897552490234, 6.257748603820801, 10.987485885620117, 5.0713372230529785, 5.562304973602295, 4.8053789138793945, 5.037599563598633, 4.830667018890381, 11.788915634155273, 5.468148231506348, 5.391915798187256, 6.030697345733643]
Cosines similarity random samples
[0.8627855777740479, 0.33031561970710754, 0.2184440791606903, 0.724430501461029, 0.7927893400192261, 0.8172880411148071, -0.007950037717819214, 0.7404153347015381, 0.3894088864326477, -0.7525012493133545, -0.004853183403611183, 0.8324716687202454, 0.09683656692504883, 0.797500729560852, 0.7866545915603638, 0.7241500616073608, 0.7437463998794556, 0.8138763904571533, 0.6436253786087036, 0.7199583053588867, 0.8889405131340027, 0.29059910774230957, 0.8456467986106873, 0.7827078104019165, 0.751482367515564, 0.770071268081665, 0.830331563949585, 0.8789982795715332, 0.8053902387619019, 0.07637558877468109, 0.8585034608840942, 0.91419917345047, 0.8530579805374146, 0.8564730882644653, 0.26842787861824036, 0.793533205986023, 0.8479819297790527, 0.7823265194892883, 0.17817705869674683, 0.7626680731773376, 0.7568750381469727, 0.13832199573516846, 0.8357096314430237, 0.8046576976776123, 0.8654088973999023, 0.7599928975105286, 0.8686826825141907, 0.82647705078125, 0.763473629951477, 0.8812071084976196, 0.19869577884674072, -0.7588717937469482, 0.8538738489151001, -0.7099912166595459, 0.7491338849067688, 0.7649760246276855, 0.8064029812812805, 0.7947425246238708, -0.23725314438343048, -0.1756429523229599, 0.7274900674819946, 0.6744909286499023, 0.732258141040802, 0.8132148385047913, 0.7995637655258179, 0.766144871711731, 0.43978920578956604, 0.6780999302864075, 0.26942816376686096, 0.9049195051193237, 0.7845581769943237, 0.7862907648086548, 0.7460612058639526, 0.34154248237609863, 0.17326125502586365, -0.5206301808357239, 0.8207100629806519, 0.4114898443222046, 0.2931104302406311, 0.7980558276176453, 0.8321870565414429, 0.8946335315704346, 0.7139477729797363, 0.8096177577972412, 0.32178109884262085, 0.8573477268218994, 0.758137047290802, 0.8458832502365112, 0.7578260898590088, 0.7862686514854431, 0.806765615940094, 0.5939182043075562, 0.996672511100769, 0.27153459191322327, 0.7384742498397827, 0.9139699339866638, 0.7806063890457153, 0.5280237197875977, 0.44911515712738037, 0.7300531268119812, 0.7747139930725098, 0.43608537316322327, 0.6163886785507202, 0.8062319755554199, 0.7749005556106567, 0.6857472658157349, 0.7312850952148438, 0.7414253950119019, 0.8224036693572998, 0.4490395188331604, 0.8128820061683655, 0.7331942915916443, 0.8154461979866028, 0.759323000907898, 0.7012902498245239, 0.6898543238639832, 0.7981492280960083, 0.7283521890640259, -0.7441211342811584, 0.90453040599823, 0.8406325578689575, 0.7612227201461792, 0.11440089344978333, 0.760790228843689, 0.8300125002861023, 0.8679582476615906, 0.3358091115951538, 0.8421603441238403, 0.34065189957618713, 0.4318886995315552, 0.8230798244476318, 0.7312881946563721, 0.7851524949073792, 0.7425877451896667, 0.8064884543418884, 0.8278128504753113, 0.8462057113647461, 0.7712366580963135, 0.7456203699111938, 0.3733029067516327, 0.1723005771636963, 0.815448522567749, 0.1747100055217743, 0.840948224067688, 0.8919716477394104, 0.6937994956970215, 0.7147619128227234, 0.8329672813415527, 0.3807440996170044, 0.7512668371200562, 0.7916505336761475, 0.12785343825817108, 0.9073635935783386, 0.7800518870353699, 0.43904614448547363, 0.11619878560304642, 0.7885972857475281, 0.7575768828392029, 0.8303731679916382, 0.3096725344657898, 0.8133970499038696, 0.8304510116577148, 0.8718270063400269, 0.8148698806762695, -0.29932090640068054, 0.5208942890167236, 0.8744065165519714, 0.7719643712043762, 0.864902138710022, 0.8144755363464355, 0.7410985827445984, 0.6294944882392883, 0.8401590585708618, 0.8746272325515747, 0.1788870245218277, 0.830713152885437, 0.8718014359474182, 0.2855229377746582, 0.7781972885131836, 0.29266443848609924, -0.23064029216766357, 0.9198236465454102, 0.7405223250389099, 0.4437659978866577, 0.7287598848342896, 0.8272620439529419, 0.7910770773887634, 0.11192251741886139, 0.1661258041858673, 0.8095899224281311, 0.8620826005935669, 0.3899289071559906, 0.8570786714553833, 0.5016293525695801, 0.20159858465194702, 0.7350122928619385, 0.7653602361679077, 0.7715032696723938, 0.7748168706893921, 0.21324454247951508, 0.8701635003089905, 0.7931846380233765, 0.8063176870346069, 0.8099666237831116, 0.7660740613937378, 0.871666669845581, 0.8728788495063782, 0.23792923986911774, 0.8520879149436951, 0.16105124354362488, 0.8408395648002625, 0.7928273677825928, 0.7602496147155762, 0.7781507968902588, 0.9133758544921875, -0.010224498808383942, 0.8695842623710632, -0.08837583661079407, 0.8612508773803711, 0.26787301898002625, 0.7845135927200317, 0.597938060760498, 0.8113100528717041, 0.41903749108314514, 0.7250329852104187, 0.7919405698776245, 0.8175836801528931, 0.24544641375541687, 0.8834044933319092, 0.7650452852249146, 0.7960688471794128, 0.7851898670196533, 0.8270864486694336, 0.7387380003929138, 0.8096599578857422, 0.822933554649353, 0.7842150926589966, 0.7965673804283142, 0.7880446910858154, 0.7113283276557922, 0.4914209246635437, 0.8053985834121704, 0.7644015550613403, 0.6945153474807739, 0.7504197359085083, 0.783628523349762, 0.820061445236206, 0.09225068986415863, 0.73329758644104, 0.8381546139717102, 0.7749674320220947, 0.8843200206756592, 0.8542782664299011, 0.7479432225227356, 0.7403361201286316, 0.21924997866153717, 0.20732909440994263, 0.23056861758232117, 0.21220599114894867, 0.7455483675003052, 0.7678366303443909, 0.8460096120834351, 0.8937169313430786, 0.8364189267158508, 0.24724221229553223, 0.4827992916107178, 0.7331213355064392, 0.05536805838346481, 0.9243646264076233, 0.8319648504257202, 0.8912606835365295, 0.8323990702629089, 0.26236391067504883, -0.017065752297639847, 0.9285029172897339, 0.912278413772583, 0.7912494540214539, 0.7282456755638123, 0.4866185784339905, 0.7570507526397705, -0.2374025285243988, 0.8249845504760742, 0.7012468576431274, 0.8082612156867981, 0.2823795676231384, 0.7227444648742676, 0.8232497572898865, 0.9062949419021606, 0.7766691446304321, 0.776395857334137, 0.040317609906196594, 0.18543089926242828, 0.8700872659683228, 0.7433762550354004, 0.3831072449684143, 0.695013165473938, 0.7520898580551147, 0.951020359992981, 0.8594346046447754, 0.21649526059627533, 0.40835320949554443, 0.8182986974716187, 0.27078381180763245, 0.7590439319610596, 0.6856545209884644, 0.2036243975162506, 0.7894091606140137, 0.7522670030593872, 0.8550112843513489, 0.8522001504898071, 0.8509751558303833, 0.7535790205001831, 0.7900171279907227, 0.8262884616851807, 0.7998843193054199, 0.7888895273208618, 0.8256522417068481, 0.8860071301460266, 0.6859009265899658, 0.8285210132598877, 0.18887409567832947, 0.8210114240646362, 0.8318533897399902, 0.3170507550239563, 0.8590524792671204, 0.6460066437721252, 0.8403213024139404, 0.8071907758712769, 0.27892395853996277, 0.7673748731613159, 0.7953717708587646, 0.7781097888946533, 0.014196395874023438, 0.8811686038970947, 0.7622843980789185, 0.8275212645530701, 0.758213996887207, 0.17576472461223602, 0.8568705320358276, 0.8437172770500183, 0.843415379524231, -0.1629890501499176, 0.822979211807251, 0.8176534175872803, 0.7597366571426392, 0.8133760690689087, 0.9051953554153442, 0.34326815605163574, 0.7746983766555786, 0.7062302827835083, 0.4992680847644806, 0.8244702816009521, 0.8210479021072388, 0.18117904663085938, 0.39611580967903137, 0.7743718028068542, 0.8213146328926086, 0.7623008489608765, 0.8333327770233154, 0.24062323570251465, -0.3913162350654602, 0.874997615814209, 0.7775736451148987, 0.9021549820899963, 0.6683331727981567, 0.19203506410121918, 0.8530254364013672, 0.7557520270347595, 0.8387025594711304, 0.3317157030105591, -0.545936644077301, 0.7350743412971497, 0.7718141674995422, 0.8255181908607483, 0.8697185516357422, 0.5248013734817505, -0.3837270736694336, 0.8206322193145752, 0.35324132442474365, 0.7907022833824158, 0.5571613311767578, 0.8911776542663574, 0.7992087602615356, 0.8595923781394958, 0.39533764123916626, -0.3266836404800415, 0.8097911477088928, 0.7620326280593872, 0.8447782397270203, 0.3823780417442322, 0.7640087604522705, 0.7883933782577515, -0.49669891595840454, 0.8398250937461853, 0.8023825883865356, 0.8656125664710999, 0.8404280543327332, 0.7326667308807373, 0.8137531280517578, 0.8950806856155396, 0.8335925340652466, 0.8241151571273804, 0.7839293479919434, 0.9181506633758545, 0.41527798771858215, 0.8825458288192749, 0.8673959970474243, 0.859321117401123, -0.07735716551542282, 0.8617657423019409, 0.73542320728302, 0.7742582559585571, 0.6453948020935059, 0.8404335379600525, 0.7459187507629395, 0.8683579564094543, 0.820050835609436, 0.826339840888977, 0.7906665802001953, 0.04786594957113266, 0.816224217414856, 0.772972047328949, 0.7751756906509399, 0.14354127645492554, 0.8500618934631348, 0.3997247517108917, 0.807941198348999, 0.7779526710510254, 0.8515262603759766, 0.7572011947631836, 0.8641315698623657, 0.7704336643218994, 0.8186610341072083, 0.7738945484161377, 0.8910349011421204, 0.7975637912750244, 0.9186196327209473, 0.9060165882110596, 0.7706316709518433, 0.7812411785125732, 0.8433225154876709, 0.6954835057258606, 0.965664803981781, 0.802660346031189, 0.9180067777633667, 0.7517683506011963, 0.7144615650177002, 0.12856633961200714, 0.7692354917526245, 0.7659025192260742, 0.8590869903564453, -0.3368678689002991, 0.8629494905471802, 0.6317470073699951, 0.6421101093292236, 0.8248568177223206, 0.907921552658081, 0.20389330387115479, 0.3875340223312378, 0.8732700943946838, 0.8175864219665527, 0.3899277448654175, 0.8585137128829956, 0.8242864608764648, 0.7445193529129028, 0.7755820751190186, 0.36107027530670166, 0.7794601321220398, 0.7530016899108887, 0.8856297731399536, 0.7448385953903198, 0.2067156881093979, 0.8171976804733276, 0.8262600898742676, 0.7759408950805664, 0.7849599123001099, 0.8211199045181274, 0.8351722359657288, 0.7734676599502563, 0.18658658862113953, 0.6674100160598755, 0.7396572828292847, 0.779780387878418, 0.8834509253501892, 0.366385281085968, 0.7888837456703186, 0.8424444794654846, 0.7902413606643677, 0.6292333602905273, 0.8871468305587769, 0.7954286336898804, 0.5550808310508728, 0.8063039779663086, 0.15771234035491943, 0.8364958763122559, 0.8383316993713379, 0.8870947360992432, 0.7048799991607666, -0.6734380722045898, 0.37585458159446716, 0.808853268623352, 0.4234246611595154, 0.2987554967403412, 0.8040416240692139, -0.7603572607040405, -0.18783265352249146, 0.8440645337104797, 0.15462908148765564, 0.8575802445411682, 0.8529776334762573, -0.12709233164787292, 0.8165832757949829, 0.8303876519203186, 0.8435400128364563, 0.8014772534370422, 0.4301645755767822, 0.8194576501846313, 0.03682805597782135, 0.7928524017333984, 0.716337263584137, 0.8953525424003601, 0.6792042255401611, 0.33425188064575195, 0.21902230381965637, -0.36848410964012146, 0.8420997858047485, 0.7621127367019653, 0.8509836792945862, 0.7711564302444458, 0.798151433467865, 0.7723841667175293, 0.7201089859008789, 0.31041762232780457, 0.6997661590576172, 0.8394075036048889, 0.8025516271591187, 0.8561132550239563, 0.7418959140777588, 0.8470757603645325, 0.2944561541080475, 0.9143952131271362, 0.7996512651443481, 0.7340839505195618, 0.8022812604904175, 0.7910455465316772, 0.8587939739227295, 0.19401904940605164, 0.7178239822387695, 0.8199658393859863, 0.8493380546569824, 0.8737046122550964, 0.8821290731430054, 0.8594841361045837, 0.8393843173980713, 0.8223273754119873, 0.807833194732666, 0.3618875741958618, 0.8082492351531982, -0.5676499605178833, 0.35610461235046387, 0.7619661092758179, 0.832276463508606, -0.17084868252277374, 0.9188212156295776, 0.374212384223938, 0.8222887516021729, 0.8525792360305786, 0.7620552778244019, 0.20793494582176208, 0.7352586984634399, 0.46606844663619995, 0.7812837362289429, 0.7146003246307373, 0.8263695240020752, 0.8460931777954102, 0.34702715277671814, 0.7739906311035156, 0.7758468389511108, 0.14552336931228638, 0.8622698783874512, 0.13143491744995117, 0.8764546513557434, 0.7498651742935181, 0.7337781190872192, 0.8666584491729736, -0.3009291887283325, 0.7838061451911926, 0.7872055768966675, 0.5857140421867371, 0.844170868396759, 0.7173635959625244, -0.3486550450325012, 0.30164745450019836, 0.6971677541732788, 0.8595127463340759, 0.8359779119491577, 0.8210016489028931, 0.8409397006034851, 0.8704432249069214, 0.7955048084259033, 0.8180738687515259, 0.6055290699005127, 0.7405871748924255, 0.8205403685569763, 0.4999427795410156, 0.7539796829223633, 0.8255664110183716, 0.8858351111412048, 0.7703607082366943, 0.8831670880317688, 0.8507637977600098, 0.0021972283720970154, 0.182375967502594, 0.8516053557395935, 0.8013483881950378, 0.8325433731079102, 0.8348337411880493, 0.12252824753522873, 0.21270498633384705, 0.68697589635849, -0.0782465711236, 0.7906172275543213, 0.41257646679878235, 0.85207200050354, 0.7324137687683105, 0.7147634625434875, 0.7980685234069824, -0.656269907951355, 0.9226107001304626, 0.866364598274231, 0.7961987257003784, 0.21296650171279907, -0.3300323784351349, 0.773321807384491, 0.818077027797699, 0.7656331658363342, 0.8121951818466187, 0.19730739295482635, 0.8531366586685181, 0.7338311076164246, 0.4474222660064697, 0.8086584210395813, 0.7970618009567261, 0.8573917746543884, 0.7627601027488708, -0.7331719398498535, 0.8451036214828491, 0.38944211602211, 0.8970232009887695, -0.5437860488891602, 0.012148920446634293, 0.853165864944458, 0.08625216782093048, 0.7574981451034546, 0.7279720306396484, 0.7687972187995911, 0.6832858920097351, 0.3872840404510498, 0.8411146402359009, 0.7515856623649597, 0.8135623931884766, 0.45799800753593445, -0.6762151718139648, 0.8176978826522827, 0.8953120708465576, 0.6304895877838135, 0.8560752868652344, 0.7743090987205505, 0.7295095920562744, 0.8253923058509827, 0.7710088491439819, 0.8098956346511841, 0.861412525177002, 0.8437893390655518, 0.36509978771209717, 0.8083980083465576, 0.34668996930122375, 0.7848390340805054, 0.7637419700622559, 0.8852419853210449, 0.7059189081192017, 0.8636218309402466, 0.23173148930072784, 0.8368886709213257, 0.8856106400489807, 0.900943398475647, 0.7481577396392822, 0.7735912799835205, 0.6728657484054565, 0.7532875537872314, 0.4175204038619995, 0.902531623840332, 0.4540347158908844, 0.7931809425354004, 0.8649647235870361, 0.044144608080387115, 0.7899904847145081, 0.8102156519889832, 0.16855238378047943, 0.7502964735031128, 0.36842989921569824, 0.8756468296051025, 0.2233431339263916, 0.7692238688468933, 0.4492669701576233, 0.7663888335227966, 0.850804328918457, 0.1380811333656311, 0.8064258694648743, 0.3303852677345276, 0.8581068515777588, 0.746978759765625, 0.7509310245513916, 0.7763326168060303, 0.8670629262924194, 0.24670162796974182, 0.9269949197769165, 0.9206210374832153, 0.776997447013855, 0.7991955876350403, 0.8543544411659241, 0.8937966227531433, 0.910449206829071, 0.43268823623657227, 0.8559828996658325, 0.04883379489183426, 0.8655240535736084, 0.8809203505516052, 0.3551938831806183, 0.7056320905685425, 0.7684304118156433, 0.8142021894454956, 0.847233235836029, 0.7833897471427917, 0.7924488186836243, -0.35260871052742004, 0.742969810962677, 0.8132340908050537, 0.8098911046981812, 0.3916887640953064, 0.8841385841369629, 0.7511453628540039, 0.7816091179847717, 0.8100851774215698, 0.7294806241989136, 0.8222485184669495, 0.4134681820869446, 0.5129138827323914, 0.2523902654647827, 0.6298779249191284, 0.806605339050293, 0.8306272029876709, 0.08847786486148834, 0.5054013729095459, 0.35585322976112366, 0.3429620862007141, 0.8560978770256042, 0.807969331741333, 0.28810518980026245, 0.2782585322856903, 0.8424264192581177, 0.8030221462249756, 0.5231680870056152, 0.43552517890930176, 0.3479163646697998, 0.8380303978919983, 0.7416741251945496, 0.7133364677429199, 0.5809866189956665, 0.3398161232471466, 0.7163870334625244, 0.31931042671203613, 0.838836669921875, 0.8672299385070801, 0.838494062423706, 0.3785741329193115, -0.7743896245956421, 0.8196989297866821, 0.8529423475265503, 0.10589801520109177, 0.8451508283615112, 0.8767416477203369, 0.7902551293373108, 0.7432554960250854, 0.7573639750480652, 0.2644718289375305, 0.7247499823570251, 0.04318418726325035, 0.5106678009033203, 0.729716420173645, 0.07944341003894806, 0.8178963661193848, 0.7917219400405884, 0.6270194053649902, 0.7410322427749634, 0.23516789078712463, 0.8458769917488098, 0.9390934705734253, 0.7962075471878052, 0.22390535473823547, 0.8108524680137634, 0.8529297113418579, 0.8430397510528564, 0.8232738375663757, 0.6746041774749756, 0.7066192030906677, 0.7358025908470154, 0.8098453283309937, -0.6825147867202759, 0.8422021865844727, 0.12310176342725754, 0.7266671657562256, 0.45719149708747864, 0.7937220335006714, 0.36650803685188293, 0.7572922706604004, 0.6964908242225647, 0.8997948169708252, 0.8300155997276306, 0.832614541053772, 0.6031761765480042, 0.8101900219917297, 0.7216829657554626, 0.8008455038070679, 0.7914795875549316, 0.7556067109107971, 0.7723010182380676, 0.8746728301048279, 0.5410184860229492, 0.3424490690231323, 0.7863781452178955, 0.8348825573921204, 0.8066347241401672, -0.0329289436340332, 0.7887362241744995, 0.7828206419944763, 0.79766446352005, -0.05208714306354523, 0.7099815607070923, 0.7584887742996216, 0.3352910280227661, 0.86372971534729, 0.8167855739593506, 0.8854320049285889, 0.8054203987121582, 0.7843919992446899, 0.7713557481765747, 0.8677414059638977, 0.769822359085083, 0.8053378462791443, 0.8625510931015015, 0.7666947245597839, 0.6772925853729248, 0.794378399848938, 0.05655250698328018, 0.32953256368637085, 0.8144755363464355, 0.7558998465538025, 0.8587062358856201, 0.2785837650299072, 0.8032121658325195, -0.13051098585128784, 0.7654120326042175, 0.7659865617752075, 0.6531116962432861, 0.014997273683547974, 0.7545121908187866, 0.8537352681159973, 0.7739627361297607, 0.8201190233230591, -0.7580322027206421, 0.48392626643180847, 0.8684290647506714, 0.8723340034484863, 0.7879372835159302, 0.7610464692115784, 0.8706632852554321, 0.8539732694625854, 0.766892671585083, 0.3915373384952545, 0.8615581393241882, 0.7178176641464233, 0.5748471021652222, 0.3187543451786041, 0.8765169382095337, 0.8915774822235107, 0.3195253610610962, 0.9125173687934875, 0.79319167137146, 0.39877811074256897, 0.8070141077041626, 0.780260443687439, 0.4290769696235657, 0.800536036491394, 0.7885534763336182, -0.37624430656433105, 0.8300523161888123, 0.7670507431030273, 0.8233566880226135, 0.8241923451423645, 0.7429602742195129, 0.7432825565338135, 0.4594385623931885, 0.28398093581199646, 0.7613561749458313, 0.8847729563713074, 0.34783315658569336, 0.3854454457759857, 0.23089683055877686, 0.8701848983764648, 0.8728510141372681, -0.32039201259613037, 0.3404777944087982, 0.7782198786735535, 0.7361701726913452, 0.8725144863128662, 0.7801681756973267, 0.40181320905685425, 0.949207603931427, 0.08209385722875595, 0.5629960298538208, 0.44401752948760986, 0.5017865896224976, 0.931053876876831, 0.8556694984436035, 0.39563310146331787, 0.7070856094360352, 0.7928024530410767, 0.8868017196655273, 0.7648965120315552, 0.8077647089958191, 0.6299306750297546, 0.9071944355964661, 0.48204657435417175, 0.845829963684082, 0.7416987419128418, -0.18731722235679626, 0.8708246350288391, 0.891870379447937, 0.7693480849266052, 0.7989920377731323, 0.8412581086158752, 0.7800816297531128, 0.5813485383987427, -0.2211940735578537, 0.7583402991294861, 0.8076134920120239, 0.3399164080619812, 0.7797691226005554, 0.7213596105575562, -0.7042523622512817, -0.23911133408546448, 0.8233846426010132, 0.8538581728935242, 0.4578079879283905, -0.10818874835968018, -0.21461227536201477, 0.6152850389480591, 0.7486929893493652, 0.8293521404266357, 0.7775386571884155, 0.32658782601356506, 0.8041802048683167, 0.8285711407661438, 0.9407467246055603, 0.8581689596176147, 0.718772292137146, 0.8604844212532043, 0.7963275909423828, 0.8322505354881287, 0.8911492228507996, 0.3590012490749359, 0.44354569911956787, 0.8122255206108093, 0.7488764524459839, 0.23429802060127258, 0.15815520286560059, -0.7384659051895142, 0.7940579056739807, 0.21809394657611847, -0.7582752704620361, 0.6593544483184814, 0.8534786105155945, -0.06992428004741669, 0.3588431179523468, -0.6629651784896851, 0.7923925518989563, 0.7836928367614746, 0.7048971652984619, 0.7495542764663696, 0.7453312873840332, 0.8706076145172119, 0.7949318885803223, 0.7871441841125488, 0.7970621585845947, 0.30293551087379456, 0.7755581140518188, 0.3167148530483246, 0.7333682775497437, 0.9247905015945435, 0.7705759406089783, 0.8391518592834473, 0.68915855884552, 0.8456101417541504, 0.7022644281387329, 0.3416462540626526, 0.833460807800293, 0.7959424257278442, 0.8588686585426331, 0.18748314678668976, 0.7280775904655457, 0.6827631592750549, 0.8695259094238281, 0.8438042998313904, 0.8253891468048096, 0.766486644744873, 0.8693439960479736, 0.13353434205055237, 0.8418445587158203, 0.19825738668441772, 0.6336692571640015, 0.9138516187667847, 0.823820948600769, 0.8607671856880188, 0.28685033321380615, 0.7448753714561462, 0.8457033038139343, 0.7560268640518188, 0.6976654529571533, 0.3409726917743683, 0.8079809546470642, 0.31059545278549194, 0.8681057691574097, 0.8190487623214722, 0.8645622730255127, 0.7073248624801636, 0.3859042227268219, 0.7388591766357422, 0.3703600764274597, 0.8252872228622437, 0.33876219391822815, 0.11946424096822739, 0.8377403616905212, 0.7873363494873047, 0.3135969638824463, 0.8373024463653564, 0.7279073596000671, 0.7419117093086243, 0.7812551259994507, 0.7990309596061707, 0.8510825634002686, 0.701273500919342, 0.7264933586120605, 0.40053102374076843, 0.45814502239227295, 0.6877923011779785, 0.8727972507476807, 0.902626633644104, 0.7975776195526123, 0.8184651136398315, 0.2541098892688751, 0.8128324747085571, 0.792383074760437, 0.32131069898605347, 0.74338698387146, 0.8541422486305237, 0.7471643090248108, 0.753130316734314, 0.8683215975761414, 0.7793611288070679, 0.8557260036468506, -0.282388299703598, 0.8255691528320312, 0.8860490322113037, 0.7705298662185669, 0.7974294424057007, 0.7611597776412964, 0.8469518423080444, 0.7816683053970337, 0.9316006302833557, 0.7553495168685913, 0.8288697004318237, 0.44699913263320923, 0.2922857999801636, 0.8008633255958557, 0.8175482749938965, 0.8484441637992859, 0.7778314352035522, 0.7400774955749512, -0.7996666431427002, 0.30480754375457764, 0.7031532526016235, 0.8189981579780579, 0.9993302226066589, 0.4244052469730377, 0.7835211753845215, 0.2046559751033783, 0.9182904958724976, 0.8691810369491577, 0.22493822872638702, 0.41870129108428955, 0.8245956301689148, 0.8389968872070312, 0.4053010940551758, 0.6879345774650574, 0.21353667974472046, 0.7616269588470459, 0.7752689123153687, 0.8799912929534912, 0.709483802318573, 0.9560729265213013, 0.28745996952056885, 0.33803650736808777, 0.8519449830055237, 0.2826906144618988, 0.7379297018051147, 0.7877437472343445, 0.8630883693695068, 0.27260950207710266, 0.83099365234375, 0.8170783519744873, 0.784536600112915, 0.6384023427963257, 0.7386307716369629, 0.8190303444862366, 0.8444174528121948, 0.3737150728702545, 0.8496573567390442, 0.8035863637924194, 0.2869110107421875, 0.3381873071193695, 0.8708009719848633, 0.771591067314148, 0.8157053589820862, 0.8484177589416504, 0.8400179147720337, 0.46071746945381165, 0.37094223499298096, -0.7246956825256348, 0.8275210857391357, 0.8338035345077515, 0.8421412110328674, 0.3845982253551483, 0.7672959566116333, 0.348806232213974, 0.4938601851463318, 0.9649968147277832, 0.8726920485496521, 0.8326602578163147, -0.11309965699911118, 0.2957085967063904, 0.8517650365829468, 0.9836543202400208, 0.8034485578536987, 0.7686449289321899, -0.6111524105072021, 0.34870174527168274, 0.7519915103912354, 0.8329979777336121, 0.7672255635261536, 0.3846224844455719, 0.7909432649612427, 0.8437492251396179, 0.8106726408004761, 0.8646203875541687, 0.7580631971359253, 0.42064881324768066, 0.7976211309432983, 0.8332036733627319, 0.7807180881500244, 0.23924490809440613, 0.7720375061035156, -0.26067548990249634, 0.798577070236206, 0.7280638217926025, 0.6658141613006592, 0.38651347160339355, 0.2658458650112152, 0.913222074508667, 0.36014822125434875, 0.7594928741455078, 0.7481390237808228, 0.8448596596717834, 0.7739372849464417, 0.6793042421340942, 0.8765700459480286, 0.7326777577400208, 0.7929683923721313, 0.7342703938484192, 0.5622717142105103, 0.6974162459373474, 0.9698660969734192, 0.8014513850212097, 0.8090507984161377, 0.6376187801361084, 0.8148866891860962, 0.8101624250411987, 0.7644508481025696, 0.7486788034439087, 0.8043254017829895, 0.2486198991537094, 0.877564549446106, 0.36081528663635254, 0.44330736994743347, 0.8345937728881836, 0.8220305442810059, 0.7615922689437866, 0.31995150446891785, 0.2769274115562439, 0.27259624004364014, 0.7169744372367859, 0.7877792119979858, 0.6552975177764893, 0.36422914266586304, 0.8173416256904602, 0.7105688452720642, 0.7694328427314758, 0.9137884378433228, 0.8509613871574402, 0.8133946061134338, 0.8287777304649353, 0.811132550239563, 0.8231785297393799, 0.7366244196891785, 0.9232610464096069, 0.767892599105835, 0.28153541684150696, 0.11332350224256516, 0.82095867395401, 0.7985528111457825, 0.22867003083229065, 0.9185518622398376, 0.8591168522834778, 0.7270978689193726, 0.15956291556358337, 0.7814416885375977, -0.00269182026386261, 0.2820565700531006, 0.7246395349502563, 0.14002054929733276, 0.7343586087226868, 0.7965301275253296, 0.3362101912498474, 0.7921473383903503, 0.8559562563896179, 0.2821303606033325, 0.39420074224472046, -0.35294488072395325, 0.7846999764442444, 0.6204981803894043, 0.5416194200515747, 0.8414098620414734, 0.8447823524475098, 0.7206838130950928, 0.8743573427200317, 0.8633810877799988, -0.7651848793029785, 0.2050580382347107, 0.3895323574542999, 0.7613732814788818, -0.27390992641448975, 0.8632395267486572, 0.10618500411510468, 0.8333389759063721, 0.1272910237312317, 0.7509338855743408, 0.8639672994613647, 0.7979857921600342, 0.8108705282211304, 0.8901157379150391, 0.8167225122451782, 0.8777138590812683, 0.8491058945655823, 0.8598923087120056, 0.8166689276695251, 0.7021098136901855, 0.41284647583961487, 0.8025259971618652, 0.7040994763374329, 0.8442907929420471, 0.7621710896492004, -0.2371269166469574, 0.7650337815284729, 0.7668179273605347, 0.5160843133926392, 0.7682984471321106, 0.8132060170173645, 0.7757588624954224, 0.17191751301288605, 0.466765433549881, 0.811650812625885, 0.8422765731811523, 0.4700051546096802, 0.8336319327354431, 0.8206831216812134, 0.4562905728816986, 0.09105890989303589, 0.4142894148826599, 0.37784522771835327, 0.750215470790863, 0.13210532069206238, 0.6531521081924438, 0.4010453224182129, 0.8456022143363953, 0.1519280970096588, 0.8083152770996094, 0.8107991218566895, 0.7283481359481812, 0.8649463653564453, 0.7825722694396973, 0.6686950325965881, 0.1976751983165741, 0.6893698573112488, 0.3352181911468506, 0.705859899520874, 0.7212537527084351, -0.35546213388442993, 0.6532686948776245, 0.852679967880249, 0.8716045022010803, 0.8217868804931641, 0.1308281421661377, 0.8395985960960388, 0.8383321166038513, 0.4522748589515686, 0.3162239193916321, 0.2989655137062073, 0.35564008355140686, 0.8106676340103149, 0.9077423810958862, 0.8125075697898865, 0.7533539533615112, 0.7731802463531494, 0.7447320222854614, 0.7558033466339111, 0.8385734558105469, 0.1482110321521759, 0.24498333036899567, 0.6561999917030334, 0.8843976855278015, 0.8190779685974121, 0.21180476248264313, 0.10287876427173615, 0.6839050650596619, 0.8276890516281128, 0.7691155672073364, 0.8852976560592651, 0.8449146151542664, 0.28160715103149414, -0.7217166423797607, 0.7104450464248657, 0.8638103604316711, 0.15143360197544098, 0.18318626284599304, -0.758948802947998, 0.8175536394119263, 0.8332569599151611, 0.9144352674484253, 0.1856369972229004, 0.7406299710273743, 0.835066556930542, 0.8224408030509949, 0.8051667213439941, 0.7211180925369263, 0.8146990537643433, 0.7884629964828491, 0.28254520893096924, 0.8500605821609497, 0.8308135271072388, 0.7745150327682495, 0.9089266061782837, 0.8809436559677124, 0.8416860103607178, 0.8062018156051636, 0.8513042330741882, 0.815699577331543, 0.9069568514823914, 0.912695050239563, 0.7850151062011719, 0.8072057962417603, 0.9058231115341187, 0.7681268453598022, 0.8415353894233704, 0.2796282172203064, 0.35720115900039673, 0.7628117203712463, 0.29856178164482117, 0.7926024794578552, 0.2929648756980896, 0.7835029363632202, 0.37332892417907715, 0.8718859553337097, 0.237502321600914, 0.2241186797618866, 0.7665835618972778, 0.8105214834213257, 0.5279127359390259, 0.20751267671585083, 0.6879012584686279, 0.7160844206809998, 0.8560730218887329, 0.8443440198898315, 0.6642932891845703, 0.7552445530891418, 0.7793485522270203, 0.8265200853347778, 0.26151242852211, 0.3362749516963959, 0.8809698224067688, 0.5616680383682251, 0.8941553831100464, 0.7002597451210022, 0.436332643032074, 0.2934519052505493, 0.8653622269630432, 0.3484799265861511, -0.10697594285011292, 0.26085275411605835, 0.7941417694091797, 0.8643882870674133, 0.37471622228622437, 0.8755829334259033, 0.755990743637085, 0.6254806518554688, 0.8526792526245117, 0.7811351418495178, 0.7165824770927429, 0.7291446924209595, -0.2363208383321762, 0.196982741355896, 0.8848482370376587, 0.7045038938522339, 0.8834019303321838, 0.8262802958488464, 0.7987099885940552, 0.9268158674240112, 0.6659092903137207, 0.7349218130111694, 0.8184458613395691, 0.7489126920700073, 0.04956605285406113, 0.8808786869049072, 0.8106391429901123, 0.7220792174339294, 0.8081161379814148, 0.3771151900291443, 0.793702244758606, 0.704028308391571, 0.763308048248291, 0.8542056679725647, 0.6920561790466309, 0.7950997352600098, 0.38434576988220215, 0.4023705720901489, 0.43602603673934937, 0.1562073826789856, 0.1689242571592331, 0.8150129318237305, 0.8721104264259338, 0.5411396622657776, 0.7072886228561401, 0.6276225447654724, 0.7108126878738403, 0.8605716824531555, 0.8448457717895508, 0.0213838592171669, 0.6942344903945923, 0.34144532680511475, 0.8151494860649109, 0.8431061506271362, 0.7782728672027588, 0.7272195219993591, 0.9153328537940979, 0.7505366802215576, 0.8146074414253235, 0.8265698552131653, 0.8764942288398743, 0.07284251600503922, 0.21680620312690735, 0.9096195697784424, 0.3106667399406433, 0.6114564538002014, 0.31712669134140015, 0.7876558303833008, 0.8811284303665161, 0.8836546540260315, 0.6516247987747192, 0.8995251655578613, 0.8305147290229797, 0.7173848152160645, 0.8270626068115234, 0.8648697137832642, 0.9343921542167664, 0.3901722729206085, 0.4329664707183838, 0.8147554397583008, 0.09380075335502625, -0.03154968470335007, 0.8241705894470215, -0.7230464220046997, 0.8112552762031555, 0.8533453941345215, 0.3641534149646759, 0.7721473574638367, 0.3019644021987915, 0.888343334197998, 0.8366255164146423, 0.7583426237106323, 0.7722837924957275, 0.7597875595092773, 0.7802135348320007, 0.8554061651229858, 0.7322741746902466, 0.8444809913635254, 0.2374160885810852, 0.7711424827575684, 0.21258284151554108, 0.5038285255432129, 0.8484707474708557, 0.6004500985145569, 0.44426196813583374, 0.6464733481407166, 0.7780859470367432, 0.7356083393096924, 0.7909430861473083, 0.82088702917099, 0.7645387053489685, 0.7236889600753784, 0.4619775414466858, 0.5024256706237793, 0.8871095180511475, 0.6607312560081482, 0.6344599723815918, 0.8109387159347534, 0.7782368659973145, 0.4040982723236084, 0.6994795203208923, 0.8613595962524414, 0.34204185009002686, 0.8351899981498718, 0.5166392922401428, 0.31349238753318787, 0.4220685660839081, 0.5277848839759827, 0.5744737386703491, 0.7331609725952148, 0.8245476484298706, 0.8675255179405212, 0.7788898944854736, 0.6972423791885376, 0.8244127631187439, 0.3538241982460022, 0.7849518060684204, 0.8561503887176514, 0.4571808874607086, 0.8024165630340576, 0.6948062181472778, 0.793389081954956, 0.8986867666244507, 0.8028996586799622, 0.5918397903442383, 0.8936691880226135, 0.7305440306663513, 0.5621411800384521, 0.7837414741516113, 0.7284671068191528, 0.8828029036521912, 0.3217574954032898, 0.828241765499115, 0.8915939331054688, 0.8061330318450928, 0.5176709890365601, 0.8033230900764465, 0.8159909844398499, 0.4068835377693176, 0.72124183177948, 0.769444465637207, 0.7400403618812561, 0.889918863773346, 0.7849425077438354, 0.8969593644142151, 0.29807889461517334, 0.20000363886356354, 0.8561530113220215, 0.36242321133613586, 0.7810677886009216, 0.949364960193634, 0.8731924295425415, 0.6608272790908813, 0.23564864695072174, 0.20796208083629608, 0.9208874106407166, 0.8624840378761292, 0.7714906930923462, 0.7898173332214355, 0.7492958307266235, 0.8161205649375916, 0.4026263356208801, 0.7518242597579956, 0.7725393772125244, 0.19771499931812286, 0.827330470085144, 0.7965872883796692, 0.3217923641204834, 0.80961674451828, 0.8008829951286316, 0.7691245675086975, 0.8882086277008057, 0.19539231061935425, 0.8545272350311279, 0.6713556051254272, 0.7926805019378662, 0.8050946593284607, 0.8783944845199585, 0.7599006295204163, 0.9165465831756592, 0.853480339050293, 0.769007682800293, 0.9675725698471069, 0.8304010629653931, 0.28741133213043213, 0.7859275937080383, 0.8358443975448608, 0.7945612668991089, 0.8309950232505798, 0.7724838256835938, 0.822003960609436, 0.7996848821640015, 0.8480729460716248, 0.9223641157150269, 0.7660770416259766, 0.9369034171104431, 0.8649165630340576, 0.8175756931304932, 0.726117730140686, 0.7842466235160828, 0.8932032585144043, 0.7224264740943909, 0.39665091037750244, 0.8825891017913818, 0.7306017875671387, 0.839848518371582, 0.35952913761138916, 0.8186442852020264, 0.7500027418136597, 0.9070726633071899, 0.8665006160736084, 0.7812144160270691, 0.8289352655410767, 0.8553867340087891, 0.8803136944770813, 0.767882227897644, 0.6837334632873535, 0.7506159543991089, 0.35423460602760315, 0.3265513479709625, 0.1486365795135498, 0.13466432690620422, 0.7566922903060913, 0.11882989853620529, 0.826876163482666, 0.9089741706848145, 0.7843532562255859, 0.7987700700759888, 0.7952066659927368, 0.8397544622421265, 0.7090460658073425, 0.30796822905540466, 0.6684004068374634, 0.7998137474060059, 0.1872265636920929, 0.13931195437908173, 0.2225373387336731, 0.8215726613998413, 0.8386063575744629, 0.7857005000114441, 0.2923453450202942, 0.750911295413971, 0.7745224237442017, 0.7638444304466248, 0.9125364422798157, 0.15042106807231903, 0.8077268600463867, 0.7395524382591248, 0.4201955497264862, 0.8301770091056824, -0.7030576467514038, 0.8060964345932007, 0.887631893157959, 0.2792040705680847, 0.7795004844665527, 0.8362986445426941, 0.1859472095966339, 0.8452357053756714, 0.3174374997615814, 0.3468683362007141, 0.7605977058410645, 0.3415287137031555, 0.7617204785346985, 0.6869375705718994, 0.8575884103775024, 0.797538161277771, 0.9044342041015625, 0.1684238612651825, 0.736343502998352, 0.843169629573822, 0.8453843593597412, 0.26940640807151794, 0.14298483729362488, 0.8275326490402222, 0.3335016965866089, 0.739245593547821, 0.5961325168609619, 0.7940950989723206, 0.7767733335494995, 0.8072272539138794, 0.7591960430145264, 0.4884087145328522, 0.24094130098819733, 0.7296006083488464, 0.7947081327438354, 0.5227141380310059, 0.8278809785842896, 0.7134726047515869, 0.8255727291107178, 0.8642058372497559, 0.8104411363601685, 0.42437922954559326, 0.7823502421379089, 0.7125946283340454, 0.30046185851097107, 0.7448573112487793, 0.25651201605796814, 0.24299365282058716, 0.6738442182540894, 0.8933663368225098, 0.7848718762397766, 0.1333988457918167, 0.919583797454834, 0.3077901303768158, 0.31665393710136414, 0.8921468257904053, 0.7443180084228516, 0.6845301389694214, 0.7476786971092224, 0.7564066648483276, 0.8238574862480164, 0.47180891036987305, -0.7420474290847778, 0.96092689037323, 0.22063452005386353, 0.8603990077972412, -0.35947829484939575, 0.7071592211723328, 0.7744120955467224, 0.7705278396606445, 0.8203655481338501, 0.8403936624526978, 0.8441686630249023, 0.7538169622421265, 0.8400683403015137, 0.7827490568161011, 0.8598654270172119, 0.7210509777069092, 0.8382048606872559, 0.7897838354110718, 0.1527089774608612, 0.7846666574478149, 0.741840660572052, 0.3394281268119812, 0.8549884557723999, 0.7400267720222473, 0.8123764395713806, 0.30091094970703125, 0.8776454925537109, 0.8679118752479553, 0.8064091205596924, 0.7537314295768738, 0.822058379650116, 0.35068777203559875, -0.12272592633962631, 0.8640337586402893, 0.4202994704246521, 0.3205818831920624, 0.8259752988815308, 0.7286373376846313, 0.783652663230896, 0.45664069056510925, 0.33117958903312683, 0.7998594641685486, 0.8247313499450684, 0.6170958280563354, 0.8285554647445679, 0.7866648435592651, 0.7715935707092285, 0.3099307715892792, 0.8780113458633423, 0.8812684416770935, 0.7878220081329346, 0.8602942228317261, 0.8908286690711975, 0.8769684433937073, 0.8074884414672852, 0.8375799059867859, 0.6162439584732056, 0.2709084153175354, 0.850111722946167, 0.726482629776001, 0.805086612701416, 0.04337061941623688, 0.9331374168395996, 0.8259595632553101, 0.2590654194355011, 0.7519859671592712, 0.8698172569274902, 0.7234723567962646, 0.3007657527923584, 0.6729615926742554, -0.2917328476905823, 0.8504955768585205, 0.8048954010009766, 0.4278970956802368, 0.7734113335609436, 0.873420000076294, 0.8108166456222534, 0.7985128164291382, 0.8916335701942444, 0.766864538192749, 0.7878620624542236, 0.8222792148590088, 0.7719874382019043, -0.32492607831954956, 0.9239029884338379, 0.5568338632583618, 0.8019777536392212, 0.7474534511566162, 0.856714129447937, 0.31647899746894836, 0.7535723447799683, 0.848945677280426, 0.8103125691413879, -0.2304871678352356, 0.8912038803100586, -0.36565595865249634, 0.6948604583740234, 0.7993327975273132, 0.8552953004837036, -0.17118239402770996, 0.8057988882064819, 0.7292245030403137, 0.0894777774810791, 0.7547218799591064, 0.7669315934181213, 0.7399685382843018, 0.7245512008666992, 0.6833688616752625, 0.7634011507034302, 0.8317946195602417, 0.7995032072067261, 0.7585105299949646, 0.7911481857299805, 0.7014157772064209, 0.873689591884613, 0.7475069761276245, 0.7221411466598511, 0.16764651238918304, 0.8449793457984924, 0.777330756187439, 0.3746007978916168, -0.1990290880203247, 0.8060773611068726, 0.9503017663955688, 0.7182575464248657, 0.8313618302345276, 0.5187400579452515, 0.8051720857620239, 0.7567626237869263, 0.832304835319519, 0.760053277015686, 0.746638298034668, 0.28313255310058594, 0.7933525443077087, 0.8171095848083496, 0.8071630001068115, 0.8132413625717163, 0.8405654430389404, 0.789300799369812, 0.2259756326675415, 0.40757766366004944, 0.40319550037384033, 0.6772089004516602, 0.7286760210990906, 0.3104230761528015, 0.39676690101623535, -0.3918374180793762, 0.8343629837036133, 0.8537158966064453, 0.8037877082824707, 0.22421470284461975, 0.7282665967941284, 0.10706384479999542, 0.8313282132148743, 0.8509312868118286, 0.2208274006843567, 0.8762981295585632, 0.8978613018989563, 0.7582388520240784, 0.07130291312932968, 0.8763351440429688, -0.24630603194236755, 0.8839381337165833, 0.8416083455085754, 0.5210537910461426, 0.9024713635444641, 0.7467860579490662, -0.753729522228241, 0.7801312208175659, 0.8056893348693848, 0.7596374154090881, 0.7448013424873352, 0.756574273109436, 0.332859605550766, 0.9244802594184875, 0.2674497067928314, 0.7707724571228027, -0.6560428142547607, 0.734096884727478, 0.49179261922836304, 0.30586594343185425, 0.7478193640708923, 0.8239521384239197, 0.4267684817314148, 0.7215496897697449, 0.38925084471702576, 0.7321910262107849, 0.4357232451438904, -0.6637698411941528, 0.7464761734008789, 0.8384338617324829, 0.7876826524734497, 0.7987625002861023, 0.7180694937705994, 0.9388959407806396, 0.9749156832695007, -0.3358123004436493, 0.834947407245636, 0.3616059720516205, 0.7536044716835022, -0.2775138318538666, 0.839421272277832, 0.37412288784980774, 0.826362133026123, 0.7417106628417969, 0.8267956972122192, 0.740786612033844, 0.7457469701766968, 0.6979386210441589, 0.8908971548080444, 0.875338613986969, 0.8225013017654419, 0.7811716198921204, 0.81941819190979, 0.861962080001831, 0.7177705764770508, 0.8007218837738037, 0.8039366602897644, 0.22514775395393372, 0.733038067817688, 0.8843375444412231, 0.7609493136405945, 0.38608312606811523, 0.8381243944168091, 0.855790913105011, 0.2340635359287262, 0.7124926447868347, 0.7986838817596436, 0.7920202016830444, 0.7693842649459839, 0.7917448878288269, 0.7734010815620422, 0.7784164547920227, 0.7753592729568481, 0.8556643128395081, 0.3818298876285553, 0.8695638179779053, -0.255134642124176, 0.3054654598236084, 0.544307291507721, 0.8885880708694458, 0.8258121013641357, 0.39326608180999756, 0.847515344619751, -0.7490366697311401, 0.8197752237319946, 0.7679727673530579, 0.8518707752227783, 0.17466267943382263, 0.8151661157608032, 0.8092963695526123, 0.24544976651668549, 0.771493673324585, 0.8834357261657715, 0.6199359893798828, 0.8698177933692932, 0.742097020149231, 0.817997395992279, 0.867222011089325, 0.2879561185836792, 0.8436567187309265, 0.906832754611969, 0.7347880601882935, 0.8214601874351501, 0.8157405257225037, 0.8067566156387329, 0.8522113561630249, 0.7942236661911011, 0.8498320579528809, -0.1953820288181305, 0.7730918526649475, 0.7949666976928711, 0.8775668144226074, 0.4525541067123413, 0.7282503843307495, 0.8880994915962219, 0.8956178426742554, 0.8656998872756958, 0.8199783563613892, 0.8083183169364929, 0.849734902381897, 0.11232905834913254, -0.3276938199996948, 0.8314370512962341, 0.7293010950088501, 0.8516725897789001, 0.7394154667854309, 0.750659167766571, 0.7110635042190552, 0.9062303304672241, 0.7376030683517456, 0.7960225343704224, 0.875966489315033, 0.810464084148407, 0.1327570378780365, 0.1719864159822464, 0.8927258253097534, 0.8885354995727539, 0.7785302400588989, 0.7805583477020264, 0.8091859221458435, 0.6204955577850342, 0.7961668968200684, 0.7607399225234985, 0.830931544303894, 0.7368165254592896, 0.7401467561721802, 0.7462242841720581, 0.7499456405639648, 0.7980276942253113, 0.8082542419433594, 0.7933951616287231, 0.8768323063850403, 0.8591606020927429, 0.8848019242286682, 0.883110761642456, 0.7979331016540527, 0.6664875149726868, 0.7520162463188171, 0.2968190908432007, 0.8084115386009216, 0.431122362613678, 0.7337203025817871, 0.32144689559936523, 0.500733494758606, 0.8175817131996155, 0.7942802906036377, 0.2480711042881012, 0.0026933476328849792, 0.7329134345054626, 0.8529433012008667, 0.6896882057189941, 0.8268153667449951, 0.6225828528404236, 0.8262901306152344, 0.05200248956680298, 0.8252650499343872, 0.8925995230674744, 0.724319577217102, 0.8541685342788696, 0.9231024980545044, 0.7629937529563904, 0.2914237380027771, 0.8420202136039734, 0.7950506210327148, 0.8584356307983398, 0.8476508259773254, 0.8499385714530945, 0.08581957221031189, 0.8192664384841919, 0.8198524713516235, 0.7652708888053894]
