sample name: ['Cc1ccc(CCNC(=O)NCCc2csc(N3CCCC3)n2)c(C)c1']
atom_index,distance,cosine_similarity
0,0.0918048095703125,-0.01817896880209446
1,-0.36748291015625,0.048983154296875
2,-0.712947998046875,0.07764067079871893
3,-0.6047906494140625,0.060556433349847796
4,-0.3403497314453125,0.028863205462694167
5,-0.3160321044921875,0.029252909310162067
6,-0.2725482177734375,0.026003623232245445
7,0.317191162109375,-0.03657942205667496
8,-0.5392291259765625,0.05800825424492359
9,-0.51382568359375,0.05708693116903305
10,-0.410450439453125,0.057140110284090044
11,-0.208271484375,0.037750240936875346
12,-0.314688720703125,0.024576888233423234
13,-0.2492633056640625,0.025914789959788322
14,0.0024749755859375,0.005986470431089401
15,0.08497314453125,-0.010971982777118684
16,-0.800528564453125,0.080583685785532
17,-0.7064910888671875,0.06630972996354104
18,-0.461270751953125,0.055997029095888134
19,-0.678116455078125,0.07860422551631928
20,-0.097911376953125,0.008682447373867036

Sum of phi values for distance
-7.097754516601562
Sum of phi values for cosine similarity
0.7622104258090258
Average distance random samples:
6.853576463503497
Average cosine similarity random samples:
0.6091756214263538
Distances random samples
[4.45200252532959, 16.628490447998047, 4.746649742126465, 4.765817642211914, 3.9077868461608887, 5.439358711242676, 4.940645217895508, 3.8378067016601562, 16.023574829101562, 9.813511848449707, 4.774119853973389, 13.278048515319824, 5.124995231628418, 4.864043712615967, 5.105379104614258, 4.868609428405762, 13.069524765014648, 6.798919200897217, 14.125295639038086, 5.490808010101318, 5.486410140991211, 5.286837577819824, 4.554696559906006, 5.076539516448975, 3.3729350566864014, 5.255624771118164, 5.679497241973877, 5.368128299713135, 12.522324562072754, 7.602592945098877, 4.523374557495117, 5.0881853103637695, 5.4852519035339355, 9.384560585021973, 4.820838451385498, 3.859867811203003, 4.712892055511475, 4.45644998550415, 13.149568557739258, 3.8862926959991455, 10.048493385314941, 5.781866550445557, 19.790904998779297, 14.781916618347168, 4.523445129394531, 16.815690994262695, 4.50590181350708, 5.012406349182129, 5.718619346618652, 9.249658584594727, 4.692107200622559, 4.333885192871094, 5.91314697265625, 8.220189094543457, 3.7239091396331787, 4.21536922454834, 6.296323776245117, 4.509354114532471, 13.024191856384277, 15.966924667358398, 6.482275009155273, 4.963398456573486, 5.765890121459961, 16.54526138305664, 5.313014507293701, 16.727067947387695, 4.762650012969971, 9.999493598937988, 13.773816108703613, 7.585763931274414, 4.384139060974121, 12.23542594909668, 5.678985118865967, 5.708033084869385, 4.311317443847656, 17.190690994262695, 13.99699878692627, 5.749147891998291, 9.29008674621582, 3.967801332473755, 5.164966106414795, 16.19310188293457, 5.170080184936523, 5.0223870277404785, 9.000142097473145, 4.424042224884033, 4.512932777404785, 4.855441570281982, 3.806534767150879, 11.481731414794922, 4.007969856262207, 5.230567455291748, 5.611920356750488, 13.395309448242188, 7.867021083831787, 5.049497127532959, 5.183289051055908, 4.2639923095703125, 4.098949432373047, 4.709887981414795, 6.3760552406311035, 4.370217800140381, 5.188911437988281, 5.455297946929932, 8.465313911437988, 4.366573810577393, 4.566904067993164, 6.436486721038818, 3.4272513389587402, 4.717909336090088, 4.241091251373291, 5.848427772521973, 4.843569755554199, 5.307298183441162, 5.442441463470459, 7.785215854644775, 5.164993762969971, 4.163381099700928, 5.779058456420898, 5.997315406799316, 4.388278961181641, 5.858019828796387, 3.8229684829711914, 8.754658699035645, 5.596818923950195, 5.300422191619873, 5.038229465484619, 4.241319179534912, 3.9783785343170166, 4.704927921295166, 4.867127418518066, 4.514001846313477, 4.239119529724121, 5.292061805725098, 16.827106475830078, 17.063730239868164, 5.078887939453125, 18.140466690063477, 10.08979606628418, 7.232507705688477, 2.83374285697937, 10.131012916564941, 4.846864223480225, 4.398060321807861, 4.530507564544678, 4.888689994812012, 5.303153991699219, 4.852405548095703, 2.436338186264038, 15.055351257324219, 17.299448013305664, 8.62401294708252, 4.160171031951904, 4.5921173095703125, 7.155666828155518, 3.2016141414642334, 4.8111653327941895, 11.722036361694336, 10.354784965515137, 5.869600296020508, 17.190032958984375, 4.746129989624023, 10.007012367248535, 19.842376708984375, 15.676634788513184, 5.895938873291016, 3.6455178260803223, 5.931971073150635, 4.090401649475098, 4.83121919631958, 5.132787227630615, 4.839376926422119, 4.8757805824279785, 4.93506383895874, 4.783184051513672, 5.692595958709717, 4.8609843254089355, 15.51938533782959, 4.050495147705078, 9.80371379852295, 3.8050999641418457, 3.856476068496704, 5.383708477020264, 7.996939182281494, 10.731782913208008, 6.576467990875244, 3.10274600982666, 4.967606544494629, 11.831323623657227, 4.133520603179932, 4.045254707336426, 3.125617742538452, 4.839592933654785, 9.952802658081055, 8.096364974975586, 3.908458948135376, 4.177822113037109, 4.10075569152832, 4.395777702331543, 4.4559645652771, 4.601340293884277, 18.155031204223633, 5.01887321472168, 3.870349884033203, 5.053097248077393, 7.584178924560547, 4.7882080078125, 5.424783706665039, 3.9964473247528076, 9.46317195892334, 5.097348213195801, 5.418620586395264, 3.987424612045288, 4.6029276847839355, 5.697682857513428, 5.869532108306885, 17.4709415435791, 5.47646427154541, 5.082969665527344, 13.368192672729492, 5.336155414581299, 4.580312252044678, 3.826157808303833, 10.060147285461426, 4.340620994567871, 5.34285831451416, 5.195643424987793, 5.725109577178955, 5.0865702629089355, 4.578284740447998, 4.923539161682129, 3.7428343296051025, 4.222484588623047, 4.752358913421631, 3.8404505252838135, 5.303618431091309, 3.4324071407318115, 5.23828649520874, 4.158367156982422, 4.349270820617676, 19.71843719482422, 4.646944522857666, 5.120812892913818, 4.2111663818359375, 4.100521087646484, 6.283309459686279, 3.953557014465332, 4.796351909637451, 4.6565165519714355, 4.708988189697266, 5.720170497894287, 16.673721313476562, 5.713078498840332, 5.2718305587768555, 4.24122428894043, 9.737130165100098, 5.408957004547119, 4.867537498474121, 5.817239284515381, 4.198354721069336, 17.95515251159668, 5.681751251220703, 4.724971294403076, 5.753205299377441, 9.252570152282715, 4.476508140563965, 4.89267110824585, 5.321498394012451, 3.792644500732422, 5.048511028289795, 4.753166198730469, 4.9866943359375, 4.894396781921387, 9.804410934448242, 16.003721237182617, 4.684891223907471, 4.569457054138184, 5.151881694793701, 5.766812324523926, 7.467668533325195, 15.970513343811035, 4.7776265144348145, 5.968705177307129, 4.561298370361328, 16.702299118041992, 7.182318210601807, 4.634336471557617, 6.712947368621826, 3.921884298324585, 12.621307373046875, 6.532895088195801, 5.0100274085998535, 5.7145891189575195, 5.867035388946533, 5.299398422241211, 4.6055474281311035, 9.509162902832031, 16.662044525146484, 5.4451422691345215, 2.8194706439971924, 10.022632598876953, 17.242536544799805, 4.870543479919434, 18.21324348449707, 6.0708699226379395, 4.952726364135742, 5.828424453735352, 5.062877178192139, 3.810865879058838, 6.720221519470215, 4.1407575607299805, 5.160251140594482, 3.797184705734253, 4.172470569610596, 8.923105239868164, 4.925904273986816, 4.599020004272461, 3.742142915725708, 3.845889091491699, 19.434123992919922, 5.179717540740967, 3.6101861000061035, 4.57351541519165, 4.324707984924316, 6.951094150543213, 5.233624458312988, 6.5272626876831055, 5.137697219848633, 11.920437812805176, 5.182459831237793, 5.495784759521484, 4.923553466796875, 5.338305473327637, 3.874936819076538, 5.318999290466309, 13.38412094116211, 4.881305694580078, 3.135178804397583, 4.361620903015137, 7.170686721801758, 8.421490669250488, 7.605488300323486, 4.928474426269531, 3.9888739585876465, 5.078751564025879, 3.9758148193359375, 5.181017875671387, 3.967372179031372, 3.7206599712371826, 5.392967700958252, 5.503084659576416, 4.99698543548584, 4.518202304840088, 4.887022972106934, 15.443331718444824, 12.959063529968262, 5.045166492462158, 17.82779884338379, 5.003093719482422, 6.012813568115234, 4.610663890838623, 5.052774429321289, 9.00017261505127, 15.083378791809082, 16.743654251098633, 4.845274448394775, 3.8667116165161133, 3.4085254669189453, 4.560722827911377, 5.090278625488281, 8.623335838317871, 6.304421901702881, 4.747768878936768, 5.320563316345215, 5.3781585693359375, 5.637472152709961, 3.198516607284546, 12.604205131530762, 5.504617214202881, 4.569472312927246, 17.78688621520996, 16.621238708496094, 5.917511940002441, 4.237584590911865, 16.800884246826172, 4.990288257598877, 5.055670738220215, 5.069622039794922, 4.483335494995117, 13.074113845825195, 18.256587982177734, 5.776514530181885, 13.14349365234375, 16.624408721923828, 8.599434852600098, 13.232407569885254, 3.3791985511779785, 5.129204273223877, 5.3547515869140625, 4.75198221206665, 5.011865139007568, 12.314697265625, 5.384945869445801, 5.680818557739258, 5.1326775550842285, 5.9956488609313965, 5.991095066070557, 4.9209089279174805, 7.6445536613464355, 4.45761775970459, 11.85721492767334, 3.8547275066375732, 17.832557678222656, 4.5603132247924805, 4.855284214019775, 3.9667181968688965, 4.6792216300964355, 13.618667602539062, 4.284693241119385, 4.706601142883301, 3.840015411376953, 4.427076816558838, 17.2438907623291, 5.218784332275391, 5.469810485839844, 3.9588685035705566, 4.156652927398682, 12.289283752441406, 12.878496170043945, 4.425877571105957, 3.590912103652954, 5.1465654373168945, 5.367509841918945, 5.652128219604492, 4.785604476928711, 3.9599952697753906, 3.5849220752716064, 5.39424991607666, 11.53095531463623, 4.505332946777344, 4.857320785522461, 4.323828220367432, 4.575556755065918, 5.4438652992248535, 4.916847229003906, 4.428032398223877, 13.755339622497559, 5.206239700317383, 5.0884904861450195, 4.780333995819092, 4.146218299865723, 5.910904407501221, 4.414625644683838, 15.27448558807373, 4.990565299987793, 5.286922931671143, 4.957413673400879, 5.528189182281494, 5.016438961029053, 5.280236721038818, 4.812625408172607, 9.949850082397461, 4.928041458129883, 5.090090751647949, 3.962937116622925, 5.758795738220215, 4.615904331207275, 4.705356121063232, 4.116252422332764, 4.716782569885254, 5.5621724128723145, 4.3715949058532715, 5.2942214012146, 4.7618608474731445, 5.434134006500244, 5.29049825668335, 18.639602661132812, 5.6810994148254395, 5.810001850128174, 5.286001205444336, 17.05209732055664, 5.115091323852539, 5.001101970672607, 4.708512306213379, 4.245951175689697, 4.615034103393555, 4.776900768280029, 4.39635705947876, 14.775981903076172, 5.189151763916016, 18.068017959594727, 6.0313334465026855, 12.492879867553711, 5.6911702156066895, 5.788658142089844, 3.4875171184539795, 5.42723274230957, 5.591829299926758, 15.634992599487305, 19.43987464904785, 17.23902702331543, 4.574725151062012, 4.868338584899902, 3.991485834121704, 7.154144287109375, 8.15357494354248, 11.0759916305542, 4.876060962677002, 5.256080627441406, 4.9102606773376465, 4.5334086418151855, 10.55781364440918, 4.785240173339844, 5.555013179779053, 3.8049826622009277, 4.867589473724365, 5.382489204406738, 6.338895320892334, 6.381186485290527, 7.192346096038818, 4.766960620880127, 11.063583374023438, 4.268992900848389, 8.849873542785645, 11.897416114807129, 4.517062664031982, 10.121010780334473, 14.118430137634277, 4.849945068359375, 2.792080879211426, 11.891672134399414, 9.999776840209961, 4.991672039031982, 4.176954746246338, 4.919382095336914, 6.1022210121154785, 5.469027042388916, 4.678199291229248, 7.040481090545654, 18.833232879638672, 10.49871826171875, 5.633267402648926, 8.584287643432617, 5.2835164070129395, 4.542233943939209, 5.296659469604492, 3.4742066860198975, 4.1022443771362305, 6.438097953796387, 4.775146961212158, 4.034495830535889, 3.8642985820770264, 4.433248996734619, 5.874133110046387, 3.4372198581695557, 5.046205043792725, 12.02739429473877, 3.9356536865234375, 5.709894180297852, 13.19783878326416, 4.417392730712891, 5.8797454833984375, 12.666166305541992, 4.777257919311523, 5.079448223114014, 3.6463420391082764, 17.322805404663086, 4.067773818969727, 18.374162673950195, 4.47103214263916, 3.932554244995117, 17.40959358215332, 5.813473224639893, 6.014529705047607, 3.972377061843872, 4.811053276062012, 5.120673656463623, 6.680971622467041, 4.974456787109375, 5.420904636383057, 3.168015480041504, 6.440349578857422, 5.074974060058594, 5.932154655456543, 9.270658493041992, 17.84894371032715, 4.2072834968566895, 4.9866437911987305, 9.214909553527832, 7.7580695152282715, 3.6590042114257812, 7.106253623962402, 10.340180397033691, 1.9692680835723877, 5.330901145935059, 5.272799491882324, 4.996975898742676, 5.131158828735352, 17.644458770751953, 4.825565338134766, 17.4229679107666, 7.446970462799072, 5.029904842376709, 9.441829681396484, 4.66964864730835, 4.419121742248535, 5.123481750488281, 11.416686058044434, 4.28975248336792, 5.551152229309082, 3.4681191444396973, 4.314558982849121, 4.069855213165283, 3.109684467315674, 12.764283180236816, 16.973648071289062, 3.5708205699920654, 3.5525214672088623, 4.4163737297058105, 4.6141767501831055, 8.115012168884277, 11.963274002075195, 5.164310455322266, 4.105908393859863, 4.633591651916504, 3.4854862689971924, 5.300175189971924, 15.317654609680176, 5.20522928237915, 4.784016132354736, 6.358150005340576, 4.452872276306152, 14.699885368347168, 4.910318851470947, 5.1738176345825195, 4.534398555755615, 4.6828742027282715, 10.363126754760742, 1.9544786214828491, 12.730175971984863, 3.121073007583618, 5.301467418670654, 5.5144243240356445, 5.140965938568115, 4.943557262420654, 9.373862266540527, 10.052763938903809, 15.879008293151855, 5.791412353515625, 6.001352787017822, 8.754983901977539, 5.309083461761475, 4.002254009246826, 5.679158687591553, 4.714792251586914, 4.2760910987854, 9.433368682861328, 4.745173931121826, 4.534012794494629, 4.821849346160889, 4.562652111053467, 4.652482032775879, 16.04179573059082, 5.709929943084717, 5.156528949737549, 17.632036209106445, 4.132184982299805, 5.575318336486816, 11.290953636169434, 8.312521934509277, 4.775883674621582, 16.764474868774414, 4.666483402252197, 4.607712745666504, 5.725249290466309, 4.372617721557617, 4.117708206176758, 8.957233428955078, 5.20596170425415, 4.583155155181885, 5.083201885223389, 15.32408618927002, 11.320013046264648, 5.523890972137451, 5.158774375915527, 4.2439494132995605, 5.756070613861084, 5.26437520980835, 5.76383113861084, 4.880269527435303, 4.520367622375488, 9.98879337310791, 4.99044132232666, 12.259862899780273, 3.001774787902832, 0.4143184423446655, 2.7788028717041016, 5.458662509918213, 6.21345329284668, 6.3140974044799805, 4.097739219665527, 5.841495990753174, 4.469357490539551, 4.5565972328186035, 5.2210822105407715, 4.54425573348999, 5.269783973693848, 4.165567398071289, 6.902600288391113, 3.462834119796753, 4.9487738609313965, 5.745699882507324, 8.340400695800781, 4.402268409729004, 4.495143413543701, 4.539423942565918, 3.624398708343506, 5.3751749992370605, 5.2636871337890625, 4.7931342124938965, 4.864831924438477, 3.6812710762023926, 3.6347310543060303, 5.308730125427246, 4.70431661605835, 3.715902805328369, 4.353451251983643, 5.831287384033203, 5.386794090270996, 4.10503625869751, 5.315037250518799, 4.5799102783203125, 4.722639083862305, 4.572530269622803, 5.099075794219971, 5.458648204803467, 5.510008811950684, 4.711260795593262, 14.810432434082031, 3.7569873332977295, 16.326744079589844, 4.593669414520264, 5.846917629241943, 4.16231632232666, 4.196995735168457, 4.55930757522583, 4.4139628410339355, 5.0617594718933105, 9.731465339660645, 4.942951679229736, 4.545063018798828, 3.9259045124053955, 4.079901695251465, 17.11423110961914, 8.80892276763916, 3.5777907371520996, 12.999184608459473, 6.252993583679199, 3.8089077472686768, 5.386472225189209, 17.068321228027344, 10.903244018554688, 9.448310852050781, 5.774081707000732, 3.552222490310669, 5.158083438873291, 4.92841911315918, 16.21892547607422, 4.898763656616211, 17.143049240112305, 8.95790958404541, 8.991446495056152, 4.884978294372559, 4.775108814239502, 5.782705307006836, 3.9640374183654785, 15.037355422973633, 3.8151729106903076, 16.965665817260742, 3.6368110179901123, 5.227144718170166, 3.141925811767578, 4.684011459350586, 5.31581974029541, 7.044471740722656, 4.572306156158447, 5.261855602264404, 3.9693408012390137, 4.613862991333008, 4.185959339141846, 5.57525110244751, 3.92348051071167, 5.845676898956299, 9.001914024353027, 9.791095733642578, 4.554790496826172, 17.087173461914062, 5.881168842315674, 4.574770927429199, 3.3484034538269043, 16.042726516723633, 4.75868558883667, 4.536326885223389, 4.720785140991211, 3.6014134883880615, 5.893238544464111, 5.955382823944092, 5.52736759185791, 12.316292762756348, 4.27456521987915, 4.930755138397217, 5.521304130554199, 4.950085163116455, 3.7006030082702637, 16.636180877685547, 15.98878288269043, 13.970962524414062, 13.149240493774414, 6.346518039703369, 4.279743671417236, 4.97989559173584, 4.575289249420166, 4.869270324707031, 14.621097564697266, 8.002959251403809, 5.150586128234863, 17.83416748046875, 4.029852867126465, 5.175956726074219, 4.87223482131958, 4.778675079345703, 4.902891635894775, 5.041133880615234, 5.251269817352295, 4.736440658569336, 4.9711527824401855, 3.569275379180908, 4.572097301483154, 5.319582462310791, 16.249265670776367, 4.979304790496826, 5.493790626525879, 18.835996627807617, 5.009486675262451, 15.782560348510742, 5.788571834564209, 5.830099582672119, 4.858005523681641, 5.480324745178223, 4.873124122619629, 5.127999782562256, 5.864160060882568, 16.023113250732422, 8.363828659057617, 8.868321418762207, 5.310375213623047, 5.036245822906494, 4.986881732940674, 5.359461784362793, 3.198070764541626, 9.414321899414062, 7.462753772735596, 15.986892700195312, 5.4886794090271, 5.3047332763671875, 3.4286787509918213, 4.1309943199157715, 5.095940113067627, 5.495261192321777, 4.342031955718994, 5.270403861999512, 8.415363311767578, 5.787250995635986, 5.005025386810303, 4.972467422485352, 3.841705083847046, 5.694014072418213, 18.33850860595703, 12.992445945739746, 8.716716766357422, 3.911738634109497, 5.147710800170898, 6.03924560546875, 4.575799465179443, 4.9778151512146, 5.064438819885254, 4.465184211730957, 4.441378116607666, 4.539424419403076, 8.924071311950684, 4.571922302246094, 15.717182159423828, 4.456419944763184, 5.678265571594238, 6.486320972442627, 16.848100662231445, 4.540256023406982, 10.015212059020996, 4.567630767822266, 17.606290817260742, 14.838179588317871, 4.871521949768066, 5.250396728515625, 8.938496589660645, 5.937934398651123, 5.766489505767822, 4.791160583496094, 4.961093902587891, 4.839033126831055, 5.221670627593994, 4.759946346282959, 5.00451135635376, 4.485438823699951, 5.665430545806885, 4.794125080108643, 17.05646324157715, 4.0172200202941895, 13.146721839904785, 3.916926383972168, 4.512942790985107, 6.198972702026367, 5.240100383758545, 18.87049674987793, 4.73681116104126, 5.313894748687744, 4.194257736206055, 17.285175323486328, 3.968419313430786, 6.188738822937012, 18.23487091064453, 4.498399257659912, 16.60434913635254, 4.543107509613037, 9.990493774414062, 16.83445930480957, 4.5167131423950195, 4.88717794418335, 4.7845683097839355, 13.370255470275879, 3.4107749462127686, 4.260313987731934, 4.527617931365967, 12.933185577392578, 8.941150665283203, 5.412139415740967, 4.993393421173096, 4.223911285400391, 4.68454122543335, 11.50581169128418, 10.307713508605957, 10.84839153289795, 5.6495041847229, 18.112232208251953, 4.781689643859863, 3.958024263381958, 8.326119422912598, 14.67223834991455, 4.106811046600342, 14.206254005432129, 4.204852104187012, 3.8645853996276855, 4.024641513824463, 5.267877578735352, 1.474042296409607, 5.072938442230225, 5.14628267288208, 6.656933784484863, 4.795263290405273, 17.610689163208008, 6.045391082763672, 9.187891006469727, 5.876852035522461, 4.946752071380615, 5.201409816741943, 5.47231912612915, 16.18697738647461, 5.253275394439697, 10.198603630065918, 4.768048286437988, 4.856058120727539, 1.4780563116073608, 4.132961273193359, 5.118082046508789, 18.194679260253906, 5.949405193328857, 6.006514072418213, 9.041060447692871, 12.34394359588623, 10.194013595581055, 16.433700561523438, 15.839325904846191, 5.094075679779053, 5.0832929611206055, 4.5194411277771, 3.885941743850708, 4.102516174316406, 5.2838215827941895, 14.078771591186523, 5.675550937652588, 5.1217193603515625, 5.506556987762451, 9.586746215820312, 5.384067058563232, 3.4314873218536377, 4.707752227783203, 16.615503311157227, 6.081210613250732, 4.740889072418213, 5.294045448303223, 4.354077339172363, 4.0629353523254395, 5.275697231292725, 4.949692726135254, 15.674513816833496, 17.587322235107422, 5.3497819900512695, 4.510708808898926, 17.71210479736328, 5.415745258331299, 11.96694564819336, 5.034080505371094, 4.577473163604736, 5.956599235534668, 5.261163711547852, 8.963358879089355, 4.355963230133057, 5.6943039894104, 4.87103796005249, 5.625884056091309, 3.6961669921875, 3.6383471488952637, 4.62514591217041, 4.171265125274658, 4.966672897338867, 15.226202011108398, 4.229233741760254, 5.647003650665283, 6.142523765563965, 4.927914142608643, 8.978778839111328, 16.34954833984375, 12.370793342590332, 5.401055812835693, 4.420948028564453, 5.587098598480225, 4.178226470947266, 4.278294563293457, 3.9128894805908203, 3.5975005626678467, 10.064870834350586, 3.8487818241119385, 5.30642032623291, 5.086180686950684, 4.115509986877441, 4.486701965332031, 10.356521606445312, 4.099742412567139, 4.449542999267578, 3.5757765769958496, 18.024864196777344, 16.660030364990234, 3.883692979812622, 4.5783820152282715, 4.713490962982178, 5.3415446281433105, 16.441587448120117, 4.437652111053467, 5.577195644378662, 4.236672401428223, 1.4617046117782593, 5.066422939300537, 9.144935607910156, 16.12525749206543, 4.792043209075928, 15.215559959411621, 13.135376930236816, 3.8560595512390137, 5.110931873321533, 5.527249336242676, 4.370715141296387, 4.7131547927856445, 4.614969253540039, 5.809861660003662, 4.7848124504089355, 9.315988540649414, 4.029705047607422, 5.337209701538086, 5.680521488189697, 3.8980295658111572, 14.813273429870605, 3.3346190452575684, 5.890262603759766, 4.02327299118042, 4.101019859313965, 5.137537002563477, 4.56434440612793, 5.73433780670166, 4.956418991088867, 15.29421615600586, 4.367717266082764, 14.137903213500977, 5.770784854888916, 18.242847442626953, 5.210392951965332, 4.475401401519775, 7.906503200531006, 3.7417750358581543, 5.7275495529174805, 3.506791114807129, 18.517101287841797, 4.982475757598877, 6.1258158683776855, 4.500261306762695, 4.729908466339111, 18.011234283447266, 18.686872482299805, 3.1491055488586426, 5.033389568328857, 5.159238338470459, 5.5083327293396, 4.887072563171387, 4.9302239418029785, 4.78588342666626, 6.5256547927856445, 4.38662052154541, 5.811508655548096, 5.589649677276611, 5.5010809898376465, 5.879836559295654, 5.529080390930176, 4.8342671394348145, 5.221016883850098, 5.7461934089660645, 5.632397174835205, 5.384074687957764, 4.697999477386475, 9.596946716308594, 3.160252809524536, 10.142340660095215, 6.034578323364258, 5.326645851135254, 15.906405448913574, 5.429263114929199, 6.390579700469971, 3.87935733795166, 4.211814880371094, 4.535059928894043, 4.593949317932129, 4.370391845703125, 11.646809577941895, 5.299623966217041, 4.772033214569092, 4.624301910400391, 4.237067699432373, 3.866550922393799, 3.8801090717315674, 4.361505031585693, 5.4800286293029785, 4.786600112915039, 4.811944961547852, 5.4828925132751465, 18.084321975708008, 5.017259120941162, 5.295024871826172, 5.1985368728637695, 4.824141025543213, 7.92928409576416, 18.222030639648438, 4.397924900054932, 13.03906536102295, 4.610584735870361, 4.487863063812256, 9.891459465026855, 5.231205463409424, 4.674141883850098, 4.060332298278809, 5.688318252563477, 5.3795294761657715, 4.003812789916992, 3.9427809715270996, 5.223635673522949, 4.1946940422058105, 5.399607181549072, 4.8619513511657715, 13.747727394104004, 4.997925758361816, 4.818491458892822, 4.536927700042725, 5.605588436126709, 4.59087610244751, 17.38678741455078, 13.110530853271484, 4.892358303070068, 4.948024272918701, 4.1627302169799805, 4.447110176086426, 4.194362163543701, 4.928448677062988, 4.979302883148193, 5.057829856872559, 4.7114458084106445, 4.068720817565918, 3.965756893157959, 6.101841926574707, 3.424342632293701, 4.535665035247803, 5.0598039627075195, 4.578158855438232, 4.30559778213501, 3.4335875511169434, 3.1121606826782227, 4.809300422668457, 3.5802252292633057, 16.84625816345215, 8.359960556030273, 3.8050169944763184, 5.084991455078125, 5.265183448791504, 5.083382606506348, 6.933696269989014, 4.096906661987305, 5.2881760597229, 15.909608840942383, 15.178459167480469, 4.572925090789795, 5.004510402679443, 5.260283946990967, 3.9441466331481934, 16.49048614501953, 4.006817817687988, 5.115921497344971, 6.169500350952148, 3.2275807857513428, 4.4982476234436035, 17.95831871032715, 4.582718372344971, 10.72746467590332, 5.311056137084961, 8.74210262298584, 5.339931488037109, 3.96886944770813, 3.522639751434326, 8.130553245544434, 19.29701805114746, 4.776333808898926, 15.281166076660156, 3.905468225479126, 17.74565315246582, 12.385956764221191, 4.141350269317627, 5.254485130310059, 4.610179424285889, 4.048936367034912, 5.15955924987793, 4.976927280426025, 5.069600582122803, 10.584152221679688, 4.806421279907227, 10.200713157653809, 5.002708911895752, 8.364386558532715, 9.960661888122559, 4.382422924041748, 4.9698872566223145, 4.227321147918701, 5.399370193481445, 9.70369815826416, 14.150561332702637, 17.839431762695312, 7.249101161956787, 13.08548641204834, 6.21331787109375, 3.4494407176971436, 5.578438758850098, 5.66912317276001, 10.033432960510254, 13.311683654785156, 12.888455390930176, 4.987318515777588, 8.561444282531738, 5.860270023345947, 17.87589454650879, 4.7505059242248535, 5.385178565979004, 4.8634138107299805, 4.065582275390625, 5.236033916473389, 10.5630521774292, 4.2191314697265625, 12.772103309631348, 3.608001708984375, 4.7801995277404785, 12.413884162902832, 4.855877876281738, 3.959906816482544, 6.226433753967285, 4.394140243530273, 4.577851295471191, 4.732019424438477, 3.8412721157073975, 4.5821123123168945, 5.092598915100098, 5.337271213531494, 4.230600357055664, 5.290537357330322, 4.237264156341553, 5.153008937835693, 6.589385032653809, 4.550750255584717, 5.412542343139648, 15.287928581237793, 5.883238315582275, 5.0933837890625, 5.794832706451416, 5.704147815704346, 4.432221412658691, 13.917903900146484, 4.735942363739014, 3.129577398300171, 6.282591342926025, 4.874903202056885, 4.509258270263672, 5.6041035652160645, 4.332975387573242, 5.806093215942383, 4.911642551422119, 4.194674015045166, 4.726608753204346, 4.152571201324463, 4.28510856628418, 6.363822937011719, 3.8499832153320312, 5.688091278076172, 4.405185699462891, 4.873587608337402, 4.367293834686279, 5.266704082489014, 13.607758522033691, 0.4571157395839691, 4.568814754486084, 6.023126602172852, 3.9868381023406982, 8.648265838623047, 4.787334442138672, 0.598671555519104, 5.975681304931641, 17.91919708251953, 15.933497428894043, 10.291435241699219, 6.701879024505615, 4.097505569458008, 5.152255058288574, 5.534950256347656, 17.622915267944336, 5.301196575164795, 4.704782009124756, 2.8092737197875977, 4.837080001831055, 4.976807594299316, 11.446352005004883, 2.7354421615600586, 5.5233073234558105, 4.7887282371521, 4.999035835266113, 4.290441513061523, 16.984697341918945, 5.383758068084717, 6.164776802062988, 4.566967964172363, 4.663444519042969, 5.505998134613037, 2.8065803050994873, 16.938907623291016, 4.601335048675537, 5.775176048278809, 3.849679708480835, 4.248370170593262, 4.674562454223633, 4.537076950073242, 3.4168264865875244, 5.147961139678955, 5.768433094024658, 5.083664894104004, 13.53656005859375, 3.871143341064453, 4.896916389465332, 5.814784526824951, 4.792603015899658, 18.25956153869629, 4.8057451248168945, 5.623435974121094, 16.25162696838379, 5.570096492767334, 2.0950167179107666, 4.737823009490967, 18.51006317138672, 12.761548042297363, 5.706674098968506, 5.293677806854248, 6.196691513061523, 5.9448628425598145, 4.6747236251831055, 4.074915409088135, 4.608834266662598, 15.98016357421875, 5.156360149383545, 4.843760013580322, 6.914081573486328, 6.808211803436279, 4.9272918701171875, 4.428195953369141, 3.490206480026245, 9.40109920501709, 4.173561096191406, 14.783363342285156, 3.6056315898895264, 5.390635967254639, 8.04813003540039, 5.2118306159973145, 4.758920669555664, 5.645863056182861, 9.59289264678955, 5.150295257568359, 4.246759414672852, 3.5079240798950195, 5.602632999420166, 6.659908294677734, 4.672111988067627, 14.096302032470703, 4.540985584259033, 4.367065906524658, 5.320915222167969, 4.988827228546143, 6.480126857757568, 4.245570182800293, 5.899748802185059, 1.9648852348327637, 4.575780391693115, 4.9565277099609375, 10.829691886901855, 6.551803112030029, 4.681750297546387, 3.13710618019104, 4.780762672424316, 5.098181247711182, 5.824538230895996, 16.61888885498047, 4.938630104064941, 4.618199348449707, 5.895500659942627, 5.2936530113220215, 4.042985439300537, 4.9715142250061035, 17.910144805908203, 4.860529899597168, 5.144524574279785, 8.047222137451172, 16.851587295532227, 4.549723148345947, 13.244093894958496, 9.280585289001465, 4.663096904754639, 3.595637321472168, 4.659793853759766, 2.753077983856201, 4.415064334869385, 4.487624168395996, 5.409090518951416, 10.276830673217773, 5.056215286254883, 13.15707778930664, 5.566600322723389, 6.685091018676758, 4.0556769371032715, 3.593003749847412, 5.256026744842529, 4.815540790557861, 4.439864158630371, 4.758251667022705, 5.502770900726318, 3.6566073894500732, 9.042468070983887, 3.884899377822876, 4.859320640563965, 4.80822229385376, 4.792079925537109, 4.531269550323486, 5.027602195739746, 17.58645248413086, 7.992002010345459, 4.266164779663086, 4.999865531921387, 4.8853888511657715, 5.723977088928223, 4.912198066711426, 4.074343681335449, 16.744094848632812, 4.743244647979736, 17.673416137695312, 16.93775177001953, 4.537970066070557, 4.278038024902344, 5.013043403625488, 4.1843976974487305, 8.675846099853516, 5.250272274017334, 4.075338840484619, 4.867942810058594, 15.476795196533203, 4.207955360412598, 12.94879150390625, 5.783647060394287, 4.5243821144104, 3.9647154808044434, 13.169546127319336, 4.712264060974121, 3.9168756008148193, 11.739184379577637, 4.551276206970215, 5.28407096862793, 4.077499866485596, 5.860331058502197, 3.749516487121582, 3.9914133548736572, 2.007500171661377, 4.443283557891846, 5.135672092437744, 4.746577739715576, 6.245026588439941, 4.014500617980957, 7.043097496032715, 5.614617824554443, 5.600801467895508, 9.082432746887207, 6.0368828773498535, 16.878816604614258, 5.475590705871582, 4.5747246742248535, 3.5756239891052246, 4.250164031982422, 10.612040519714355, 2.8369693756103516, 9.530848503112793, 6.093283653259277, 2.0237114429473877, 3.565737247467041, 5.292840003967285, 4.472931861877441, 15.139386177062988, 17.27275276184082, 4.0968403816223145, 3.85498309135437, 5.8365349769592285, 4.694853782653809, 4.7806878089904785, 3.8748154640197754, 4.884629726409912, 5.768189907073975, 5.146483421325684, 5.674617767333984, 9.33355712890625, 5.90043830871582, 4.111908435821533, 10.969173431396484, 5.5242509841918945, 5.490789890289307, 9.064260482788086, 9.260826110839844, 4.569055557250977, 13.255520820617676, 9.109688758850098, 4.708040714263916, 6.967912197113037, 4.8521809577941895, 4.74444580078125, 10.473915100097656, 4.364403247833252, 19.916990280151367, 6.0031819343566895, 4.8339643478393555, 11.429893493652344, 4.3295793533325195, 13.596014976501465, 11.69270133972168, 4.919642448425293, 3.938052177429199, 12.305727005004883, 16.407367706298828, 4.9902753829956055, 4.025736331939697, 5.49548864364624, 10.340478897094727, 10.170397758483887, 4.71934175491333, 5.083709716796875, 3.8387622833251953, 4.710294723510742, 10.60491943359375, 5.146234512329102, 5.2904582023620605, 4.796123504638672, 4.218742847442627, 14.28183364868164, 13.517853736877441, 6.132191181182861, 4.059308052062988, 13.847399711608887, 4.970295429229736, 8.171610832214355, 5.8519768714904785, 4.7698073387146, 3.6674530506134033, 5.278059959411621, 9.842731475830078, 11.187846183776855, 3.769955635070801, 9.181244850158691, 5.077220439910889, 4.55731201171875, 8.481412887573242, 4.55645751953125, 3.665498971939087, 5.158420085906982, 5.889264106750488, 5.378544807434082, 5.292510032653809, 3.5945003032684326, 5.173277854919434, 10.288370132446289, 4.958503723144531, 4.8547282218933105, 4.144365310668945, 17.960634231567383, 4.723130702972412, 9.751614570617676, 17.581655502319336, 8.85858154296875, 5.501576900482178, 5.53699254989624, 3.5316848754882812, 2.7509171962738037, 4.286073684692383, 5.52437162399292, 4.390127658843994, 5.180781841278076, 1.475616216659546, 5.046360015869141, 5.581669330596924, 5.576959133148193, 6.5036163330078125, 5.794812202453613, 4.553390979766846, 4.782534122467041, 4.232516288757324, 4.754323482513428, 10.67471981048584, 5.029601573944092, 5.387632369995117, 5.197963237762451, 5.011967182159424, 3.583122730255127, 4.312105178833008, 5.387701034545898, 5.164140224456787, 9.521637916564941, 5.599562168121338, 10.099892616271973, 9.535563468933105, 13.86304759979248, 4.932708263397217, 5.161967754364014, 4.860837459564209, 6.566089153289795, 3.859591484069824, 0.6257131099700928, 4.953710556030273, 10.026504516601562, 4.507845878601074, 19.503385543823242, 5.288922309875488, 2.9000658988952637, 4.473156452178955, 5.821113586425781, 12.092222213745117, 5.36251974105835, 5.4906086921691895, 12.238170623779297, 5.116431713104248, 5.078680515289307, 5.3268632888793945, 5.508349895477295, 6.707976341247559, 4.576554775238037, 5.682240009307861, 5.434988021850586, 4.264998912811279, 4.983387470245361, 4.612599849700928, 5.312991142272949, 4.524989128112793, 3.9327874183654785, 4.9095072746276855, 4.467205047607422, 9.560235977172852, 6.5467753410339355, 15.497246742248535, 0.5733898878097534, 4.560388088226318, 9.051607131958008, 16.998062133789062, 4.939849853515625, 3.4833920001983643, 5.310976982116699, 3.099940299987793, 4.88905143737793, 4.923354148864746, 18.101011276245117, 5.043471813201904, 6.1686224937438965, 4.895998477935791, 4.710900783538818, 9.01025676727295, 3.877451181411743, 6.117577075958252, 4.966963768005371, 5.080824851989746, 4.534501552581787, 4.948849201202393, 10.539861679077148, 4.367380619049072, 3.6989946365356445, 16.450063705444336, 9.308835983276367, 5.090607166290283, 5.161488056182861, 4.927335739135742, 7.123989582061768, 9.722150802612305, 4.8743791580200195, 5.089339256286621, 4.9433393478393555, 5.662953853607178, 5.982258319854736, 5.698737144470215, 4.760262966156006, 4.882804870605469, 1.5644707679748535, 4.308507442474365, 18.904874801635742, 12.908394813537598, 5.389618873596191, 4.396420478820801, 10.030306816101074, 12.991981506347656, 4.902403354644775, 18.031787872314453, 3.6626133918762207, 4.872350215911865, 5.244236946105957, 4.207056999206543, 4.991602897644043, 5.690917491912842, 5.914412498474121, 5.162014961242676, 6.15925931930542, 13.587392807006836, 4.375046253204346, 17.100923538208008, 4.836383819580078, 5.116404056549072, 5.403707504272461, 4.932034492492676, 5.685407638549805, 5.956037521362305, 4.946157455444336, 5.779419422149658, 4.3959479331970215, 4.525926113128662, 11.30413818359375, 3.697514772415161, 3.95695424079895, 4.160654067993164, 4.178547382354736, 5.745484352111816, 16.463518142700195, 14.343317985534668, 5.489315032958984, 4.068136692047119, 3.2413904666900635, 7.184136390686035, 6.149257183074951, 17.3749942779541, 6.128227710723877, 5.2832465171813965, 3.1056599617004395, 2.7866733074188232, 14.41076946258545, 18.67646026611328, 4.6197309494018555, 4.052204608917236, 5.086971759796143, 5.578383445739746, 5.513427257537842, 4.544278144836426, 3.13645601272583, 4.515472412109375, 10.64168930053711, 5.9617815017700195, 4.808432102203369, 4.265672206878662, 4.313701629638672, 5.103049278259277, 4.755184173583984, 4.827510833740234, 13.151273727416992, 17.365530014038086, 5.171924114227295, 4.6435980796813965, 7.965066909790039, 3.8437178134918213, 5.692992687225342, 5.673793315887451, 3.19827938079834, 4.250856399536133, 5.098504066467285, 16.988399505615234, 3.9511325359344482, 3.3434598445892334, 9.79834270477295, 5.436846733093262, 5.4607415199279785, 9.746344566345215, 4.538334846496582, 5.04505729675293, 5.316941738128662, 17.613319396972656, 4.766210556030273, 9.886280059814453, 5.417720317840576, 4.554469108581543, 15.916197776794434, 18.8516788482666, 4.533132553100586, 16.80916976928711, 4.354956150054932, 4.22088623046875, 10.497586250305176, 5.337925910949707, 4.933667182922363, 6.062709331512451, 4.455967426300049, 5.320831775665283, 4.959729194641113, 5.1551833152771, 4.205247402191162, 6.913813591003418, 13.429344177246094, 4.816116809844971, 16.244672775268555, 4.654872417449951, 3.535578727722168, 16.332778930664062, 6.703077793121338, 3.1291260719299316, 4.401759624481201, 5.571310997009277, 4.131927967071533, 4.606091499328613, 11.258794784545898, 12.95404052734375, 4.659841060638428, 6.02235746383667, 6.169990539550781, 4.47083854675293, 14.86191177368164, 10.013949394226074, 4.995177745819092, 5.060113430023193, 4.594730377197266, 4.763850212097168, 9.768482208251953, 4.860693454742432, 4.558992385864258, 5.48192834854126, 4.547539234161377, 10.11030387878418, 5.708051681518555, 4.206869602203369, 3.1210901737213135, 5.207388401031494, 6.649586200714111, 5.566941738128662, 8.089856147766113, 5.25497579574585, 12.920938491821289, 5.175958633422852, 4.955486297607422, 17.630916595458984, 4.395971298217773, 2.7873926162719727, 9.259123802185059, 4.426600933074951, 10.47301959991455, 4.235976696014404, 9.548542022705078, 4.159473419189453, 4.9773101806640625, 5.225393295288086, 4.447849273681641, 6.826043128967285, 5.390653133392334, 5.089329242706299, 13.431197166442871, 18.454944610595703, 16.858108520507812, 15.029366493225098, 4.166542053222656, 10.501315116882324, 9.57221508026123, 5.589755058288574, 4.780945301055908, 6.272918701171875, 5.063377857208252, 5.177894115447998, 3.440004825592041, 10.997546195983887, 4.067525863647461, 5.504248142242432, 4.221126079559326, 3.212249755859375, 5.661348342895508, 4.125458240509033, 13.760790824890137, 5.249897480010986, 4.870166301727295, 1.524092197418213, 3.4265477657318115, 4.408884048461914, 12.545012474060059, 4.722862243652344, 3.8377139568328857, 5.156489372253418, 9.828655242919922, 5.380257606506348, 10.446455955505371, 3.8503618240356445, 14.266257286071777, 3.6922121047973633, 15.739543914794922, 5.285902976989746, 4.400829792022705, 4.730633735656738, 5.345382213592529, 4.161400318145752, 4.993830680847168, 5.077423095703125, 11.861926078796387, 4.849030017852783, 6.126089096069336, 5.213295936584473, 3.633131265640259, 4.698166370391846, 4.811903476715088, 6.566350936889648, 16.762542724609375, 6.065887928009033, 4.301846504211426, 5.425283908843994, 4.93419885635376, 15.790875434875488, 6.013795375823975, 4.62269926071167, 4.442348003387451, 5.462471961975098, 4.597536563873291, 9.548623085021973, 8.545031547546387, 4.777827739715576, 4.834015846252441, 11.06450080871582, 5.039000034332275, 6.298330783843994, 5.089191436767578, 4.508915901184082, 6.431727886199951, 18.844715118408203, 12.019698143005371, 4.567634105682373, 5.29503870010376, 4.301668643951416, 4.102339744567871, 5.775564193725586, 4.541780471801758, 4.858642101287842, 10.673383712768555, 4.213878154754639, 9.6201171875, 7.471774101257324, 4.628411769866943, 4.527482509613037, 15.877830505371094, 5.339538097381592, 4.180272579193115, 4.151609420776367, 15.049127578735352, 9.128947257995605, 5.688336372375488, 5.767200946807861, 5.773586273193359, 4.906260013580322, 6.470374584197998, 5.776824951171875, 5.176708221435547, 5.9767279624938965, 3.56162166595459, 4.095991611480713, 5.36638879776001, 3.582608699798584, 15.681209564208984, 7.91771125793457, 5.470879554748535, 8.874250411987305, 8.698084831237793, 4.499136447906494, 5.470621585845947, 4.925389289855957, 6.283909320831299, 4.733782768249512, 5.139967441558838, 9.697113990783691, 9.817291259765625, 10.264431953430176, 5.106794357299805, 4.475356578826904, 10.724328994750977, 13.678668975830078, 4.748083114624023, 3.6673688888549805, 5.069820404052734, 4.993405818939209, 5.553272724151611, 5.534028053283691, 18.86264419555664, 14.422533988952637, 5.4027276039123535, 16.902591705322266, 4.855098724365234, 5.014078140258789, 4.838773727416992, 7.112124919891357, 4.137135028839111, 5.422675132751465, 5.703597545623779, 12.918623924255371, 4.713795185089111, 4.491790294647217, 5.053409099578857, 4.486307144165039, 14.685750007629395, 4.314255237579346, 6.014705657958984, 10.644963264465332, 3.9707207679748535, 5.9104156494140625, 11.389063835144043, 17.007808685302734, 12.965409278869629, 4.065422534942627, 13.061944961547852, 5.796254634857178, 4.515982627868652, 10.000367164611816, 9.708740234375, 15.204183578491211, 5.780017852783203, 15.403325080871582, 6.226231575012207, 16.944664001464844, 14.418965339660645, 5.4327239990234375, 4.863205909729004, 4.241757869720459, 5.910871505737305, 4.104177951812744, 4.743645191192627, 5.626173973083496, 5.756454944610596, 4.3770952224731445, 14.075346946716309, 5.527407169342041, 15.90228271484375, 4.537575721740723, 4.580142974853516, 5.8929595947265625, 5.624607563018799, 17.63896942138672, 4.277555465698242, 5.28640079498291, 5.766334056854248, 4.736630439758301]
Cosines similarity random samples
[0.863122284412384, -0.6555613279342651, 0.8439297676086426, 0.8436532616615295, 0.8915135264396667, 0.7977856397628784, 0.81535804271698, 0.8988479375839233, -0.578545331954956, 0.40619710087776184, 0.8411056995391846, -0.23465889692306519, 0.8125524520874023, 0.8350821137428284, 0.8272413015365601, 0.8375046849250793, -0.2691289782524109, 0.7058448791503906, -0.13463596999645233, 0.7850528955459595, 0.7906125783920288, 0.8103723526000977, 0.8568611145019531, 0.8244639039039612, 0.9210981130599976, 0.81953364610672, 0.7755429744720459, 0.8009978532791138, -0.17209160327911377, 0.5680091977119446, 0.858565092086792, 0.8557258248329163, 0.796907901763916, 0.47571372985839844, 0.8364547491073608, 0.8968914747238159, 0.8471283912658691, 0.8629809617996216, -0.051750004291534424, 0.8930212259292603, 0.3283274173736572, 0.7611997723579407, -0.82342529296875, -0.4900783896446228, 0.8570996522903442, -0.54966139793396, 0.8605979084968567, 0.8215271234512329, 0.7710744738578796, 0.43328890204429626, 0.8454558849334717, 0.8713124990463257, 0.7362047433853149, 0.6021527647972107, 0.9070932865142822, 0.8740477561950684, 0.7445220947265625, 0.8589242696762085, -0.23773802816867828, -0.6587252616882324, 0.7294244766235352, 0.8325095176696777, 0.7670816779136658, -0.7192143201828003, 0.8078905344009399, -0.5742358565330505, 0.8507523536682129, 0.29098939895629883, -0.35338348150253296, 0.5792710781097412, 0.8651068210601807, -0.10611774027347565, 0.7775517702102661, 0.7745413780212402, 0.8701265454292297, -0.6423068642616272, -0.38066163659095764, 0.7937330007553101, 0.4401664733886719, 0.8853552937507629, 0.8108923435211182, -0.4297444224357605, 0.8124403953552246, 0.8312408328056335, 0.4770263433456421, 0.8632087707519531, 0.85849928855896, 0.8468244075775146, 0.9059452414512634, 0.04055369645357132, 0.8893312811851501, 0.8083016872406006, 0.7800754308700562, -0.21730855107307434, 0.6341862678527832, 0.8274009227752686, 0.8060542941093445, 0.8695963025093079, 0.878369152545929, 0.849018394947052, 0.7574431896209717, 0.8643347024917603, 0.8416013717651367, 0.7912659645080566, 0.5208076238632202, 0.8686810731887817, 0.8557401895523071, 0.6617671251296997, 0.9178054332733154, 0.8420634269714355, 0.8805460929870605, 0.7725895643234253, 0.837943434715271, 0.8058431148529053, 0.7949941158294678, 0.5918380618095398, 0.8172610998153687, 0.8805336356163025, 0.7691950798034668, 0.7234965562820435, 0.8684817552566528, 0.7707600593566895, 0.8991341590881348, 0.5085605382919312, 0.8117427825927734, 0.8053885698318481, 0.828176736831665, 0.8784778118133545, 0.889556884765625, 0.8483904600143433, 0.8352377414703369, 0.853786826133728, 0.8763860464096069, 0.8068210482597351, -0.7609497308731079, -0.36230841279029846, 0.8190371990203857, -0.7701589465141296, 0.41334331035614014, 0.6716420650482178, 0.9449127912521362, 0.3228399157524109, 0.8409919142723083, 0.8658195734024048, 0.8547504544258118, 0.8342375755310059, 0.8068944215774536, 0.8402405381202698, 0.9591290354728699, -0.2649918496608734, -0.7433139681816101, 0.30837514996528625, 0.8804118633270264, 0.8564695119857788, 0.6567366123199463, 0.9310624599456787, 0.8332265615463257, 0.15665718913078308, 0.29531359672546387, 0.7608959674835205, -0.49472713470458984, 0.8396030068397522, 0.37726029753685, -0.840865969657898, -0.6433492302894592, 0.7707628011703491, 0.9078776836395264, 0.7426015138626099, 0.8809959888458252, 0.8445038795471191, 0.8225476741790771, 0.8351633548736572, 0.8293639421463013, 0.8250570297241211, 0.8429636359214783, 0.7778648138046265, 0.846439778804779, -0.5210018157958984, 0.8867096304893494, 0.3507024645805359, 0.8997865319252014, 0.896713137626648, 0.8035255670547485, 0.6297382116317749, 0.22783300280570984, 0.7454574108123779, 0.934055745601654, 0.8296507596969604, -0.30578380823135376, 0.8775007724761963, 0.8887849450111389, 0.9338115453720093, 0.8347225189208984, 0.1531747728586197, 0.6524608731269836, 0.8916133046150208, 0.8787614703178406, 0.882737398147583, 0.8604823350906372, 0.8665117025375366, 0.8523329496383667, -0.5863234996795654, 0.824260950088501, 0.8970528841018677, 0.8223519921302795, 0.6116385459899902, 0.8386499881744385, 0.834050178527832, 0.8921999931335449, 0.4208875298500061, 0.8212430477142334, 0.7947933673858643, 0.8862085342407227, 0.8482705950737, 0.775854229927063, 0.7608568668365479, -0.5612309575080872, 0.8077250719070435, 0.8483481407165527, -0.25953978300094604, 0.8043060302734375, 0.8568135499954224, 0.8958749771118164, 0.3441767692565918, 0.869709849357605, 0.803652822971344, 0.8075122833251953, 0.7987660765647888, 0.8233737349510193, 0.8568426370620728, 0.8341360092163086, 0.9035868644714355, 0.8979901075363159, 0.8400743007659912, 0.8995426297187805, 0.8003148436546326, 0.9178115129470825, 0.8090083003044128, 0.8815337419509888, 0.8688717484474182, -0.818809986114502, 0.8460819721221924, 0.8155911564826965, 0.8741300106048584, 0.8819815516471863, 0.6868430376052856, 0.8922773599624634, 0.8374389410018921, 0.8550641536712646, 0.8472762107849121, 0.771734356880188, -0.5363673567771912, 0.7835496664047241, 0.8062777519226074, 0.8765376210212708, 0.3551005721092224, 0.8041107058525085, 0.8357501029968262, 0.7596644759178162, 0.8779300451278687, -0.6607265472412109, 0.7846050262451172, 0.8444597721099854, 0.7816381454467773, 0.42227208614349365, 0.8556408882141113, 0.8324542045593262, 0.810846745967865, 0.900473952293396, 0.8239556550979614, 0.8443993330001831, 0.8286620378494263, 0.8343744277954102, 0.44349992275238037, -0.5808138847351074, 0.8460174798965454, 0.8555052280426025, 0.817314624786377, 0.7647072672843933, 0.6830259561538696, -0.6388368606567383, 0.8390934467315674, 0.7565257549285889, 0.8571392893791199, -0.674252986907959, 0.6677291393280029, 0.8475297093391418, 0.7130372524261475, 0.8943925499916077, -0.18706342577934265, 0.7058311700820923, 0.8312451243400574, 0.7954047322273254, 0.7826167345046997, 0.8079439401626587, 0.8490325212478638, 0.4271940290927887, -0.7529974579811096, 0.7934162616729736, 0.943929135799408, 0.34149765968322754, -0.5730807781219482, 0.8394052982330322, -0.6051566004753113, 0.7529007792472839, 0.8291916847229004, 0.7707860469818115, 0.8221234679222107, 0.9014289379119873, 0.725010097026825, 0.8785727024078369, 0.8196001052856445, 0.8958171606063843, 0.8812601566314697, 0.48232585191726685, 0.8371084332466125, 0.8539948463439941, 0.9032861590385437, 0.8989124894142151, -0.680446445941925, 0.8161129355430603, 0.9109174013137817, 0.8504957556724548, 0.8700262904167175, 0.6998412609100342, 0.8654850125312805, 0.7379302978515625, 0.8135309815406799, 0.06889744102954865, 0.8098050355911255, 0.7919469475746155, 0.8349165320396423, 0.8007645010948181, 0.8918519020080566, 0.7997580766677856, -0.3635258078575134, 0.831511914730072, 0.9320932626724243, 0.8664059042930603, 0.6751542687416077, 0.5249996185302734, 0.6038429737091064, 0.8322793245315552, 0.8923613429069519, 0.8247551321983337, 0.8902177810668945, 0.8098393082618713, 0.8900055885314941, 0.9008386135101318, 0.8182888031005859, 0.8252027034759521, 0.8222925066947937, 0.8568329811096191, 0.8399682641029358, -0.2937030494213104, -0.1758849322795868, 0.8243368864059448, -0.797063410282135, 0.831298828125, 0.765762448310852, 0.8502156138420105, 0.8155208826065063, 0.49413537979125977, -0.26094287633895874, -0.5587485432624817, 0.8394628167152405, 0.8975852727890015, 0.9197866916656494, 0.857006311416626, 0.8283045291900635, 0.561800479888916, 0.793919563293457, 0.8386733531951904, 0.8026502728462219, 0.8025395274162292, 0.7974436283111572, 0.9273959398269653, -0.16399303078651428, 0.7877947092056274, 0.8551748991012573, -0.6675674915313721, -0.6927482485771179, 0.7629393339157104, 0.87697833776474, -0.5027071237564087, 0.8276453614234924, 0.8217490911483765, 0.8235447406768799, 0.8552103042602539, -0.30668777227401733, -0.6482245922088623, 0.7990896105766296, -0.22580742835998535, -0.4958816170692444, 0.5470077991485596, -0.30442994832992554, 0.9190422296524048, 0.817212700843811, 0.8044676780700684, 0.8379527926445007, 0.837414562702179, -0.1550525575876236, 0.7933140993118286, 0.7744706869125366, 0.8139792680740356, 0.7106879949569702, 0.7377715110778809, 0.8316103219985962, 0.632250189781189, 0.8572070598602295, -0.0017759203910827637, 0.8941046595573425, -0.746396541595459, 0.8560960292816162, 0.8366848826408386, 0.8863133788108826, 0.8485082983970642, -0.39184433221817017, 0.8778475522994995, 0.8477624654769897, 0.8955709934234619, 0.8649770021438599, -0.5615652203559875, 0.8118922710418701, 0.7933223247528076, 0.8914924263954163, 0.8800435662269592, -0.0037896912544965744, -0.22713083028793335, 0.8631988763809204, 0.9092742204666138, 0.8168361186981201, 0.7995686531066895, 0.7929276823997498, 0.8383017182350159, 0.8888628482818604, 0.9088805913925171, 0.797950029373169, 0.09346623718738556, 0.8598358631134033, 0.8324941396713257, 0.8652454018592834, 0.8577677011489868, 0.785688042640686, 0.8313730955123901, 0.8611754775047302, -0.319246381521225, 0.8399269580841064, 0.8183351159095764, 0.8413453102111816, 0.8839017748832703, 0.7440196871757507, 0.865180492401123, -0.3152082860469818, 0.8266669511795044, 0.807829737663269, 0.8310793042182922, 0.7789821624755859, 0.829694926738739, 0.7994896769523621, 0.8263381719589233, 0.35328954458236694, 0.8284060955047607, 0.8180361986160278, 0.8912517428398132, 0.7687307596206665, 0.8527300357818604, 0.84486985206604, 0.8806309103965759, 0.8475481867790222, 0.7864325046539307, 0.8683703541755676, 0.804980456829071, 0.837310791015625, 0.7882034182548523, 0.7987060546875, -0.6623727679252625, 0.7629786729812622, 0.7642233371734619, 0.8089667558670044, -0.5073761940002441, 0.8253899216651917, 0.8284515142440796, 0.8488026261329651, 0.8795899748802185, 0.8535535931587219, 0.8407109379768372, 0.8664096593856812, -0.25077736377716064, 0.8076980113983154, -0.6125588417053223, 0.7062594890594482, -0.22396382689476013, 0.757967472076416, 0.7905313968658447, 0.9143535494804382, 0.7882216572761536, 0.7884070873260498, -0.3608251214027405, -0.8292076587677002, -0.5672879815101624, 0.8539506196975708, 0.8418523073196411, 0.8890214562416077, 0.6750967502593994, 0.6302589178085327, 0.18283207714557648, 0.8390822410583496, 0.8201503157615662, 0.8605072498321533, 0.8561583757400513, 0.282563179731369, 0.8446593284606934, 0.7761069536209106, 0.9078729152679443, 0.8373258113861084, 0.8138021230697632, 0.719617486000061, 0.7618597745895386, 0.5969889760017395, 0.8430584073066711, 0.009377449750900269, 0.8779751658439636, 0.49662816524505615, -0.08006016910076141, 0.8575773239135742, 0.32250529527664185, -0.16816268861293793, 0.8369170427322388, 0.9467976689338684, 0.0671738013625145, 0.35432708263397217, 0.8422033786773682, 0.8791986703872681, 0.8487340211868286, 0.7526596784591675, 0.8078647255897522, 0.8407349586486816, 0.596365213394165, -0.7834182977676392, 0.23515766859054565, 0.7746874094009399, 0.5769213438034058, 0.8362202644348145, 0.8568710088729858, 0.8053585886955261, 0.9148643016815186, 0.8802586197853088, 0.6874417662620544, 0.8418160676956177, 0.8876193165779114, 0.8985599279403687, 0.8625627160072327, 0.759505569934845, 0.918675422668457, 0.8254687786102295, -0.060148730874061584, 0.8919997811317444, 0.784671425819397, -0.15052951872348785, 0.8624361753463745, 0.7615399956703186, -0.21019232273101807, 0.8416255712509155, 0.8098177909851074, 0.9064247012138367, -0.4867405295372009, 0.882090151309967, -0.8448375463485718, 0.8591271042823792, 0.8896564841270447, -0.5654206871986389, 0.7805465459823608, 0.7742186784744263, 0.8905847072601318, 0.8502263426780701, 0.8187490701675415, 0.6227469444274902, 0.8270106315612793, 0.804500937461853, 0.9296039938926697, 0.7550025582313538, 0.8265313506126404, 0.7657551765441895, 0.4235054850578308, -0.6318482756614685, 0.8779224157333374, 0.8254051208496094, 0.4411048889160156, 0.6747890710830688, 0.908210039138794, 0.7496598958969116, 0.3253835141658783, 0.973018229007721, 0.8151675462722778, 0.8062793016433716, 0.8217873573303223, 0.820149838924408, -0.592731237411499, 0.8467384576797485, -0.5382509231567383, 0.6804796457290649, 0.822405993938446, 0.4917159676551819, 0.8475971221923828, 0.8614190220832825, 0.8106141686439514, 0.33805280923843384, 0.8723532557487488, 0.7860788106918335, 0.9175091981887817, 0.8673789501190186, 0.8846775889396667, 0.9333832859992981, -0.18422400951385498, -0.5736719369888306, 0.9115068316459656, 0.9138858914375305, 0.8715978264808655, 0.8517849445343018, 0.6175974011421204, -0.011542227119207382, 0.847633957862854, 0.8822618722915649, 0.8446516990661621, 0.9137306809425354, 0.811028003692627, -0.23055869340896606, 0.8188052177429199, 0.8405299782752991, 0.684615969657898, 0.8641248345375061, -0.33512037992477417, 0.8289923667907715, 0.8162238001823425, 0.858700156211853, 0.8441005945205688, 0.2792193293571472, 0.973824679851532, -0.13178333640098572, 0.9329560995101929, 0.7999624609947205, 0.787838339805603, 0.8183073997497559, 0.840623140335083, 0.41945987939834595, 0.2432277798652649, -0.3184979557991028, 0.7668432593345642, 0.7718347311019897, 0.49384239315986633, 0.8074954152107239, 0.8887473940849304, 0.7842159867286682, 0.8485784530639648, 0.876065194606781, 0.3886997401714325, 0.8394831418991089, 0.8603083491325378, 0.8343265056610107, 0.8574913144111633, 0.855657696723938, -0.30370834469795227, 0.7861397862434387, 0.8121809959411621, -0.4998202919960022, 0.8831252455711365, 0.7999842166900635, 0.19239354133605957, 0.5590568780899048, 0.8428632020950317, -0.5774178504943848, 0.842759370803833, 0.849609911441803, 0.7752025127410889, 0.8684894442558289, 0.8826580047607422, 0.447809100151062, 0.8270963430404663, 0.8539489507675171, 0.8198938369750977, -0.2640347182750702, 0.15314601361751556, 0.7831662893295288, 0.8160501718521118, 0.8715972900390625, 0.788846492767334, 0.8087435960769653, 0.7723730802536011, 0.8373209238052368, 0.8568871021270752, 0.32253170013427734, 0.8278554081916809, -0.24869579076766968, 0.9396440386772156, 0.9988184571266174, 0.9464399218559265, 0.8034619688987732, 0.7249143123626709, 0.7560006380081177, 0.8855510950088501, 0.7273024320602417, 0.8605960011482239, 0.8556745648384094, 0.8113768100738525, 0.854695200920105, 0.809711217880249, 0.8797628879547119, 0.7270910143852234, 0.9184895157814026, 0.828690767288208, 0.7719037532806396, 0.5402467250823975, 0.8629562258720398, 0.8602335453033447, 0.8568538427352905, 0.9092833995819092, 0.8081902265548706, 0.8454560041427612, 0.8394862413406372, 0.8404926061630249, 0.904850959777832, 0.9094992876052856, 0.8103309869766235, 0.84861159324646, 0.901660680770874, 0.8706212043762207, 0.7568333148956299, 0.7956172227859497, 0.8838404417037964, 0.8017325401306152, 0.8563612699508667, 0.8485183715820312, 0.8779250383377075, 0.8175220489501953, 0.7745251655578613, 0.7903566360473633, 0.8509987592697144, -0.3143472671508789, 0.8982963562011719, -0.41948431730270386, 0.8555834293365479, 0.7658452987670898, 0.8781899809837341, 0.8783484101295471, 0.8579498529434204, 0.8648136854171753, 0.8045021891593933, 0.3956688642501831, 0.8369262218475342, 0.8517642617225647, 0.8953147530555725, 0.8830675482749939, -0.6764596700668335, 0.4891830086708069, 0.9094949960708618, -0.1857387125492096, 0.7545117139816284, 0.8982592225074768, 0.8047667145729065, -0.6106343865394592, 0.20152966678142548, 0.45175236463546753, 0.8282781839370728, 0.9097571969032288, 0.81793612241745, 0.8322516679763794, -0.6188032627105713, 0.8308047652244568, -0.7255810499191284, 0.4419732093811035, 0.535342812538147, 0.8343585729598999, 0.8456904888153076, 0.7639210224151611, 0.8916651010513306, -0.24820064008235931, 0.8997241258621216, -0.7359606027603149, 0.907271146774292, 0.8129394054412842, 0.9300255179405212, 0.8492482900619507, 0.8037930130958557, 0.6882998943328857, 0.8633474707603455, 0.8089617490768433, 0.8930608034133911, 0.854149341583252, 0.8787423372268677, 0.8015159368515015, 0.8934304118156433, 0.7829537391662598, 0.4973158538341522, 0.3573499023914337, 0.8604735732078552, -0.5673878192901611, 0.77537602186203, 0.8511548638343811, 0.9225102066993713, -0.6561760306358337, 0.8475537896156311, 0.8577544689178467, 0.840756893157959, 0.9107435941696167, 0.7570767402648926, 0.7360235452651978, 0.7919023036956787, 0.01815749891102314, 0.8698755502700806, 0.8289874196052551, 0.7890030145645142, 0.8239036798477173, 0.901993453502655, -0.47679415345191956, -0.6758702993392944, -0.17554333806037903, -0.150880366563797, 0.6678209900856018, 0.8747649192810059, 0.8263367414474487, 0.8513222932815552, 0.8296278715133667, -0.20953120291233063, 0.5976489782333374, 0.8182744979858398, -0.562740683555603, 0.8883287310600281, 0.8150153160095215, 0.835142195224762, 0.842901349067688, 0.8258926272392273, 0.8254075646400452, 0.808236837387085, 0.8429141044616699, 0.8326336741447449, 0.9121649265289307, 0.8573695421218872, 0.7990912795066833, -0.4978560507297516, 0.8309894800186157, 0.7900905609130859, -0.8242074847221375, 0.8217060565948486, -0.6392519474029541, 0.77492356300354, 0.771452784538269, 0.8310278654098511, 0.7916815280914307, 0.8355209827423096, 0.8180113434791565, 0.7759062051773071, -0.607864260673523, 0.5293435454368591, 0.5223476886749268, 0.8120042085647583, 0.8296620845794678, 0.8291928172111511, 0.7768805623054504, 0.9276124238967896, 0.4057634472846985, 0.6885886192321777, -0.5735295414924622, 0.7801429629325867, 0.7996258735656738, 0.9190459251403809, 0.8873379230499268, 0.8200149536132812, 0.7935982942581177, 0.8699769377708435, 0.802099347114563, 0.4313821792602539, 0.7710427045822144, 0.82924884557724, 0.823069155216217, 0.8934761881828308, 0.7771376371383667, -0.6395643949508667, -0.01588103547692299, 0.5134946703910828, 0.8943872451782227, 0.8044916391372681, 0.7550052404403687, 0.8553830981254578, 0.8241115212440491, 0.8216947317123413, 0.873012900352478, 0.8624547123908997, 0.8582004308700562, 0.46967950463294983, 0.8527336120605469, -0.612592339515686, 0.8653316497802734, 0.776168942451477, 0.6522690057754517, -0.549505352973938, 0.8573477864265442, 0.35022637248039246, 0.8513780832290649, -0.6491212844848633, -0.2184479683637619, 0.8348780870437622, 0.8093485832214355, 0.465734601020813, 0.7421867847442627, 0.769553005695343, 0.8368828296661377, 0.8317618370056152, 0.8614526391029358, 0.8128653764724731, 0.837019145488739, 0.8184859156608582, 0.8604655265808105, 0.8155139088630676, 0.8436048030853271, -0.6513237953186035, 0.8881862759590149, -0.15135379135608673, 0.8933976888656616, 0.8602286577224731, 0.7377162575721741, 0.8070284128189087, -0.8390277624130249, 0.8403127193450928, 0.7980176210403442, 0.8829570412635803, -0.6267524361610413, 0.8952634930610657, 0.6962951421737671, -0.6069611310958862, 0.8708568215370178, -0.4836221933364868, 0.853162407875061, 0.34290656447410583, -0.4428069591522217, 0.8588970303535461, 0.8285809755325317, 0.8409963846206665, -0.05642233043909073, 0.9179322123527527, 0.8730564117431641, 0.8590525388717651, -0.14396648108959198, 0.5258424878120422, 0.7885744571685791, 0.8256478309631348, 0.8729142546653748, 0.8427517414093018, 0.08874595910310745, 0.24039053916931152, 0.22430123388767242, 0.8141134977340698, -0.629557728767395, 0.8432654738426208, 0.8906649947166443, 0.5769110918045044, -0.28481218218803406, 0.8848121166229248, -0.1655035763978958, 0.8779588341712952, 0.8952614068984985, 0.8874055743217468, 0.8191218376159668, 0.9849974513053894, 0.8237999081611633, 0.8178753852844238, 0.7236534953117371, 0.8385791182518005, -0.643429160118103, 0.758874773979187, 0.44354087114334106, 0.8001983165740967, 0.8308737277984619, 0.8143904209136963, 0.8099478483200073, -0.5872283577919006, 0.8042678833007812, 0.290896475315094, 0.838320791721344, 0.8365662097930908, 0.9848889112472534, 0.8855575323104858, 0.8129881620407104, -0.6041019558906555, 0.7743431329727173, 0.7261782884597778, 0.48866650462150574, -0.09361355751752853, 0.33351290225982666, -0.39999857544898987, -0.46850451827049255, 0.8252935409545898, 0.8198011517524719, 0.8697536587715149, 0.8933952450752258, 0.8837746977806091, 0.8365010619163513, -0.15650184452533722, 0.7689785957336426, 0.819603443145752, 0.7909239530563354, 0.3385220170021057, 0.7949360609054565, 0.9205722808837891, 0.8395567536354065, -0.5588460564613342, 0.7482114434242249, 0.8429789543151855, 0.8049730062484741, 0.8721433281898499, 0.8882479071617126, 0.8309886455535889, 0.8521255254745483, -0.5706820487976074, -0.4968467354774475, 0.8103932738304138, 0.8605958223342896, -0.6120148301124573, 0.7999624013900757, -0.010979264974594116, 0.8277561664581299, 0.856419563293457, 0.7341457009315491, 0.8094347715377808, 0.45609793066978455, 0.8705921769142151, 0.7796104550361633, 0.8338733911514282, 0.7935078740119934, 0.9047853350639343, 0.9081742763519287, 0.8442637920379639, 0.8774888515472412, 0.8456659317016602, -0.2245733141899109, 0.8773285746574402, 0.7808294892311096, 0.7515138983726501, 0.8368147611618042, 0.3116830289363861, -0.536536693572998, -0.13336245715618134, 0.8025286793708801, 0.8713359832763672, 0.7862343788146973, 0.8807212710380554, 0.8715845346450806, 0.8920458555221558, 0.9083109498023987, 0.3203098475933075, 0.8972381353378296, 0.799045205116272, 0.8197015523910522, 0.8836228847503662, 0.8621659278869629, 0.352791965007782, 0.8810715675354004, 0.8638746738433838, 0.9107315540313721, -0.5742346048355103, -0.5476433038711548, 0.8998881578445435, 0.8504620790481567, 0.8478835821151733, 0.817926287651062, -0.5253114700317383, 0.8644911646842957, 0.784440279006958, 0.8759937286376953, 0.9852794408798218, 0.8233795166015625, 0.43253573775291443, -0.6359007358551025, 0.843018651008606, -0.30278995633125305, -0.15001076459884644, 0.8978310227394104, 0.816811740398407, 0.7930307388305664, 0.8687191009521484, 0.844368577003479, 0.8484704494476318, 0.8103104829788208, 0.8426327109336853, 0.426654577255249, 0.8852144479751587, 0.8147876858711243, 0.776991605758667, 0.8942031860351562, -0.2049807757139206, 0.9247987270355225, 0.7540284395217896, 0.8908175826072693, 0.8841590285301208, 0.8178433179855347, 0.8517553210258484, 0.767504096031189, 0.8275374174118042, -0.27260053157806396, 0.8664811849594116, -0.0910191684961319, 0.7702673673629761, -0.8084118366241455, 0.8163121342658997, 0.863024115562439, 0.6601399779319763, 0.9016587138175964, 0.7841517925262451, 0.9170130491256714, -0.7027223110198975, 0.8450984954833984, 0.7054122686386108, 0.8577089309692383, 0.8410546779632568, -0.573924720287323, -0.8181607723236084, 0.9308260679244995, 0.8326561450958252, 0.8139786124229431, 0.7917434573173523, 0.8347575664520264, 0.8290523290634155, 0.8402989506721497, 0.7173564434051514, 0.8682962656021118, 0.773724377155304, 0.7840724587440491, 0.7844597697257996, 0.7595874071121216, 0.7629960775375366, 0.8362431526184082, 0.8154827356338501, 0.7714924812316895, 0.8119329214096069, 0.8001287579536438, 0.8595893383026123, 0.41491568088531494, 0.9288383722305298, 0.4007726311683655, 0.7495141625404358, 0.802403450012207, -0.6127516031265259, 0.7982791662216187, 0.7590477466583252, 0.8949688076972961, 0.8759787082672119, 0.8538233637809753, 0.8536880612373352, 0.8740402460098267, 0.03285913169384003, 0.8110500574111938, 0.8311983942985535, 0.8504884839057922, 0.8765267133712769, 0.8975953459739685, 0.8942519426345825, 0.8769822120666504, 0.7916367053985596, 0.8433436155319214, 0.8370653390884399, 0.790416955947876, -0.6488174200057983, 0.8242485523223877, 0.8064613342285156, 0.8150899410247803, 0.8384844064712524, 0.6034312844276428, -0.8074655532836914, 0.8685146570205688, -0.07286320626735687, 0.8526670336723328, 0.8612114191055298, 0.3613049387931824, 0.8140130043029785, 0.8533204197883606, 0.8886255025863647, 0.7921620607376099, 0.803360104560852, 0.8901362419128418, 0.8870366215705872, 0.8077131509780884, 0.8728888034820557, 0.7766038179397583, 0.8366860151290894, -0.3921230137348175, 0.8270406723022461, 0.8513765931129456, 0.8618847727775574, 0.7850121259689331, 0.8568676114082336, -0.62202388048172, -0.2798492908477783, 0.8299250602722168, 0.8287855386734009, 0.8808110356330872, 0.8614679574966431, 0.8801676034927368, 0.8276174664497375, 0.8300690054893494, 0.8225429654121399, 0.8426365852355957, 0.8832234144210815, 0.8925260305404663, 0.7313054800033569, 0.9189221262931824, 0.8617264032363892, 0.8232524394989014, 0.8505868911743164, 0.8699188232421875, 0.9176772236824036, 0.9332855939865112, 0.8448875546455383, 0.9089609384536743, -0.6243239641189575, 0.556649923324585, 0.8997237682342529, 0.8227270245552063, 0.8059391975402832, 0.8238693475723267, 0.6206557750701904, 0.8851792812347412, 0.8069148659706116, -0.42718085646629333, -0.21955133974552155, 0.8582177758216858, 0.8266831636428833, 0.8029254078865051, 0.8964480757713318, -0.3517737090587616, 0.8898452520370483, 0.8103267550468445, 0.7423191070556641, 0.929459810256958, 0.8758708238601685, -0.7577337622642517, 0.8579743504524231, 0.15070724487304688, 0.8076250553131104, 0.5487351417541504, 0.799278736114502, 0.8911696672439575, 0.9147797226905823, 0.6490820646286011, -0.817432165145874, 0.8439581394195557, -0.23791193962097168, 0.896522045135498, -0.7739269733428955, -0.055090367794036865, 0.8807125687599182, 0.8105347156524658, 0.8563753962516785, 0.8887323141098022, 0.8224694132804871, 0.8271883130073547, 0.8231247067451477, 0.34181416034698486, 0.8605637550354004, 0.35645395517349243, 0.8248938322067261, 0.541991651058197, 0.42233002185821533, 0.8673778772354126, 0.8292021155357361, 0.8735044002532959, 0.7985838055610657, 0.40316376090049744, -0.32100775837898254, -0.5571725368499756, 0.5546833872795105, -0.20251843333244324, 0.7717893123626709, 0.9210329651832581, 0.7873156666755676, 0.7786571979522705, 0.20346322655677795, -0.2770259976387024, -0.2477426528930664, 0.8235549330711365, 0.585636556148529, 0.7677937150001526, -0.7379682064056396, 0.8447136878967285, 0.7965372800827026, 0.8362054824829102, 0.8861169219017029, 0.812894344329834, 0.2590689957141876, 0.881884753704071, -0.09556839615106583, 0.9070160984992981, 0.8413510918617249, -0.19181376695632935, 0.8361788392066956, 0.8935431241989136, 0.7418508529663086, 0.869006872177124, 0.8573374152183533, 0.8479270339012146, 0.8979570269584656, 0.8546092510223389, 0.8297075629234314, 0.7816176414489746, 0.8725916743278503, 0.8126595616340637, 0.8725584745407104, 0.8199048638343811, 0.7162027359008789, 0.8578565716743469, 0.7952704429626465, -0.5378915071487427, 0.7598013877868652, 0.8215362429618835, 0.7592142820358276, 0.7819505929946899, 0.8603641986846924, -0.1618610918521881, 0.8368444442749023, 0.933424711227417, 0.7631183862686157, 0.8346531987190247, 0.8590826988220215, 0.7894664406776428, 0.87176913022995, 0.7603535056114197, 0.833000659942627, 0.8779304623603821, 0.8485509157180786, 0.8821648359298706, 0.8731064200401306, 0.7284225225448608, 0.8974636197090149, 0.7802858352661133, 0.8647472262382507, 0.8343173265457153, 0.8681110143661499, 0.8070058226585388, -0.3394618034362793, 0.9985685348510742, 0.8574821949005127, 0.7623599767684937, 0.893235445022583, 0.48929333686828613, 0.8438943028450012, 0.9975461959838867, 0.7312849760055542, -0.35143083333969116, -0.46476858854293823, 0.24525105953216553, 0.7201212644577026, 0.8829795718193054, 0.8162888288497925, 0.7917174100875854, -0.5311784744262695, 0.8261511325836182, 0.8685475587844849, 0.9474096298217773, 0.829962432384491, 0.8309653997421265, 0.03837458789348602, 0.9483274817466736, 0.7936872243881226, 0.8385403156280518, 0.8262811899185181, 0.870139479637146, -0.5032099485397339, 0.7980698347091675, 0.7098313570022583, 0.8554109334945679, 0.8504577875137329, 0.7890269160270691, 0.9441918730735779, -0.7283310890197754, 0.8481025695800781, 0.7652295827865601, 0.8973764181137085, 0.8807477355003357, 0.8507726192474365, 0.8595410585403442, 0.9187947511672974, 0.8152696490287781, 0.7696207761764526, 0.8172818422317505, -0.2686212658882141, 0.8988027572631836, 0.8373184204101562, 0.7766062021255493, 0.8404037952423096, -0.8070405721664429, 0.8445446491241455, 0.7660290002822876, -0.6962796449661255, 0.7897629737854004, 0.969329297542572, 0.8423519134521484, -0.8002408742904663, 0.2350752353668213, 0.7725123167037964, 0.8103832006454468, 0.7268962860107422, 0.7743663787841797, 0.8364280462265015, 0.8825864195823669, 0.8493106365203857, -0.5280203223228455, 0.8193343877792358, 0.8378201127052307, 0.5883090496063232, 0.619128942489624, 0.8281645774841309, 0.8679397106170654, 0.9155834317207336, 0.447950541973114, 0.8768266439437866, -0.17170967161655426, 0.9093422889709473, 0.7901237607002258, 0.6426210999488831, 0.8120782375335693, 0.8394820690155029, 0.8001745939254761, 0.3754359185695648, 0.8141399621963501, 0.8742718696594238, 0.9146215915679932, 0.7931478023529053, 0.7241226434707642, 0.84913170337677, -0.2663158178329468, 0.8665294051170349, 0.8691434860229492, 0.8091050386428833, 0.8280806541442871, 0.7217535972595215, 0.8723536133766174, 0.7567929029464722, 0.9735701084136963, 0.8504483103752136, 0.8338528275489807, 0.2619517743587494, 0.6881499886512756, 0.8496454358100891, 0.9300577044487, 0.8451594710350037, 0.8150100708007812, 0.7623834609985352, -0.4367119073867798, 0.8301295042037964, 0.854013979434967, 0.7723406553268433, 0.8095707893371582, 0.8891899585723877, 0.8306705951690674, -0.8045892715454102, 0.8377858996391296, 0.814162015914917, 0.6103053092956543, -0.5626090168952942, 0.8570948243141174, -0.08387530595064163, 0.4673667550086975, 0.8512057662010193, 0.9100555777549744, 0.8504078388214111, 0.9488892555236816, 0.8686429262161255, 0.8655264377593994, 0.7964933514595032, 0.36266711354255676, 0.8242250084877014, -0.25025734305381775, 0.7843255996704102, 0.6191628575325012, 0.8858691453933716, 0.9101682901382446, 0.8086874485015869, 0.8691785931587219, 0.8595874905586243, 0.8438358306884766, 0.7851682901382446, 0.9062340259552002, 0.45539382100105286, 0.8992069959640503, 0.8308488726615906, 0.8400369882583618, 0.8376404047012329, 0.8582468032836914, 0.8211878538131714, -0.6431620717048645, 0.5941044092178345, 0.8736940622329712, 0.8244149684906006, 0.8339380025863647, 0.7758253812789917, 0.8349376916885376, 0.8849770426750183, -0.6384865045547485, 0.8476822376251221, -0.5295565724372864, -0.711449146270752, 0.8587137460708618, 0.8769738674163818, 0.8273438215255737, 0.8851901888847351, 0.5531519651412964, 0.8261244297027588, 0.8829964995384216, 0.8347182273864746, -0.21391014754772186, 0.8769020438194275, -0.11159209907054901, 0.7579925060272217, 0.8583885431289673, 0.8909289240837097, 0.2147359699010849, 0.8466522693634033, 0.8945177793502808, 0.025395389646291733, 0.8560919165611267, 0.8059664368629456, 0.8798004388809204, 0.7550530433654785, 0.903748631477356, 0.888077974319458, 0.972844123840332, 0.8696475625038147, 0.8182857036590576, 0.8456504344940186, 0.7675431966781616, 0.8931166529655457, 0.7088052034378052, 0.7551440000534058, 0.7796869277954102, 0.47052866220474243, 0.7440069913864136, -0.7220361828804016, 0.7976719737052917, 0.8534166812896729, 0.9120563268661499, 0.8755086660385132, 0.2886844575405121, 0.9434996247291565, 0.4210728108882904, 0.6989548206329346, 0.9717998504638672, 0.9121711254119873, 0.804320752620697, 0.8571772575378418, -0.518964946269989, -0.7601228356361389, 0.8833183646202087, 0.8936583995819092, 0.7296030521392822, 0.8442175388336182, 0.8371634483337402, 0.8951078653335571, 0.8368716835975647, 0.7708281874656677, 0.8265354633331299, 0.7804928421974182, 0.40374210476875305, 0.7905328273773193, 0.8804652690887451, 0.08501394093036652, 0.7908164262771606, 0.793121874332428, 0.45844531059265137, 0.4223887324333191, 0.8523998856544495, -0.2837499976158142, 0.47958827018737793, 0.8451932668685913, 0.6649932861328125, 0.8381005525588989, 0.8366959095001221, 0.2817935049533844, 0.8681564331054688, -0.8529125452041626, 0.7595019340515137, 0.8379420638084412, 0.30899161100387573, 0.8694156408309937, -0.3160809278488159, 0.12463056296110153, 0.8361000418663025, 0.891639232635498, 0.08808458596467972, -0.3374398350715637, 0.8160080313682556, 0.8861735463142395, 0.7885118722915649, 0.3038628399372101, 0.12745368480682373, 0.8455872535705566, 0.8183912038803101, 0.8970665335655212, 0.8467966318130493, 0.24593111872673035, 0.816382884979248, 0.8062745928764343, 0.8427212238311768, 0.875780463218689, -0.3486260771751404, -0.31614768505096436, 0.7742401361465454, 0.8857293128967285, -0.08032907545566559, 0.8292915225028992, 0.5698277950286865, 0.7395163178443909, 0.8514283895492554, 0.9031357169151306, 0.8025060296058655, 0.35867902636528015, 0.2105770707130432, 0.9007469415664673, 0.23290014266967773, 0.8214557766914368, 0.8573742508888245, 0.5474261045455933, 0.8610257506370544, 0.9059442281723022, 0.819770097732544, 0.7628173232078552, 0.7995613813400269, 0.804953932762146, 0.90850430727005, 0.8248158693313599, 0.4649631381034851, 0.8308485746383667, 0.832597553730011, 0.8751960396766663, -0.6155054569244385, 0.8407468795776367, 0.4157128632068634, -0.6253324747085571, 0.5051753520965576, 0.7869554162025452, 0.807707667350769, 0.9128761291503906, 0.9473796486854553, 0.8741425275802612, 0.781609296798706, 0.8597630262374878, 0.8047665357589722, 0.9856109023094177, 0.824944257736206, 0.8019529581069946, 0.7826523780822754, 0.7055490016937256, 0.7732161283493042, 0.8562259674072266, 0.8317652344703674, 0.8771477341651917, 0.8446220755577087, 0.21181516349315643, 0.8331356048583984, 0.7997727394104004, 0.8355247974395752, 0.8326613903045654, 0.9111164212226868, 0.8704305291175842, 0.8352742195129395, 0.8172139525413513, 0.40199902653694153, 0.8116658329963684, 0.21879184246063232, 0.41870975494384766, -0.049765635281801224, 0.8321272730827332, 0.8186728358268738, 0.8368973731994629, 0.7176518440246582, 0.8976593017578125, 0.9973067045211792, 0.8302040100097656, 0.3866068124771118, 0.8665450811386108, -0.8555051684379578, 0.8041268587112427, 0.9402530193328857, 0.8678386807441711, 0.756666362285614, -0.020936153829097748, 0.7915380001068115, 0.7908311486244202, -0.12041881680488586, 0.8167385458946228, 0.8206311464309692, 0.7939915657043457, 0.7854007482528687, 0.6156362295150757, 0.8556478023529053, 0.7791812419891357, 0.7908416390419006, 0.8784584403038025, 0.8255460262298584, 0.8490017652511597, 0.803268313407898, 0.8959745168685913, 0.8924515843391418, 0.8289526700973511, 0.8577643632888794, 0.4006229639053345, 0.7275513410568237, -0.24322116374969482, 0.9977887272834778, 0.8532705903053284, 0.4994247257709503, -0.5896632075309753, 0.8280432224273682, 0.915940523147583, 0.7966485023498535, 0.9334724545478821, 0.8374549150466919, 0.8296204805374146, -0.6116481423377991, 0.8249828815460205, 0.7420759797096252, 0.831483006477356, 0.8496008515357971, 0.4737178087234497, 0.8939737677574158, 0.7819852828979492, 0.8240270018577576, 0.8223884105682373, 0.8572832942008972, 0.8337935209274292, 0.4259299039840698, 0.8672987818717957, 0.9047855734825134, -0.6788762807846069, 0.45985138416290283, 0.8201520442962646, 0.8110566139221191, 0.8279944658279419, 0.6556684374809265, 0.36177605390548706, 0.8346448540687561, 0.8220031261444092, 0.8237031698226929, 0.7943381071090698, 0.7370904088020325, 0.7764743566513062, 0.8470536470413208, 0.8339316844940186, 0.9834853410720825, 0.874488353729248, -0.8515028953552246, -0.16897296905517578, 0.7989734411239624, 0.8664073944091797, 0.3538441061973572, -0.042228758335113525, 0.8317109942436218, -0.5747758150100708, 0.9071033596992493, 0.8356072902679443, 0.8061990737915039, 0.8769046068191528, 0.8279088139533997, 0.7847887873649597, 0.7608727812767029, 0.8147392272949219, 0.7630096673965454, -0.17233581840991974, 0.8665786385536194, -0.5145658254623413, 0.8288474082946777, 0.8213589191436768, 0.7988811731338501, 0.8250789046287537, 0.7781639695167542, 0.766974925994873, 0.8296754360198975, 0.7682371139526367, 0.8664000630378723, 0.8614412546157837, 0.028563829138875008, 0.9041426181793213, 0.8916990160942078, 0.879421591758728, 0.8836519718170166, 0.782940149307251, -0.3269376754760742, -0.09964704513549805, 0.7960629463195801, 0.8856390118598938, 0.9295729398727417, 0.6554432511329651, 0.7413952350616455, -0.5781664252281189, 0.7463482022285461, 0.8064956665039062, 0.9339402318000793, 0.9473331570625305, -0.12150859832763672, -0.6866673231124878, 0.8665318489074707, 0.892909049987793, 0.8250611424446106, 0.7838354110717773, 0.8019384145736694, 0.852540135383606, 0.9329332113265991, 0.856529951095581, 0.2292596697807312, 0.7604469656944275, 0.841166615486145, 0.867253303527832, 0.865013599395752, 0.8200967311859131, 0.8466991186141968, 0.8462321758270264, -0.2446432113647461, -0.6129932403564453, 0.8179104328155518, 0.8674308061599731, 0.6272397041320801, 0.8968809843063354, 0.7952173352241516, 0.7770283818244934, 0.9284948706626892, 0.8735949993133545, 0.8214623928070068, -0.5655953884124756, 0.8888829350471497, 0.9228248596191406, 0.382454514503479, 0.7922062277793884, 0.7865959405899048, 0.39972299337387085, 0.8571065664291382, 0.8253726959228516, 0.797462522983551, -0.5981056690216064, 0.8426430225372314, 0.43421876430511475, 0.7964015007019043, 0.8564776182174683, -0.6928484439849854, -0.697969913482666, 0.8570907115936279, -0.6976956725120544, 0.864953875541687, 0.874893307685852, 0.04534614831209183, 0.7973054647445679, 0.8260422945022583, 0.7411233186721802, 0.8630636930465698, 0.7986928224563599, 0.8333392143249512, 0.8073434829711914, 0.8758862614631653, 0.7361946105957031, -0.31069236993789673, 0.8428797721862793, -0.661012589931488, 0.8492434620857239, 0.9111424684524536, -0.27983230352401733, 0.7414748072624207, 0.9331358671188354, 0.8576070666313171, 0.7842607498168945, 0.8804613351821899, 0.8526827096939087, 0.1684449017047882, -0.36609402298927307, 0.8476170897483826, 0.7618865370750427, 0.7464693784713745, 0.8644522428512573, -0.24820832908153534, 0.3761265277862549, 0.8478662967681885, 0.8232040405273438, 0.8539725542068481, 0.8457651734352112, 0.39022451639175415, 0.8338298201560974, 0.853318452835083, 0.7895827889442444, 0.8642679452896118, 0.35267138481140137, 0.7701550722122192, 0.8736447691917419, 0.9325116872787476, 0.8114244937896729, 0.6432751417160034, 0.786507248878479, 0.6655569672584534, 0.802014946937561, -0.2465103268623352, 0.8145454525947571, 0.8246184587478638, -0.541262686252594, 0.8662845492362976, 0.9457604885101318, 0.4432459771633148, 0.8633622527122498, 0.2627379894256592, 0.8771635293960571, 0.37095141410827637, 0.8796934485435486, 0.8314030766487122, 0.8116622567176819, 0.8606894612312317, 0.7024275660514832, 0.7965070605278015, 0.8204915523529053, -0.1732676923274994, -0.7078005075454712, -0.5771489143371582, -0.24763552844524384, 0.8817189931869507, 0.20179015398025513, 0.3826192021369934, 0.7837737202644348, 0.8426905274391174, 0.7649315595626831, 0.8230313062667847, 0.8151938915252686, 0.9174802303314209, 0.20575854182243347, 0.884850025177002, 0.7978354692459106, 0.8732449412345886, 0.9265762567520142, 0.7865257263183594, 0.8822633028030396, -0.20905904471874237, 0.8152210712432861, 0.8376362323760986, 0.9839516878128052, 0.9194788336753845, 0.8679078817367554, -0.1650335192680359, 0.8472230434417725, 0.8993051052093506, 0.8159202933311462, 0.3742678463459015, 0.8073384761810303, 0.2458375096321106, 0.8984760046005249, -0.1871456801891327, 0.9070067405700684, -0.6178648471832275, 0.7988899350166321, 0.8649598360061646, 0.8392884135246277, 0.8163080215454102, 0.8812563419342041, 0.8239337205886841, 0.8217277526855469, 0.013211578130722046, 0.8353722095489502, 0.7489559054374695, 0.8121234178543091, 0.9102398157119751, 0.8462324142456055, 0.8445854783058167, 0.6995052099227905, -0.782831072807312, 0.7207082509994507, 0.8714176416397095, 0.7947745323181152, 0.8253375291824341, -0.3460710346698761, 0.7860229015350342, 0.8546406030654907, 0.862215518951416, 0.7928612232208252, 0.8497685194015503, 0.4018091857433319, 0.48087164759635925, 0.8434174060821533, 0.8497052192687988, 0.20282882452011108, 0.8204631209373474, 0.7281743288040161, 0.8221256136894226, 0.8592441082000732, 0.752214789390564, -0.8320556879043579, 0.0334697887301445, 0.8491001725196838, 0.8120808601379395, 0.871380090713501, 0.8835533261299133, 0.7650614976882935, 0.854902982711792, 0.8349277377128601, 0.22919908165931702, 0.8732773065567017, 0.37980344891548157, 0.6718983054161072, 0.8493674993515015, 0.8598417043685913, -0.3560144007205963, 0.8037230968475342, 0.8727558851242065, 0.8777388334274292, -0.27035048604011536, 0.47140443325042725, 0.7702133655548096, 0.7719958424568176, 0.7626147866249084, 0.8356850147247314, 0.7370990514755249, 0.7695630788803101, 0.8178835511207581, 0.7482293844223022, 0.9111354351043701, 0.8828219771385193, 0.804688572883606, 0.9101014733314514, -0.5586459636688232, 0.5334603786468506, 0.7945327758789062, 0.42619019746780396, 0.5088030695915222, 0.8616046905517578, 0.7903667092323303, 0.8323378562927246, 0.7220376133918762, 0.8413498997688293, 0.8185122609138489, 0.3787897825241089, 0.38375186920166016, 0.23199954628944397, 0.8146059513092041, 0.8614897727966309, 0.2536745071411133, -0.16337227821350098, 0.8615236282348633, 0.9071037769317627, 0.8162811994552612, 0.8297491073608398, 0.7837353944778442, 0.7898309826850891, -0.6716042757034302, -0.27601686120033264, 0.7950078845024109, -0.5363290905952454, 0.8384678363800049, 0.8289687633514404, 0.8497775197029114, 0.6913083791732788, 0.8819314241409302, 0.7924973368644714, 0.7771238684654236, -0.26089364290237427, 0.8461611270904541, 0.8592953681945801, 0.8218359351158142, 0.8572508096694946, -0.24985036253929138, 0.8702356219291687, 0.776098370552063, 0.2660731077194214, 0.8899206519126892, 0.7459734678268433, 0.3639163076877594, -0.4997541904449463, -0.1892600655555725, 0.8849976658821106, -0.27068567276000977, 0.7800527811050415, 0.8572585582733154, 0.3570805788040161, 0.39216697216033936, -0.531843900680542, 0.7699892520904541, -0.24603456258773804, 0.7534269094467163, -0.7310919165611267, -0.23866522312164307, 0.819061279296875, 0.8305748701095581, 0.8747843503952026, 0.7461954355239868, 0.8799526691436768, 0.8438524007797241, 0.8041257858276367, 0.7703009247779846, 0.8675841689109802, -0.22041982412338257, 0.7931829690933228, -0.5910311937332153, 0.85759037733078, 0.8530848622322083, 0.7816558480262756, 0.7508598566055298, -0.5991055369377136, 0.8973378539085388, 0.8013616800308228, 0.7703173160552979, 0.8508495092391968]
