sample name: ['Cc1ccc(CCNC(=O)NCCc2csc(N3CCCC3)n2)c(C)c1']
atom_index,distance,cosine_similarity
0,-1.0683642578125,0.018760628812015057
1,-1.03886474609375,0.0014364138245582581
2,-1.67026123046875,-0.03888563446700573
3,-5.7914599609375,0.01695897487923503
4,-3.004635009765625,-0.03350877460092306
5,-2.451395263671875,0.025849979165941478
6,-5.43794189453125,0.07363618087023496
7,-0.7469580078125,0.0021863580029457806
8,-3.55958740234375,0.130537981800735
9,-2.49140380859375,0.12615102540701628
10,-0.031546630859375,-0.08425551246851683
11,-5.65509765625,0.11766570564359427
12,-5.510108642578125,0.11665060214698314
13,-0.1223291015625,-0.010522104166448117
14,-5.648612060546875,0.0006548213213682175
15,-7.724990234375,0.0544834404066205
16,-4.512618408203125,0.013255514893680811
17,-2.00708251953125,0.09708781253546477
18,-3.7757666015625,-0.050141015127301215

Sum of phi values for distance
-62.2490234375
Sum of phi values for cosine similarity
0.5780023988801987
Average distance random samples:
79.68489092651167
Average cosine similarity random samples:
0.016120399877821143
Distances random samples
[13.302013397216797, 20.46500015258789, 103.69721221923828, 123.9405288696289, 105.53021240234375, 18.152727127075195, 161.0037841796875, 74.77903747558594, 24.49473762512207, 11.38323974609375, 15.01366901397705, 18.51096534729004, 122.1189956665039, 81.9117660522461, 71.59355926513672, 16.49894905090332, 25.9498233795166, 24.17872428894043, 17.879615783691406, 132.14910888671875, 26.967836380004883, 11.509793281555176, 165.53538513183594, 186.3267822265625, 12.079347610473633, 119.24365234375, 108.6610107421875, 18.4822998046875, 34.633384704589844, 23.4697322845459, 116.99386596679688, 16.245805740356445, 12.06501579284668, 176.01100158691406, 96.8994140625, 19.722888946533203, 187.0900421142578, 12.083346366882324, 177.0413818359375, 72.87437438964844, 123.98458099365234, 81.01432037353516, 19.43344497680664, 139.1536102294922, 41.79692840576172, 154.8948516845703, 15.539563179016113, 56.63740539550781, 9.42381763458252, 155.11026000976562, 9.486868858337402, 17.846555709838867, 13.413874626159668, 21.756385803222656, 74.61128997802734, 145.98072814941406, 12.085054397583008, 101.8777084350586, 9.721701622009277, 11.882548332214355, 158.41615295410156, 183.1202850341797, 115.76594543457031, 141.1697235107422, 126.10569763183594, 92.80186462402344, 8.954072952270508, 54.317138671875, 14.656386375427246, 36.41622543334961, 20.277652740478516, 159.8641357421875, 20.362932205200195, 7.343351364135742, 10.156518936157227, 10.63546085357666, 62.55379867553711, 8.511054992675781, 86.24777221679688, 24.34811782836914, 174.81834411621094, 150.16427612304688, 145.22190856933594, 13.682616233825684, 197.76734924316406, 174.19503784179688, 69.81143188476562, 72.55247497558594, 184.94215393066406, 10.530105590820312, 98.84532928466797, 13.866405487060547, 9.893750190734863, 186.78143310546875, 175.32907104492188, 158.87796020507812, 89.8564224243164, 12.694419860839844, 18.550323486328125, 119.49253845214844, 32.49324035644531, 40.1165771484375, 9.342912673950195, 27.100025177001953, 16.240739822387695, 52.8718147277832, 78.27717590332031, 15.02193546295166, 11.042215347290039, 146.04356384277344, 14.22752571105957, 90.96875762939453, 17.665088653564453, 136.5500030517578, 10.005057334899902, 63.67084884643555, 12.42188549041748, 167.35174560546875, 15.429463386535645, 190.82656860351562, 21.13802719116211, 9.16424560546875, 184.79286193847656, 163.98538208007812, 125.84196472167969, 73.22735595703125, 8.992478370666504, 123.10595703125, 27.69465446472168, 126.66779327392578, 19.095861434936523, 10.685698509216309, 191.05728149414062, 16.25977325439453, 176.35569763183594, 152.3243865966797, 23.64295196533203, 23.962757110595703, 149.22021484375, 68.10939025878906, 107.6673812866211, 28.461149215698242, 15.93670654296875, 178.27105712890625, 171.92706298828125, 29.439481735229492, 14.587871551513672, 105.294189453125, 85.86266326904297, 117.92060089111328, 199.86219787597656, 10.735743522644043, 17.42632293701172, 152.7892608642578, 73.04070281982422, 32.60223388671875, 170.2742156982422, 191.38180541992188, 141.66607666015625, 10.228846549987793, 140.7367706298828, 163.7138214111328, 18.01724624633789, 127.46611022949219, 71.02233123779297, 17.537809371948242, 16.34491729736328, 148.11778259277344, 13.325318336486816, 79.80435943603516, 13.564693450927734, 16.504833221435547, 107.16038513183594, 10.575078964233398, 159.49896240234375, 122.31578063964844, 178.9348907470703, 8.863434791564941, 63.2254524230957, 151.70504760742188, 48.33245086669922, 12.258275985717773, 48.278076171875, 137.55908203125, 10.964615821838379, 159.10044860839844, 18.780303955078125, 190.6064910888672, 12.501863479614258, 133.41644287109375, 23.797027587890625, 176.97146606445312, 62.036476135253906, 121.12210083007812, 172.36553955078125, 14.351580619812012, 202.45355224609375, 15.482782363891602, 15.56303596496582, 128.55221557617188, 152.03074645996094, 137.5418701171875, 50.4386100769043, 10.298872947692871, 78.32596588134766, 153.2036590576172, 77.67056274414062, 13.239203453063965, 41.58530807495117, 20.61570930480957, 76.79701232910156, 192.96548461914062, 13.868995666503906, 101.41265106201172, 70.26590728759766, 39.093048095703125, 159.03927612304688, 194.46009826660156, 10.457240104675293, 172.12940979003906, 133.6944122314453, 11.146297454833984, 155.18414306640625, 15.521135330200195, 83.24595642089844, 38.22008514404297, 43.77604293823242, 48.471134185791016, 83.23643493652344, 140.57296752929688, 110.75483703613281, 133.3293914794922, 88.20256042480469, 16.841440200805664, 29.87270736694336, 92.76189422607422, 90.26895904541016, 162.8258819580078, 34.52634811401367, 59.10502243041992, 24.137453079223633, 13.70052433013916, 91.93521881103516, 18.92525291442871, 169.8399200439453, 17.499237060546875, 80.34026336669922, 118.22769165039062, 92.56659698486328, 13.386004447937012, 9.70709228515625, 84.11805725097656, 167.4039306640625, 128.9456024169922, 24.374021530151367, 146.6630401611328, 172.34893798828125, 84.38455200195312, 203.8000946044922, 26.961679458618164, 147.90736389160156, 18.940074920654297, 65.02684783935547, 57.881568908691406, 13.24380874633789, 162.29067993164062, 16.212860107421875, 100.60608673095703, 17.3594913482666, 24.163925170898438, 21.473655700683594, 32.66398239135742, 181.30921936035156, 13.316797256469727, 119.66151428222656, 111.02554321289062, 25.057491302490234, 9.873674392700195, 93.3464126586914, 121.90449523925781, 116.0096206665039, 69.42498016357422, 17.972272872924805, 136.37338256835938, 12.720290184020996, 57.590457916259766, 144.35740661621094, 14.268492698669434, 177.3668212890625, 27.968551635742188, 11.630291938781738, 18.306650161743164, 75.38660430908203, 25.659759521484375, 34.154632568359375, 134.29249572753906, 192.5575408935547, 119.58685302734375, 138.03919982910156, 8.76496696472168, 17.599472045898438, 10.1810302734375, 11.755377769470215, 136.40875244140625, 22.875553131103516, 175.53709411621094, 27.34446144104004, 99.03385925292969, 10.785659790039062, 174.34486389160156, 218.2792205810547, 137.84129333496094, 90.38292694091797, 37.70016860961914, 173.00225830078125, 15.42087173461914, 21.99714469909668, 85.9990234375, 157.7601318359375, 8.027275085449219, 171.33551025390625, 218.96409606933594, 32.46030807495117, 20.949670791625977, 177.61376953125, 170.40220642089844, 151.63723754882812, 17.609577178955078, 193.50804138183594, 15.979217529296875, 19.799598693847656, 120.1392822265625, 128.59133911132812, 78.81559753417969, 169.18621826171875, 22.926654815673828, 26.682048797607422, 68.24591827392578, 63.76752853393555, 76.18283081054688, 62.67472457885742, 76.52896881103516, 14.534744262695312, 178.0130615234375, 41.51170349121094, 24.181777954101562, 160.10057067871094, 99.93524169921875, 17.158567428588867, 126.5798568725586, 115.24457550048828, 157.94293212890625, 92.4389877319336, 118.2773666381836, 65.47266387939453, 112.37547302246094, 201.62185668945312, 90.43841552734375, 8.367982864379883, 142.3351593017578, 19.726137161254883, 42.9504508972168, 110.62467193603516, 77.98294830322266, 107.0442886352539, 17.318546295166016, 91.556640625, 13.878131866455078, 17.99871063232422, 16.479625701904297, 44.68190002441406, 141.87290954589844, 176.1026153564453, 44.662906646728516, 189.45535278320312, 10.420105934143066, 36.39616394042969, 24.953798294067383, 42.73681640625, 101.1480712890625, 89.40946960449219, 19.053848266601562, 101.21227264404297, 55.55402755737305, 74.92125701904297, 183.6290740966797, 34.48349380493164, 13.573025703430176, 33.85164260864258, 30.880939483642578, 23.938720703125, 177.2169952392578, 15.320859909057617, 140.2205047607422, 88.29000854492188, 15.067304611206055, 17.047670364379883, 17.373180389404297, 18.64763641357422, 73.3240737915039, 168.71890258789062, 12.035676956176758, 12.856959342956543, 156.22686767578125, 174.19146728515625, 181.94898986816406, 57.42892837524414, 63.225135803222656, 146.73587036132812, 28.213756561279297, 82.33863830566406, 208.29006958007812, 17.65271759033203, 30.166765213012695, 7.727424144744873, 102.86752319335938, 10.60464859008789, 122.32341766357422, 14.184347152709961, 23.33157730102539, 52.8791618347168, 16.915916442871094, 18.74444580078125, 10.674805641174316, 48.975528717041016, 16.971790313720703, 182.0617218017578, 10.292485237121582, 13.46799087524414, 11.722160339355469, 19.51373291015625, 20.191326141357422, 145.64028930664062, 12.760754585266113, 50.373748779296875, 18.21814727783203, 125.5483627319336, 60.518898010253906, 127.17218780517578, 163.24757385253906, 15.314373970031738, 26.872045516967773, 17.350767135620117, 19.21871566772461, 19.8216609954834, 11.463393211364746, 15.404437065124512, 14.974730491638184, 103.10234069824219, 21.281957626342773, 52.917816162109375, 147.5581512451172, 140.93359375, 16.961071014404297, 108.65239715576172, 190.07440185546875, 158.38441467285156, 11.49690055847168, 142.2954559326172, 43.980247497558594, 194.9816131591797, 14.037007331848145, 28.486289978027344, 186.1745147705078, 151.78416442871094, 146.38121032714844, 97.71662902832031, 184.7432403564453, 9.315829277038574, 151.93943786621094, 194.97677612304688, 10.579007148742676, 59.72566223144531, 174.49618530273438, 12.12131118774414, 167.99539184570312, 181.4121551513672, 157.6796417236328, 22.07293701171875, 9.58264446258545, 108.6333236694336, 24.245223999023438, 22.39002799987793, 9.561073303222656, 166.73715209960938, 74.40162658691406, 13.678471565246582, 23.480609893798828, 205.5132598876953, 123.85134887695312, 85.78340911865234, 9.807004928588867, 178.13436889648438, 26.549135208129883, 101.7551498413086, 35.59349060058594, 13.78391170501709, 18.258365631103516, 120.85588073730469, 19.691728591918945, 144.5902099609375, 157.8553466796875, 158.39402770996094, 12.851300239562988, 15.404830932617188, 157.80494689941406, 12.191630363464355, 149.00341796875, 38.82469940185547, 12.392056465148926, 187.8937530517578, 172.1783447265625, 179.75909423828125, 109.3356704711914, 163.244873046875, 109.07923889160156, 171.9270477294922, 108.56067657470703, 14.748002052307129, 119.81070709228516, 132.73846435546875, 50.62200927734375, 20.068073272705078, 70.91138458251953, 46.360225677490234, 15.325263023376465, 178.20066833496094, 14.892611503601074, 145.16114807128906, 11.048421859741211, 18.22246551513672, 123.55361938476562, 66.42231750488281, 112.7283935546875, 137.2662353515625, 152.94699096679688, 151.01248168945312, 8.984479904174805, 34.02411651611328, 152.78819274902344, 11.475135803222656, 7.903630256652832, 120.24588012695312, 150.7745819091797, 154.12765502929688, 85.90973663330078, 103.15681457519531, 74.21802520751953, 145.6839141845703, 17.460491180419922, 87.7086410522461, 13.540172576904297, 16.440826416015625, 10.632308959960938, 118.4430923461914, 35.03370666503906, 200.30226135253906, 11.401921272277832, 76.16364288330078, 155.23268127441406, 89.9901123046875, 15.123157501220703, 18.34343910217285, 184.9444580078125, 144.75709533691406, 15.082756042480469, 97.03553009033203, 222.55807495117188, 123.19715881347656, 43.09760665893555, 197.59768676757812, 17.81191062927246, 15.536992073059082, 15.3949556350708, 16.789247512817383, 80.07019805908203, 98.93402099609375, 12.816471099853516, 14.962748527526855, 183.54946899414062, 25.479639053344727, 149.14808654785156, 70.48432159423828, 9.322434425354004, 136.9847412109375, 16.78359031677246, 166.8779296875, 126.82105255126953, 155.8225860595703, 201.655029296875, 101.73194885253906, 32.70389175415039, 23.756959915161133, 132.3499755859375, 72.58306121826172, 13.307206153869629, 127.0218734741211, 89.63878631591797, 16.695934295654297, 194.25311279296875, 162.24563598632812, 80.45023345947266, 146.1077117919922, 20.29027557373047, 102.91859436035156, 141.95562744140625, 17.514917373657227, 160.13336181640625, 175.7480010986328, 80.0994644165039, 132.49819946289062, 105.10081481933594, 22.38743019104004, 84.65243530273438, 23.643693923950195, 16.37957000732422, 182.92520141601562, 164.56417846679688, 17.146928787231445, 169.0133819580078, 155.93267822265625, 16.105775833129883, 34.50082015991211, 182.25448608398438, 17.683269500732422, 140.66038513183594, 180.6897430419922, 166.5382080078125, 15.206170082092285, 9.85045337677002, 83.70518493652344, 11.601247787475586, 10.0372953414917, 75.116943359375, 106.94163513183594, 21.138200759887695, 101.51760864257812, 13.486845970153809, 187.43109130859375, 194.916259765625, 60.472496032714844, 73.4288330078125, 180.4986114501953, 9.83152961730957, 149.62069702148438, 130.64341735839844, 200.6488800048828, 13.228352546691895, 97.68524169921875, 183.074462890625, 17.78577995300293, 11.633039474487305, 98.83493041992188, 177.5012664794922, 158.52902221679688, 158.87181091308594, 15.333965301513672, 177.55189514160156, 16.80989646911621, 108.9522476196289, 13.877792358398438, 15.12200927734375, 156.7018585205078, 20.08490753173828, 19.400318145751953, 216.09115600585938, 178.80056762695312, 16.24598503112793, 172.59230041503906, 173.56439208984375, 164.1835479736328, 15.774348258972168, 16.477296829223633, 15.748885154724121, 91.34671783447266, 157.40550231933594, 15.535972595214844, 13.795641899108887, 150.79257202148438, 14.649054527282715, 192.2821807861328, 137.20289611816406, 19.942174911499023, 13.537672996520996, 17.29094696044922, 187.79058837890625, 128.26148986816406, 17.645679473876953, 175.57821655273438, 137.15005493164062, 16.392650604248047, 131.40008544921875, 169.13690185546875, 171.34674072265625, 19.228015899658203, 68.94378662109375, 12.238116264343262, 17.733318328857422, 101.87433624267578, 181.73919677734375, 151.76527404785156, 22.872493743896484, 105.02953338623047, 19.385610580444336, 122.40968322753906, 147.76480102539062, 14.8634672164917, 130.8456573486328, 118.92752838134766, 14.318096160888672, 12.714350700378418, 12.396607398986816, 91.78932189941406, 28.755117416381836, 102.4207992553711, 12.033303260803223, 53.117950439453125, 98.5475845336914, 16.80990982055664, 13.273571968078613, 104.22652435302734, 87.86548614501953, 180.31796264648438, 55.3913459777832, 82.26013946533203, 99.57585144042969, 113.84591674804688, 78.50237274169922, 19.96695327758789, 24.735177993774414, 126.65635681152344, 15.34118366241455, 9.839569091796875, 65.4168472290039, 29.938894271850586, 11.019752502441406, 85.3788833618164, 156.87286376953125, 17.096271514892578, 72.87796020507812, 11.750535011291504, 24.90576171875, 133.16831970214844, 31.262142181396484, 46.53782272338867, 16.685745239257812, 192.20205688476562, 88.74829864501953, 86.46761322021484, 10.803525924682617, 28.02669906616211, 108.43839263916016, 18.77334976196289, 193.87551879882812, 183.7936553955078, 84.23737335205078, 136.52291870117188, 90.13904571533203, 89.80107879638672, 63.34360122680664, 9.752704620361328, 8.62760066986084, 177.86631774902344, 9.386181831359863, 18.44728660583496, 30.266708374023438, 79.84671020507812, 180.0302276611328, 10.694533348083496, 9.457297325134277, 23.05893898010254, 89.53929901123047, 90.99650573730469, 114.65117645263672, 165.6583709716797, 165.65969848632812, 86.21216583251953, 133.56906127929688, 163.5441436767578, 20.40402603149414, 177.64913940429688, 130.26278686523438, 186.22271728515625, 140.60044860839844, 10.632301330566406, 85.11290740966797, 67.500244140625, 177.52513122558594, 144.85568237304688, 144.71435546875, 103.47474670410156, 160.24380493164062, 58.15540313720703, 7.501282691955566, 151.43182373046875, 56.616580963134766, 114.5901870727539, 102.26597595214844, 115.31013488769531, 11.776711463928223, 12.992231369018555, 185.91656494140625, 164.12155151367188, 13.561027526855469, 122.75240325927734, 32.460548400878906, 56.37828826904297, 125.24529266357422, 10.351537704467773, 58.550716400146484, 136.3947296142578, 107.67169952392578, 10.351747512817383, 10.742871284484863, 92.58446502685547, 21.65669059753418, 111.16859436035156, 21.701988220214844, 148.18878173828125, 100.60794830322266, 8.999338150024414, 57.10374069213867, 11.85642147064209, 20.841869354248047, 157.2385711669922, 82.7526626586914, 11.41259479522705, 15.888935089111328, 160.86431884765625, 16.869892120361328, 14.052990913391113, 16.947721481323242, 19.101299285888672, 9.744359970092773, 88.11388397216797, 146.8317108154297, 214.95248413085938, 20.1691951751709, 94.97259521484375, 14.26871395111084, 39.610748291015625, 24.773561477661133, 107.01936340332031, 21.23093032836914, 20.947561264038086, 74.59085845947266, 151.07281494140625, 10.512657165527344, 88.9937744140625, 129.6904296875, 16.932533264160156, 127.71846008300781, 15.99486255645752, 95.41709899902344, 10.329380989074707, 80.88724517822266, 151.26512145996094, 32.99209213256836, 10.849072456359863, 165.83200073242188, 138.75721740722656, 87.66702270507812, 174.03871154785156, 17.744070053100586, 167.316650390625, 143.61749267578125, 29.60264015197754, 71.7851791381836, 138.42335510253906, 148.19345092773438, 218.87388610839844, 159.83541870117188, 80.73565673828125, 26.99542236328125, 9.908461570739746, 125.95134735107422, 14.79725170135498, 144.2298583984375, 11.478446006774902, 75.5160903930664, 16.477394104003906, 15.070783615112305, 67.53521728515625, 176.66580200195312, 56.88955307006836, 53.8037109375, 13.16475772857666, 88.4016342163086, 16.028703689575195, 14.026337623596191, 93.36031341552734, 173.6158447265625, 142.5449676513672, 11.698226928710938, 153.83401489257812, 67.01119995117188, 17.310976028442383, 14.524581909179688, 79.94939422607422, 35.04177474975586, 121.6288833618164, 99.27477264404297, 144.0370635986328, 170.42352294921875, 148.69461059570312, 12.705418586730957, 13.335160255432129, 23.409032821655273, 67.59053802490234, 58.49195861816406, 11.242690086364746, 145.75, 12.703309059143066, 127.66506958007812, 16.80571937561035, 188.43687438964844, 12.732927322387695, 138.7012481689453, 10.01399040222168, 191.4944305419922, 156.76312255859375, 15.083869934082031, 132.85585021972656, 9.256091117858887, 16.33793067932129, 143.10935974121094, 23.780431747436523, 17.213476181030273, 9.476147651672363, 16.766998291015625, 11.570525169372559, 141.661376953125, 34.29958724975586, 115.54986572265625, 119.96929931640625, 112.87413787841797, 162.99761962890625, 12.73740291595459, 11.870272636413574, 15.202394485473633, 15.366729736328125, 15.158108711242676, 33.42630386352539, 129.64283752441406, 17.05890655517578, 18.137758255004883, 14.502657890319824, 12.458710670471191, 103.90496063232422, 29.226707458496094, 11.245022773742676, 21.28890609741211, 21.4755916595459, 54.55775833129883, 110.14839172363281, 107.22125244140625, 198.43898010253906, 73.97476959228516, 12.166970252990723, 176.49249267578125, 99.87259674072266, 85.94902801513672, 17.031278610229492, 11.696688652038574, 128.92958068847656, 16.22218132019043, 17.053077697753906, 153.72886657714844, 191.9114532470703, 31.70014762878418, 21.92483139038086, 83.31523895263672, 167.35641479492188, 147.68226623535156, 219.71617126464844, 28.251079559326172, 70.30474853515625, 124.21099853515625, 16.354379653930664, 127.20289611816406, 75.25648498535156, 13.863669395446777, 17.691736221313477, 162.87738037109375, 10.273134231567383, 17.186098098754883, 67.0027847290039, 117.85459899902344, 53.744388580322266, 206.4117431640625, 153.2417755126953, 72.75595092773438, 197.4791717529297, 13.533705711364746, 154.82684326171875, 18.784149169921875, 125.02851867675781, 131.07089233398438, 137.81845092773438, 19.2691593170166, 123.4130630493164, 116.77609252929688, 157.14031982421875, 148.08522033691406, 128.83041381835938, 12.907541275024414, 11.835663795471191, 128.80978393554688, 198.58966064453125, 17.15621566772461, 125.3573226928711, 16.481731414794922, 13.572612762451172, 37.615928649902344, 67.60159301757812, 154.0550537109375, 89.63141632080078, 15.937466621398926, 60.53342819213867, 18.843868255615234, 118.40089416503906, 10.338153839111328, 15.139239311218262, 140.1388702392578, 170.64260864257812, 13.135207176208496, 39.1947021484375, 13.681949615478516, 113.93094635009766, 152.40371704101562, 101.56830596923828, 84.57172393798828, 94.95440673828125, 9.402713775634766, 165.50039672851562, 173.3533172607422, 135.57473754882812, 54.11490249633789, 10.081196784973145, 11.277752876281738, 26.418092727661133, 59.307804107666016, 52.29792785644531, 12.353446006774902, 18.13595199584961, 13.411639213562012, 117.94251251220703, 95.42218780517578, 133.01718139648438, 87.59659576416016, 18.837724685668945, 17.835845947265625, 57.38758850097656, 20.054157257080078, 90.54013061523438, 54.33155059814453, 140.6121826171875, 38.89324188232422, 102.3872299194336, 12.218779563903809, 118.3563232421875, 12.944801330566406, 35.14363479614258, 20.996686935424805, 199.2368621826172, 173.36512756347656, 10.614286422729492, 118.13702392578125, 13.68460464477539, 14.528399467468262, 181.71348571777344, 72.16438293457031, 12.573006629943848, 22.056224822998047, 18.83773422241211, 13.285743713378906, 86.04296112060547, 14.487735748291016, 211.13839721679688, 13.762145042419434, 15.244342803955078, 19.050567626953125, 18.58150291442871, 10.182690620422363, 8.694071769714355, 65.75102233886719, 11.925128936767578, 69.38569641113281, 97.6884765625, 30.7243709564209, 10.77568531036377, 129.2078857421875, 72.38776397705078, 160.92503356933594, 54.88481521606445, 172.1015625, 58.753562927246094, 9.020204544067383, 18.61794090270996, 19.51288604736328, 6.915107727050781, 68.0009765625, 184.95669555664062, 199.77957153320312, 43.14814376831055, 17.216941833496094, 160.18783569335938, 8.45212459564209, 17.515827178955078, 15.68471908569336, 53.372982025146484, 199.183349609375, 138.38812255859375, 86.83975982666016, 10.743185043334961, 132.32363891601562, 10.973918914794922, 24.71351432800293, 141.5038604736328, 21.694366455078125, 115.63658142089844, 35.71327590942383, 18.943973541259766, 176.86732482910156, 13.627305030822754, 18.50865936279297, 31.849124908447266, 16.0019588470459, 10.855731010437012, 140.08102416992188, 91.78181457519531, 127.2676010131836, 14.231966018676758, 174.46224975585938, 123.66246795654297, 139.64109802246094, 23.11433219909668, 128.22720336914062, 80.5447769165039, 19.940486907958984, 19.52420425415039, 35.838253021240234, 164.00230407714844, 15.399334907531738, 12.715362548828125, 16.61359405517578, 203.92164611816406, 24.321979522705078, 50.27072525024414, 174.6298370361328, 16.134130477905273, 117.73165893554688, 85.4908676147461, 19.515260696411133, 119.25736999511719, 11.73531723022461, 67.5145492553711, 13.206356048583984, 32.66099166870117, 158.27203369140625, 142.89373779296875, 18.987384796142578, 100.24043273925781, 124.7743911743164, 163.99093627929688, 105.24797058105469, 182.43626403808594, 28.05061149597168, 14.5674467086792, 17.262788772583008, 58.77985763549805, 111.87237548828125, 98.62708282470703, 72.66807556152344, 203.69943237304688, 156.6236114501953, 112.08151245117188, 107.60005950927734, 126.86471557617188, 179.76516723632812, 85.15855407714844, 168.4237823486328, 9.305848121643066, 107.66094207763672, 44.22118377685547, 97.0266342163086, 67.93355560302734, 150.44686889648438, 226.05111694335938, 179.55035400390625, 18.768274307250977, 15.725716590881348, 107.67133331298828, 14.81677532196045, 165.5794219970703, 14.09455680847168, 10.931492805480957, 35.549095153808594, 16.156335830688477, 152.44297790527344, 124.55329132080078, 120.65811920166016, 127.15762329101562, 22.64363670349121, 196.50997924804688, 38.690513610839844, 27.583738327026367, 169.5359344482422, 16.39463233947754, 138.7904052734375, 145.99241638183594, 126.79026794433594, 78.88040161132812, 139.43798828125, 13.508404731750488, 97.09911346435547, 13.247906684875488, 20.176000595092773, 166.97262573242188, 153.35995483398438, 31.986522674560547, 146.00941467285156, 80.9157485961914, 13.228572845458984, 20.964006423950195, 143.3208770751953, 123.14363861083984, 18.953947067260742, 95.41194915771484, 11.220677375793457, 15.20303726196289, 67.2759780883789, 166.57586669921875, 120.8583984375, 22.206398010253906, 148.7058563232422, 100.76663970947266, 137.0579833984375, 7.37470006942749, 83.58877563476562, 20.701499938964844, 39.388099670410156, 20.674747467041016, 14.422493934631348, 25.93297004699707, 158.97178649902344, 11.54024887084961, 110.69925689697266, 109.46541595458984, 63.490455627441406, 17.96696662902832, 145.8654327392578, 18.516714096069336, 146.8086700439453, 115.11112213134766, 28.249948501586914, 112.58375549316406, 112.50040435791016, 21.02898597717285, 62.758949279785156, 10.889731407165527, 164.83949279785156, 64.04934692382812, 104.46578979492188, 13.063894271850586, 151.22509765625, 13.500560760498047, 16.758630752563477, 100.06848907470703, 129.60203552246094, 165.49801635742188, 14.944910049438477, 12.662412643432617, 122.15088653564453, 43.53286361694336, 25.326663970947266, 18.647886276245117, 209.9157257080078, 14.709131240844727, 12.10521125793457, 78.99713134765625, 14.295416831970215, 100.32315826416016, 135.486572265625, 63.432186126708984, 15.859869003295898, 17.01647186279297, 197.25326538085938, 103.83406066894531, 108.17841339111328, 148.03656005859375, 15.78763484954834, 108.34813690185547, 123.69486999511719, 24.395458221435547, 99.57457733154297, 187.3311309814453, 69.60193634033203, 92.50590515136719, 13.966564178466797, 12.211831092834473, 104.58576965332031, 109.47530364990234, 104.5218734741211, 48.762733459472656, 173.5797576904297, 13.930961608886719, 169.35182189941406, 185.8294219970703, 13.653047561645508, 202.61288452148438, 157.16629028320312, 16.538333892822266, 159.17330932617188, 144.4402618408203, 70.29976654052734, 157.81991577148438, 84.23363494873047, 99.80818176269531, 83.08240509033203, 29.072107315063477, 62.65232849121094, 16.096120834350586, 9.604864120483398, 11.320033073425293, 125.2890396118164, 16.790813446044922, 213.58914184570312, 97.50764465332031, 13.69465446472168, 41.06049346923828, 19.111122131347656, 84.03682708740234, 154.16802978515625, 17.910959243774414, 49.839969635009766, 9.542075157165527, 141.0565948486328, 132.81581115722656, 150.95135498046875, 116.31678771972656, 100.03738403320312, 20.455400466918945, 127.46060180664062, 187.855224609375, 18.41615104675293, 11.744926452636719, 178.8553009033203, 112.66514587402344, 10.55240535736084, 10.421473503112793, 15.405750274658203, 97.75312042236328, 190.3958282470703, 11.261796951293945, 15.142237663269043, 9.920441627502441, 102.11677551269531, 154.7382354736328, 82.83971405029297, 10.558588981628418, 9.763250350952148, 15.383126258850098, 121.1002197265625, 47.286529541015625, 132.23597717285156, 98.97724914550781, 78.67826080322266, 29.93047523498535, 136.69720458984375, 18.052791595458984, 14.084896087646484, 165.28570556640625, 33.588382720947266, 11.649483680725098, 15.977954864501953, 14.914844512939453, 162.13192749023438, 199.07200622558594, 7.512145519256592, 120.62775421142578, 179.35133361816406, 13.49544620513916, 133.24830627441406, 38.40120315551758, 7.058957099914551, 113.62271881103516, 149.2879638671875, 58.171348571777344, 146.8633270263672, 83.85877990722656, 36.94169616699219, 48.39829635620117, 90.39802551269531, 15.67017650604248, 12.041041374206543, 16.553499221801758, 115.45523834228516, 13.648571014404297, 56.474517822265625, 14.692499160766602, 73.53548431396484, 169.02224731445312, 162.9658203125, 75.6917724609375, 113.36869812011719, 80.7037353515625, 46.55934143066406, 170.41392517089844, 12.270959854125977, 15.3367919921875, 240.354248046875, 207.46676635742188, 134.0084228515625, 146.9123992919922, 14.688961029052734, 24.187490463256836, 92.61796569824219, 73.47425079345703, 24.919519424438477, 137.35653686523438, 138.9671630859375, 18.181486129760742, 132.72561645507812, 198.22438049316406, 158.48861694335938, 181.9300994873047, 196.23707580566406, 30.361665725708008, 126.90680694580078, 45.21072769165039, 16.40654754638672, 14.958919525146484, 15.66256332397461, 10.751730918884277, 20.428466796875, 29.87225914001465, 66.61582946777344, 154.8751220703125, 152.68087768554688, 118.05435180664062, 12.444842338562012, 86.16519927978516, 69.93313598632812, 83.86634826660156, 11.078283309936523, 111.26567840576172, 191.5891876220703, 18.735475540161133, 18.168943405151367, 207.3089599609375, 53.900238037109375, 12.882184028625488, 32.27252960205078, 27.005970001220703, 65.31082153320312, 63.49446105957031, 99.33255004882812, 16.511634826660156, 11.204397201538086, 19.13520050048828, 93.77228546142578, 114.04405212402344, 160.50946044921875, 179.2478485107422, 185.6137237548828, 15.543334007263184, 179.46434020996094, 153.63572692871094, 8.961203575134277, 20.00779914855957, 13.969100952148438, 64.47830200195312, 175.61956787109375, 190.65943908691406, 12.478968620300293, 122.41275787353516, 19.797096252441406, 29.67802619934082, 13.20853328704834, 153.00721740722656, 15.477936744689941, 16.468236923217773, 63.36907196044922, 17.360088348388672, 67.80384063720703, 205.3559112548828, 147.2489776611328, 11.31006908416748, 181.49668884277344, 9.5801362991333, 105.3992691040039, 68.75115203857422, 205.2833251953125, 19.59375, 17.650423049926758, 178.13424682617188, 45.512115478515625, 179.96128845214844, 18.805307388305664, 8.904605865478516, 162.1394805908203, 149.29080200195312, 110.93675994873047, 175.85641479492188, 149.3965606689453, 97.7254409790039, 79.03909301757812, 83.78534698486328, 16.73342514038086, 20.04033660888672, 20.567214965820312, 90.79544830322266, 166.79151916503906, 161.56942749023438, 86.25048065185547, 172.78907775878906, 209.4137725830078, 152.8113555908203, 138.10011291503906, 134.42483520507812, 15.731606483459473, 20.66242027282715, 58.52293014526367, 62.477386474609375, 17.15997886657715, 133.34552001953125, 17.861454010009766, 53.656158447265625, 194.60572814941406, 15.345139503479004, 90.5731201171875, 124.22476196289062, 15.537981033325195, 129.54266357421875, 26.743595123291016, 18.669322967529297, 132.78692626953125, 92.33841705322266, 19.949359893798828, 17.252696990966797, 149.07232666015625, 14.222864151000977, 23.575334548950195, 13.4651517868042, 118.19012451171875, 129.07855224609375, 10.514101028442383, 39.904415130615234, 12.458489418029785, 157.6251983642578, 82.87528228759766, 182.29766845703125, 9.804091453552246, 127.24156188964844, 112.54327392578125, 15.216401100158691, 94.87500762939453, 13.86090087890625, 195.45413208007812, 91.93215942382812, 127.53611755371094, 151.85586547851562, 20.199466705322266, 165.696044921875, 167.0518798828125, 85.95549011230469, 107.47438049316406, 119.8594741821289, 133.6483917236328, 135.70156860351562, 14.007110595703125, 112.46116638183594, 20.338115692138672, 14.684446334838867, 141.91099548339844, 128.71234130859375, 16.224044799804688, 11.17685604095459, 12.389429092407227, 117.91189575195312, 25.27256965637207, 23.19011116027832, 132.98399353027344, 19.081510543823242, 11.957036018371582, 131.19091796875, 22.26942253112793, 16.956405639648438, 192.3614959716797, 188.38034057617188, 162.97735595703125, 21.72159767150879, 128.2087860107422, 96.49634552001953, 12.503900527954102, 121.41004943847656, 34.37443923950195, 151.06378173828125, 15.869291305541992, 162.8934326171875, 35.64303970336914, 13.068680763244629, 10.829732894897461, 142.56533813476562, 22.651731491088867, 130.66000366210938, 10.720280647277832, 12.759686470031738, 186.5891571044922, 53.385250091552734, 81.86122131347656, 23.081100463867188, 50.16457748413086, 12.774145126342773, 12.734874725341797, 47.95655059814453, 99.61952209472656, 141.20010375976562, 18.4967098236084, 188.79112243652344, 169.93875122070312, 216.1952667236328, 107.70423126220703, 136.87315368652344, 13.946693420410156, 180.77035522460938, 38.78300476074219, 235.908203125, 15.871662139892578, 10.634044647216797, 195.06234741210938, 119.81613159179688, 12.269818305969238, 152.96652221679688, 13.344208717346191, 19.73546028137207, 148.20742797851562, 70.3381118774414, 54.03538513183594, 177.01284790039062, 47.24900436401367, 174.00599670410156, 77.68266296386719, 152.22776794433594, 145.9511260986328, 9.277593612670898, 17.94415855407715, 9.256145477294922, 17.13526153564453, 197.82858276367188, 127.18465423583984, 13.415977478027344, 11.812807083129883, 101.69666290283203, 63.425018310546875, 147.96771240234375, 166.9217529296875, 142.8148193359375, 93.56958770751953, 10.6004638671875, 144.83116149902344, 25.136035919189453, 12.71251106262207, 30.419893264770508, 102.41790008544922, 17.195096969604492, 16.5883731842041, 88.15818786621094, 220.17527770996094, 18.390045166015625, 29.137338638305664, 17.731204986572266, 46.51428985595703, 13.341297149658203, 191.65057373046875, 20.965627670288086, 10.065699577331543, 88.23731231689453, 77.17560577392578, 52.82614517211914, 14.442204475402832, 103.70825958251953, 65.32304382324219, 145.3062286376953, 90.06898498535156, 15.04684829711914, 50.965232849121094, 114.45806884765625, 26.979610443115234, 96.70344543457031, 156.44943237304688, 157.06886291503906, 16.28431510925293, 45.11606216430664, 45.68295669555664, 134.60267639160156, 23.703872680664062, 13.60886001586914, 11.030290603637695, 50.16017150878906, 50.173519134521484, 26.602415084838867, 18.434999465942383, 31.396211624145508, 11.191884994506836, 13.159542083740234, 17.236730575561523, 156.71054077148438, 117.41184997558594, 40.444313049316406, 85.20214080810547, 36.05525588989258, 81.48612213134766, 13.962236404418945, 20.225561141967773, 134.2789306640625, 138.04061889648438, 153.6806182861328, 137.6925811767578, 108.9114761352539, 140.13949584960938, 15.432859420776367, 87.13175964355469, 54.86696243286133, 45.048614501953125, 29.427162170410156, 80.65087127685547, 98.2967758178711, 12.121479988098145, 110.81363677978516, 17.4090576171875, 21.243494033813477, 20.164060592651367, 113.31941986083984, 100.67469024658203, 95.81600189208984, 158.6646270751953, 79.65035247802734, 39.62947463989258, 17.7174015045166, 12.737643241882324, 113.60209655761719, 161.52670288085938, 18.252368927001953, 12.479741096496582, 22.375776290893555, 18.287490844726562, 178.3507080078125, 13.25871753692627, 16.589969635009766, 46.8829345703125, 13.994937896728516, 183.3339080810547, 95.95310974121094, 146.45376586914062, 171.945556640625, 10.977381706237793, 133.9607696533203, 111.23248291015625, 19.509016036987305, 125.07270812988281, 182.15585327148438, 105.64857482910156, 58.561065673828125, 137.04849243164062, 23.864038467407227, 10.13951587677002, 161.43197631835938, 56.15431213378906, 40.333656311035156, 13.418822288513184, 122.14950561523438, 19.810903549194336, 160.3813934326172, 29.76746368408203, 103.31285858154297, 193.58006286621094, 22.36872673034668, 47.59628677368164, 44.63072204589844, 111.59637451171875, 88.84877014160156, 132.6243438720703, 13.88310432434082, 165.11849975585938, 46.514320373535156, 122.73870086669922, 102.20316314697266, 14.362886428833008, 16.691425323486328, 42.73426818847656, 159.60130310058594, 81.18183898925781, 147.53172302246094, 16.13992691040039, 156.6405029296875, 12.936367988586426, 9.887226104736328, 195.9134063720703, 65.22128295898438, 102.95230102539062, 13.311985969543457, 155.4419708251953, 92.3185043334961, 15.313058853149414, 127.35716247558594, 90.94043731689453, 14.393842697143555, 8.284321784973145, 93.75765228271484, 57.98820114135742, 159.40481567382812, 147.78515625, 70.86687469482422, 144.3006591796875, 105.61707305908203, 19.565826416015625, 26.405797958374023, 218.66403198242188, 130.07659912109375, 19.85768699645996, 11.76350212097168, 64.76141357421875, 121.15298461914062, 249.4869842529297, 91.06926727294922, 150.8829803466797, 75.52993774414062, 92.42888641357422, 20.253524780273438, 16.56707763671875, 21.40972328186035, 10.045348167419434, 118.19613647460938, 14.67809772491455, 12.221744537353516, 128.61114501953125, 152.64291381835938, 179.46176147460938, 121.28356170654297, 172.25021362304688, 13.962732315063477, 16.436073303222656, 155.18527221679688, 35.12004089355469, 16.48060417175293, 111.67945861816406, 170.04898071289062, 13.214234352111816, 11.58521556854248, 23.013538360595703, 85.8153305053711, 12.233308792114258, 15.993669509887695, 14.345649719238281, 13.5609769821167, 105.23428344726562, 44.683555603027344, 25.103273391723633, 13.606097221374512, 67.05685424804688, 17.650188446044922, 8.374626159667969, 8.79272174835205, 194.4712371826172, 12.295326232910156, 16.192644119262695, 136.973876953125, 168.1048126220703, 15.770280838012695, 211.06666564941406, 146.03387451171875, 151.42556762695312, 63.48352813720703, 16.401493072509766, 20.947444915771484, 16.945165634155273, 175.8600311279297, 8.008528709411621, 160.46185302734375, 14.93917465209961, 55.788997650146484, 11.436837196350098, 110.21284484863281, 73.57655334472656, 56.8245964050293, 186.19915771484375, 21.446149826049805, 17.569759368896484, 159.8658447265625, 162.0721435546875, 121.21878051757812, 42.06505584716797, 19.867403030395508, 119.24819946289062, 14.866436958312988, 168.54014587402344, 32.099639892578125, 10.11944580078125]
Cosines similarity random samples
[0.08773135393857956, -0.462816059589386, -0.4201638698577881, -0.14453649520874023, 0.6588403582572937, 0.09054166078567505, 0.5464876294136047, -0.5918945074081421, -0.2841218113899231, 0.3497312664985657, -0.1519930362701416, -0.5217153429985046, -0.215265154838562, 0.6598950624465942, -0.3991508185863495, -0.4764944314956665, -0.5091701745986938, -0.5629838705062866, -0.5159818530082703, 0.6204213500022888, -0.5757283568382263, 0.48185068368911743, -0.2196810245513916, -0.2602379024028778, 0.24323922395706177, 0.0026941895484924316, -0.11963435262441635, -0.01079737488180399, 0.3211493492126465, 0.4040536880493164, 0.2002754509449005, -0.38674983382225037, 0.20398364961147308, 0.3586544692516327, -0.21272456645965576, -0.009177487343549728, 0.6735459566116333, 0.24916818737983704, -0.6725907921791077, -0.6541308164596558, -0.15914015471935272, -0.1085783988237381, -0.2765074670314789, 0.4345431327819824, 0.8439943790435791, 0.8312571048736572, 0.3194522261619568, 0.3706572651863098, 0.7231394052505493, 0.8074421882629395, 0.5597895979881287, -0.4304701089859009, -0.053802914917469025, 0.21031923592090607, -0.5478179454803467, 0.7037858963012695, 0.16277283430099487, 0.41679418087005615, 0.5536563396453857, 0.3952556848526001, 0.8364684581756592, 0.19910766184329987, -0.051643382757902145, 0.3479419946670532, -0.02835998125374317, -0.3775659501552582, 0.6244549751281738, 0.3192945420742035, -0.10166990756988525, -0.09625495970249176, -0.6584068536758423, -0.6020256280899048, -0.7565678358078003, 0.789850115776062, 0.5255062580108643, 0.3902949094772339, 0.700543224811554, 0.6597758531570435, 0.08958396315574646, -0.03739803656935692, -0.4877256155014038, 0.7299402952194214, 0.32842713594436646, 0.14230436086654663, -0.2201727032661438, -0.26257431507110596, -0.18006879091262817, -0.05536209046840668, 0.827602207660675, 0.4080420732498169, -0.19334977865219116, 0.13270699977874756, 0.602978527545929, 0.40618473291397095, 0.5460472702980042, 0.7177630662918091, -0.4775102734565735, 0.3033309280872345, -0.6160288453102112, 0.8113324642181396, -0.41429567337036133, 0.25172126293182373, 0.6406670808792114, -0.34165850281715393, -0.14150282740592957, 0.7450146675109863, -0.5125654935836792, -0.05026230216026306, 0.3643532991409302, 0.5067861080169678, -0.10390938818454742, -0.259589821100235, 0.15008637309074402, 0.449093222618103, 0.5311230421066284, -0.3762468695640564, 0.49217039346694946, -0.10022523999214172, -0.1364748477935791, 0.5199851989746094, -0.5668513774871826, 0.6017874479293823, 0.18667051196098328, -0.6830102205276489, -0.024385616183280945, -0.0002586841583251953, 0.6201894283294678, 0.5525949001312256, 0.019512474536895752, 0.5159054398536682, -0.44408857822418213, 0.4475949704647064, -0.37712857127189636, -0.21638712286949158, -0.6915994882583618, 0.15475350618362427, -0.2774556577205658, -0.6746170520782471, 0.08485966175794601, 0.7799023389816284, -0.058671675622463226, -0.6922948360443115, 0.7830615043640137, -0.6880707740783691, -0.48418688774108887, -0.696242094039917, -0.15828382968902588, -0.24687066674232483, 0.7518326044082642, 0.05066636949777603, 0.06622505933046341, 0.46329963207244873, -0.5079572200775146, -0.6875754594802856, -0.14614099264144897, -0.1363663524389267, -0.3119511902332306, 0.05939057469367981, -0.5407030582427979, 0.4616054892539978, 0.716428279876709, 0.46318623423576355, -0.2839551568031311, -0.3214980661869049, 0.534757137298584, -0.483716756105423, -0.20706912875175476, -0.4905169904232025, 0.40403226017951965, 0.25503450632095337, 0.7270645499229431, 0.18921561539173126, -0.25085383653640747, 0.4855130910873413, 0.04272734373807907, 0.19195429980754852, 0.7742968797683716, 0.6219161748886108, 0.3039481043815613, -0.10648640990257263, 0.2601814866065979, 0.24289534986019135, -0.4145215153694153, -0.6062150001525879, 0.4048002064228058, -0.5842012166976929, 0.3181443214416504, -0.7011252641677856, 0.008699297904968262, 0.3595958650112152, -0.240210622549057, -0.6443037986755371, 0.7896705865859985, -0.5173635482788086, 0.2968156933784485, -0.28915753960609436, -0.5058130621910095, -0.21376961469650269, 0.10127265006303787, 0.39539095759391785, 0.41524022817611694, 0.01873866468667984, -0.4094533920288086, 0.4808081388473511, 0.3019443452358246, -0.5727190375328064, -0.587684690952301, 0.3715803623199463, 0.5933701395988464, 0.011860180646181107, -0.0912977084517479, -0.4300948977470398, 0.3528161644935608, -0.25067806243896484, 0.26770126819610596, 0.2873324155807495, -0.6485766172409058, -0.4552725851535797, 0.7617502808570862, -0.7323987483978271, 0.5725256204605103, 0.47939619421958923, 0.2439020276069641, 0.6199684739112854, 0.2362503707408905, 0.46877607703208923, 0.12517569959163666, -0.5438466668128967, -0.15929925441741943, -0.011545009911060333, 0.8377701044082642, 0.5497673749923706, 0.29944348335266113, -0.08520026504993439, -0.6165785789489746, 0.16061624884605408, -0.2259390950202942, -0.3836274743080139, -0.38573157787323, 0.20164045691490173, 0.5289117097854614, 0.18663115799427032, 0.6596689224243164, -0.48697686195373535, -0.6286638975143433, -0.5214232206344604, -0.47540003061294556, -0.22691991925239563, 0.23606769740581512, 0.18009094893932343, 0.5688198208808899, 0.3209911286830902, -0.29927152395248413, 0.573804497718811, 0.4765607416629791, 0.18461811542510986, 0.7853049635887146, -0.6633113026618958, -0.7853096723556519, -0.06328574568033218, 0.6307862997055054, -0.15242590010166168, 0.7399270534515381, -0.428852915763855, 0.5937608480453491, -0.5572769045829773, -0.43764054775238037, -0.14060546457767487, -0.35534846782684326, 0.2621506452560425, -0.07425017654895782, 0.6912522315979004, -0.5542782545089722, 0.5399264097213745, -0.005453282967209816, 0.020363163203001022, -0.5351924896240234, 0.6072814464569092, -0.3881448805332184, -0.5537638664245605, -0.4486764669418335, -0.1897558569908142, -0.5113950371742249, -0.6263870000839233, 0.37122058868408203, 0.5425853729248047, 0.6600500345230103, 0.26328614354133606, -0.6862941980361938, -0.1673429310321808, 0.22703227400779724, -0.4643220901489258, -0.06854212284088135, -0.22814443707466125, 0.5182897448539734, -0.05703389272093773, 0.43328893184661865, -0.6415066719055176, -0.3165588080883026, 0.6557124257087708, -0.4494684934616089, 0.5743753910064697, 0.5892983675003052, -0.5728179216384888, -0.4854905903339386, -0.3227391541004181, -0.12993082404136658, 0.6576730012893677, 0.5762602090835571, -0.7449530363082886, -0.10195140540599823, -0.14359286427497864, 0.42707347869873047, -0.5925605297088623, 0.08576992154121399, -0.02992747724056244, -0.3174707293510437, 0.5923272371292114, -0.08712852001190186, 0.7564346194267273, 0.22758907079696655, -0.22453990578651428, -0.6059972047805786, -0.1819809526205063, -0.8435528874397278, -0.6212224960327148, 0.3825347125530243, -0.6139705181121826, 0.07824152708053589, -0.12505634129047394, -0.40555182099342346, -0.33736294507980347, -0.31482020020484924, -0.1980832815170288, -0.1860904097557068, 0.0661117285490036, 0.3571605682373047, 0.7137402296066284, 0.1918230801820755, -0.07374334335327148, -0.08101831376552582, 0.1426474153995514, -0.0529363676905632, -0.35755789279937744, 0.3022577166557312, -0.6188539266586304, 0.5436296463012695, 0.7596335411071777, -0.28395819664001465, 0.49084460735321045, 0.3712463974952698, -0.22211351990699768, 0.5180195569992065, -0.5649851560592651, -0.6261123418807983, 0.6914883255958557, -0.22147652506828308, 0.6373185515403748, 0.6752960681915283, 0.7908172607421875, -0.40941303968429565, 0.6941264867782593, 0.2546056807041168, 0.48774009943008423, -0.6626048684120178, -0.01695484295487404, -0.024530217051506042, -0.08408236503601074, 0.519752025604248, -0.27995121479034424, -0.39706698060035706, -0.030767682939767838, 0.4669129252433777, -0.46102142333984375, -0.23311245441436768, 0.5526601672172546, 0.47377005219459534, -0.5521619319915771, 0.4968205690383911, -0.5814892053604126, 0.6412906646728516, 0.38142120838165283, -0.2788783311843872, 0.6775107383728027, -0.49976280331611633, 0.19401204586029053, 0.17511379718780518, 0.003488302230834961, -0.6458417177200317, -0.7420455813407898, 0.555311381816864, -0.7229149341583252, -0.21323667466640472, -0.22489839792251587, -0.10063831508159637, 0.693852961063385, -0.5085945725440979, -0.04919556900858879, -0.6265640258789062, 0.4497642517089844, -0.46033766865730286, 0.19397690892219543, 0.3824831545352936, -0.5188504457473755, -0.218168705701828, -0.6490447521209717, -0.1283046305179596, -0.06558836996555328, 0.4611758291721344, -0.562491774559021, -0.6265643835067749, -0.4210962951183319, 0.2630012333393097, 0.3448958396911621, 0.7319395542144775, 0.10935674607753754, 0.45255085825920105, -0.47743767499923706, 0.11602361500263214, -0.27300825715065, -0.20763376355171204, -0.44669634103775024, -0.5219612121582031, 0.4047406017780304, -0.2957714796066284, 0.2669229805469513, -0.7496930956840515, 0.42882585525512695, 0.10161735117435455, 0.31568458676338196, 0.05164468660950661, -0.7659957408905029, -0.0032389163970947266, 0.12185478210449219, -0.07251933217048645, 0.3021965026855469, -0.05575530230998993, -0.6363551020622253, -0.2843360900878906, -0.4132860600948334, -0.08034546673297882, -0.2747803330421448, -0.5384054780006409, -0.006938088685274124, 0.25898829102516174, 0.350630521774292, 0.37191271781921387, 0.08537695556879044, 0.4358537495136261, 0.202298104763031, 0.26783913373947144, -0.7012869119644165, -0.08113761991262436, -0.49483129382133484, 0.4853937029838562, -0.423578679561615, -0.2883909344673157, 0.710050106048584, 0.18457409739494324, -0.24196866154670715, -0.073696069419384, 0.11450015008449554, -0.3471603989601135, -0.5516360998153687, -0.5991895794868469, -0.459628164768219, 0.3496243357658386, -0.40958836674690247, 0.6144056916236877, 0.5533034205436707, -0.19869166612625122, 0.49638664722442627, -0.7615967392921448, 0.25502079725265503, 0.30439358949661255, 0.2669772803783417, -0.3975697159767151, 0.8270712494850159, 0.4001011848449707, 0.5699566006660461, -0.2052658349275589, -0.21282954514026642, -0.4207087457180023, 0.5950117111206055, -0.8065470457077026, -0.1152736246585846, 0.1068233996629715, -0.3104705512523651, 0.08355072140693665, 0.5032203197479248, 0.6021041870117188, 0.5279483795166016, 0.16268563270568848, -0.4351785182952881, -0.1797904521226883, -0.6711105704307556, -0.16743776202201843, -0.5793238878250122, 0.4229999780654907, -0.09591173380613327, 0.5887067317962646, 0.07854504138231277, -0.6466334462165833, -0.009607309475541115, -0.26623812317848206, 0.06280585378408432, 0.25669410824775696, -0.7867628335952759, -0.3580559492111206, 0.04940223693847656, -0.5683972835540771, 0.042640842497348785, 0.15272463858127594, 0.3397639989852905, 0.32123270630836487, 0.47436413168907166, -0.2675102651119232, -0.760088324546814, -0.05311207473278046, -0.46813929080963135, -0.7234879732131958, -0.5128690600395203, -0.3378874659538269, 0.8054477572441101, 0.7158256769180298, 0.15102559328079224, 0.7954425811767578, -0.13382834196090698, -0.6200441718101501, 0.3955257534980774, 0.3858128488063812, -0.7714095115661621, -0.1858697235584259, 0.8096660375595093, -0.2063414603471756, -0.6966378092765808, -0.016781695187091827, 0.6515492796897888, 0.5898329019546509, 0.691862940788269, 0.23937638103961945, 0.7338172793388367, 0.6290176510810852, 0.3953091502189636, -0.5258129239082336, 0.2613353133201599, 0.340633749961853, -0.3534983992576599, -0.07012061029672623, -0.39056146144866943, -0.7651057243347168, -0.1928667426109314, -0.16808131337165833, 0.38488829135894775, 0.03863794356584549, 0.24556034803390503, -0.25591596961021423, 0.2591904401779175, -0.30647069215774536, 0.41020870208740234, 0.6746649742126465, 0.28631946444511414, -0.5875016450881958, 0.4378625154495239, 0.17733722925186157, -0.20971736311912537, 0.5241068601608276, -0.32099324464797974, 0.4289441704750061, 0.34863734245300293, -0.022115986794233322, -0.23512287437915802, -0.27123603224754333, -0.19559398293495178, -0.03077533468604088, 0.423533171415329, 0.0026881229132413864, 0.44037336111068726, 0.7468199729919434, 0.3751581907272339, -0.398518443107605, 0.16605928540229797, -0.5268593430519104, 0.722518801689148, -0.7395976781845093, -0.5645047426223755, 0.6964402198791504, -0.018803829327225685, 0.06113848835229874, -0.6751528978347778, -0.20178286731243134, 0.8154581785202026, -0.11951836198568344, 0.70794677734375, -0.41009700298309326, 0.6241900324821472, -0.027728967368602753, -0.5868620872497559, -0.3857561945915222, -0.7015618085861206, -0.7521213293075562, 0.5975006222724915, -0.5307985544204712, -0.5105637311935425, 0.8231923580169678, 0.1837439090013504, -0.5435836315155029, -0.7490545511245728, 0.3064952492713928, -0.07898589223623276, 0.38719603419303894, 0.14445915818214417, 0.7077500820159912, -0.5172488689422607, -0.5807256102561951, 0.3156242370605469, 0.6376076936721802, 0.3525804281234741, 0.02928033098578453, -0.646056592464447, -0.8360882997512817, 0.6331842541694641, -0.45086178183555603, -0.781807541847229, -0.4656495749950409, 0.6945804357528687, 0.08975206315517426, 0.6218471527099609, 0.04972270503640175, 0.5309141278266907, -0.3197507858276367, 0.31746160984039307, 0.5928677916526794, 0.7265571355819702, -0.4265468716621399, -0.14593996107578278, 0.643684983253479, 0.13260012865066528, 0.4704930782318115, 0.1610267460346222, 0.30685535073280334, 0.696315586566925, -0.29048246145248413, 0.49665364623069763, 0.06062508001923561, 0.17092350125312805, 0.3768182396888733, 0.2797265946865082, 0.46342146396636963, 0.7431567907333374, -0.5251291990280151, 0.4413765072822571, -0.14660321176052094, 0.38611769676208496, -0.1715952455997467, -0.022014707326889038, -0.20978030562400818, 0.14325420558452606, 0.5267562866210938, -0.17517687380313873, 0.10517507046461105, -0.13749879598617554, 0.15824353694915771, 0.011356472969055176, 0.06825904548168182, -0.0659608244895935, -0.6987791061401367, -0.27001944184303284, -0.659601092338562, 0.29835808277130127, -0.8219682574272156, -0.14807483553886414, -0.308572381734848, -0.033951714634895325, 0.6072705984115601, 0.5266768932342529, -0.19442716240882874, 0.06781698018312454, -0.2052604854106903, 0.5139772295951843, -0.7429547309875488, 0.46845173835754395, 0.13236409425735474, 0.14760756492614746, 0.3407478332519531, -0.5552191138267517, 0.2972416579723358, -0.37088194489479065, 0.5954928994178772, -0.059821564704179764, -0.20830491185188293, 0.1548553854227066, 0.07601103186607361, -0.2203952819108963, -0.3582175374031067, -0.47753822803497314, 0.31801867485046387, -0.46677958965301514, 0.7810572385787964, -0.5125221014022827, -0.6245736479759216, -0.32982057332992554, 0.5285212993621826, -0.7151318192481995, 0.11000630259513855, 0.0854000598192215, -0.09329438954591751, 0.8346418142318726, 0.2659898102283478, -0.0668901726603508, 0.10502685606479645, 0.32489484548568726, -0.8271365165710449, -0.42124128341674805, -0.02741727977991104, 0.30404460430145264, -0.2656983435153961, 0.7058250904083252, -0.211192786693573, -0.05831515043973923, -0.7219885587692261, 0.12356884032487869, 0.051660701632499695, -0.09034433960914612, -0.5686520338058472, -0.5876655578613281, 0.7696740627288818, -0.2547464370727539, -0.46667566895484924, -0.008508315309882164, 0.06365998089313507, -0.24605269730091095, 0.5090400576591492, -0.6908051371574402, -0.2639533281326294, 0.6771379709243774, -0.4628315567970276, -0.670784056186676, -0.43848931789398193, 0.7279564738273621, 0.3068520128726959, 0.36759090423583984, 0.7822308540344238, -0.4695477783679962, 0.8305014371871948, -0.0413910448551178, -0.08783843368291855, -0.23848597705364227, -0.33687326312065125, 0.3557124137878418, 0.25313499569892883, 0.3129674792289734, -0.5124203562736511, -0.19346126914024353, -0.6846103668212891, 0.6964399814605713, 0.43128669261932373, -0.14242182672023773, -0.6610004901885986, -0.01576109603047371, 0.7587592601776123, 0.6515200734138489, 0.6653264760971069, 0.5750594139099121, -0.12857279181480408, 0.12536369264125824, -0.09598422795534134, 0.6444026231765747, 0.43735766410827637, 0.5707482099533081, -0.04045181721448898, -0.7405744791030884, 0.7557467818260193, 0.6348239183425903, -0.26773959398269653, -0.21063026785850525, 0.8490089178085327, 0.2948375344276428, 0.3427806496620178, -0.24273627996444702, -0.25524380803108215, 0.3357945680618286, -0.032073527574539185, 0.009144112467765808, 0.4906828999519348, -0.511027455329895, 0.5721425414085388, -0.6613707542419434, -0.40364477038383484, -0.6672791242599487, 0.7118901610374451, 0.48679065704345703, -0.6113215684890747, 0.7849434614181519, -0.1812727302312851, -0.1497407853603363, 0.33593058586120605, 0.7698675394058228, 0.7851437330245972, 0.24116289615631104, 0.26213860511779785, -0.3737066686153412, -0.8028297424316406, 0.2099105417728424, 0.6817805767059326, 0.22521279752254486, -0.4205603003501892, 0.12406116724014282, 0.5553750395774841, -0.7674164175987244, 0.6527024507522583, 0.32507121562957764, 0.4997004270553589, 0.4727615714073181, -0.027330923825502396, -0.4836730360984802, -0.5006999969482422, 0.03779859095811844, -0.30713456869125366, -0.22238051891326904, 0.6115584373474121, -0.35088109970092773, 0.2312021404504776, -0.5769100785255432, 0.4600869119167328, 0.45419856905937195, 0.5653327703475952, -0.20736487209796906, -0.1851777732372284, -0.35113024711608887, -0.11948088556528091, -0.48247116804122925, -0.2403014749288559, 0.5049905776977539, -0.5012423992156982, 0.1503618210554123, -0.3592723608016968, -0.5988988876342773, -0.1592143177986145, -0.11318904906511307, 0.04928490146994591, -0.3236157298088074, 0.15816226601600647, -0.14796695113182068, -0.503777801990509, 0.05909669026732445, -0.8402684330940247, 0.46580690145492554, 0.3975568413734436, -0.7898693680763245, -0.1389537900686264, 0.7273650169372559, -0.4149262309074402, -0.4867233335971832, 0.45769184827804565, -0.19505071640014648, -0.625412106513977, 0.24022655189037323, 0.5624579191207886, 0.6243707537651062, -0.7271019220352173, -0.5124189853668213, 0.33687838912010193, -0.39470261335372925, 0.03167944401502609, 0.6652446985244751, -0.002238096669316292, -0.175569087266922, 0.4626193344593048, 0.36577099561691284, -0.3900953531265259, 0.6848249435424805, 0.3595949113368988, -0.5792828798294067, 0.5109865665435791, -0.7212837338447571, 0.09238316118717194, 0.07767932862043381, 0.3643845021724701, -0.8077825307846069, 0.08008728176355362, 0.6000827550888062, -0.012376416474580765, -0.8334490060806274, -0.44673585891723633, -0.5572248101234436, 0.39192840456962585, 0.14905676245689392, -0.32714352011680603, -0.2575087547302246, -0.8152158260345459, -0.8043050169944763, -0.37005430459976196, 0.18043187260627747, 0.543803334236145, -0.45516762137413025, -0.36277762055397034, -0.04825742542743683, 0.10531660914421082, -0.18560458719730377, -0.6415114402770996, -0.11781542003154755, -0.21480295062065125, -0.4882938861846924, 0.7664029598236084, 0.24672181904315948, 0.20832616090774536, -0.3971189856529236, 0.07638445496559143, -0.04353379085659981, 0.360059916973114, -0.8240294456481934, 0.08151639997959137, -0.43527910113334656, -0.09327062964439392, 0.6733876466751099, 0.030968621373176575, -0.23078663647174835, 0.5026848912239075, 0.21994855999946594, 0.19410982728004456, 0.1573372185230255, 0.11266964673995972, 0.5823071002960205, 0.4059111177921295, 0.5294482111930847, 0.30837956070899963, -0.4535573422908783, 0.5439451932907104, -0.3128926753997803, 0.6346885561943054, 0.0016846172511577606, 0.4637167751789093, -0.5694267153739929, 0.35353410243988037, 0.26232463121414185, -0.22566476464271545, 0.33440229296684265, 0.3472082018852234, 0.06656444072723389, 0.07377520203590393, -0.022849619388580322, 0.23594552278518677, -0.0668666660785675, -0.47145965695381165, -0.5324075222015381, -0.11736483126878738, 0.04045218229293823, -0.44755151867866516, 0.793962836265564, 0.3886445164680481, -0.16823700070381165, -0.10656903684139252, 0.4104943871498108, -0.10825763642787933, 0.5270863175392151, 0.24930906295776367, 0.46754249930381775, 0.21478813886642456, -0.7113312482833862, -0.12203294783830643, -0.5931227207183838, -0.45723092555999756, 0.4507835805416107, 0.04101041331887245, -0.4542701840400696, -0.05158853530883789, 0.26539549231529236, -0.8064962029457092, 0.5795419216156006, -0.5488154888153076, 0.7095078825950623, 0.12108632922172546, -0.552401065826416, 0.28272703289985657, 0.3161942660808563, 0.57628333568573, -0.09442387521266937, -0.35457777976989746, -0.7448011636734009, 0.6298926472663879, 0.1621929258108139, 0.2662874460220337, -0.5296500325202942, 0.45133131742477417, -0.24550674855709076, -0.6500325202941895, -0.48805704712867737, -0.2893405854701996, -0.7135218381881714, -0.29337799549102783, -0.47466930747032166, -0.6554101705551147, 0.6255136728286743, -0.29407352209091187, 0.05623640865087509, 0.6158996224403381, -0.5035752058029175, -0.6122384667396545, -0.6236808896064758, 0.5000823140144348, 0.4654443562030792, -0.57041335105896, 0.6273775100708008, -0.05635416507720947, 0.10681641101837158, 0.2943553328514099, 0.50459223985672, -0.22885170578956604, 0.1921243965625763, -0.7469929456710815, 0.24753937125205994, -0.06441931426525116, -0.7571398019790649, 0.3188247084617615, -0.35686761140823364, 0.39505088329315186, -0.1032804548740387, -0.7857245802879333, -0.3737231194972992, -0.10989852994680405, 0.46762022376060486, 0.3036767840385437, -0.5323138236999512, 0.41967546939849854, 0.4543600380420685, 0.5262231230735779, 0.13799716532230377, -0.6438888311386108, 0.3990119397640228, 0.10413949191570282, -0.5656930804252625, 0.3523073196411133, 0.6196317672729492, -0.4284449517726898, -0.14227406680583954, 0.10711795091629028, -0.12839673459529877, 0.5013310313224792, 0.42666810750961304, 0.7120402455329895, 0.7454262971878052, -0.09661991149187088, 0.38768425583839417, -0.4158516228199005, 0.1114949956536293, -0.547157347202301, 0.691063642501831, -0.27374982833862305, -0.6113392114639282, -0.6326507329940796, -0.3688649535179138, -0.2822805643081665, -0.06596764922142029, -0.22981010377407074, -0.5260648727416992, -0.7829533219337463, 0.28700172901153564, 0.4745081067085266, 0.22180074453353882, -0.8022008538246155, 0.3550643026828766, -0.4932868778705597, -0.2159903347492218, -0.6154325008392334, 0.2329668402671814, 0.5246131420135498, 0.24080176651477814, -0.15849286317825317, 0.5880821943283081, -0.29113277792930603, 0.1931808590888977, 0.43159884214401245, -0.7148102521896362, 0.2062801718711853, 0.19683456420898438, 0.11637885868549347, 0.2981029152870178, -0.8000362515449524, 0.3349217474460602, -0.07132424414157867, 0.1545347273349762, -0.5467578172683716, 0.4711095094680786, 0.6624340415000916, 0.66234290599823, 0.6961560249328613, -0.21903783082962036, -0.22850169241428375, 0.6558283567428589, 0.39926111698150635, -0.5604008436203003, -0.23275412619113922, 0.46824461221694946, 0.8332637548446655, 0.7061465978622437, -0.06972519308328629, 0.6007185578346252, 0.011840790510177612, -0.4638064503669739, 0.7982494831085205, -0.16797849535942078, -0.6717206239700317, 0.5856257677078247, 0.7443508505821228, -0.053501516580581665, -0.6444500684738159, 0.6686608195304871, -0.555179238319397, 0.505314290523529, 0.8282527923583984, -0.2821875214576721, -0.10600133240222931, -0.7847652435302734, 0.47985532879829407, 0.41058915853500366, 0.3394017815589905, 0.7684184312820435, -0.3909566104412079, -0.14149431884288788, -0.10565470159053802, -0.7332475781440735, -0.469661682844162, -0.6156495809555054, 0.053128957748413086, -0.5828152894973755, -0.6795259118080139, 0.690356969833374, 0.44961613416671753, -0.2483597844839096, -0.687587559223175, 0.8027294278144836, 0.014163538813591003, 0.1424293965101242, -0.7856954336166382, -0.6783404350280762, -0.24710975587368011, -0.7023852467536926, -0.6760398149490356, -0.6417908668518066, -0.183722585439682, -0.6774742603302002, 0.1447862684726715, -0.34426024556159973, 0.421362042427063, 0.05773938447237015, -0.5755434036254883, -0.6303118467330933, -0.43373310565948486, 0.6255436539649963, -0.3622118830680847, 0.38959836959838867, 0.6053317785263062, -0.6384367942810059, -0.0366998091340065, 0.2503434419631958, 0.5473634004592896, 0.32155367732048035, 0.2392672896385193, 0.09311440587043762, -0.5026676654815674, -0.3681541085243225, -0.2493838667869568, -0.20883522927761078, 0.78316330909729, 0.499819278717041, -0.6734678149223328, 0.28351593017578125, 0.28447502851486206, -0.4172479808330536, -0.7748031616210938, 0.6103857159614563, -0.4719047546386719, 0.2669808268547058, -0.305584192276001, -0.6408059597015381, 0.6995958685874939, 0.7577981948852539, -0.17237430810928345, -0.7062920331954956, -0.03832507133483887, -0.16901449859142303, 0.6535079479217529, -0.799528181552887, 0.2334076464176178, -0.3535017669200897, -0.08872200548648834, 0.2684181034564972, 0.16942346096038818, -0.455868124961853, -0.6786692142486572, -0.44577962160110474, 0.13259975612163544, -0.013615839183330536, -0.5760672688484192, 0.5520808696746826, 0.48545342683792114, -0.7959085702896118, -0.1084839403629303, 0.6513983011245728, 0.8100314140319824, 0.24251264333724976, -0.6357059478759766, -0.5394827127456665, -0.5885201692581177, 0.6634819507598877, 0.06182160973548889, -0.55917888879776, 0.07133865356445312, 0.6691352128982544, -0.11878985166549683, -0.5867083072662354, -0.7362125515937805, 0.24169328808784485, 0.48530101776123047, 0.5116361379623413, 0.20993834733963013, -0.3686158061027527, -0.13296571373939514, 0.7249289155006409, -0.4439932107925415, 0.7039117217063904, -0.5255392789840698, 0.5791476368904114, -0.0013042464852333069, -0.14081591367721558, -0.16039365530014038, -0.5577069520950317, -0.4470099210739136, 0.4066668152809143, -0.11226806044578552, -0.15297240018844604, 0.5481463670730591, 0.2150980830192566, -0.21783500909805298, -0.728721559047699, 0.60768061876297, 0.26530516147613525, 0.7592363357543945, 0.37141793966293335, 0.013636872172355652, -0.048432573676109314, 0.13273189961910248, 0.46724849939346313, -0.25769102573394775, 0.32687389850616455, 0.42940229177474976, 0.24089443683624268, -0.33749979734420776, 0.2647694945335388, -0.3546786904335022, 0.7354316711425781, -0.34886685013771057, 0.5475785732269287, -0.5633971095085144, -0.6975345015525818, 0.20118188858032227, -0.3238161504268646, -0.6792008876800537, -0.32636070251464844, 0.4697442054748535, -0.5720035433769226, 0.32050469517707825, 0.2649831771850586, 0.41414421796798706, -0.8382090330123901, 0.10833866894245148, 0.13105495274066925, -0.7497670650482178, -0.42035552859306335, -0.6889560222625732, -0.29685282707214355, 0.5390197038650513, -0.8063229322433472, 0.5608941316604614, 0.03985598310828209, -0.13933327794075012, -0.48823583126068115, 0.05161319300532341, 0.2840663492679596, -0.42583879828453064, 0.415880411863327, -0.7234793901443481, 0.582768440246582, 0.4824829697608948, -0.3948659598827362, -0.2823438048362732, -0.6769344806671143, -0.41509512066841125, -0.5002949237823486, -0.5463336110115051, -0.416067898273468, 0.5326228737831116, 0.6589299440383911, -0.09388136863708496, 0.28996479511260986, -0.5268113017082214, 0.538480281829834, -0.3747211694717407, 0.07318120449781418, 0.08483419567346573, 0.6422518491744995, 0.3190891146659851, -0.32197973132133484, -0.17315325140953064, -0.001071251928806305, 0.5140713453292847, 0.36255401372909546, 0.45804592967033386, 0.12155746668577194, -0.14634111523628235, -0.6288267374038696, -0.5627991557121277, 0.40231049060821533, 0.43406105041503906, 0.5938759446144104, -0.4522807002067566, 0.659264087677002, -0.4735032021999359, 0.6124585270881653, -0.10495874285697937, -0.044148433953523636, -0.4344126284122467, 0.6015915274620056, 0.42101728916168213, -0.43021076917648315, -0.01991432160139084, -0.19663003087043762, 0.6297768950462341, 0.16035081446170807, 0.29099544882774353, 0.21456162631511688, 0.36593252420425415, -0.4172387421131134, -0.08801130205392838, -0.3341379165649414, 0.7159796953201294, 0.2701322138309479, 0.7808449268341064, -0.2420348972082138, -0.1352003812789917, 0.3546254634857178, -0.3933240473270416, 0.8093417882919312, -0.5631519556045532, -0.3123106360435486, 0.4693765640258789, 0.3592049479484558, 0.6143646240234375, 0.49520280957221985, 0.6528372168540955, -0.1368674784898758, -0.3536348044872284, -0.3398168683052063, 0.4027685821056366, -0.3181106746196747, 0.5943632125854492, -0.2568708658218384, -0.622054934501648, -0.14751219749450684, 0.4299512505531311, 0.5577495694160461, -0.24008652567863464, -0.8171529769897461, -0.3559019863605499, -0.44496798515319824, -0.6940977573394775, 0.4084351062774658, -0.7528709173202515, 0.28314757347106934, -0.6381176710128784, -0.0650368481874466, -0.01727079600095749, -0.020173735916614532, 0.3893123269081116, -0.02734009549021721, -0.22418071329593658, 0.7798106074333191, 0.5655257701873779, 0.7513736486434937, -0.5890883207321167, -0.18230797350406647, 0.0021461062133312225, -0.735252320766449, -0.4087769389152527, 0.7796775698661804, 0.8101221919059753, 0.05819651111960411, 0.29037973284721375, 0.42871201038360596, -0.42735064029693604, -0.2868800759315491, -0.8128641247749329, -0.027617383748292923, 0.6842734813690186, 0.14306436479091644, 0.3124774992465973, 0.48623719811439514, 0.2043662667274475, -0.5402415990829468, 0.15456834435462952, 0.6660088300704956, -0.7049062848091125, -0.8068228960037231, 0.7739260792732239, -0.06556373834609985, -0.7449448108673096, -0.038577135652303696, 0.6986734867095947, 0.3529459834098816, 0.009395446628332138, 0.2096070498228073, -0.12066775560379028, -0.3725159168243408, -0.5928127765655518, 0.18826404213905334, -0.582779049873352, -0.6947665810585022, -0.6558430194854736, -0.7514609694480896, 0.6063709259033203, 0.4698405861854553, -0.2416577786207199, 0.20888009667396545, 0.5669534206390381, 0.6112200021743774, 0.4646548628807068, 0.3886004090309143, 0.1701677143573761, 0.17842522263526917, 0.6510113477706909, -0.07516612857580185, -0.006927087903022766, -0.3890327215194702, 0.35646918416023254, -0.5191196799278259, -0.19151028990745544, 0.5832563638687134, -0.03589199483394623, 0.8418556451797485, -0.6283676028251648, 0.6191041469573975, 0.6259558200836182, -0.449097216129303, 0.847791314125061, 0.4322601556777954, -0.048399314284324646, 0.4217318296432495, 0.3055298626422882, -0.5625736713409424, -0.22707408666610718, -0.3535550534725189, -0.04803561046719551, -0.571938157081604, -0.6619253158569336, 0.5226050019264221, -0.6884450912475586, -0.06547269970178604, -0.3205978274345398, 0.5553355813026428, 0.500068187713623, 0.025144081562757492, -0.03446443751454353, -0.8419351577758789, 0.19214466214179993, -0.6541150212287903, -0.17714276909828186, 0.24805188179016113, -0.5774579048156738, 0.6178807616233826, -0.5553514361381531, -0.2519906461238861, 0.060838378965854645, 0.37055909633636475, -0.6508681178092957, 0.15311351418495178, -0.8122264742851257, -0.12320421636104584, -0.7867448329925537, 0.037920571863651276, -0.2599223554134369, -0.36159783601760864, 0.6587148308753967, 0.7636696696281433, -0.44091975688934326, 0.5004088878631592, 0.32734954357147217, 0.3624201714992523, 0.6301525831222534, -0.753241777420044, 0.5768532752990723, 0.6401090621948242, 0.20908543467521667, -0.36806195974349976, -0.5325413346290588, -0.42805448174476624, 0.7463029623031616, -0.6252827048301697, 0.05784172564744949, 0.16110749542713165, 0.6335160136222839, -0.25153788924217224, -0.6281384229660034, 0.6131992936134338, 0.44426265358924866, 0.5628594160079956, 0.36717870831489563, -0.5999902486801147, -0.711921751499176, -0.4749740958213806, -0.5744059681892395, -0.37523508071899414, -0.7224159240722656, 0.5647143125534058, 0.2614295482635498, -0.07353205978870392, -0.16372428834438324, 0.3678845167160034, -0.1334238499403, -0.08466649800539017, 0.26604270935058594, -0.04274843633174896, -0.1378696858882904, -0.6413674354553223, 0.20385274291038513, -0.21847844123840332, -0.5204660296440125, -0.23412340879440308, 0.2157677412033081, -0.6675729155540466, 0.634803056716919, 0.5115906000137329, -0.32652682065963745, -0.16977155208587646, -0.06449218839406967, -0.14905327558517456, -0.08655571937561035, 0.274823933839798, -0.501090407371521, -0.586296558380127, -0.19660110771656036, -0.30835410952568054, 0.09864434599876404, 0.22093719244003296, -0.07911937683820724, 0.7940474152565002, 0.19758367538452148, 0.4391152858734131, 0.19957846403121948, 0.18955355882644653, -0.18854552507400513, 0.8003407716751099, -0.5248047113418579, 0.6507500410079956, -0.6893245577812195, 0.5985924005508423, -0.18958349525928497, -0.6848425269126892, 0.09758418053388596, -0.21540629863739014, 0.7659311294555664, -0.413377046585083, -0.12106117606163025, -0.523449182510376, -0.5012995004653931, -0.0007325625047087669, 0.8332099914550781, 0.8301904201507568, -0.05123712122440338, 0.24978673458099365, 0.7846993207931519, -0.11644801497459412, -0.2801014184951782, -0.19796264171600342, -0.09920689463615417, -0.5485309958457947, 0.03853047639131546, 0.20122821629047394, 0.3590647578239441, 0.14329874515533447, 0.4224517047405243, 0.7913839221000671, -0.6126170754432678, 0.19412332773208618, -0.24477148056030273, 0.32182663679122925, 0.6302335262298584, -0.14061543345451355, -0.3628397285938263, -0.8023663759231567, -0.1615455150604248, -0.015973731875419617, -0.7288362383842468, 0.12168529629707336, 0.1286115199327469, 0.25866156816482544, -0.2697908878326416, -0.48526161909103394, -0.13744273781776428, -0.08131922036409378, 0.7388647198677063, 0.04390805959701538, 0.15633119642734528, 0.584767758846283, 0.5545715689659119, -0.5330621004104614, 0.8048866987228394, 0.6052435040473938, 0.39463862776756287, 0.7800335884094238, -0.056153688579797745, -0.452750563621521, 0.5162176489830017, 0.7414072751998901, 0.14785003662109375, 0.19944125413894653, -0.27466607093811035, -0.16724854707717896, 0.4487219750881195, -0.5894367098808289, 0.13822385668754578, 0.6790943145751953, -0.2991878092288971, -0.3331259489059448, 0.7853965759277344, -0.12788666784763336, 0.3840699791908264, -0.24694152176380157, 0.7422608137130737, 0.023196939378976822, 0.4245601296424866, -0.3845598101615906, -0.1337151974439621, 0.27963995933532715, -0.05830175802111626, 0.3660320043563843, 0.3237255811691284, 0.37210431694984436, 0.4075358510017395, 0.11565885692834854, 0.04196031764149666, 0.5056594014167786, 0.7744393944740295, -0.31530579924583435, -0.5902318358421326, -0.7989594340324402, 0.5921624302864075, -0.44609344005584717, 0.604300856590271, -0.3879733085632324, -0.09445713460445404, 0.11330045759677887, 0.18350684642791748, 0.2739066481590271, -0.11448048800230026, 0.6456010341644287, 0.5046490430831909, 0.19481250643730164, -0.1480586975812912, 0.10849824547767639, 0.5275548696517944, -0.38355332612991333, -0.40098345279693604, 0.5190608501434326, 0.8273997902870178, -0.4929589033126831, -0.5814918279647827, 0.5818628072738647, 0.785283088684082, -0.40867987275123596, -0.5646340847015381, -0.15388932824134827, 0.35947301983833313, -0.33367565274238586, 0.6018083691596985, -0.7766515016555786, -0.5616388320922852, 0.7358007431030273, 0.7831432819366455, -0.4739484190940857, -0.43231630325317383, 0.002660974860191345, -0.7934349775314331, 0.1598958671092987, -0.0020450782030820847, -0.7829318642616272, -0.3661016821861267, 0.39792874455451965, -0.42809703946113586, 0.09491581469774246, 0.20921902358531952, 0.18334442377090454, -0.4722672700881958, -0.2450924515724182, 0.46850523352622986, -0.10793593525886536, 0.023346424102783203, 0.052203647792339325, 0.20095819234848022, 0.47611889243125916, -0.1465146243572235, -0.1689048707485199, -0.5059230327606201, -0.47281497716903687, 0.7663500308990479, 0.5083723068237305, 0.07105214148759842, -0.4702019691467285, 0.6239941716194153, -0.12903733551502228, 0.1278052031993866, -0.28680115938186646, 0.393655389547348, 0.1487366259098053, 0.1832379698753357, 0.41122493147850037, 0.44286051392555237, 0.7616111636161804, -0.738090455532074, -0.2715202569961548, 0.11585849523544312, 0.17063301801681519, -0.15272599458694458, -0.5006935596466064, 0.5028258562088013, 0.6280745267868042, 0.7784390449523926, -0.11393983662128448, 0.6311264038085938, 0.2889446020126343, 0.18970346450805664, -0.5133741497993469, 0.010306619107723236, -0.5277451276779175, 0.13081219792366028, 0.8403141498565674, -0.24237458407878876, -0.6353697776794434, 0.6725058555603027, -0.49770647287368774, -0.3439635634422302, 0.07866232842206955, -0.6109355688095093, -0.32170799374580383, 0.3881746232509613, 0.10933008790016174, -0.5381301641464233, 0.12052999436855316, -0.06711696833372116, 0.6209790706634521, 0.27030596137046814, 0.5891144275665283, 0.525083065032959, -0.12367187440395355, -0.4723692536354065, 0.8187733888626099, 0.3509559631347656, 0.45478010177612305, 0.44333064556121826, 0.002829205244779587, -0.13068339228630066, 0.7868654727935791, 0.583321213722229, 0.5070626139640808, -0.7907423377037048, 0.7221628427505493, -0.6917043328285217, 0.5054188370704651, 0.040560126304626465, 0.5630954504013062, -0.21343031525611877, 0.6630042791366577, 0.44750410318374634, -0.5517266988754272, 0.411049485206604, 0.2561567425727844, -0.265621155500412, -0.49845442175865173, -0.48551374673843384, -0.3774547278881073, 0.7848790884017944, -0.3965553045272827, -0.6984097957611084, -0.16510902345180511, 0.028442755341529846, -0.46417129039764404, 0.17893165349960327, 0.345487505197525, 0.6468498110771179, 0.6416599154472351, -0.4307047724723816, -0.011830177158117294, -0.3778965175151825, 0.7255512475967407, 0.4316757917404175, 0.15668222308158875, -0.7118406295776367, 0.32068073749542236, 0.5032212138175964, -0.4373370409011841, -0.6636942625045776, 0.22455254197120667, 0.23590540885925293, 0.7662152051925659, -0.2097654640674591, -0.2500426173210144, -0.6863588690757751, 0.784859299659729, -0.19016820192337036, 0.6776883006095886, -0.3814281225204468, 0.4714299440383911, -0.8259940147399902, 0.41016435623168945, 0.26639094948768616, 0.773712694644928, 0.8022672533988953, 0.1330590397119522, -0.09469903260469437, -0.1693098545074463, -0.587187647819519, -0.20153459906578064, 0.33981162309646606, 0.6001419425010681, 0.6316955089569092, -0.433532178401947, -0.246858611702919, -0.21760469675064087, 0.6630812883377075, -0.4707871079444885, 0.20572210848331451, 0.06938090175390244, -0.5647585391998291, 0.5267199277877808, -0.4105988144874573, 0.03640330955386162, 0.13418540358543396, -0.5916658043861389, 0.3379285931587219, 0.16230419278144836, -0.5938777923583984, -0.44417092204093933, 0.05975046753883362, -0.2695162296295166, -0.12265100330114365, 0.7101529836654663, 0.24941377341747284, -0.29829728603363037, 0.17572222650051117, 0.09475451707839966, 0.33274760842323303, -0.3422880172729492, -0.10426291823387146, 0.4107304513454437, 0.38354048132896423, -0.01902494579553604, -0.18710990250110626, -0.25648033618927, -0.3378811776638031, -0.6873464584350586, -0.23592133820056915, 0.5294883251190186, -0.337556391954422, 0.6813071370124817, 0.6385387182235718, 0.3854629099369049, 0.11377468705177307, -0.22609828412532806, -0.20831668376922607, 0.30557945370674133, -0.22439894080162048, 0.3101043105125427, 0.22993437945842743, 0.17616964876651764, -0.29358798265457153, -0.26486730575561523, -0.07014380395412445, -0.4770859479904175, -0.817861020565033, 0.704685389995575, 0.005338143557310104, 0.19535553455352783, 0.3219378590583801, 0.4464947581291199, -0.717642605304718, 0.7753443121910095, -0.8255857229232788, 0.7849805951118469, -0.47735247015953064, -0.04675719141960144, -0.7272976040840149, 0.3569648265838623, -0.48104792833328247, -0.09060865640640259, -0.24692483246326447, -0.2402258813381195, -0.03795474022626877, 0.17846904695034027, -0.6115903854370117, 0.4421883821487427]
