sample name: ['O=C1CN(S(=O)(=O)c2cccc(NC(=O)c3cc(F)cc(F)c3)c2)CCN1']
atom_index,distance,cosine_similarity
0,-0.0067578125,0.0021018311381340027
1,-0.350638427734375,0.028713659197092057
2,-1.3750921630859374,0.13287211226299406
3,-4.523578491210937,0.452871161326766
4,-3.105977783203125,0.38752599358558654
5,0.9187506103515625,-0.06921966180205345
6,-0.0549609375,0.02339049195870757
7,-0.0385711669921875,0.013950911685824394
8,0.57263671875,-0.06441133052110672
9,0.253402099609375,-0.00958035483956337
10,-0.65227783203125,0.07347343511879444
11,0.318419189453125,-0.026616583317518233
12,-1.0629364013671876,0.11560602575540542
13,-0.59463623046875,0.0271933726221323
14,0.009527587890625,-0.04643434628844261
15,-4.453838500976563,0.20349247954785823
16,-0.7333709716796875,0.05439058870077133
17,-1.50914306640625,0.08276477634906769
18,0.0223529052734375,-0.03800953237339854
19,-2.921405029296875,0.3518849467113614
20,0.4488946533203125,-0.03967115253210068

Sum of phi values for distance
-18.839201049804686
Sum of phi values for cosine similarity
1.656288824286312
Average distance random samples:
7.493099123750414
Average cosine similarity random samples:
0.641448515557817
Distances random samples
[5.593498229980469, 5.334408760070801, 5.403522968292236, 5.731261730194092, 11.57284164428711, 3.9544973373413086, 13.804497718811035, 5.709307670593262, 5.664239406585693, 6.372349262237549, 5.923803329467773, 6.378918170928955, 5.386068820953369, 5.910432815551758, 6.2605977058410645, 5.905540943145752, 15.831782341003418, 5.447902679443359, 9.113158226013184, 4.887235641479492, 4.828002452850342, 15.115056037902832, 5.416436672210693, 4.6240386962890625, 5.563108444213867, 9.128116607666016, 4.445169925689697, 3.939950704574585, 13.451216697692871, 16.014989852905273, 5.220928192138672, 10.239648818969727, 6.376779556274414, 3.7456910610198975, 4.374611854553223, 4.819050312042236, 5.192213535308838, 5.930576324462891, 5.989798545837402, 5.393388748168945, 4.45587158203125, 5.960879802703857, 5.055784225463867, 12.516857147216797, 14.0757474899292, 17.00571060180664, 5.38685941696167, 5.624482154846191, 15.001387596130371, 5.397374629974365, 4.447821140289307, 6.170492172241211, 5.428496837615967, 16.461164474487305, 5.896326541900635, 5.895732879638672, 4.32471227645874, 5.55671501159668, 8.849924087524414, 5.405972003936768, 15.913223266601562, 5.747247219085693, 5.41008996963501, 8.536369323730469, 4.19584846496582, 15.977721214294434, 16.67418098449707, 14.63058853149414, 5.1082916259765625, 4.08546257019043, 4.860599994659424, 5.396092414855957, 9.19480037689209, 5.730935573577881, 3.7910118103027344, 14.890791893005371, 5.907702445983887, 15.357412338256836, 11.978761672973633, 9.889599800109863, 3.9582388401031494, 4.238686561584473, 5.395435333251953, 5.439168453216553, 5.468625545501709, 5.890506267547607, 3.93227219581604, 11.117806434631348, 7.075954914093018, 5.620684623718262, 5.895258903503418, 6.271299362182617, 5.428012371063232, 6.136995792388916, 4.2976460456848145, 4.018365859985352, 5.0236992835998535, 14.291630744934082, 5.598148822784424, 6.060482501983643, 13.19073486328125, 2.1624841690063477, 17.852264404296875, 17.905136108398438, 11.98073959350586, 16.70209503173828, 17.76362419128418, 4.400557994842529, 5.894240379333496, 4.224145889282227, 16.18089485168457, 5.561507225036621, 5.43885612487793, 5.892599105834961, 5.634643077850342, 4.882625102996826, 5.030908584594727, 5.056607723236084, 3.9616260528564453, 14.496953010559082, 5.413140773773193, 3.9889957904815674, 4.004411220550537, 7.6031389236450195, 16.83440399169922, 5.229287147521973, 5.689169883728027, 4.828390121459961, 17.99378776550293, 4.650093078613281, 5.451915740966797, 5.309062957763672, 9.799893379211426, 4.708125114440918, 18.865142822265625, 3.9452617168426514, 6.366612911224365, 13.05698013305664, 13.673047065734863, 4.810689926147461, 4.908410549163818, 15.988685607910156, 15.705379486083984, 5.777074337005615, 7.099974632263184, 5.91526460647583, 18.71855926513672, 6.178420543670654, 5.579347610473633, 4.8337531089782715, 5.682450294494629, 7.248765468597412, 4.896735191345215, 6.114626884460449, 7.991322040557861, 10.167426109313965, 17.65798568725586, 5.151774883270264, 5.9143171310424805, 4.238543510437012, 17.231069564819336, 6.358386993408203, 4.404496669769287, 6.50863790512085, 4.829508304595947, 5.734769344329834, 5.590023040771484, 15.167685508728027, 4.843476295471191, 15.752392768859863, 5.5683722496032715, 5.286690711975098, 5.915229797363281, 5.3771891593933105, 17.747779846191406, 4.631804466247559, 5.771142482757568, 3.9523041248321533, 5.227540016174316, 5.729236602783203, 8.812270164489746, 5.7922749519348145, 4.92861795425415, 5.761953353881836, 7.234358310699463, 5.897855758666992, 6.215275287628174, 5.2487311363220215, 14.226924896240234, 3.976414442062378, 16.243684768676758, 5.3408284187316895, 5.1783928871154785, 5.1395955085754395, 4.219012260437012, 4.1484198570251465, 6.250549793243408, 3.5427794456481934, 7.557496547698975, 4.889268398284912, 6.412407398223877, 5.595996379852295, 4.764306545257568, 6.757601737976074, 17.772663116455078, 13.1334867477417, 6.937891006469727, 5.762248992919922, 5.703768253326416, 5.842869758605957, 6.297927379608154, 5.028774261474609, 9.298809051513672, 7.675319194793701, 4.774953842163086, 6.464775085449219, 7.1654863357543945, 11.643401145935059, 6.315049648284912, 17.661903381347656, 5.738335132598877, 6.023497581481934, 6.314445495605469, 9.907843589782715, 4.642022132873535, 6.0804901123046875, 5.455338954925537, 6.359262943267822, 5.6845197677612305, 6.4052557945251465, 6.801842212677002, 17.284324645996094, 6.200314044952393, 5.860111236572266, 5.810202598571777, 5.621916770935059, 6.716259479522705, 5.8317461013793945, 5.309636116027832, 5.956601619720459, 7.919963359832764, 15.50326156616211, 10.237846374511719, 6.503299236297607, 4.818099498748779, 6.100342750549316, 5.295619487762451, 4.338757514953613, 16.65289306640625, 5.228268146514893, 5.904214382171631, 5.683686256408691, 5.402770042419434, 6.115478038787842, 5.38614559173584, 7.007286071777344, 5.667070388793945, 6.139056205749512, 6.000438213348389, 7.599194049835205, 5.857285976409912, 7.044097423553467, 5.54644250869751, 6.361250877380371, 7.088056564331055, 6.000819206237793, 5.203088760375977, 6.486065864562988, 6.102766513824463, 6.744328022003174, 5.8891730308532715, 5.885672569274902, 4.615373611450195, 6.3607563972473145, 7.642165184020996, 6.556676864624023, 6.625181198120117, 5.732411861419678, 4.959064483642578, 6.401294231414795, 14.441598892211914, 6.9898481369018555, 6.704556941986084, 6.841664791107178, 6.216188430786133, 13.078187942504883, 5.672948360443115, 6.601690292358398, 6.264562606811523, 5.959258556365967, 17.059297561645508, 6.703317642211914, 5.295847415924072, 4.595428943634033, 6.577508449554443, 16.933225631713867, 6.176138401031494, 6.0227251052856445, 3.1818201541900635, 5.6050543785095215, 4.386990070343018, 12.252310752868652, 12.413033485412598, 5.913066387176514, 11.707449913024902, 17.138275146484375, 3.980867385864258, 11.420334815979004, 12.466693878173828, 4.84351110458374, 16.201831817626953, 4.816047668457031, 5.237391948699951, 5.528244495391846, 16.618066787719727, 16.24298667907715, 5.9625983238220215, 12.38309097290039, 4.86417818069458, 5.202406406402588, 12.119593620300293, 18.733339309692383, 5.250669002532959, 5.192678928375244, 11.612257957458496, 17.486818313598633, 4.236340045928955, 11.360939979553223, 5.258462905883789, 15.936278343200684, 16.34832763671875, 15.076375007629395, 13.990320205688477, 3.962012529373169, 14.343542098999023, 15.475509643554688, 13.93602180480957, 6.912226676940918, 5.911201000213623, 5.965168476104736, 17.171375274658203, 12.045492172241211, 12.368207931518555, 4.404688358306885, 5.968425273895264, 16.412071228027344, 5.71710205078125, 12.849228858947754, 4.2680840492248535, 16.180002212524414, 11.864659309387207, 7.241056442260742, 11.258810043334961, 5.426996231079102, 3.4239330291748047, 5.098647594451904, 7.638708114624023, 12.169881820678711, 10.486947059631348, 5.738088607788086, 7.00171422958374, 16.230215072631836, 5.902807235717773, 4.821073532104492, 16.51613426208496, 8.459425926208496, 11.557994842529297, 11.275176048278809, 3.956331968307495, 17.56018829345703, 11.523815155029297, 7.609707832336426, 4.8720879554748535, 12.986871719360352, 4.832648754119873, 12.692062377929688, 6.589916706085205, 4.860021114349365, 17.71953773498535, 12.55008602142334, 5.94644021987915, 13.881673812866211, 8.937817573547363, 11.766732215881348, 15.215712547302246, 4.5318403244018555, 5.028008937835693, 15.500213623046875, 5.088373184204102, 16.420183181762695, 17.360475540161133, 11.591426849365234, 17.14980697631836, 6.14410924911499, 11.803613662719727, 4.043337821960449, 12.717126846313477, 11.41624641418457, 17.16800308227539, 16.858936309814453, 4.270299434661865, 16.8527774810791, 5.457883834838867, 5.739727973937988, 4.964353561401367, 16.239294052124023, 17.63965606689453, 3.5048515796661377, 12.719207763671875, 4.29606819152832, 4.866950988769531, 5.4068732261657715, 4.467381000518799, 5.5998101234436035, 5.2069196701049805, 5.602583885192871, 4.853090763092041, 5.55307149887085, 5.218082427978516, 17.279922485351562, 5.141704082489014, 17.415401458740234, 17.214130401611328, 5.423969745635986, 5.739315986633301, 5.871475696563721, 6.122328281402588, 5.5890631675720215, 17.746427536010742, 4.559593200683594, 5.8951096534729, 19.385839462280273, 18.29429054260254, 4.405927658081055, 16.234722137451172, 4.718258380889893, 16.83401870727539, 5.175281524658203, 16.788084030151367, 5.813348293304443, 5.927402496337891, 5.038303375244141, 9.81506061553955, 5.038113117218018, 5.404906749725342, 16.698713302612305, 17.222782135009766, 17.83702278137207, 5.655805587768555, 17.116220474243164, 5.5784687995910645, 17.623170852661133, 5.3355631828308105, 17.839399337768555, 4.070640563964844, 6.3884596824646, 18.204082489013672, 4.951148986816406, 4.02329158782959, 17.636445999145508, 4.7578301429748535, 4.670279502868652, 15.605644226074219, 6.585507392883301, 5.648144245147705, 3.9747204780578613, 5.7338361740112305, 6.160511493682861, 1.7603263854980469, 18.277172088623047, 5.436039924621582, 4.260161876678467, 2.8786380290985107, 4.177324295043945, 4.644298076629639, 5.418248176574707, 5.100396156311035, 10.149195671081543, 5.440023422241211, 5.505299091339111, 5.56988000869751, 7.262636661529541, 4.700292587280273, 5.579452037811279, 4.82858943939209, 4.889315128326416, 4.82655143737793, 5.422311305999756, 5.735307693481445, 5.6066060066223145, 4.932120323181152, 5.865527153015137, 12.738995552062988, 6.260924816131592, 5.392994403839111, 5.889019966125488, 16.705251693725586, 5.1164703369140625, 5.029914379119873, 18.506044387817383, 3.9677960872650146, 4.637414932250977, 5.422833442687988, 18.45123863220215, 6.1144561767578125, 4.851414203643799, 5.471972465515137, 6.531790733337402, 4.783349514007568, 4.850949764251709, 9.119279861450195, 6.895711421966553, 6.386412143707275, 5.947509288787842, 5.706247806549072, 5.464679718017578, 4.434235095977783, 15.748089790344238, 4.416106224060059, 14.250247955322266, 5.768214225769043, 15.993886947631836, 5.46237850189209, 5.628424644470215, 3.684494972229004, 7.189371109008789, 4.249392509460449, 12.111785888671875, 5.2321038246154785, 5.838385105133057, 10.965327262878418, 4.684718608856201, 5.465605735778809, 4.682571887969971, 5.741439342498779, 5.043660640716553, 4.607614517211914, 5.79045295715332, 11.766944885253906, 4.230942726135254, 6.167372703552246, 4.682360649108887, 5.401933193206787, 5.219875335693359, 2.098944664001465, 5.52138090133667, 4.433858394622803, 5.100915431976318, 5.228302478790283, 5.580824375152588, 3.0581488609313965, 4.479735374450684, 5.315958023071289, 4.503155708312988, 4.909580707550049, 4.143772602081299, 6.015370845794678, 18.49308204650879, 5.427633285522461, 11.755504608154297, 17.607336044311523, 5.041464805603027, 4.895888328552246, 5.5760698318481445, 17.110517501831055, 5.423286437988281, 3.489125967025757, 4.104743003845215, 5.6565022468566895, 5.4732160568237305, 5.14003324508667, 5.437803268432617, 16.531160354614258, 5.421143054962158, 5.05885124206543, 5.255352973937988, 5.557504653930664, 5.18373966217041, 5.786466598510742, 5.460997104644775, 4.657681465148926, 5.031655788421631, 17.514774322509766, 5.399047374725342, 4.730935096740723, 16.02512550354004, 5.395201206207275, 5.568888187408447, 5.255468368530273, 6.07530403137207, 4.823783874511719, 16.08864974975586, 5.432858943939209, 4.003469944000244, 5.953885078430176, 6.088227272033691, 6.15185022354126, 6.8837103843688965, 6.107517242431641, 3.962942361831665, 17.560287475585938, 16.99444580078125, 4.439861297607422, 3.761173725128174, 6.3126540184021, 4.652083396911621, 5.654880523681641, 5.6001434326171875, 5.422807693481445, 4.718024730682373, 4.475111961364746, 5.703704833984375, 6.9380598068237305, 5.928048133850098, 5.725676536560059, 16.95875358581543, 4.7225446701049805, 4.859773635864258, 5.4390869140625, 3.320072889328003, 4.713039875030518, 5.1304612159729, 5.552918434143066, 5.437089443206787, 4.938785076141357, 4.480536460876465, 4.87691068649292, 18.662734985351562, 10.883879661560059, 4.83912467956543, 14.736093521118164, 5.6012282371521, 15.037431716918945, 6.118922233581543, 6.637148380279541, 4.867403984069824, 5.092502117156982, 16.124427795410156, 3.4935483932495117, 18.215909957885742, 4.686325550079346, 4.8621392250061035, 5.16967248916626, 4.662299156188965, 5.786993503570557, 6.006827354431152, 5.861692905426025, 5.604485034942627, 6.712613582611084, 12.514988899230957, 4.519290447235107, 5.114677906036377, 6.064702987670898, 4.24854040145874, 4.552680492401123, 17.691633224487305, 4.39597225189209, 15.621223449707031, 6.470691204071045, 4.733522891998291, 4.714092254638672, 19.03925895690918, 11.760847091674805, 4.873913764953613, 5.586683750152588, 15.155706405639648, 18.728864669799805, 5.425967693328857, 15.28441333770752, 12.472951889038086, 4.8772077560424805, 4.709092140197754, 17.931734085083008, 5.642743110656738, 4.982393741607666, 5.252378463745117, 6.054927349090576, 5.141164302825928, 10.533204078674316, 5.984440803527832, 2.106604814529419, 5.96817684173584, 6.085080146789551, 5.72642183303833, 5.512696743011475, 4.879380226135254, 4.182413578033447, 5.2489519119262695, 5.43979024887085, 4.507699012756348, 4.881312370300293, 10.15793514251709, 19.68515396118164, 4.213874816894531, 5.409682273864746, 5.46845006942749, 6.613086223602295, 17.77700424194336, 4.819345951080322, 12.231619834899902, 5.055371284484863, 5.756141185760498, 6.486935138702393, 4.9005255699157715, 5.5808844566345215, 5.051626205444336, 4.001429557800293, 4.835153102874756, 5.473060607910156, 6.263307094573975, 5.585175514221191, 5.558443069458008, 4.691102504730225, 5.068564414978027, 4.21298885345459, 3.748509168624878, 4.005284309387207, 4.3152642250061035, 5.726910591125488, 5.27052640914917, 5.938446521759033, 4.466728687286377, 3.740255355834961, 6.804758548736572, 5.007165431976318, 5.907402038574219, 7.325595855712891, 16.76052474975586, 5.0932135581970215, 5.440084934234619, 6.626574516296387, 5.755715370178223, 17.48671531677246, 5.887655258178711, 4.007218837738037, 5.810184478759766, 5.754827499389648, 5.075650215148926, 5.898796558380127, 6.238343715667725, 17.034395217895508, 16.661468505859375, 4.656503200531006, 4.23859977722168, 5.423089027404785, 11.938422203063965, 4.665988445281982, 16.031574249267578, 7.422874927520752, 4.977773666381836, 4.029453277587891, 6.514732837677002, 4.874497890472412, 11.491178512573242, 6.166649341583252, 7.228240966796875, 6.461984157562256, 16.020248413085938, 6.854636192321777, 4.863203048706055, 12.586145401000977, 16.60045051574707, 6.040727615356445, 8.13599967956543, 5.670466899871826, 5.93178129196167, 6.081115245819092, 3.528541088104248, 3.769507884979248, 5.297614574432373, 5.44491720199585, 15.003381729125977, 5.422956466674805, 4.446754455566406, 6.069417476654053, 6.487928867340088, 16.548463821411133, 5.8987250328063965, 4.062962055206299, 3.4575419425964355, 2.849851369857788, 5.412558555603027, 4.859588146209717, 4.002231597900391, 5.468106746673584, 6.703995227813721, 4.452279567718506, 5.4086480140686035, 17.62596893310547, 6.423501491546631, 24.936155319213867, 4.670398712158203, 16.959989547729492, 5.585521221160889, 4.329740047454834, 5.954590320587158, 4.418225288391113, 5.687167167663574, 6.091562271118164, 4.888271331787109, 3.246185302734375, 5.914885997772217, 2.8691940307617188, 5.109158039093018, 7.334082126617432, 3.9974565505981445, 5.60841178894043, 4.958713054656982, 4.685579776763916, 4.876842021942139, 4.229306221008301, 5.05701208114624, 4.49446439743042, 4.5298967361450195, 5.190088748931885, 15.250093460083008, 5.769361972808838, 6.23769474029541, 5.547657012939453, 5.4031662940979, 4.439840793609619, 4.225652694702148, 5.114109516143799, 7.574228763580322, 7.263041973114014, 5.026272296905518, 4.7635321617126465, 4.897717475891113, 5.401090621948242, 6.804121971130371, 5.926268100738525, 9.101912498474121, 6.376711845397949, 5.236871719360352, 6.068816184997559, 4.311435222625732, 4.8375139236450195, 4.919460773468018, 3.9916365146636963, 17.95903778076172, 4.67356538772583, 5.044063091278076, 16.62757110595703, 5.238043785095215, 17.30704689025879, 4.6663007736206055, 5.2332916259765625, 6.113018989562988, 5.222289085388184, 4.858709335327148, 4.433359622955322, 4.8352508544921875, 16.707502365112305, 5.400918483734131, 5.778125762939453, 6.042870044708252, 5.822720527648926, 5.502612590789795, 14.870936393737793, 4.2292866706848145, 5.583917140960693, 14.460002899169922, 4.987443447113037, 5.990683555603027, 4.432096481323242, 6.235474586486816, 17.87654685974121, 5.437861442565918, 5.421325206756592, 4.43105936050415, 5.564285755157471, 16.29792022705078, 3.941662311553955, 3.9986155033111572, 5.907725811004639, 5.957875728607178, 5.703901290893555, 6.215072154998779, 4.2783589363098145, 3.9532628059387207, 4.842169284820557, 3.7493183612823486, 4.86974573135376, 5.608146667480469, 5.398298740386963, 5.944194793701172, 6.299312114715576, 5.582632541656494, 5.929004669189453, 5.676854610443115, 6.809486389160156, 5.008301734924316, 5.214303016662598, 6.082395553588867, 5.758519172668457, 5.441285133361816, 4.8486528396606445, 5.466927528381348, 4.021942615509033, 4.845534324645996, 5.40702486038208, 3.7806317806243896, 4.683405876159668, 4.5388665199279785, 17.652385711669922, 5.928661823272705, 6.1945672035217285, 3.9958341121673584, 14.476651191711426, 5.603552341461182, 5.043458461761475, 4.740129470825195, 7.172068119049072, 4.2558817863464355, 9.261484146118164, 4.87554931640625, 5.2853007316589355, 4.850810527801514, 5.9280686378479, 6.015000343322754, 16.790264129638672, 5.402988910675049, 4.822561740875244, 4.86921501159668, 4.009488582611084, 5.671900749206543, 17.083740234375, 5.77057409286499, 15.42212963104248, 16.32398223876953, 15.993699073791504, 10.598535537719727, 4.726625919342041, 4.7015862464904785, 4.8770270347595215, 5.238350868225098, 4.537060737609863, 4.872118949890137, 4.861171245574951, 16.879051208496094, 5.596185207366943, 4.304737091064453, 6.148136138916016, 5.031072616577148, 6.435415744781494, 5.560825347900391, 5.483583927154541, 6.325787544250488, 5.939823150634766, 16.502656936645508, 5.685804843902588, 5.936319351196289, 4.41788911819458, 5.431640148162842, 6.036491394042969, 16.552906036376953, 5.529433250427246, 17.5709285736084, 17.723974227905273, 5.935309410095215, 5.033015251159668, 3.999481678009033, 5.8844075202941895, 4.399550437927246, 3.9420061111450195, 4.716024398803711, 12.976123809814453, 5.707554817199707, 17.674142837524414, 4.922085762023926, 5.935332298278809, 14.129316329956055, 4.6546149253845215, 4.677448749542236, 5.25476598739624, 4.903631687164307, 17.486907958984375, 4.8495612144470215, 4.6540398597717285, 5.568853378295898, 5.400275707244873, 5.6128435134887695, 4.94680118560791, 5.043644905090332, 17.307600021362305, 17.37803840637207, 5.928025245666504, 4.596393585205078, 15.685033798217773, 17.595413208007812, 6.221244812011719, 18.869123458862305, 6.050941467285156, 5.760598182678223, 4.873657703399658, 4.865970611572266, 4.4322896003723145, 14.63231372833252, 16.275484085083008, 7.142120838165283, 4.08289098739624, 4.95018196105957, 4.867974281311035, 6.369529724121094, 18.051109313964844, 17.222688674926758, 12.854174613952637, 4.4371724128723145, 5.41163444519043, 4.872536659240723, 5.569748401641846, 5.920285224914551, 15.383532524108887, 5.369388103485107, 4.694698333740234, 5.3800435066223145, 3.441274881362915, 4.184597492218018, 5.024578094482422, 5.487037658691406, 5.649265289306641, 3.9915053844451904, 4.382289886474609, 6.074597358703613, 16.946718215942383, 14.600747108459473, 5.488921165466309, 12.349811553955078, 5.412046909332275, 6.050665378570557, 3.7344071865081787, 5.388277053833008, 15.755925178527832, 5.566178321838379, 4.886364936828613, 16.39048194885254, 3.2526066303253174, 14.232803344726562, 4.457996368408203, 4.841550827026367, 4.833205223083496, 4.3225531578063965, 16.1160831451416, 5.817002296447754, 4.214381217956543, 16.861186981201172, 5.556853771209717, 6.2724289894104, 10.49322509765625, 5.392466068267822, 5.14211893081665, 4.902761459350586, 4.486839294433594, 17.80472183227539, 5.019611835479736, 16.162031173706055, 5.078076362609863, 3.973963737487793, 5.008335113525391, 4.936135292053223, 3.1632328033447266, 3.7061071395874023, 6.522927761077881, 6.598588466644287, 5.029700756072998, 17.006053924560547, 3.1616902351379395, 4.813510417938232, 4.863664150238037, 4.842873573303223, 5.380267143249512, 5.2577314376831055, 6.3135294914245605, 5.280677318572998, 5.4216179847717285, 6.292446136474609, 4.425179481506348, 6.071255207061768, 4.942449569702148, 5.548106670379639, 6.880280494689941, 3.7179665565490723, 6.695539474487305, 5.743529319763184, 5.582618713378906, 3.970482349395752, 12.530051231384277, 4.348563194274902, 5.934455871582031, 5.9635138511657715, 5.238882064819336, 4.939452171325684, 4.6083149909973145, 6.081344127655029, 4.8352837562561035, 5.901431083679199, 5.028807640075684, 4.810103416442871, 5.731217384338379, 4.2019147872924805, 6.467691898345947, 5.453368663787842, 5.248806953430176, 4.0383100509643555, 4.24793815612793, 15.564030647277832, 5.677780628204346, 5.499528408050537, 4.899250030517578, 5.09374475479126, 3.762934684753418, 3.348907709121704, 4.851744174957275, 5.398063659667969, 4.901620388031006, 3.758065700531006, 5.258588790893555, 16.01538848876953, 15.482912063598633, 3.525646209716797, 4.876493453979492, 4.966240882873535, 5.938597679138184, 6.185234069824219, 4.895538330078125, 4.851409912109375, 5.8392181396484375, 5.861090660095215, 5.0430498123168945, 5.856666088104248, 6.737445831298828, 5.2673563957214355, 6.420773506164551, 5.071552753448486, 5.4462971687316895, 5.572994232177734, 6.8994951248168945, 7.080672264099121, 11.657127380371094, 5.593441486358643, 3.8363475799560547, 4.2614240646362305, 9.947999000549316, 5.76983118057251, 5.482134819030762, 5.020153045654297, 4.211188793182373, 4.28886079788208, 6.629122734069824, 6.167515277862549, 6.4318437576293945, 5.1303300857543945, 5.533862590789795, 4.906331539154053, 6.11071252822876, 11.725179672241211, 8.67512035369873, 5.6972503662109375, 4.9476494789123535, 17.124340057373047, 5.935296058654785, 16.82673454284668, 10.266409873962402, 6.089688301086426, 4.719449043273926, 5.442158222198486, 6.361791133880615, 5.934218406677246, 5.414412975311279, 5.089642524719238, 5.321520805358887, 5.92169189453125, 4.550266265869141, 4.972899913787842, 5.0147480964660645, 5.488411903381348, 14.20824146270752, 4.027589321136475, 4.89343786239624, 5.850271701812744, 6.413328170776367, 6.094331741333008, 6.100351810455322, 5.218270778656006, 4.891830921173096, 5.687356948852539, 5.252453327178955, 5.030707836151123, 4.931862831115723, 7.1722564697265625, 4.810518741607666, 6.065707683563232, 6.255342960357666, 9.58432388305664, 5.38201904296875, 7.0296406745910645, 5.4569854736328125, 5.942141532897949, 9.082427024841309, 4.916079044342041, 5.982028007507324, 5.430540561676025, 4.056047439575195, 5.566597938537598, 6.082767486572266, 5.497912406921387, 5.255070209503174, 14.172504425048828, 4.424192428588867, 6.2779645919799805, 6.096217632293701, 17.593351364135742, 4.995665550231934, 4.916108131408691, 16.478252410888672, 5.961923599243164, 5.232100486755371, 5.443655014038086, 5.597825527191162, 7.1263651847839355, 6.128216743469238, 17.69243049621582, 6.980361461639404, 17.916006088256836, 4.898012161254883, 4.848551273345947, 8.645318984985352, 4.288043022155762, 4.666927337646484, 4.487286567687988, 4.781289100646973, 14.413094520568848, 4.625154495239258, 6.70839786529541, 6.089056491851807, 4.92582368850708, 6.6397385597229, 3.956173896789551, 6.964319705963135, 5.943175315856934, 4.861874580383301, 4.230514049530029, 5.011016368865967, 5.207658767700195, 6.382596015930176, 5.4382781982421875, 6.084606647491455, 18.256507873535156, 6.030899524688721, 17.462575912475586, 8.479969024658203, 4.247087478637695, 4.198555946350098, 4.692440509796143, 5.434166431427002, 14.554521560668945, 17.44407844543457, 6.110932350158691, 5.581925392150879, 4.854054927825928, 4.667881488800049, 9.330389976501465, 15.645163536071777, 5.941857814788818, 7.245506763458252, 5.871535778045654, 10.315973281860352, 6.965980529785156, 6.124855041503906, 6.0839152336120605, 5.087909698486328, 11.673412322998047, 4.264142036437988, 17.878286361694336, 5.438735485076904, 4.6683669090271, 16.248836517333984, 4.172089576721191, 5.255993843078613, 4.0579752922058105, 3.2374844551086426, 14.773872375488281, 4.531839847564697, 4.013790607452393, 5.240579128265381, 3.2045681476593018, 6.608781814575195, 5.330034255981445, 13.250788688659668, 13.400843620300293, 6.3696370124816895, 5.010319709777832, 16.125329971313477, 5.555234909057617, 4.65501070022583, 4.026186943054199, 4.383981704711914, 16.56159210205078, 4.2150349617004395, 4.366261959075928, 6.83681058883667, 16.624937057495117, 6.232570171356201, 5.581725597381592, 17.18052101135254, 4.694332122802734, 5.505605220794678, 15.599461555480957, 5.958902835845947, 5.2782206535339355, 6.941656589508057, 8.060105323791504, 6.2560248374938965, 5.281092166900635, 5.61248254776001, 5.391359329223633, 4.933048248291016, 4.391335487365723, 14.787943840026855, 14.165794372558594, 4.111347198486328, 6.06273078918457, 14.694981575012207, 4.016035079956055, 15.153724670410156, 5.207503795623779, 4.917263984680176, 5.070070743560791, 3.4652693271636963, 4.012671947479248, 5.595578670501709, 5.73249626159668, 4.004219055175781, 5.453359603881836, 5.137016773223877, 12.500823974609375, 4.3464250564575195, 7.277777671813965, 4.9301347732543945, 4.667872905731201, 13.972986221313477, 6.674081802368164, 16.789915084838867, 16.664575576782227, 5.950469017028809, 7.3236308097839355, 4.522942543029785, 7.766233444213867, 4.845615386962891, 4.447665691375732, 5.759287357330322, 14.012331008911133, 5.47302770614624, 15.363175392150879, 14.685806274414062, 5.733656883239746, 5.607268810272217, 6.0519700050354, 15.857166290283203, 16.30313491821289, 6.40875244140625, 5.238079071044922, 4.067508697509766, 5.493275165557861, 14.094351768493652, 4.561437606811523, 3.974332094192505, 6.199201583862305, 5.090460300445557, 5.050570964813232, 5.447545051574707, 6.723381042480469, 5.573052406311035, 5.801208019256592, 6.465517997741699, 6.982139587402344, 5.427934169769287, 5.42911958694458, 5.576833724975586, 5.664767742156982, 4.903899192810059, 4.869872093200684, 15.949971199035645, 7.2078166007995605, 5.443202018737793, 15.369068145751953, 7.327364921569824, 5.457763671875, 6.125718593597412, 14.858637809753418, 5.029270172119141, 5.50587272644043, 4.690020561218262, 6.179178714752197, 5.813205242156982, 4.690237045288086, 5.089466094970703, 4.102392196655273, 6.397150993347168, 16.33258628845215, 5.442953109741211, 5.57731294631958, 15.678875923156738, 5.205507755279541, 4.859427452087402, 6.424551486968994, 5.25927209854126, 6.830249309539795, 2.895268440246582, 5.010751247406006, 6.694855213165283, 4.712746620178223, 4.586855888366699, 4.666005611419678, 4.465133190155029, 5.073042869567871, 4.676262378692627, 5.586973667144775, 5.164609909057617, 8.468995094299316, 5.671418190002441, 3.6156253814697266, 6.080574989318848, 4.824501037597656, 2.7214553356170654, 4.0307087898254395, 5.009881496429443, 4.117349147796631, 6.451624393463135, 14.910045623779297, 9.027115821838379, 5.9615960121154785, 5.962427616119385, 4.109860420227051, 5.743380069732666, 5.469038963317871, 6.395448207855225, 4.789400100708008, 4.325578689575195, 9.336919784545898, 6.0482401847839355, 5.916900157928467, 6.1003947257995605, 7.0080647468566895, 4.817809581756592, 5.916426658630371, 5.639238357543945, 4.762423038482666, 6.1228814125061035, 5.89829158782959, 4.273878574371338, 6.309815883636475, 6.234154224395752, 15.540626525878906, 4.924438953399658, 5.9667510986328125, 5.446540355682373, 5.498206615447998, 14.980459213256836, 4.492125511169434, 14.226755142211914, 6.697200775146484, 6.393765449523926, 5.941350936889648, 5.411731243133545, 5.678516387939453, 4.908485412597656, 4.991907596588135, 4.823198318481445, 4.7132568359375, 4.893148422241211, 4.743314743041992, 6.0183424949646, 4.917917728424072, 5.300408840179443, 5.41299295425415, 6.070842742919922, 5.468903541564941, 5.222815990447998, 4.941160202026367, 5.64608907699585, 5.820300579071045, 4.916032314300537, 5.625754356384277, 6.075599193572998, 5.447239398956299, 6.165525913238525, 5.416412830352783, 5.032557010650635, 5.917910099029541, 4.505936622619629, 3.584703207015991, 4.700184345245361, 4.173925399780273, 5.5433759689331055, 5.457083225250244, 5.061439514160156, 4.973159313201904, 5.574511528015137, 9.551408767700195, 5.544400215148926, 8.155226707458496, 8.188295364379883, 5.49091911315918, 7.675429821014404, 5.865326881408691, 11.13136100769043, 6.362629413604736, 8.847709655761719, 11.221888542175293, 14.795252799987793, 14.154040336608887, 11.53504753112793, 7.978651523590088, 8.170244216918945, 14.799721717834473, 6.124823570251465, 7.169257640838623, 6.263058185577393, 7.711397171020508, 15.009808540344238, 9.719545364379883, 5.823151588439941, 9.637531280517578, 7.255738258361816, 6.969096660614014, 17.57940673828125, 15.118322372436523, 17.231168746948242, 7.392025470733643, 12.469680786132812, 11.040005683898926, 6.3447346687316895, 6.390989780426025, 6.0201520919799805, 11.682601928710938, 6.225796222686768, 6.794210910797119, 5.163313388824463, 7.246314525604248, 6.703369140625, 7.7885589599609375, 5.561067581176758, 5.90510368347168, 15.468106269836426, 6.0318827629089355, 4.897451877593994, 12.843247413635254, 17.031919479370117, 7.2802042961120605, 6.347424507141113, 6.680753231048584, 8.274494171142578, 6.443725109100342, 12.59596061706543, 5.033721446990967, 17.04238510131836, 7.00140380859375, 11.622149467468262, 15.706318855285645, 16.633119583129883, 5.840627670288086, 12.110568046569824, 6.681551933288574, 6.9101409912109375, 5.950745105743408, 11.313185691833496, 7.486718654632568, 10.67176342010498, 5.936158180236816, 12.836371421813965, 14.699931144714355, 6.69948673248291, 15.459118843078613, 6.784544944763184, 17.441896438598633, 9.850351333618164, 6.462492942810059, 6.3254170417785645, 5.633515357971191, 5.856482982635498, 6.147526264190674, 13.362878799438477, 17.396133422851562, 13.5563325881958, 12.539687156677246, 12.914670944213867, 14.298075675964355, 15.442280769348145, 16.682510375976562, 13.752030372619629, 10.436091423034668, 17.330421447753906, 11.092369079589844, 7.525174140930176, 7.102962970733643, 8.389318466186523, 9.890348434448242, 5.941984176635742, 11.894916534423828, 5.800413131713867, 16.654083251953125, 4.636320114135742, 5.897204875946045, 5.185649394989014, 5.955135822296143, 6.125828742980957, 3.8379037380218506, 12.179549217224121, 4.506435394287109, 15.565316200256348, 16.672828674316406, 5.441581726074219, 15.776809692382812, 3.6751396656036377, 6.907894134521484, 11.27327823638916, 5.34170389175415, 5.064813613891602, 4.8143205642700195, 5.460077285766602, 5.5948920249938965, 12.076772689819336, 5.439401149749756, 7.101527214050293, 5.280470371246338, 4.8681840896606445, 4.821635723114014, 5.710676193237305, 6.693810939788818, 7.535863876342773, 5.457536220550537, 14.82089614868164, 13.64462947845459, 6.319969177246094, 4.124242305755615, 5.87630558013916, 4.728001117706299, 3.960857629776001, 4.645566463470459, 6.387807369232178, 5.606820583343506, 16.224241256713867, 7.493655681610107, 3.4100112915039062, 6.613922595977783, 5.441181182861328, 16.92641830444336, 4.895143032073975, 6.478880405426025, 5.586200714111328, 6.601653575897217, 6.664940357208252, 5.768040180206299, 5.475809574127197, 5.185569763183594, 5.629743576049805, 4.817374229431152, 6.40809440612793, 4.950949192047119, 5.035236358642578, 4.820392608642578, 5.452563762664795, 14.88945198059082, 6.6907501220703125, 5.0973968505859375, 11.736984252929688, 5.078514099121094, 13.928088188171387, 5.9830241203308105, 6.526082515716553, 6.121984958648682, 5.5946946144104, 5.393182754516602, 6.078334331512451, 4.947242259979248, 9.78936767578125, 4.855734348297119, 6.080835819244385, 5.650539875030518, 5.139859676361084, 6.116172790527344, 4.142409324645996, 3.9907901287078857, 5.677581310272217, 4.851454257965088, 15.099706649780273, 6.178290367126465, 3.1841068267822266, 6.458309173583984, 5.144181251525879, 6.4304728507995605, 6.432867527008057, 5.43549919128418, 15.83349895477295, 7.276388645172119, 16.63325309753418, 4.844247341156006, 4.4503493309021, 7.0463032722473145, 5.636155605316162, 4.474731922149658, 4.436678409576416, 13.814767837524414, 11.149262428283691, 10.765606880187988, 13.35877799987793, 5.659636497497559, 11.45251178741455, 5.795246601104736, 6.473865032196045, 13.932387351989746, 7.276333332061768, 5.582954406738281, 5.00667142868042, 3.8829033374786377, 12.324639320373535, 18.417203903198242, 11.723499298095703, 5.119193077087402, 4.854153633117676, 4.907791614532471, 6.490340232849121, 4.389283180236816, 5.1136040687561035, 6.069217681884766, 5.603932857513428, 5.745948791503906, 5.918142795562744, 4.7191481590271, 16.659975051879883, 2.5922725200653076, 5.292182445526123, 6.941924095153809, 5.558486461639404, 4.669521331787109, 5.516600608825684, 5.6755290031433105, 4.655501842498779, 5.761715888977051, 6.071689605712891, 6.547641277313232, 8.301604270935059, 5.6022539138793945, 6.8201093673706055, 4.646615505218506, 5.118640422821045, 16.28809928894043, 11.737293243408203, 13.65561294555664, 5.0619797706604, 6.367827415466309, 16.97845458984375, 16.068374633789062, 5.736475944519043, 6.347436904907227, 4.11082124710083, 4.241708755493164, 16.6509952545166, 6.108653545379639, 11.359731674194336, 5.39533805847168, 9.957175254821777, 5.409552574157715, 16.07438087463379, 11.678396224975586, 6.070993900299072, 6.265604496002197, 6.242968559265137, 7.658431529998779, 15.39673137664795, 3.8301010131835938, 5.366323947906494, 5.548374176025391, 5.60976505279541, 6.164589881896973, 4.8724188804626465, 13.602540969848633, 13.278243064880371, 6.19709587097168, 5.950897216796875, 15.173419952392578, 16.978492736816406, 5.9016032218933105, 16.41391944885254, 5.951659679412842, 5.931527137756348, 3.9911303520202637, 6.986874580383301, 17.24077796936035, 18.394662857055664, 15.780646324157715, 6.095632553100586, 12.434553146362305, 6.088261127471924, 6.8883376121521, 4.958608150482178, 3.9497416019439697, 6.367805004119873, 5.926687717437744, 5.531386852264404, 5.846672058105469, 2.5218582153320312, 4.251577377319336, 4.700831413269043, 5.327852725982666, 4.866338729858398, 3.983924627304077, 5.51383638381958, 15.732168197631836, 5.706369400024414, 5.937239170074463, 4.831461429595947, 10.047951698303223, 5.2168354988098145, 5.082479000091553, 3.990621566772461, 4.638885021209717, 15.444170951843262, 15.240128517150879, 12.804370880126953, 5.054511070251465, 17.061010360717773, 15.3963623046875, 5.42387580871582, 5.37148380279541, 5.30265474319458, 4.232006072998047, 5.566003799438477, 5.727747440338135, 4.576295852661133, 13.811297416687012, 6.09772253036499, 6.065467834472656, 4.027951240539551, 15.652034759521484, 5.020773887634277, 10.836438179016113, 17.555828094482422, 5.960524559020996, 6.1100287437438965, 5.053130149841309, 4.627857685089111, 5.247627258300781, 5.398767471313477, 5.441333293914795, 12.104941368103027, 5.389840602874756, 4.045058727264404, 7.021181106567383, 5.381485462188721, 6.084145545959473, 4.469696521759033, 3.702486991882324, 6.429561614990234, 6.312340259552002, 5.794129371643066, 4.844241142272949, 5.575329780578613, 4.176474094390869, 4.401702880859375, 3.421487331390381, 16.694101333618164, 5.974119186401367, 14.843305587768555, 5.240298271179199, 6.825384616851807, 4.463540554046631, 6.361639499664307, 4.427781105041504, 5.738988399505615, 4.762463092803955, 5.75663423538208, 4.258234977722168, 5.04207706451416, 3.9813032150268555, 4.219552040100098, 5.2298665046691895, 5.41260290145874, 5.66185188293457, 7.412652015686035, 4.414320945739746, 6.124399185180664, 4.831811904907227, 5.8494157791137695, 10.890385627746582, 10.094852447509766, 3.584721088409424, 8.626969337463379, 6.5007829666137695, 13.792645454406738, 5.093125820159912, 4.938269138336182, 5.954960823059082, 4.621434211730957, 5.124831676483154, 15.228222846984863, 4.849396705627441, 4.845996856689453, 5.5249223709106445, 5.092543125152588, 15.408014297485352, 3.697483539581299, 4.323944568634033, 4.224589824676514, 5.412656307220459, 13.911307334899902, 4.677335262298584, 17.414283752441406, 5.896697521209717, 4.889322280883789, 4.660518169403076, 4.681152820587158, 16.636104583740234, 5.731727600097656, 4.739930152893066, 3.7033729553222656, 5.447484493255615, 5.402096271514893, 5.395173072814941, 18.042028427124023, 16.387344360351562, 4.855783462524414, 7.3938517570495605, 5.74920129776001, 16.47937774658203, 17.032983779907227, 16.197324752807617, 16.0770206451416, 4.846097946166992, 6.371027946472168, 4.947690963745117, 5.707327365875244, 4.802595138549805, 14.67448902130127, 17.36579704284668, 4.851877689361572, 4.393674850463867, 17.409936904907227, 17.142559051513672, 4.448256015777588, 5.548850059509277, 17.222408294677734, 5.26014518737793, 12.478375434875488, 4.855388641357422, 5.586061954498291, 17.937877655029297, 17.16855812072754, 4.087669372558594, 9.369732856750488, 5.461027145385742, 16.16158103942871, 16.195816040039062, 8.61902141571045, 4.7606940269470215, 6.946445941925049, 4.665644645690918, 16.06723976135254, 16.809310913085938, 17.79991912841797, 6.527392387390137, 5.4552741050720215, 8.34652328491211, 5.897683143615723, 18.275442123413086, 5.735800266265869, 17.6973819732666, 5.663039207458496, 4.680754661560059, 4.202494144439697, 13.313088417053223, 6.106799602508545, 5.743418216705322, 5.258658409118652, 16.45548439025879, 5.748800277709961, 16.670684814453125, 7.780162334442139, 4.26780366897583, 5.4246673583984375, 14.807673454284668, 17.76343536376953, 5.754227638244629, 17.23838996887207, 17.50140953063965, 4.374225616455078, 5.035166263580322, 5.371317386627197, 4.435490131378174, 5.9046549797058105, 5.619481086730957, 17.456195831298828, 3.9859986305236816, 5.986569404602051, 4.534882068634033, 5.844920635223389, 10.574514389038086, 4.619064807891846, 5.7698283195495605, 5.463788986206055, 3.985759735107422, 5.139374256134033, 5.013314247131348, 5.090730667114258, 5.63320255279541, 5.77548360824585, 5.952197551727295, 3.454103946685791, 5.4315996170043945, 5.4552741050720215, 5.125094413757324, 5.427571773529053, 3.777130126953125, 4.217223167419434, 5.580639362335205, 4.223552703857422, 4.868152618408203, 5.42625093460083, 7.241757869720459, 5.230293273925781, 5.618009090423584, 5.70215368270874, 3.995958089828491, 5.89852237701416, 4.650185585021973, 3.29120135307312, 5.070850372314453, 5.930366039276123, 4.8091230392456055, 10.592695236206055, 6.146895885467529, 4.746676921844482, 5.799983978271484, 5.407145023345947, 5.418627738952637, 4.141516208648682, 3.5070149898529053, 5.939401626586914, 4.396048545837402, 5.902406215667725, 5.9395928382873535, 5.04490327835083, 5.806551933288574, 6.43399715423584, 5.403390884399414, 5.567193031311035, 6.871126174926758, 4.492002964019775, 4.2310333251953125, 4.4641618728637695, 4.241443634033203, 4.267916202545166, 5.046863079071045, 3.987851858139038, 5.441262722015381, 4.406139850616455, 4.446197509765625, 5.263908386230469, 4.454550743103027, 6.828632354736328, 17.772377014160156, 4.425550937652588, 4.66602897644043, 5.574591159820557, 5.954653263092041, 5.066478729248047, 5.911690711975098, 5.425952911376953, 8.00543212890625, 6.077682971954346, 6.318162441253662, 5.292264461517334, 4.270369052886963, 4.6272406578063965, 5.047834873199463, 5.976349830627441, 4.8444719314575195, 6.6661696434021, 16.686325073242188, 5.340546131134033, 5.739408016204834, 4.646503448486328, 4.4137043952941895, 4.660793781280518, 4.622863292694092, 5.7343058586120605, 4.292906284332275, 5.787716865539551, 7.61310338973999, 5.948206424713135, 6.000035762786865, 5.7076263427734375, 5.08445930480957, 3.587101459503174, 5.4322028160095215, 5.614864349365234, 4.9928083419799805, 5.901900768280029, 5.284873008728027]
Cosines similarity random samples
[0.8398422002792358, 0.8621948957443237, 0.8554402589797974, 0.8368297219276428, 0.201059952378273, 0.9224245548248291, -0.23377928137779236, 0.8385989665985107, 0.8309195041656494, 0.7958322763442993, 0.8297678232192993, 0.7960267066955566, 0.8566820025444031, 0.8270357847213745, 0.7934379577636719, 0.822948157787323, -0.45157039165496826, 0.8503484129905701, 0.5046701431274414, 0.8771754503250122, 0.8837002515792847, -0.3017975091934204, 0.8497105836868286, 0.8942438364028931, 0.8470462560653687, 0.5271690487861633, 0.8977805376052856, 0.9231985807418823, -0.15805187821388245, -0.6734321117401123, 0.865067720413208, 0.39749404788017273, 0.8199840784072876, 0.9351861476898193, 0.9017053842544556, 0.8856503367424011, 0.8659444451332092, 0.8200578093528748, 0.8267306089401245, 0.8573855757713318, 0.8997504115104675, 0.8256334066390991, 0.8711334466934204, 0.018075648695230484, -0.08161996304988861, -0.6944059133529663, 0.8673272728919983, 0.8446608781814575, 0.3943505585193634, 0.8559674024581909, 0.9083477258682251, 0.8032140135765076, 0.8614492416381836, -0.47959911823272705, 0.8280067443847656, 0.8280209898948669, 0.9154062271118164, 0.8475995063781738, 0.5372188091278076, 0.8547540903091431, -0.3644258975982666, 0.8328311443328857, 0.8510446548461914, 0.5898144245147705, 0.9127277135848999, -0.5213193893432617, -0.5365461707115173, -0.46064168214797974, 0.8672274351119995, 0.914895236492157, 0.8848170042037964, 0.8550640940666199, 0.5105654001235962, 0.8365976214408875, 0.9268225431442261, -0.36496275663375854, 0.8256394863128662, -0.4042533338069916, 0.20918694138526917, 0.44293639063835144, 0.923221230506897, 0.9097282886505127, 0.8531216382980347, 0.8558995723724365, 0.8425499200820923, 0.828054666519165, 0.9236702919006348, 0.31269049644470215, 0.7713177800178528, 0.8378804326057434, 0.8275251388549805, 0.8000258207321167, 0.854945182800293, 0.80881267786026, 0.9084693193435669, 0.9179250001907349, 0.8750253915786743, -0.32613804936408997, 0.833662748336792, 0.8167953491210938, 0.16557744145393372, 0.9773591756820679, -0.7427353262901306, -0.6409759521484375, 0.4301607310771942, -0.5025709271430969, -0.6736942529678345, 0.903565526008606, 0.8285576701164246, 0.9133156538009644, -0.4932149052619934, 0.8482890129089355, 0.8483604192733765, 0.8426643013954163, 0.8750473856925964, 0.8798621892929077, 0.8722299337387085, 0.8741275072097778, 0.9241565465927124, -0.03369264304637909, 0.8557542562484741, 0.9201545715332031, 0.9191641807556152, 0.7962237596511841, -0.6568695306777954, 0.865108847618103, 0.8353622555732727, 0.8857756853103638, -0.6400444507598877, 0.892011821269989, 0.8539072275161743, 0.8660168647766113, 0.5719498991966248, 0.8871039748191833, -0.6523792147636414, 0.9239662885665894, 0.8011909127235413, 0.033490922302007675, -0.007729683071374893, 0.8862684369087219, 0.8785973787307739, -0.5263756513595581, -0.4272851347923279, 0.8399299383163452, 0.7292945981025696, 0.8266609907150269, -0.7185532450675964, 0.8126310110092163, 0.846193253993988, 0.8877432346343994, 0.837485671043396, 0.7097529172897339, 0.8782103657722473, 0.818600058555603, 0.6400865316390991, 0.5472552180290222, -0.6819550395011902, 0.8638636469841003, 0.8302119970321655, 0.9114934802055359, -0.6697821617126465, 0.7923699617385864, 0.9047678112983704, 0.8087261319160461, 0.8862076997756958, 0.8375676274299622, 0.8463096618652344, -0.21188035607337952, 0.8843194842338562, -0.45936328172683716, 0.8471845388412476, 0.857048511505127, 0.8211789727210999, 0.8579537272453308, -0.6514977216720581, 0.8960016369819641, 0.8299612998962402, 0.9236995577812195, 0.8656114339828491, 0.8429633975028992, 0.5788931250572205, 0.8300416469573975, 0.8752307891845703, 0.8367898464202881, 0.7004418969154358, 0.8292648792266846, 0.8103899359703064, 0.8638553619384766, 0.09384652972221375, 0.9217811822891235, -0.5087448358535767, 0.8617295622825623, 0.8690719604492188, 0.8635809421539307, 0.9127763509750366, 0.9153660535812378, 0.8098770380020142, 0.9378378987312317, 0.7773630023002625, 0.8817253708839417, 0.7795611619949341, 0.8418887853622437, 0.8858034014701843, 0.7440638542175293, -0.6932446956634521, 0.06674009561538696, 0.7272533774375916, 0.8288353085517883, 0.8250168561935425, 0.8184818029403687, 0.78642737865448, 0.8668754696846008, 0.5181766748428345, 0.6633938550949097, 0.8813677430152893, 0.7723618745803833, 0.7136818170547485, 0.3413929045200348, 0.7821166515350342, -0.7625998258590698, 0.8247169256210327, 0.8043169379234314, 0.7851533889770508, 0.46248751878738403, 0.8877824544906616, 0.8038959503173828, 0.8441054224967957, 0.7902734279632568, 0.8267080187797546, 0.7729681730270386, 0.7431850433349609, -0.6606234312057495, 0.7927430272102356, 0.8145084381103516, 0.8191406726837158, 0.8318828344345093, 0.7562342882156372, 0.8197088241577148, 0.850203275680542, 0.8133997917175293, 0.648420512676239, 0.2879953682422638, 0.42211800813674927, 0.7650324106216431, 0.8790615797042847, 0.8188064098358154, 0.8524103760719299, 0.9030115604400635, -0.5478062629699707, 0.8555378913879395, 0.8188475370407104, 0.8261876702308655, 0.8444333672523499, 0.7969666123390198, 0.846164882183075, 0.7290489673614502, 0.8275227546691895, 0.7934085130691528, 0.8039439916610718, 0.6909637451171875, 0.8141382336616516, 0.7395801544189453, 0.841253399848938, 0.7809086441993713, 0.718951940536499, 0.8119746446609497, 0.8577554821968079, 0.7709805965423584, 0.8000508546829224, 0.7450752854347229, 0.816734790802002, 0.8153326511383057, 0.8904457688331604, 0.8121142387390137, 0.6695448160171509, 0.7609536647796631, 0.7638550400733948, 0.8261277675628662, 0.8709065318107605, 0.7804080247879028, -0.11874962598085403, 0.7281374335289001, 0.7632270455360413, 0.7384809255599976, 0.7929151654243469, 0.2090531289577484, 0.8292420506477356, 0.7574820518493652, 0.7842172384262085, 0.8073105812072754, -0.5955158472061157, 0.7594582438468933, 0.8513098955154419, 0.8914896249771118, 0.7589557766914368, -0.652289628982544, 0.7905668020248413, 0.8061249852180481, 0.950629711151123, 0.8322041034698486, 0.9051409959793091, 0.3372804820537567, 0.40930259227752686, 0.8207975029945374, 0.39431676268577576, -0.5658252239227295, 0.9212557077407837, 0.4429083466529846, 0.407853901386261, 0.8892464637756348, -0.33832690119743347, 0.8842521905899048, 0.8647753596305847, 0.8387829065322876, -0.4934360682964325, -0.33703213930130005, 0.8422098159790039, 0.025152966380119324, 0.8806098103523254, 0.865115761756897, 0.423092246055603, -0.6652138233184814, 0.8636951446533203, 0.8658026456832886, 0.4582662582397461, -0.6317135095596313, 0.9088944792747498, 0.39795273542404175, 0.863489031791687, -0.4243619441986084, -0.30682268738746643, -0.27623599767684937, 0.14097744226455688, 0.9222147464752197, -0.10309138894081116, -0.24616290628910065, 0.21133387088775635, 0.7438820004463196, 0.8277495503425598, 0.8148956298828125, -0.625037670135498, 0.4009521007537842, 0.5514968633651733, 0.9031105637550354, 0.8169751763343811, -0.5991812944412231, 0.8381094336509705, 0.3927788734436035, 0.9084636569023132, -0.33622658252716064, 0.33254095911979675, 0.7163978815078735, 0.5690754055976868, 0.8560075759887695, 0.9416235685348511, 0.8686779737472534, 0.7358855605125427, 0.319511741399765, 0.5351344347000122, 0.8296951651573181, 0.8130582571029663, -0.5101050138473511, 0.8264286518096924, 0.8865735530853271, -0.619642972946167, 0.6546578407287598, 0.43654680252075195, 0.40552130341529846, 0.9222241640090942, -0.6603600978851318, 0.4201653003692627, 0.729804515838623, 0.878232479095459, 0.3602331876754761, 0.8834528923034668, 0.28856658935546875, 0.7584409117698669, 0.8826094269752502, -0.6212548017501831, 0.0263226218521595, 0.8115371465682983, 0.23248016834259033, 0.5327581763267517, 0.39815962314605713, -0.1992795169353485, 0.8959795236587524, 0.8681377172470093, -0.20949994027614594, 0.8662103414535522, -0.4679722189903259, -0.6416268944740295, 0.12013034522533417, -0.6693497896194458, 0.797059953212738, 0.3751436471939087, 0.9197271466255188, 0.3125230669975281, 0.46044087409973145, -0.628856360912323, -0.319663941860199, 0.9125914573669434, -0.5841599702835083, 0.8505008816719055, 0.8333892822265625, 0.87333083152771, -0.566896915435791, -0.6439895629882812, 0.9382123947143555, 0.3610350489616394, 0.9076976776123047, 0.8799521327018738, 0.851365864276886, 0.8984281420707703, 0.8412491083145142, 0.8635504841804504, 0.8426505327224731, 0.8813616037368774, 0.8449093103408813, 0.8629171848297119, -0.701951265335083, 0.862467885017395, -0.6320531964302063, -0.613459587097168, 0.8511331081390381, 0.8329574465751648, 0.8145179748535156, 0.8057891130447388, 0.8422172665596008, -0.5014926195144653, 0.8931501507759094, 0.8257797360420227, -0.7623633146286011, -0.7106267809867859, 0.9018207788467407, -0.33551859855651855, 0.8846552968025208, -0.6377112865447998, 0.8589604496955872, -0.6883468627929688, 0.8240454792976379, 0.8224340081214905, 0.871033251285553, 0.7168170213699341, 0.8727871179580688, 0.8523716330528259, -0.49135512113571167, -0.5338149070739746, -0.6536885499954224, 0.8344136476516724, -0.6150215864181519, 0.8418484926223755, -0.7180512547492981, 0.8511054515838623, -0.7224306464195251, 0.9156373739242554, 0.7919976115226746, -0.6862213015556335, 0.877185583114624, 0.9188694357872009, -0.7332911491394043, 0.8817439675331116, 0.8902201652526855, -0.5637834668159485, 0.7690157890319824, 0.8329101800918579, 0.92047119140625, 0.8343414068222046, 0.8024444580078125, 0.984659731388092, -0.7391467094421387, 0.8508294224739075, 0.9083603620529175, 0.958908200263977, 0.9127694964408875, 0.8902949690818787, 0.847366988658905, 0.8703771233558655, 0.7180167436599731, 0.8496944904327393, 0.8432543873786926, 0.8486651182174683, 0.7497767210006714, 0.8859691619873047, 0.8427044153213501, 0.8827768564224243, 0.8763622045516968, 0.8824856281280518, 0.8514662981033325, 0.8348522186279297, 0.8417628407478333, 0.8753652572631836, 0.8139286041259766, 0.35640087723731995, 0.8115618228912354, 0.8602173328399658, 0.8246933817863464, -0.6197730302810669, 0.8641571998596191, 0.8667746782302856, -0.7245569825172424, 0.920094907283783, 0.8911809921264648, 0.8502048254013062, -0.7271521687507629, 0.8068561553955078, 0.8769429922103882, 0.8455246686935425, 0.8216575980186462, 0.8808110952377319, 0.8844561576843262, 0.715543270111084, 0.7304047346115112, 0.7920790910720825, 0.8306199312210083, 0.840183675289154, 0.8473969101905823, 0.8998459577560425, -0.16673120856285095, 0.9052104949951172, 0.5664499998092651, 0.8301101922988892, -0.25012654066085815, 0.8466915488243103, 0.8349041938781738, 0.9341083765029907, 0.7367346882820129, 0.9087709188461304, 0.4070300757884979, 0.8606683015823364, 0.8361073732376099, 0.4871038496494293, 0.8891018033027649, 0.8500444889068604, 0.888148307800293, 0.8363151550292969, 0.8709002137184143, 0.8960726261138916, 0.8263012170791626, 0.38530465960502625, 0.9092202186584473, 0.8032780289649963, 0.8892639875411987, 0.8577014803886414, 0.8683805465698242, 0.9783231019973755, 0.8395980596542358, 0.899860143661499, 0.8671145439147949, 0.858332097530365, 0.8409079313278198, 0.9533596634864807, 0.8982212543487549, 0.8567249774932861, 0.8974965810775757, 0.8768806457519531, 0.9118209481239319, 0.8105863332748413, -0.6796998977661133, 0.851650595664978, 0.4611891508102417, -0.7159340381622314, 0.8704907894134521, 0.8766056299209595, 0.8416088819503784, -0.6253698468208313, 0.8511841297149658, 0.9387635588645935, 0.9136545658111572, 0.8353437185287476, 0.8447147011756897, 0.860522985458374, 0.8495283722877502, -0.6056904792785645, 0.8505889773368835, 0.8713263273239136, 0.8536362648010254, 0.8422799110412598, 0.857925534248352, 0.828735888004303, 0.8506578207015991, 0.8895309567451477, 0.8765573501586914, -0.689800500869751, 0.8511884212493896, 0.8947765827178955, -0.31455591320991516, 0.8519515991210938, 0.8442517518997192, 0.8636996746063232, 0.8116822242736816, 0.8834480047225952, -0.48552370071411133, 0.8501200675964355, 0.9187397956848145, 0.8154878616333008, 0.810858964920044, 0.7981951832771301, 0.7453877925872803, 0.8068809509277344, 0.9236369132995605, -0.6666764616966248, -0.40109068155288696, 0.9028529524803162, 0.929979145526886, 0.7916957139968872, 0.8894349336624146, 0.8312854766845703, 0.8390727639198303, 0.8487280607223511, 0.8863294124603271, 0.8975422382354736, 0.8262011408805847, 0.7383801937103271, 0.819587230682373, 0.8292845487594604, -0.626914918422699, 0.8853394985198975, 0.8787151575088501, 0.848074197769165, 0.9443803429603577, 0.889307975769043, 0.8612773418426514, 0.8483549952507019, 0.8481163382530212, 0.8758291006088257, 0.8971984386444092, 0.8774003982543945, -0.7091314792633057, 0.4154318571090698, 0.8780054450035095, -0.20364882051944733, 0.8386802077293396, -0.1457308977842331, 0.8066378831863403, 0.7702449560165405, 0.878609299659729, 0.8646759986877441, -0.29572221636772156, 0.9381234049797058, -0.3460080027580261, 0.8874560594558716, 0.8794265985488892, 0.8601895570755005, 0.8889132738113403, 0.8775763511657715, 0.8122876882553101, 0.8230338096618652, 0.8375141620635986, 0.7648754715919495, 0.36072200536727905, 0.8955936431884766, 0.8636364936828613, 0.8166601657867432, 0.9081565141677856, 0.8926311135292053, -0.6098508834838867, 0.9000161290168762, 0.06761765480041504, 0.7708178162574768, 0.8850133419036865, 0.8860511183738708, -0.8207623362541199, 0.3749614953994751, 0.8777074813842773, 0.8355666399002075, 0.2881546914577484, -0.6852789521217346, 0.8481737375259399, -0.08435015380382538, 0.29647061228752136, 0.8778548836708069, 0.8859826326370239, -0.3018013834953308, 0.8330690860748291, 0.870290994644165, 0.8583176732063293, 0.8034358620643616, 0.8615907430648804, 0.6510272026062012, 0.8118256330490112, 0.9785416722297668, 0.8163954019546509, 0.8091249465942383, 0.8260862231254578, 0.8404206037521362, 0.8778637647628784, 0.9135685563087463, 0.8581843376159668, 0.8477494716644287, 0.8954387903213501, 0.8775316476821899, 0.5365771055221558, -0.8080549836158752, 0.9127871990203857, 0.8550126552581787, 0.8478206992149353, 0.7707116603851318, -0.7219764590263367, 0.8847800493240356, 0.4105454087257385, 0.8697476387023926, 0.8313413858413696, 0.7682874798774719, 0.8782265186309814, 0.8415827751159668, 0.8712400197982788, 0.9189562797546387, 0.881291389465332, 0.8464483022689819, 0.8006175756454468, 0.8410637378692627, 0.8432449102401733, 0.8856011629104614, 0.869412899017334, 0.9112050533294678, 0.9289723038673401, 0.919745147228241, 0.9043335914611816, 0.8270764350891113, 0.8602820634841919, 0.8205310106277466, 0.8985598087310791, 0.9293461441993713, 0.7684274911880493, 0.8797210454940796, 0.8229851722717285, 0.7299156785011292, -0.5653843283653259, 0.8691028356552124, 0.848935604095459, 0.8048590421676636, 0.8317535519599915, -0.6717920899391174, 0.8250527381896973, 0.9187955856323242, 0.8198254704475403, 0.8316013813018799, 0.8694079518318176, 0.8171713352203369, 0.8099347949028015, -0.6193129420280457, -0.1503165364265442, 0.8900264501571655, 0.9099446535110474, 0.8498879075050354, 0.6633450388908386, 0.8894734382629395, 0.13972902297973633, 0.6952147483825684, 0.8723711967468262, 0.9180433750152588, 0.7953457236289978, 0.8796026110649109, 0.1791890412569046, 0.8268648982048035, 0.7324881553649902, 0.7895160913467407, 0.33693546056747437, 0.7592029571533203, 0.8802056312561035, 0.3963012099266052, -0.004902474582195282, 0.8133368492126465, 0.6224551200866699, 0.8353455662727356, 0.8205404281616211, 0.8055614829063416, 0.9372356534004211, 0.9387297034263611, 0.8559479117393494, 0.8476920127868652, 0.5025109052658081, 0.8522376418113708, 0.8976725339889526, 0.821351170539856, 0.766063928604126, -0.3208363652229309, 0.8316048383712769, 0.916193425655365, 0.9397475123405457, 0.959364652633667, 0.8514569997787476, 0.8800274133682251, 0.9189589619636536, 0.8447655439376831, 0.7527368664741516, 0.8994426727294922, 0.8535200357437134, -0.6510375738143921, 0.7888669371604919, -0.5675860643386841, 0.8891867995262146, -0.660170316696167, 0.8452496528625488, 0.9050093293190002, 0.8161462545394897, 0.900446891784668, 0.8339546322822571, 0.8179526329040527, 0.8783258199691772, 0.9476214051246643, 0.8236576318740845, 0.9588217735290527, 0.8652767539024353, 0.7521766424179077, 0.9195223450660706, 0.8506708741188049, 0.8733862042427063, 0.886039137840271, 0.878959596157074, 0.9081119298934937, 0.8691727519035339, 0.8984066843986511, 0.8965356349945068, 0.8601028323173523, -0.19658908247947693, 0.8316158056259155, 0.8053680658340454, 0.8435853719711304, 0.8549802303314209, 0.9010252952575684, 0.9112462401390076, 0.8695482015609741, 0.7261548638343811, 0.760306715965271, 0.8731572031974792, 0.8857249021530151, 0.8789293766021729, 0.853966236114502, 0.7451388239860535, 0.8237068057060242, 0.5247421264648438, 0.7952191233634949, 0.8622792959213257, 0.8171308636665344, 0.9048504829406738, 0.8823515176773071, 0.8759024143218994, 0.9198338389396667, -0.7349895238876343, 0.8909831047058105, 0.8723405599594116, -0.5828944444656372, 0.8578698039054871, -0.5919229984283447, 0.8921092748641968, 0.8688037991523743, 0.8110228776931763, 0.8633196949958801, 0.8807729482650757, 0.9015262126922607, 0.882692813873291, -0.437278151512146, 0.8539541363716125, 0.8401895761489868, 0.802044153213501, 0.8264109492301941, 0.8432467579841614, 0.3130512833595276, 0.9115849733352661, 0.8439239263534546, -0.15421076118946075, 0.8742973804473877, 0.8158261179924011, 0.9034037590026855, 0.8051764965057373, -0.7287114262580872, 0.8512237668037415, 0.8522589802742004, 0.9016448259353638, 0.8464348316192627, -0.36255598068237305, 0.9223050475120544, 0.9193931818008423, 0.8275893330574036, 0.822569727897644, 0.844825804233551, 0.8047235012054443, 0.9064640998840332, 0.9253526329994202, 0.8822367191314697, 0.9341501593589783, 0.880402147769928, 0.8423614501953125, 0.853050708770752, 0.8222908973693848, 0.7860150337219238, 0.8442987203598022, 0.8233006596565247, 0.834222674369812, 0.7693659067153931, 0.8724402785301208, 0.8646431565284729, 0.8129388689994812, 0.8302969932556152, 0.8486101627349854, 0.8825627565383911, 0.8511958718299866, 0.9189075827598572, 0.8814181089401245, 0.8547490239143372, 0.9272724390029907, 0.8903826475143433, 0.8938939571380615, 0.02511914074420929, 0.8236187696456909, 0.8046245574951172, 0.9237613677978516, 0.2743472456932068, 0.8422117829322815, 0.8736816644668579, 0.8868786096572876, 0.7158910036087036, 0.9164648652076721, 0.7417018413543701, 0.8793004751205444, 0.8602962493896484, 0.8816249370574951, 0.8245511651039124, 0.8132917881011963, -0.6441874504089355, 0.8554093837738037, 0.8906338214874268, 0.8813791871070862, 0.9191849231719971, 0.8361318111419678, -0.709173321723938, 0.8393429517745972, 0.4459367096424103, -0.5777209997177124, -0.47673338651657104, 0.42411884665489197, 0.8869222402572632, 0.8887715935707092, 0.8899037837982178, 0.8631905317306519, 0.8963998556137085, 0.8811001777648926, 0.881279468536377, 0.26300108432769775, 0.8428606986999512, 0.9070876240730286, 0.8090430498123169, 0.8774597644805908, 0.7716590166091919, 0.8449467420578003, 0.8486104607582092, 0.8171607255935669, 0.8242342472076416, -0.5932086706161499, 0.8338658809661865, 0.8212109804153442, 0.902527928352356, 0.8526132106781006, 0.8142523169517517, -0.47891348600387573, 0.8444266319274902, -0.6248839497566223, -0.607938289642334, 0.8241621255874634, 0.8742457628250122, 0.9200822114944458, 0.8354736566543579, 0.904515266418457, 0.9274653196334839, 0.8880592584609985, 0.3645115792751312, 0.8326761722564697, -0.4391337037086487, 0.8759334087371826, 0.8364828824996948, 0.2930970788002014, 0.8892189860343933, 0.8901592493057251, 0.872387170791626, 0.8813610672950745, -0.7083214521408081, 0.8828683495521545, 0.8926840424537659, 0.8379078507423401, 0.85581374168396, 0.8444358706474304, 0.8717808127403259, 0.8726825714111328, -0.6667014360427856, -0.6414881348609924, 0.813043475151062, 0.8978228569030762, -0.47056010365486145, -0.4155357778072357, 0.824518084526062, -0.7543596029281616, 0.812177300453186, 0.8346463441848755, 0.881272554397583, 0.8814243078231812, 0.9062358140945435, 0.44814401865005493, -0.22697150707244873, 0.7473622560501099, 0.9153425693511963, 0.8767725229263306, 0.8822690844535828, 0.797502875328064, -0.29118379950523376, -0.6611427664756775, 0.5677202939987183, 0.9009748697280884, 0.8541305065155029, 0.891424834728241, 0.8487970232963562, 0.8328517079353333, 0.04170529544353485, 0.8546861410140991, 0.8903353214263916, 0.8611397743225098, 0.9412199854850769, 0.9133689403533936, 0.874417245388031, 0.8482810258865356, 0.8383676409721375, 0.9233213663101196, 0.9084316492080688, 0.8163756728172302, -0.6188300848007202, 0.13697610795497894, 0.8431640863418579, 0.6192224025726318, 0.8541333675384521, 0.8203529119491577, 0.9306666851043701, 0.8559747338294983, 0.26366668939590454, 0.8462334871292114, 0.8810358047485352, -0.3093436360359192, 0.946993887424469, 0.0995769277215004, 0.9006871581077576, 0.8840726613998413, 0.8836666941642761, 0.9065779447555542, -0.2757321894168854, 0.8385942578315735, 0.9118862152099609, -0.637555718421936, 0.853498637676239, 0.7975000143051147, 0.6816660761833191, 0.8548696041107178, 0.8632076978683472, 0.8771761655807495, 0.8972125053405762, -0.6333662271499634, 0.8673948049545288, -0.22775393724441528, 0.8692978620529175, 0.921546995639801, 0.8748342394828796, 0.8772068023681641, 0.9502463936805725, 0.9318896532058716, 0.770789623260498, 0.762280285358429, 0.874833345413208, -0.6233879923820496, 0.9504574537277222, 0.8849431872367859, 0.8824375867843628, 0.8836126327514648, 0.8558975458145142, 0.8608686923980713, 0.7993056774139404, 0.8557380437850952, 0.8494653105735779, 0.7970781326293945, 0.9024109244346619, 0.8173382878303528, 0.8725907802581787, 0.8471329212188721, 0.7576378583908081, 0.9312552213668823, 0.754173755645752, 0.8363634943962097, 0.8439112901687622, 0.9224393367767334, -0.0035024285316467285, 0.9040276408195496, 0.8301149010658264, 0.8223565816879272, 0.8634961247444153, 0.8774124383926392, 0.8945314288139343, 0.8159279823303223, 0.8835686445236206, 0.8270508646965027, 0.8765916228294373, 0.8864570260047913, 0.8496544361114502, 0.9123942852020264, 0.7888891696929932, 0.8547343015670776, 0.8632946014404297, 0.9205037951469421, 0.9088374376296997, -0.22072742879390717, 0.8372480869293213, 0.8482412695884705, 0.8835849761962891, 0.8729719519615173, 0.9359531402587891, 0.9492379426956177, 0.8851947784423828, 0.8576926589012146, 0.8802518248558044, 0.9298292398452759, 0.8588212728500366, -0.4146905541419983, 0.4897998571395874, 0.937397301197052, 0.8814843893051147, 0.8829329013824463, 0.8236614465713501, 0.8244261741638184, 0.8830696940422058, 0.8916431069374084, 0.834868311882019, 0.8265804648399353, 0.8762498497962952, 0.8550853729248047, 0.7673795819282532, 0.8647759556770325, 0.8008683919906616, 0.8810371160507202, 0.8548176288604736, 0.8488320112228394, 0.7822479605674744, 0.7162213921546936, 0.4776788353919983, 0.8471835851669312, 0.9304476380348206, 0.9095672965049744, 0.44837236404418945, 0.8394265174865723, 0.8536213636398315, 0.8700860738754272, 0.9135920405387878, 0.9103696346282959, 0.8111620545387268, 0.8162534236907959, 0.7935981750488281, 0.8738405704498291, 0.8541196584701538, 0.8823511004447937, 0.8179066181182861, 0.36142128705978394, 0.5622401237487793, 0.8447904586791992, 0.8836901783943176, -0.6316324472427368, 0.8240637183189392, -0.4852186143398285, 0.6474500894546509, 0.819251537322998, 0.8874112367630005, 0.8558065295219421, 0.7814613580703735, 0.8249672055244446, 0.8518550992012024, 0.8662455677986145, 0.8575701713562012, 0.8282933831214905, 0.8926624059677124, 0.8993378281593323, 0.8759345412254333, 0.8486858606338501, -0.14076189696788788, 0.9207108020782471, 0.8831288814544678, 0.8171107172966003, 0.8077229857444763, 0.8204963207244873, 0.8178402185440063, 0.8674037456512451, 0.8899217844009399, 0.8431357145309448, 0.8654768466949463, 0.8752513527870178, 0.8807255625724792, 0.7540833353996277, 0.8858272433280945, 0.8207361698150635, 0.8132478594779968, 0.48043495416641235, 0.8721293807029724, 0.7451192140579224, 0.8545012474060059, 0.8278723955154419, 0.7559714317321777, 0.8823076486587524, 0.8281439542770386, 0.8540533185005188, 0.9163676500320435, 0.8414750099182129, 0.813055694103241, 0.8451279401779175, 0.858999490737915, -0.318265438079834, 0.9033836722373962, 0.8178974390029907, 0.8181825876235962, -0.7452659010887146, 0.8774182796478271, 0.8820827603340149, -0.4006273150444031, 0.8066883087158203, 0.8666359782218933, 0.8549666404724121, 0.8466386198997498, 0.7406420707702637, 0.8157083988189697, -0.552359402179718, 0.7627665996551514, -0.7049124240875244, 0.8777061700820923, 0.8853671550750732, 0.6045070886611938, 0.9172354340553284, 0.8917768001556396, 0.9017224311828613, 0.8897595405578613, -0.04184907674789429, 0.8930047750473022, 0.7639287114143372, 0.8154386281967163, 0.8815072774887085, 0.7904223203659058, 0.9239449501037598, 0.7623670101165771, 0.827648401260376, 0.8843151926994324, 0.9126689434051514, 0.8778446316719055, 0.8639674782752991, 0.7944022417068481, 0.851806104183197, 0.809319794178009, -0.7219426035881042, 0.8278173208236694, -0.705711841583252, 0.6211051940917969, 0.9116921424865723, 0.913947582244873, 0.8952025771141052, 0.8557663559913635, -0.13127070665359497, -0.7132344245910645, 0.82682204246521, 0.8535723686218262, 0.8812866806983948, 0.8937894701957703, 0.6300516128540039, -0.24998368322849274, 0.8275588750839233, 0.7254153490066528, 0.813071608543396, 0.4153376817703247, 0.7641212940216064, 0.8072397708892822, 0.8108595609664917, 0.8805127143859863, 0.7074747681617737, 0.9143404960632324, -0.6505259275436401, 0.8549197912216187, 0.8936620950698853, -0.3575741648674011, 0.9143921136856079, 0.8623073101043701, 0.9194332361221313, 0.9487615823745728, 0.2916465699672699, 0.8936827778816223, 0.9185436964035034, 0.862869143486023, 0.9499634504318237, 0.7951756119728088, 0.8562824726104736, -0.05875718593597412, -0.10399165749549866, 0.7766608595848083, 0.8776369094848633, -0.4767991900444031, 0.8494191765785217, 0.8942394256591797, 0.9197497963905334, 0.9098237752914429, -0.6174544095993042, 0.9139328002929688, 0.906508207321167, 0.801795482635498, -0.5252465009689331, 0.7904725074768066, 0.8430976867675781, -0.6730973720550537, 0.8879160284996033, 0.8639404773712158, 0.3681090176105499, 0.8283541202545166, 0.8649322986602783, 0.7929254174232483, 0.7415860891342163, 0.8095594048500061, 0.8619465827941895, 0.8406104445457458, 0.8617308139801025, 0.8818092346191406, 0.9009159803390503, 0.4819347858428955, 0.46268123388290405, 0.9142971038818359, 0.8257755041122437, 0.33001917600631714, 0.9191673994064331, -0.18899878859519958, 0.8739742040634155, 0.8826910853385925, 0.8757076263427734, 0.9421537518501282, 0.9224916100502014, 0.8484262228012085, 0.8416949510574341, 0.922268271446228, 0.8585298657417297, 0.8723901510238647, 0.4979608654975891, 0.9113370180130005, 0.7022191882133484, 0.882540225982666, 0.8948065042495728, 0.3822299838066101, 0.7648258209228516, -0.5856143832206726, -0.5951961278915405, 0.8253591060638428, 0.7184106111526489, 0.902644157409668, 0.7061840295791626, 0.8881430625915527, 0.902728259563446, 0.8398083448410034, 0.4462408423423767, 0.863772988319397, 0.3313681483268738, -0.276189386844635, 0.8507664203643799, 0.8471781611442566, 0.8250645995140076, -0.5012335777282715, -0.6112732887268066, 0.8006414175033569, 0.8669739961624146, 0.9215107560157776, 0.8534641861915588, 0.41261500120162964, 0.9012066721916199, 0.921997606754303, 0.8290431499481201, 0.8770855069160461, 0.8765777349472046, 0.8562614321708679, 0.7816526889801025, 0.8463118076324463, 0.8398386240005493, 0.8008413314819336, 0.7640711069107056, 0.8573961853981018, 0.8573499321937561, 0.8495275974273682, 0.8470520973205566, 0.8833014965057373, 0.8799630403518677, 0.3030584156513214, 0.7083019018173218, 0.846691370010376, 0.2639601230621338, 0.8000451326370239, 0.8560793995857239, 0.7997158765792847, -0.5184109807014465, 0.887408971786499, 0.8547911643981934, 0.8937344551086426, 0.8146291971206665, 0.8362945318222046, 0.8921410441398621, 0.8677213788032532, 0.918051540851593, 0.7939503192901611, -0.2580716609954834, 0.8502315282821655, 0.8540706038475037, -0.525736927986145, 0.8651235699653625, 0.8834076523780823, 0.7977893948554993, 0.8846027851104736, 0.806423008441925, 0.9579368829727173, 0.8756892681121826, 0.7824161052703857, 0.8924802541732788, 0.9073822498321533, 0.8951090574264526, 0.914844274520874, 0.8689568042755127, 0.8916012048721313, 0.8352515697479248, 0.8801100254058838, 0.7126842737197876, 0.8474685549736023, 0.9363367557525635, 0.8144816160202026, 0.8852161169052124, 0.9640663862228394, 0.9217443466186523, 0.8770928382873535, 0.917883574962616, 0.7814419865608215, 0.4119618237018585, 0.7592865228652954, 0.8208670616149902, 0.828064501285553, 0.925218403339386, 0.824126660823822, 0.8452172875404358, 0.801361083984375, 0.885262131690979, 0.9066321849822998, 0.6263543367385864, 0.8477219343185425, 0.8312835097312927, 0.825312077999115, 0.7818613052368164, 0.8895862102508545, 0.8120313882827759, 0.8460937738418579, 0.8847011923789978, 0.8176184892654419, 0.8307974338531494, 0.9093196392059326, 0.8185378909111023, 0.8095649480819702, 0.20854783058166504, 0.8776155710220337, 0.8304107189178467, 0.8522929549217224, 0.8530124425888062, 0.3061087131500244, 0.8974103331565857, 0.5926982760429382, 0.819029688835144, 0.8014708757400513, 0.8287256360054016, 0.8537530899047852, 0.831706166267395, 0.8819677829742432, 0.8763889074325562, 0.896527886390686, 0.8929137587547302, 0.8835591077804565, 0.8900937438011169, 0.8026250600814819, 0.8818743228912354, 0.8635597229003906, 0.8577738404273987, 0.8218345642089844, 0.8568979501724243, 0.8675321340560913, 0.8840715885162354, 0.845206618309021, 0.8242834806442261, 0.890758752822876, 0.8472066521644592, 0.8244603872299194, 0.8530038595199585, 0.8145913481712341, 0.8552045822143555, 0.8759979605674744, 0.8271121978759766, 0.9014452695846558, 0.9389505982398987, 0.8931207656860352, 0.9113615155220032, 0.8361836671829224, 0.8552248477935791, 0.8805171847343445, 0.8837324380874634, 0.8497486710548401, 0.493647038936615, 0.8591374158859253, 0.774391770362854, 0.6688376665115356, 0.8876081705093384, 0.7027117013931274, 0.8409889936447144, 0.29943329095840454, 0.8201749920845032, 0.6559371948242188, 0.7324697971343994, 0.2761479616165161, 0.26406997442245483, 0.40308305621147156, 0.7540348768234253, 0.721863865852356, 0.376138299703598, 0.8344261646270752, 0.7082129716873169, 0.8951518535614014, 0.7229591608047485, -0.3796188533306122, 0.5412955284118652, 0.8499528169631958, 0.7253691554069519, 0.7496362924575806, 0.7623530030250549, -0.6804407835006714, 0.4997716546058655, -0.6440540552139282, 0.78200364112854, 0.6492544412612915, 0.48130175471305847, 0.7852028012275696, 0.8765742778778076, 0.8378933668136597, 0.1962038278579712, 0.8355907201766968, 0.8728041648864746, 0.8778862357139587, 0.757981538772583, 0.7887822389602661, 0.6975776553153992, 0.8357729911804199, 0.8601795434951782, 0.4296068847179413, 0.8377623558044434, 0.8814894556999207, 0.03820998966693878, -0.21037523448467255, 0.7399866580963135, 0.816774845123291, 0.7787140011787415, 0.6098716259002686, 0.8007050156593323, 0.39827364683151245, 0.8811013102531433, -0.6424017548561096, 0.7607429027557373, 0.33100026845932007, 0.4785069227218628, -0.5743591785430908, 0.8425612449645996, 0.6332521438598633, 0.8253316879272461, 0.7582279443740845, 0.8354215621948242, 0.5524479150772095, 0.706536054611206, 0.6961992383003235, 0.8602427244186401, 0.6144413352012634, 0.4515036940574646, 0.8130782842636108, 0.5152590274810791, 0.7410987615585327, -0.6566063165664673, 0.7332271337509155, 0.7922354936599731, 0.8168187737464905, 0.8728934526443481, 0.8500413298606873, 0.8236445188522339, 0.24469366669654846, -0.5999457836151123, 0.5519876480102539, 0.6502050161361694, 0.0668736919760704, -0.2964267134666443, 0.4435284435749054, 0.45572367310523987, 0.5689280033111572, 0.49572989344596863, -0.5848891735076904, 0.69908207654953, 0.8046613335609436, 0.7668877243995667, 0.8182609677314758, 0.547713041305542, 0.855196475982666, 0.6490423679351807, 0.8507355451583862, 0.19962850213050842, 0.8983058333396912, 0.8351262807846069, 0.8830023407936096, 0.8366823196411133, 0.8346115946769714, 0.9275635480880737, 0.4360063374042511, 0.9020127058029175, -0.45093217492103577, -0.6729117631912231, 0.8624035120010376, -0.39409056305885315, 0.9337738752365112, 0.780115008354187, 0.49945810437202454, 0.8622071743011475, 0.8804164528846741, 0.8992130756378174, 0.8627088069915771, 0.8533324003219604, 0.18405760824680328, 0.8615044355392456, 0.7623989582061768, 0.8772701621055603, 0.8838804960250854, 0.9047017097473145, 0.8416327238082886, 0.8001655340194702, 0.7157913446426392, 0.8588954210281372, -0.2943209409713745, 0.33893120288848877, 0.7925289869308472, 0.9209775924682617, 0.8493196964263916, 0.8968779444694519, 0.927391767501831, 0.8987874984741211, 0.808586597442627, 0.838080883026123, -0.605146050453186, 0.7687740325927734, 0.9481237530708313, 0.766441285610199, 0.8618534803390503, 0.2545751631259918, 0.8836963176727295, 0.8251057863235474, 0.8531541228294373, 0.7807739973068237, 0.7801963090896606, 0.8441628217697144, 0.8603804707527161, 0.8744685649871826, 0.8456118106842041, 0.8878666162490845, 0.8078370094299316, 0.8855739831924438, 0.8815706372261047, 0.8849756717681885, 0.861438512802124, 0.4226839244365692, 0.7875176668167114, 0.8784670829772949, 0.36514341831207275, 0.8782670497894287, 0.604586660861969, 0.8355456590652466, 0.7998052835464478, 0.8245521783828735, 0.8521299362182617, 0.8622457385063171, 0.8207765817642212, 0.8858834505081177, 0.46215301752090454, 0.8866583108901978, 0.8137896060943604, 0.8510556221008301, 0.8746434450149536, 0.8313941359519958, 0.9253098964691162, 0.9250152111053467, 0.8436723947525024, 0.8899849653244019, 0.29983776807785034, 0.830832302570343, 0.952790379524231, 0.8147361278533936, 0.8784734010696411, 0.7847950458526611, 0.8062272071838379, 0.850606381893158, 0.5495515465736389, 0.7182392477989197, -0.607205867767334, 0.8883723020553589, 0.9066938757896423, 0.7458646297454834, 0.8507264852523804, 0.9066011905670166, 0.9086685180664062, 0.11264726519584656, 0.45009034872055054, 0.38242995738983154, 0.023895036429166794, 0.8500539064407349, 0.26265639066696167, 0.8431172966957092, 0.7868324518203735, 0.46259886026382446, 0.7197511196136475, 0.8554012179374695, 0.879829466342926, 0.9314824342727661, 0.22993291914463043, -0.49881410598754883, 0.47724011540412903, 0.8775429725646973, 0.8909098505973816, 0.8884143233299255, 0.7907726764678955, 0.9140574932098389, 0.878043532371521, 0.8171968460083008, 0.8512294292449951, 0.8286195993423462, 0.823029637336731, 0.8959919214248657, -0.6632910966873169, 0.9687880277633667, 0.8641061782836914, 0.793897271156311, 0.8465337753295898, 0.8985143899917603, 0.8627263903617859, 0.8394196629524231, 0.8941196799278259, 0.838220477104187, 0.8006418943405151, 0.7988103032112122, 0.7552124261856079, 0.8466836810112, 0.7540950775146484, 0.8934756517410278, 0.8776557445526123, -0.5336043834686279, 0.44082146883010864, 0.19726303219795227, 0.8805644512176514, 0.8028102517127991, -0.32873380184173584, -0.5320358872413635, 0.8522731065750122, 0.8066424131393433, 0.9157266616821289, 0.9161769151687622, -0.5783922672271729, 0.824953556060791, 0.7080006003379822, 0.8755186796188354, 0.8126781582832336, 0.8526206016540527, 0.3459336459636688, 0.17488209903240204, 0.8275865912437439, 0.8190816640853882, 0.816459596157074, 0.7189704775810242, 0.40178653597831726, 0.9271732568740845, 0.8599212169647217, 0.8540900945663452, 0.8527867197990417, 0.8247950077056885, 0.8892353177070618, 0.5331521034240723, 0.2140457034111023, 0.8227391242980957, 0.8342623710632324, 0.42320892214775085, -0.6907362937927246, 0.8299515247344971, -0.5950736999511719, 0.8347780704498291, 0.8255093693733215, 0.9263287782669067, 0.7986382246017456, -0.569280743598938, -0.666189968585968, -0.577950119972229, 0.8260321021080017, 0.6613813638687134, 0.8260858058929443, 0.7410030961036682, 0.8858556747436523, 0.925754725933075, 0.826526403427124, 0.836040735244751, 0.8526715636253357, 0.8373537659645081, 0.9689391255378723, 0.9093643426895142, 0.8887841701507568, 0.8608929514884949, 0.8788756132125854, 0.9200634956359863, 0.8383795022964478, 0.23782068490982056, 0.8508543968200684, 0.8310290575027466, 0.8864625096321106, 0.45988500118255615, 0.8653035163879395, 0.8737207651138306, 0.922075629234314, 0.8923896551132202, -0.23354123532772064, 0.5015919208526611, 0.6332492828369141, 0.8752293586730957, 0.15277579426765442, 0.1668430119752884, 0.8558106422424316, 0.8557244539260864, 0.8648977279663086, 0.912122368812561, 0.848739743232727, 0.839655339717865, 0.9194303750991821, 0.1998864710330963, 0.8104680776596069, 0.8391159772872925, 0.9187312722206116, -0.07838626950979233, 0.8762102127075195, 0.4870679974555969, 0.2425442337989807, 0.8263717293739319, 0.8272806406021118, 0.875287652015686, 0.8953951597213745, 0.8714641332626343, 0.8576868772506714, 0.8571670055389404, 0.3805595636367798, 0.8572530746459961, 0.916365385055542, 0.8105899095535278, 0.8585221767425537, 0.821641206741333, 0.8990370035171509, 0.9316140413284302, 0.7862379550933838, 0.816386342048645, 0.8301248550415039, 0.8849886655807495, 0.8423610925674438, 0.9131366610527039, 0.9056099653244019, 0.9481340646743774, 0.30239424109458923, 0.8528484106063843, -0.04883277416229248, 0.8653918504714966, 0.7662421464920044, 0.8997482061386108, 0.7868547439575195, 0.9014158844947815, 0.8386605978012085, 0.8820186853408813, 0.8521180748939514, 0.9074558019638062, 0.8702572584152222, 0.922407329082489, 0.9147701263427734, 0.8661021590232849, 0.8565513491630554, 0.8325992822647095, 0.6913284659385681, 0.9025075435638428, 0.8187869787216187, 0.8856260776519775, 0.8431135416030884, 0.4461730122566223, 0.44814813137054443, 0.9370665550231934, 0.5693338513374329, 0.8059498071670532, -0.16691866517066956, 0.8772608041763306, 0.8985576033592224, 0.8106737732887268, 0.8936349749565125, 0.8746188879013062, -0.03176654875278473, 0.8821792006492615, 0.8865333795547485, 0.8536665439605713, 0.8790397644042969, -0.42818039655685425, 0.9316389560699463, 0.9037314653396606, 0.9106025099754333, 0.8550837635993958, -0.29708170890808105, 0.8915191888809204, -0.6977039575576782, 0.8264073133468628, 0.8812578320503235, 0.8923536539077759, 0.8920096158981323, -0.6028028726577759, 0.8365142345428467, 0.890663743019104, 0.9328118562698364, 0.8525675535202026, 0.8554651141166687, 0.8558647036552429, -0.3228503465652466, -0.6352057456970215, 0.8828043937683105, 0.7317491173744202, 0.835568904876709, -0.5617032051086426, -0.6949200630187988, -0.6161911487579346, -0.5174316167831421, 0.8834742903709412, 0.7983708381652832, 0.8856545686721802, 0.8417972922325134, 0.8796657919883728, -0.46464264392852783, -0.6651164293289185, 0.881977915763855, 0.9019098281860352, -0.6703152656555176, -0.6127753257751465, 0.9018815755844116, 0.8469377756118774, -0.662052571773529, 0.8625588417053223, 0.30838337540626526, 0.8829559087753296, 0.8455454111099243, -0.7056628465652466, -0.6771057844161987, 0.9145317077636719, 0.49267342686653137, 0.8461693525314331, 0.021280530840158463, -0.48762986063957214, 0.5804440975189209, 0.889878511428833, 0.7625747919082642, 0.8922870755195618, -0.5615746378898621, -0.6093546152114868, -0.4063594341278076, 0.7634760737419128, 0.8515044450759888, 0.7297626733779907, 0.8253541588783264, -0.26177841424942017, 0.8373904824256897, -0.6687124371528625, 0.8428455591201782, 0.8913793563842773, 0.9158167243003845, -0.18303626775741577, 0.8196241855621338, 0.8369072675704956, 0.855469822883606, -0.6043065786361694, 0.8298909068107605, -0.5700176954269409, 0.6995629668235779, 0.9064656496047974, 0.8546701669692993, -0.23017048835754395, -0.7060809135437012, 0.8359048962593079, -0.3475766181945801, -0.6045415997505188, 0.9035378694534302, 0.8698319792747498, 0.8585665225982666, 0.9021508693695068, 0.8276870846748352, 0.8449739217758179, -0.6567326784133911, 0.9212684035301208, 0.8159371614456177, 0.8938817381858826, 0.814958930015564, 0.43853864073753357, 0.8958220481872559, 0.8202551603317261, 0.8492369651794434, 0.9214913845062256, 0.866266131401062, 0.8736201524734497, 0.8670599460601807, 0.8519707322120667, 0.8372277021408081, 0.8274760246276855, 0.9407541751861572, 0.8543351888656616, 0.8453928232192993, 0.8725311756134033, 0.8490668535232544, 0.9344792366027832, 0.909782886505127, 0.8463794589042664, 0.9111831784248352, 0.8804652690887451, 0.8518683910369873, 0.7055673003196716, 0.8650083541870117, 0.8304973840713501, 0.8277337551116943, 0.9212484359741211, 0.8283615708351135, 0.8931457996368408, 0.9452624320983887, 0.874347448348999, 0.8261299729347229, 0.8801578283309937, 0.4820091128349304, 0.7957749366760254, 0.891539454460144, 0.8361514806747437, 0.8575719594955444, 0.8523929119110107, 0.9234157800674438, 0.9392321705818176, 0.8276904821395874, 0.9048143625259399, 0.8271349668502808, 0.8221840858459473, 0.8718093633651733, 0.8254563808441162, 0.7740840911865234, 0.8539710640907288, 0.8465985655784607, 0.773177981376648, 0.9069504141807556, 0.9084391593933105, 0.9012096524238586, 0.911888599395752, 0.9110644459724426, 0.8801251649856567, 0.921482264995575, 0.8533773422241211, 0.9042980074882507, 0.905116617679596, 0.8786792159080505, 0.9021286964416504, 0.7596158981323242, -0.5660718679428101, 0.9032339453697205, 0.8887625932693481, 0.8437027931213379, 0.8347327709197998, 0.876474142074585, 0.8278591632843018, 0.8543353080749512, 0.6679062843322754, 0.8369725942611694, 0.7845577001571655, 0.8594973087310791, 0.9077962636947632, 0.8945842981338501, 0.8790870308876038, 0.844615638256073, 0.883393406867981, 0.7804863452911377, -0.3898961842060089, 0.8531345129013062, 0.8340765237808228, 0.8925774097442627, 0.9039375185966492, 0.8891634941101074, 0.9037229418754578, 0.8378843069076538, 0.9076582193374634, 0.8319135308265686, 0.6731386184692383, 0.8216525316238403, 0.8260067701339722, 0.8296089172363281, 0.8798788785934448, 0.9349079132080078, 0.8516755104064941, 0.8515128493309021, 0.8707559704780579, 0.8271484971046448, 0.8538134098052979]
