sample name: ['Cc1ccc(CCNC(=O)NCCc2csc(N3CCCC3)n2)c(C)c1']
atom_index,distance,cosine_similarity
0,-0.0788238525390625,0.013285778583958746
1,-1.2055474853515624,0.11939097248017788
2,-0.5769781494140624,0.07058762408792972
3,-0.84179931640625,0.10108775295317173
4,-1.97267333984375,0.13706800684332848
5,-1.451109619140625,0.11435661308467387
6,-0.72796630859375,0.04481511520221829
7,-0.315733642578125,0.01592845169827342
8,-0.1127081298828125,-0.004282491393387318
9,-1.2467022705078126,0.110772645175457
10,-1.1559368896484374,0.11368398377671837
11,-1.2294219970703124,0.1261575561016798
12,0.0854132080078125,-0.01030445832759142
13,-0.60906494140625,0.05886695757508278
14,0.259168701171875,-0.011354956179857253
15,-0.3675390625,0.04279096979647875
16,-1.0695245361328125,0.10426107171922921
17,-0.7230706787109376,0.0722515831142664
18,-0.509864501953125,0.05118739418685436
19,-3.3749127197265625,0.3257306582480669

Sum of phi values for distance
-17.224795532226562
Sum of phi values for cosine similarity
1.5962812287267298
Average distance random samples:
9.215783165693283
Average cosine similarity random samples:
0.5687019030861556
Distances random samples
[7.875326156616211, 7.175633430480957, 7.531163215637207, 6.504688739776611, 13.51894474029541, 14.592438697814941, 7.238574028015137, 7.605520248413086, 15.063383102416992, 8.594269752502441, 7.359979152679443, 6.483992099761963, 5.918065547943115, 6.985196590423584, 6.535144329071045, 9.721391677856445, 7.04470682144165, 6.841537952423096, 7.130458831787109, 8.831465721130371, 12.071361541748047, 8.075716018676758, 5.139710903167725, 6.423012733459473, 7.625248908996582, 7.693513870239258, 7.266933441162109, 7.4219584465026855, 7.408255100250244, 8.862038612365723, 6.057746410369873, 7.657118797302246, 6.754206657409668, 7.513914108276367, 5.773259162902832, 12.88924503326416, 7.116362571716309, 4.8678083419799805, 7.3934173583984375, 6.352477073669434, 6.314174175262451, 7.3238372802734375, 5.006368160247803, 5.736805438995361, 14.802984237670898, 8.092509269714355, 5.224818229675293, 5.702759742736816, 10.465380668640137, 5.044912338256836, 8.040661811828613, 8.561413764953613, 5.867275714874268, 5.968428611755371, 7.188609600067139, 7.680713653564453, 8.141523361206055, 7.317004203796387, 7.567020416259766, 6.759004592895508, 6.514596939086914, 7.009853839874268, 13.79876708984375, 9.273816108703613, 10.844244956970215, 4.5815253257751465, 4.745704174041748, 9.20361042022705, 4.985496520996094, 18.351905822753906, 12.506690979003906, 7.535898208618164, 6.603311061859131, 14.765838623046875, 5.103350639343262, 7.110129356384277, 8.535160064697266, 5.3103227615356445, 8.5675630569458, 9.210050582885742, 5.452756404876709, 6.503896236419678, 8.45682430267334, 8.38425064086914, 8.582301139831543, 10.847078323364258, 7.817806243896484, 9.512550354003906, 7.335339069366455, 7.054315567016602, 6.968430519104004, 6.243705749511719, 5.7295002937316895, 4.266750812530518, 7.5869879722595215, 6.073590278625488, 8.49535083770752, 8.715222358703613, 7.031853199005127, 6.172189712524414, 8.198456764221191, 7.245423316955566, 13.204333305358887, 6.989412307739258, 10.996984481811523, 6.4550652503967285, 7.357398986816406, 7.17593240737915, 7.411526203155518, 12.350458145141602, 7.291803359985352, 5.79090690612793, 6.053033828735352, 7.7880120277404785, 8.79237174987793, 8.572442054748535, 9.679814338684082, 5.510552883148193, 10.927099227905273, 11.39306640625, 11.238897323608398, 7.25208044052124, 6.167701721191406, 13.687604904174805, 7.829311370849609, 10.355840682983398, 7.24191427230835, 12.801342964172363, 9.096126556396484, 17.825002670288086, 7.3313212394714355, 8.219484329223633, 7.706293106079102, 7.142665386199951, 19.856611251831055, 7.055970668792725, 5.925901412963867, 7.966914653778076, 7.647344589233398, 7.506518840789795, 20.55560874938965, 8.64787483215332, 4.584043025970459, 5.723445892333984, 5.9992995262146, 9.301103591918945, 5.601517677307129, 6.9622297286987305, 7.7508015632629395, 6.654345989227295, 4.859712600708008, 6.895904064178467, 10.659945487976074, 12.718425750732422, 6.526731491088867, 6.105097770690918, 7.537269592285156, 6.489720821380615, 20.20649528503418, 21.63148307800293, 6.54533576965332, 8.925532341003418, 12.121772766113281, 14.504919052124023, 5.4205451011657715, 9.043197631835938, 8.143149375915527, 15.202126502990723, 12.321657180786133, 7.655255317687988, 5.476529121398926, 7.7912116050720215, 7.959089756011963, 20.000354766845703, 8.052313804626465, 20.200651168823242, 6.249727725982666, 7.457088470458984, 8.00803279876709, 7.194664001464844, 15.736431121826172, 6.61542272567749, 8.448007583618164, 3.686600923538208, 6.826555252075195, 15.750558853149414, 13.689249992370605, 11.407861709594727, 12.509143829345703, 10.2754487991333, 5.786332130432129, 8.781174659729004, 12.698919296264648, 12.449051856994629, 10.481435775756836, 8.178156852722168, 7.692407131195068, 6.699713230133057, 7.205456256866455, 7.984891891479492, 7.349863052368164, 7.743990898132324, 7.576042175292969, 8.720616340637207, 12.001500129699707, 7.752564430236816, 8.292943954467773, 6.1046552658081055, 7.112896919250488, 8.159488677978516, 10.731419563293457, 13.645828247070312, 5.588827610015869, 8.583635330200195, 6.083143711090088, 7.52876615524292, 6.20419454574585, 13.911337852478027, 6.251277446746826, 7.242886543273926, 12.68139362335205, 14.102142333984375, 7.1656341552734375, 13.696297645568848, 16.682077407836914, 7.6798415184021, 4.752195358276367, 15.669451713562012, 6.271213531494141, 7.687900066375732, 4.3659491539001465, 4.951822280883789, 7.041362285614014, 13.810636520385742, 7.633669376373291, 6.916520118713379, 9.604844093322754, 12.915559768676758, 6.809047698974609, 8.109485626220703, 6.819121837615967, 16.968172073364258, 8.29360580444336, 7.152978897094727, 7.245577335357666, 16.369966506958008, 5.495760440826416, 8.213111877441406, 8.938772201538086, 5.983242988586426, 14.618244171142578, 14.101449012756348, 5.878862380981445, 8.140432357788086, 14.765837669372559, 8.25167465209961, 6.648688316345215, 7.865349292755127, 14.307344436645508, 6.061148166656494, 7.683537006378174, 8.172289848327637, 6.856781482696533, 10.157585144042969, 13.345111846923828, 7.726780891418457, 7.773009300231934, 7.534797191619873, 14.607128143310547, 4.941411018371582, 7.198288917541504, 18.008167266845703, 5.74971866607666, 8.92092227935791, 8.322982788085938, 7.275887966156006, 8.515599250793457, 14.316003799438477, 7.50985860824585, 11.134374618530273, 7.223795413970947, 4.933219909667969, 6.400210380554199, 8.541953086853027, 5.238903522491455, 7.092207431793213, 8.200736999511719, 8.461370468139648, 5.929228782653809, 5.2548933029174805, 13.286246299743652, 6.646607875823975, 11.69580078125, 6.290160179138184, 7.513645648956299, 13.147523880004883, 7.51283597946167, 7.634693622589111, 6.604066371917725, 7.689754486083984, 11.916393280029297, 6.147360801696777, 6.745494842529297, 8.541964530944824, 14.83738899230957, 7.161892414093018, 13.024835586547852, 18.45945167541504, 7.797836780548096, 18.909944534301758, 5.061885356903076, 7.833451747894287, 18.925931930541992, 5.1532697677612305, 18.952133178710938, 7.530198574066162, 7.046749114990234, 8.056940078735352, 7.877391338348389, 5.9973530769348145, 18.59121322631836, 6.993042945861816, 7.869410514831543, 7.960290908813477, 7.958632469177246, 6.482353687286377, 10.342317581176758, 8.633928298950195, 13.45307445526123, 7.520170211791992, 5.415525436401367, 19.074954986572266, 15.259418487548828, 7.154742240905762, 9.269254684448242, 8.383790969848633, 7.839239120483398, 7.52608585357666, 6.1208953857421875, 5.858073711395264, 17.44100570678711, 6.560709476470947, 13.47008228302002, 6.855441093444824, 12.363103866577148, 8.550843238830566, 5.111292362213135, 8.4036226272583, 7.411872863769531, 11.154661178588867, 16.146240234375, 7.890800952911377, 15.268689155578613, 18.859479904174805, 7.797482967376709, 7.387240409851074, 7.650261402130127, 6.533890724182129, 10.133474349975586, 6.137481212615967, 7.213554859161377, 14.736530303955078, 6.836838722229004, 6.403942108154297, 5.7203545570373535, 7.482156276702881, 7.570634365081787, 8.656643867492676, 5.540491580963135, 5.755679607391357, 7.4301371574401855, 6.4342851638793945, 8.23311710357666, 7.489375591278076, 13.001968383789062, 5.95850133895874, 6.793975353240967, 7.155982494354248, 7.7926530838012695, 14.840825080871582, 5.879683971405029, 13.479284286499023, 5.255246639251709, 10.87196159362793, 7.195990085601807, 7.489842414855957, 6.234671592712402, 5.701076030731201, 11.719083786010742, 5.442803859710693, 8.529857635498047, 17.960834503173828, 7.414948463439941, 12.18262767791748, 9.687006950378418, 6.021819591522217, 8.605538368225098, 16.272777557373047, 7.720399379730225, 18.428688049316406, 14.793388366699219, 6.546424388885498, 8.147621154785156, 7.170424461364746, 14.522782325744629, 8.454055786132812, 8.073202133178711, 6.853321552276611, 8.47018051147461, 9.09093952178955, 13.411981582641602, 18.85928726196289, 7.880735397338867, 7.447136878967285, 8.210082054138184, 6.5698161125183105, 8.140543937683105, 11.78164005279541, 6.123513698577881, 15.461709022521973, 11.570721626281738, 12.104247093200684, 15.133859634399414, 6.655484676361084, 12.218204498291016, 6.710117340087891, 6.026328086853027, 17.244686126708984, 6.852389335632324, 8.99178695678711, 8.214226722717285, 8.419500350952148, 11.721604347229004, 5.705157279968262, 7.300345420837402, 6.706364154815674, 10.989984512329102, 7.845786094665527, 18.96030616760254, 4.831981182098389, 18.378761291503906, 5.252720355987549, 9.832657814025879, 6.506285190582275, 18.311994552612305, 5.907618999481201, 12.680065155029297, 4.771512985229492, 7.543781757354736, 8.516729354858398, 6.886147499084473, 10.59804916381836, 5.992997646331787, 14.353779792785645, 18.67066192626953, 7.302547454833984, 8.480729103088379, 6.592227935791016, 4.926461696624756, 9.362707138061523, 11.212907791137695, 8.520462989807129, 18.61789321899414, 9.032291412353516, 13.235057830810547, 6.697320461273193, 5.591235160827637, 8.08617115020752, 17.77067756652832, 8.201659202575684, 6.085988998413086, 6.314816474914551, 15.256906509399414, 15.567109107971191, 14.221505165100098, 6.500313758850098, 6.297361850738525, 14.583273887634277, 6.578710556030273, 13.194122314453125, 10.883936882019043, 10.91919231414795, 8.660122871398926, 14.544520378112793, 6.7254157066345215, 5.056893825531006, 7.173492908477783, 8.985956192016602, 8.514503479003906, 15.825528144836426, 18.485042572021484, 17.010881423950195, 5.619460582733154, 17.500179290771484, 7.524190425872803, 6.721621513366699, 14.827648162841797, 7.4254150390625, 6.409759044647217, 6.096957683563232, 6.257765769958496, 18.24858856201172, 16.29047203063965, 14.67541790008545, 8.432698249816895, 6.737722396850586, 13.728677749633789, 8.467856407165527, 6.145292282104492, 13.669325828552246, 6.634389400482178, 9.728842735290527, 13.263734817504883, 11.347127914428711, 13.598718643188477, 7.983994483947754, 6.590954303741455, 6.235030174255371, 8.898153305053711, 14.009604454040527, 6.346993923187256, 7.358990669250488, 7.276981353759766, 9.128617286682129, 7.809354305267334, 12.831680297851562, 9.727202415466309, 6.123363018035889, 7.769967555999756, 11.473543167114258, 10.97078800201416, 8.158927917480469, 17.013614654541016, 7.343423843383789, 20.201236724853516, 11.73624038696289, 12.097466468811035, 11.447551727294922, 5.58302640914917, 9.083441734313965, 8.109174728393555, 11.495587348937988, 7.518517017364502, 7.297865390777588, 8.424304962158203, 8.82110595703125, 6.630141735076904, 15.362741470336914, 4.264217376708984, 13.860424041748047, 7.104858875274658, 19.873638153076172, 7.597165584564209, 12.412738800048828, 7.741328716278076, 8.503414154052734, 15.877493858337402, 7.945464134216309, 19.343849182128906, 10.554045677185059, 13.797237396240234, 7.747391700744629, 7.059515476226807, 12.935589790344238, 8.842694282531738, 10.259976387023926, 14.163325309753418, 7.499266147613525, 7.990617275238037, 10.793848037719727, 7.269217014312744, 7.788644790649414, 14.390423774719238, 6.106429100036621, 8.988532066345215, 14.98456859588623, 8.082494735717773, 5.764441013336182, 8.820116996765137, 7.659867286682129, 7.339843273162842, 13.294280052185059, 12.667933464050293, 14.299783706665039, 7.124977111816406, 10.258651733398438, 8.332256317138672, 4.940922737121582, 15.720953941345215, 7.02592658996582, 10.475893020629883, 5.702125549316406, 14.551429748535156, 14.370867729187012, 18.633543014526367, 16.221284866333008, 7.762153625488281, 8.46204662322998, 10.250590324401855, 16.91745948791504, 12.23078727722168, 6.538502216339111, 5.272101879119873, 12.414417266845703, 6.214765548706055, 8.571566581726074, 8.208372116088867, 14.323484420776367, 6.914926052093506, 6.520872592926025, 6.099669456481934, 12.535224914550781, 7.433579921722412, 11.36146068572998, 15.02432632446289, 9.655179977416992, 14.364767074584961, 12.224235534667969, 9.614649772644043, 6.331061363220215, 11.790081024169922, 7.939523220062256, 8.511079788208008, 9.783783912658691, 8.649850845336914, 8.28889274597168, 5.664863109588623, 8.722997665405273, 11.63622760772705, 6.3913798332214355, 7.916959285736084, 9.70544147491455, 15.30654525756836, 8.116888046264648, 7.673774719238281, 4.293404579162598, 7.089762210845947, 5.668083190917969, 8.343178749084473, 6.783973693847656, 9.939800262451172, 14.440583229064941, 7.6185102462768555, 8.794644355773926, 7.469364643096924, 6.596465587615967, 6.695356845855713, 10.607001304626465, 6.344569683074951, 6.61261510848999, 7.8304595947265625, 15.149030685424805, 9.53173542022705, 18.59807777404785, 8.74844741821289, 11.142433166503906, 7.592874526977539, 7.559238433837891, 11.323445320129395, 14.945075988769531, 5.599349021911621, 7.089332580566406, 15.061919212341309, 14.082072257995605, 7.423929691314697, 7.457018852233887, 8.159392356872559, 6.621436595916748, 6.504467010498047, 9.693631172180176, 11.096433639526367, 8.44066047668457, 8.349871635437012, 12.467660903930664, 9.331625938415527, 7.913910865783691, 6.51165771484375, 13.801473617553711, 10.032923698425293, 9.093746185302734, 7.518197059631348, 6.0926642417907715, 3.642632246017456, 5.7116217613220215, 6.713775634765625, 7.8675217628479, 12.668567657470703, 5.549754619598389, 13.765162467956543, 9.821184158325195, 10.206071853637695, 7.3995561599731445, 9.870532035827637, 6.2166972160339355, 6.321694850921631, 13.988520622253418, 17.10999870300293, 9.324101448059082, 15.3735933303833, 10.194357872009277, 7.24652624130249, 5.917351245880127, 13.861654281616211, 6.295986652374268, 7.512304782867432, 12.13348388671875, 13.897623062133789, 8.156119346618652, 7.295286178588867, 6.984431743621826, 7.642222881317139, 7.78739595413208, 8.149681091308594, 7.285642147064209, 7.137960910797119, 11.065969467163086, 10.694378852844238, 7.785573482513428, 8.155009269714355, 7.573248386383057, 5.712396144866943, 17.670392990112305, 5.617126941680908, 6.699838638305664, 7.5398736000061035, 14.05073356628418, 10.163244247436523, 9.959465026855469, 11.888925552368164, 5.772988796234131, 8.486053466796875, 6.10977029800415, 6.464735984802246, 7.395645618438721, 6.978670597076416, 7.667172431945801, 7.131955623626709, 7.4724650382995605, 8.627795219421387, 6.7645440101623535, 6.075229167938232, 7.595370292663574, 7.597991466522217, 7.462104797363281, 8.419049263000488, 7.638500690460205, 6.9461989402771, 8.13191032409668, 8.236540794372559, 6.42593240737915, 7.114133834838867, 5.359038829803467, 10.322863578796387, 8.002806663513184, 5.987369537353516, 7.944126605987549, 11.295936584472656, 6.360243797302246, 6.357307434082031, 8.078240394592285, 5.324104309082031, 6.446753978729248, 6.302778244018555, 7.967440128326416, 8.4450044631958, 8.625039100646973, 6.2357330322265625, 12.94090461730957, 6.066227912902832, 10.602237701416016, 5.362356662750244, 6.500461101531982, 7.848807334899902, 7.056735992431641, 6.770344257354736, 19.453224182128906, 14.041045188903809, 13.223512649536133, 7.594266414642334, 7.175990104675293, 7.598453044891357, 8.244439125061035, 6.239883899688721, 7.492068767547607, 9.734780311584473, 7.928669452667236, 16.623775482177734, 7.114595413208008, 7.366098880767822, 7.559572696685791, 6.4825568199157715, 5.737986087799072, 16.977840423583984, 14.950166702270508, 7.049037933349609, 6.146281719207764, 7.858521461486816, 8.615662574768066, 19.099363327026367, 7.079400062561035, 8.769567489624023, 5.95150899887085, 6.1301374435424805, 7.298612594604492, 14.642234802246094, 7.883647441864014, 12.598637580871582, 18.191232681274414, 11.45879077911377, 5.812813758850098, 7.471075057983398, 18.73218536376953, 7.608945846557617, 10.8072509765625, 5.774196147918701, 6.990772247314453, 6.3109331130981445, 5.882161617279053, 7.129363536834717, 7.50997257232666, 8.11696720123291, 8.717561721801758, 8.472259521484375, 4.716325759887695, 8.240161895751953, 6.024548530578613, 7.094941139221191, 6.596876621246338, 7.014134407043457, 8.312668800354004, 6.246417045593262, 5.977168083190918, 8.358898162841797, 10.867715835571289, 15.679354667663574, 8.316978454589844, 7.737325668334961, 10.58955192565918, 4.887637138366699, 6.559457778930664, 5.130622863769531, 12.587912559509277, 6.446640968322754, 7.043344020843506, 7.755620956420898, 7.681216239929199, 9.898051261901855, 11.585535049438477, 7.636823654174805, 5.3012919425964355, 8.540674209594727, 7.231335163116455, 9.490812301635742, 6.671394348144531, 16.014385223388672, 13.460521697998047, 8.002826690673828, 19.823667526245117, 7.14876651763916, 7.606945991516113, 6.109958648681641, 6.518601894378662, 5.23532772064209, 6.212532997131348, 15.03164291381836, 9.937775611877441, 8.97876262664795, 7.529087066650391, 6.8942060470581055, 6.250001430511475, 5.96994161605835, 10.86600399017334, 6.833028793334961, 6.941411018371582, 8.646886825561523, 5.457995414733887, 8.487871170043945, 7.011892795562744, 8.30302619934082, 8.261038780212402, 8.031970977783203, 11.224199295043945, 9.086907386779785, 6.845048427581787, 7.681662559509277, 10.953136444091797, 8.882628440856934, 7.596985340118408, 7.742731094360352, 6.241575241088867, 7.224823474884033, 8.149041175842285, 5.695255756378174, 8.6704740524292, 4.723506927490234, 7.672721862792969, 8.211101531982422, 6.215904235839844, 6.5939621925354, 5.656766891479492, 4.736799716949463, 13.332230567932129, 7.429230690002441, 5.824028491973877, 8.236572265625, 16.374126434326172, 7.413900852203369, 6.085825443267822, 7.570919036865234, 5.3193864822387695, 7.331977367401123, 5.402319431304932, 5.587909698486328, 8.31233024597168, 7.345428943634033, 11.508511543273926, 14.76323413848877, 5.6438374519348145, 11.77425765991211, 9.667737007141113, 8.00949478149414, 8.17333698272705, 7.203949451446533, 7.762032985687256, 8.13241195678711, 7.291391849517822, 9.657209396362305, 8.238765716552734, 7.059688091278076, 6.236878395080566, 6.0211591720581055, 11.418317794799805, 6.201940059661865, 6.8409271240234375, 7.199662208557129, 11.58503246307373, 7.04139518737793, 5.931431770324707, 9.081864356994629, 20.429716110229492, 4.398399829864502, 4.796752452850342, 15.580862045288086, 6.675015449523926, 11.670703887939453, 11.697346687316895, 14.706146240234375, 6.326728820800781, 13.068503379821777, 6.97883939743042, 5.024031639099121, 8.934013366699219, 8.302438735961914, 14.305233001708984, 5.665404796600342, 8.214129447937012, 6.250482559204102, 7.085127353668213, 10.507527351379395, 9.489718437194824, 7.596692085266113, 8.70323371887207, 7.267439365386963, 10.58142375946045, 8.334465026855469, 7.511744976043701, 7.814637660980225, 8.388838768005371, 15.683575630187988, 7.213951587677002, 8.225114822387695, 6.60785436630249, 3.6346840858459473, 7.113434314727783, 6.072790622711182, 16.100162506103516, 20.414403915405273, 8.325429916381836, 10.356731414794922, 14.737257957458496, 12.586856842041016, 6.545688629150391, 7.895391941070557, 11.023299217224121, 7.271145820617676, 6.955549240112305, 7.948427677154541, 4.183624744415283, 4.880650520324707, 12.211301803588867, 11.336676597595215, 13.788667678833008, 7.717962741851807, 6.658640384674072, 8.197491645812988, 13.63111686706543, 6.396233081817627, 8.275272369384766, 5.895846843719482, 6.698972225189209, 6.5492753982543945, 6.1105055809021, 12.93432903289795, 8.380179405212402, 14.773066520690918, 6.959331035614014, 11.600542068481445, 7.979243278503418, 10.28901195526123, 16.27036476135254, 17.36541175842285, 6.727234840393066, 9.924111366271973, 14.529287338256836, 5.578896522521973, 7.078359127044678, 6.762057304382324, 5.810672760009766, 7.283802032470703, 13.170641899108887, 6.457311153411865, 8.625768661499023, 8.267157554626465, 9.999852180480957, 14.743162155151367, 18.83857536315918, 8.865955352783203, 7.909297466278076, 5.499755859375, 8.111961364746094, 7.6495232582092285, 9.068411827087402, 8.027814865112305, 13.135774612426758, 10.678902626037598, 20.91878318786621, 7.865326881408691, 14.447379112243652, 8.290315628051758, 11.853096961975098, 9.943169593811035, 6.8006591796875, 8.26130485534668, 5.5526909828186035, 7.804635524749756, 7.598480224609375, 12.12033462524414, 5.336450576782227, 8.368450164794922, 9.11556339263916, 7.364912986755371, 12.223115921020508, 7.860411643981934, 8.13818645477295, 8.001995086669922, 6.694896697998047, 8.188505172729492, 7.663712024688721, 5.304079055786133, 7.09309196472168, 13.837825775146484, 6.073925018310547, 12.677519798278809, 6.489684104919434, 7.498875141143799, 17.668365478515625, 6.573296546936035, 8.061636924743652, 6.806781768798828, 7.889405727386475, 9.501718521118164, 7.927355766296387, 5.648044109344482, 7.522855758666992, 6.686483860015869, 7.8021392822265625, 17.44966697692871, 7.608863830566406, 12.08789348602295, 8.564868927001953, 7.2604289054870605, 8.21178913116455, 9.70517349243164, 6.450515270233154, 15.319090843200684, 7.2819061279296875, 13.224688529968262, 8.690215110778809, 6.505598068237305, 6.275455951690674, 8.857799530029297, 12.061264991760254, 5.523448944091797, 10.363715171813965, 17.31648826599121, 6.014420509338379, 6.141746520996094, 8.59950065612793, 6.6715898513793945, 17.950899124145508, 8.267125129699707, 11.857327461242676, 15.913346290588379, 7.533237457275391, 14.010854721069336, 14.926718711853027, 6.364902496337891, 13.150664329528809, 8.277756690979004, 8.010722160339355, 8.494827270507812, 7.9171013832092285, 5.4603376388549805, 7.337838172912598, 16.209627151489258, 14.119542121887207, 3.046264171600342, 12.359063148498535, 7.743075847625732, 10.08155632019043, 6.815182209014893, 5.539431095123291, 4.969329357147217, 8.616080284118652, 6.504440784454346, 6.5529398918151855, 11.163803100585938, 6.465188980102539, 6.686740398406982, 6.804301738739014, 7.932123184204102, 12.340068817138672, 13.09203052520752, 6.656940460205078, 7.23878812789917, 7.588900566101074, 8.061680793762207, 8.237358093261719, 6.206019878387451, 12.895265579223633, 7.51285982131958, 19.84093475341797, 5.907269477844238, 16.050600051879883, 7.540011405944824, 6.584460258483887, 7.437415599822998, 5.412089824676514, 8.27888298034668, 6.216339588165283, 11.981830596923828, 10.905150413513184, 14.130169868469238, 15.310272216796875, 8.358835220336914, 7.8653130531311035, 8.36573600769043, 7.426720142364502, 7.961700916290283, 11.610420227050781, 4.6771087646484375, 6.771228790283203, 7.357563495635986, 12.61949348449707, 7.899362087249756, 15.13768196105957, 6.264881134033203, 6.948225498199463, 14.004961967468262, 11.607186317443848, 13.150915145874023, 9.236807823181152, 15.99090576171875, 8.683466911315918, 13.678340911865234, 5.710327625274658, 5.9331560134887695, 7.955868244171143, 6.244202613830566, 7.016520977020264, 8.339275360107422, 6.332791805267334, 7.024708271026611, 5.919741153717041, 15.882074356079102, 6.688040256500244, 7.79224967956543, 8.992043495178223, 7.712082386016846, 14.974052429199219, 8.458452224731445, 14.298930168151855, 7.423163414001465, 6.282786846160889, 7.565187454223633, 13.332504272460938, 5.210837364196777, 7.02023458480835, 10.963665962219238, 7.949980735778809, 5.288330078125, 7.643012046813965, 8.259635925292969, 6.796922206878662, 4.745657920837402, 7.024819850921631, 9.035033226013184, 10.41541862487793, 8.735040664672852, 13.191840171813965, 6.126176357269287, 6.547536373138428, 4.936000347137451, 11.570283889770508, 7.105613708496094, 11.375381469726562, 6.5877861976623535, 9.466048240661621, 7.561047554016113, 8.701639175415039, 3.9559950828552246, 8.563210487365723, 13.627997398376465, 7.155605316162109, 7.145219802856445, 6.342921257019043, 7.745676040649414, 15.078838348388672, 5.65955924987793, 13.08720588684082, 7.131616115570068, 8.580437660217285, 8.228524208068848, 9.236726760864258, 6.802696704864502, 16.460168838500977, 7.587563991546631, 4.970266342163086, 9.137269020080566, 6.625937461853027, 15.803786277770996, 7.436559677124023, 7.18648624420166, 6.769972324371338, 7.1541547775268555, 7.761707782745361, 11.97579574584961, 6.791487693786621, 8.1561918258667, 11.496867179870605, 5.808699131011963, 7.7494378089904785, 6.140235424041748, 7.773679733276367, 6.2049784660339355, 6.5130085945129395, 7.8274688720703125, 6.496420860290527, 5.370283603668213, 6.752882957458496, 7.213296413421631, 11.477688789367676, 9.854103088378906, 6.156394958496094, 14.32420825958252, 10.934820175170898, 6.136664390563965, 7.676544189453125, 8.756647109985352, 7.604776859283447, 5.574295997619629, 6.904078960418701, 6.718550682067871, 8.84653091430664, 7.3524017333984375, 6.949113368988037, 7.030900955200195, 7.588663101196289, 5.888726711273193, 7.312630653381348, 7.308220863342285, 7.379238605499268, 6.7597808837890625, 8.874029159545898, 10.186494827270508, 8.828929901123047, 7.787921905517578, 13.091911315917969, 7.818805694580078, 18.472766876220703, 6.08650016784668, 7.149477958679199, 6.311840534210205, 7.6045708656311035, 8.974284172058105, 5.882289886474609, 7.751102924346924, 5.605943202972412, 7.011542320251465, 8.654136657714844, 7.066437721252441, 10.813521385192871, 7.900615215301514, 7.394844055175781, 4.868649005889893, 8.633699417114258, 18.176090240478516, 15.358806610107422, 10.95326042175293, 5.791207313537598, 13.242936134338379, 14.664369583129883, 20.309001922607422, 5.6940016746521, 5.5957350730896, 7.916494369506836, 5.88508939743042, 5.641666412353516, 5.87855339050293, 6.396310329437256, 6.414505481719971, 20.151323318481445, 8.484599113464355, 7.111054420471191, 7.88498592376709, 6.538013458251953, 6.6128926277160645, 6.135580062866211, 7.649435997009277, 19.925783157348633, 5.52020788192749, 6.2868170738220215, 7.3434367179870605, 6.8725905418396, 6.808996677398682, 8.70344352722168, 7.944939136505127, 8.444791793823242, 8.35782241821289, 9.731429100036621, 8.209359169006348, 6.823448181152344, 8.647421836853027, 7.059891223907471, 4.967886447906494, 18.504962921142578, 6.246803283691406, 6.672139644622803, 7.278553009033203, 5.8314528465271, 6.695464134216309, 6.659487724304199, 8.490833282470703, 16.62338638305664, 6.764293193817139, 7.764392852783203, 7.55734395980835, 9.044394493103027, 6.576493740081787, 8.299603462219238, 8.634354591369629, 7.808693885803223, 11.457314491271973, 7.365022659301758, 5.4176249504089355, 7.456988334655762, 5.445435047149658, 9.449588775634766, 8.55998420715332, 6.877227306365967, 7.332799434661865, 8.39745044708252, 6.47603702545166, 11.851407051086426, 15.343010902404785, 5.361979961395264, 18.692293167114258, 8.474732398986816, 6.192172050476074, 8.310935974121094, 6.677578926086426, 13.675554275512695, 6.570960521697998, 12.951224327087402, 7.695767402648926, 6.818061828613281, 8.787348747253418, 7.244340896606445, 20.10291290283203, 5.204077243804932, 13.6710844039917, 7.9172186851501465, 8.141095161437988, 7.525949478149414, 8.82650089263916, 7.863295555114746, 7.207485198974609, 7.107320308685303, 7.014178276062012, 7.1782331466674805, 5.828280925750732, 6.376975059509277, 6.326443672180176, 18.093441009521484, 17.074403762817383, 19.229389190673828, 6.498258590698242, 6.97110652923584, 7.267105579376221, 14.212379455566406, 5.699881553649902, 9.580798149108887, 5.825369358062744, 5.8378214836120605, 6.105294227600098, 6.7288055419921875, 9.007159233093262, 5.794981479644775, 6.8692426681518555, 5.09906005859375, 6.835738182067871, 21.295568466186523, 4.353064060211182, 8.23843002319336, 5.7886576652526855, 7.038511276245117, 8.434460639953613, 6.747527122497559, 8.123465538024902, 4.986963748931885, 7.587562561035156, 5.444218635559082, 6.7815046310424805, 7.434380531311035, 7.163949966430664, 8.249423027038574, 18.914899826049805, 7.9658732414245605, 6.8956475257873535, 11.17799186706543, 17.63642692565918, 12.355859756469727, 8.080376625061035, 9.539835929870605, 5.82715368270874, 5.8957953453063965, 8.408531188964844, 7.494315147399902, 7.005194664001465, 7.547921657562256, 5.202996730804443, 4.1943535804748535, 6.3980183601379395, 6.348225116729736, 6.502923965454102, 5.642286777496338, 7.408227443695068, 6.560456275939941, 5.645957946777344, 7.836607933044434, 11.064167976379395, 10.153054237365723, 7.367033004760742, 8.11095142364502, 8.357714653015137, 8.682737350463867, 7.1778340339660645, 7.4342827796936035, 6.067093849182129, 11.815914154052734, 8.365095138549805, 7.1030168533325195, 7.71659517288208, 4.777884483337402, 19.88469886779785, 14.553486824035645, 7.73716926574707, 14.109869003295898, 16.52553367614746, 18.238018035888672, 8.069494247436523, 6.429279804229736, 12.937660217285156, 15.69447135925293, 7.7201972007751465, 14.150367736816406, 3.618068218231201, 17.76575469970703, 7.6857194900512695, 7.912961483001709, 7.67236852645874, 14.293798446655273, 7.376034259796143, 8.039621353149414, 7.241036891937256, 6.14961051940918, 6.245718955993652, 6.901130199432373, 7.134361267089844, 7.446681499481201, 8.229205131530762, 6.470738410949707, 9.678688049316406, 8.166620254516602, 7.109226703643799, 14.01613998413086, 6.415851593017578, 7.8898701667785645, 7.591598033905029, 19.06324577331543, 7.793704032897949, 16.97719383239746, 8.142683029174805, 6.947427749633789, 7.814527988433838, 6.419410705566406, 7.733689308166504, 7.900134086608887, 8.18802261352539, 5.8292236328125, 14.91934871673584, 16.354385375976562, 7.416628837585449, 5.4028706550598145, 7.033201694488525, 7.820375442504883, 18.232542037963867, 7.550250053405762, 6.0105180740356445, 17.028478622436523, 6.232874393463135, 14.291200637817383, 5.934579372406006, 15.301740646362305, 5.365951061248779, 7.786752700805664, 7.458424091339111, 6.910346031188965, 6.860538959503174, 15.791327476501465, 6.06007194519043, 19.82996940612793, 7.20520544052124, 7.816180229187012, 5.64340877532959, 16.12242317199707, 12.867785453796387, 8.246453285217285, 7.278043270111084, 7.119871616363525, 7.4449262619018555, 11.53706169128418, 5.667608737945557, 8.248305320739746, 7.415592193603516, 6.107773303985596, 13.54250717163086, 7.848543167114258, 8.920271873474121, 6.011875629425049, 6.353325843811035, 8.11943244934082, 12.733518600463867, 6.615711688995361, 6.749236583709717, 8.096562385559082, 8.297343254089355, 6.744433879852295, 6.815120697021484, 5.581160068511963, 8.13612174987793, 7.506186485290527, 18.3085994720459, 8.954268455505371, 6.922508716583252, 8.646687507629395, 10.42601490020752, 8.30479621887207, 7.31791877746582, 12.209351539611816, 6.54104471206665, 13.580500602722168, 16.560850143432617, 6.478780746459961, 13.867630958557129, 7.9448041915893555, 12.683597564697266, 7.200045108795166, 7.752352237701416, 7.134424686431885, 8.7224702835083, 3.441077470779419, 7.929047584533691, 7.2136993408203125, 5.95377779006958, 7.924070835113525, 14.021815299987793, 7.936914443969727, 7.547183036804199, 7.486828327178955, 10.592552185058594, 5.994166851043701, 22.32731056213379, 6.354739665985107, 6.503857135772705, 6.81574821472168, 17.256498336791992, 7.321595191955566, 13.873918533325195, 5.0503411293029785, 14.81894302368164, 14.701691627502441, 14.53775405883789, 6.555840492248535, 7.396782398223877, 5.960007667541504, 16.13614845275879, 7.488212585449219, 6.233008861541748, 6.886551380157471, 13.721168518066406, 8.210798263549805, 7.02527379989624, 7.866778373718262, 6.605707168579102, 18.815534591674805, 15.553872108459473, 8.035981178283691, 9.097623825073242, 15.569058418273926, 15.219679832458496, 6.851292610168457, 11.800700187683105, 6.22826623916626, 8.199387550354004, 16.658872604370117, 6.703056335449219, 4.490170001983643, 14.433021545410156, 6.926672458648682, 6.150882244110107, 5.642703056335449, 7.1649956703186035, 5.832067966461182, 4.265574932098389, 14.73565673828125, 6.697326183319092, 8.068138122558594, 8.163686752319336, 14.16499137878418, 15.749921798706055, 6.12365198135376, 15.10628890991211, 20.449243545532227, 8.850992202758789, 6.828385829925537, 8.940559387207031, 8.063894271850586, 7.489026069641113, 6.317628860473633, 6.825202941894531, 7.120077610015869, 6.697086334228516, 8.405783653259277, 3.9397923946380615, 8.544713973999023, 14.28457260131836, 17.147390365600586, 4.50213623046875, 8.515216827392578, 6.723789215087891, 6.4407758712768555, 6.656951427459717, 6.510941505432129, 6.794330596923828, 5.6526079177856445, 15.642632484436035, 7.910066604614258, 5.60481595993042, 5.8034563064575195, 11.246999740600586, 6.751770973205566, 6.876035213470459, 8.244985580444336, 7.206532001495361, 2.916205883026123, 7.809006690979004, 17.92852783203125, 7.6237616539001465, 8.33523178100586, 13.989123344421387, 7.57406759262085, 5.156678199768066, 6.951077461242676, 13.363251686096191, 15.588860511779785, 14.87363338470459, 6.703512191772461, 7.4409990310668945, 6.238682746887207, 6.0488457679748535, 15.751815795898438, 4.774322509765625, 7.014895439147949, 6.135580539703369, 8.027094841003418, 6.749414443969727, 7.697450160980225, 15.44575309753418, 7.39918851852417, 7.901078224182129, 6.768914222717285, 5.349064350128174, 7.90211820602417, 7.501462459564209, 7.430277347564697, 12.607592582702637, 6.61919641494751, 6.420934677124023, 4.919677257537842, 6.661706447601318, 14.740779876708984, 8.359509468078613, 7.842794895172119, 7.885573387145996, 18.596450805664062, 19.2042293548584, 11.688098907470703, 7.5227437019348145, 14.497848510742188, 6.886833190917969, 14.276979446411133, 6.716152667999268, 15.472532272338867, 6.604359149932861, 19.70417022705078, 7.683830261230469, 7.141869068145752, 6.449652671813965, 9.473466873168945, 16.430448532104492, 12.846834182739258, 7.508782863616943, 7.317922115325928, 8.366116523742676, 6.006375312805176, 7.259087085723877, 6.041347980499268, 8.146889686584473, 13.499259948730469, 6.3630523681640625, 6.994358062744141, 8.66616439819336, 7.269705295562744, 6.900163173675537, 16.19521141052246, 5.525468826293945, 15.462520599365234, 7.205761432647705, 7.174560070037842, 5.917849063873291, 10.89630126953125, 7.838801383972168, 8.380951881408691, 11.025196075439453, 12.128788948059082, 13.804271697998047, 5.804382801055908, 6.878262519836426, 7.243483543395996, 6.697623252868652, 7.9868950843811035, 6.161026477813721, 6.688013553619385, 6.727633476257324, 18.543212890625, 15.767186164855957, 14.136491775512695, 9.783960342407227, 8.108147621154785, 6.768778324127197, 18.791595458984375, 5.651792526245117, 6.655013561248779, 9.950325965881348, 7.829935073852539, 6.84401798248291, 6.226132869720459, 7.319133281707764, 6.817261219024658, 13.835946083068848, 9.591524124145508, 7.133487224578857, 10.019378662109375, 7.200870037078857, 6.89369535446167, 6.993796348571777, 14.004681587219238, 7.910129070281982, 7.255948066711426, 8.105300903320312, 7.119985103607178, 7.304496765136719, 6.766054630279541, 7.76197624206543, 7.113969326019287, 12.808965682983398, 9.026808738708496, 14.367606163024902, 10.420083045959473, 8.560073852539062, 19.008472442626953, 10.979159355163574, 7.612642288208008, 7.193326950073242, 6.609257698059082, 15.055644989013672, 7.883979797363281, 12.246818542480469, 8.981998443603516, 7.047917366027832, 17.50250816345215, 8.968622207641602, 19.88860511779785, 19.86729621887207, 10.693938255310059, 8.971135139465332, 7.7657999992370605, 8.254788398742676, 12.833943367004395, 8.554572105407715, 17.964069366455078, 12.62183952331543, 6.280195236206055, 11.943047523498535, 11.373761177062988, 12.432452201843262, 8.702169418334961, 8.527941703796387, 6.080965995788574, 6.98749303817749, 9.948860168457031, 7.922873497009277, 13.257534980773926, 11.497550010681152, 7.312880516052246, 5.693037033081055, 7.40061616897583, 7.140375137329102, 6.544405937194824, 13.71379280090332, 19.680580139160156, 9.463133811950684, 11.517683029174805, 10.574936866760254, 7.530484676361084, 7.66456413269043, 13.260087966918945, 6.646525859832764, 19.075428009033203, 5.064854621887207, 7.1913323402404785, 8.502135276794434, 6.565374851226807, 12.510737419128418, 8.602760314941406, 12.940475463867188, 13.885002136230469, 6.116608619689941, 5.95181941986084, 7.8173346519470215, 6.792125701904297, 7.912794589996338, 5.7231550216674805, 6.161398410797119, 15.554049491882324, 7.20282506942749, 20.112607955932617, 7.229367733001709, 7.7433319091796875, 6.4573187828063965, 11.426070213317871, 7.172976970672607, 7.176064968109131, 5.34670877456665, 6.2652997970581055, 11.497591972351074, 8.159817695617676, 19.67323875427246, 8.580449104309082, 7.911942005157471, 5.886163234710693, 6.909515380859375, 20.52381706237793, 6.900430679321289, 4.575216770172119, 14.817553520202637, 13.462209701538086, 8.032238960266113, 7.2788848876953125, 12.526596069335938, 10.26159954071045, 18.161741256713867, 6.2473464012146, 6.274500846862793, 18.34088706970215, 11.20828914642334, 9.043211936950684, 12.541044235229492, 13.374129295349121, 15.121135711669922, 7.0097832679748535, 11.221449851989746, 7.74602746963501, 14.640517234802246, 9.013952255249023, 15.616316795349121, 13.710428237915039, 5.381495475769043, 14.986483573913574, 5.798913955688477, 6.120830535888672, 6.293862342834473, 6.986714839935303, 16.040956497192383, 14.227255821228027, 10.608511924743652, 8.26233959197998, 6.609633922576904, 8.357007026672363, 17.74700927734375, 8.983219146728516, 11.511673927307129, 13.17192268371582, 10.148200035095215, 7.175183296203613, 8.854352951049805, 13.167791366577148, 7.86025857925415, 15.54806900024414, 7.321964263916016, 15.24984359741211, 10.893033981323242, 10.702754020690918, 11.638839721679688, 7.6531453132629395, 17.850961685180664, 12.882753372192383, 7.4697041511535645, 15.814990997314453, 14.718008041381836, 6.4715704917907715, 8.637541770935059, 13.454623222351074, 8.346596717834473, 6.118913173675537, 14.614863395690918, 17.69759750366211, 14.424063682556152, 6.787274360656738, 7.502535343170166, 7.010421276092529, 10.415143966674805, 5.9381585121154785, 13.599197387695312, 8.332109451293945, 17.72441291809082, 12.488903999328613, 6.583198547363281, 6.675314903259277, 19.74079704284668, 9.662070274353027, 15.051385879516602, 14.869834899902344, 13.423959732055664, 13.246143341064453, 18.048343658447266, 12.697098731994629, 8.790628433227539, 19.025707244873047, 13.966195106506348, 14.335233688354492, 12.003870964050293, 13.831114768981934, 6.808557510375977, 13.605684280395508, 14.3626127243042, 16.984102249145508, 14.17793083190918, 10.24761962890625, 13.236019134521484, 12.559286117553711, 11.224197387695312, 10.314437866210938, 7.195014953613281, 16.892045974731445, 8.039076805114746, 8.706805229187012, 7.272805213928223, 15.488208770751953]
Cosines similarity random samples
[0.7409802675247192, 0.7485758066177368, 0.7618190050125122, 0.8148530721664429, 0.20814219117164612, 0.15368646383285522, 0.7838813066482544, 0.7400727272033691, 0.07447964698076248, 0.6694105863571167, 0.7647072672843933, 0.8003619909286499, 0.840552568435669, 0.7898779511451721, 0.818413257598877, 0.5739622116088867, 0.7628489136695862, 0.7937044501304626, 0.7874606847763062, 0.6567041277885437, 0.3569467067718506, 0.7398173809051514, 0.8858770132064819, 0.8117411136627197, 0.7522591352462769, 0.7425417900085449, 0.7729711532592773, 0.7553235292434692, 0.7497746348381042, 0.6124674677848816, 0.8270349502563477, 0.7400447130203247, 0.8061083555221558, 0.7598850727081299, 0.8647522926330566, 0.21407200396060944, 0.7716776132583618, 0.8921027779579163, 0.7682633399963379, 0.8138673901557922, 0.8233471512794495, 0.7660870552062988, 0.8874711990356445, 0.8527867197990417, -0.1506139636039734, 0.6904516220092773, 0.8761793375015259, 0.8515317440032959, 0.5618271231651306, 0.8845452070236206, 0.7102521657943726, 0.6695220470428467, 0.8428637981414795, 0.8374313116073608, 0.7736873626708984, 0.7392616271972656, 0.6723097562789917, 0.7702083587646484, 0.747158944606781, 0.7930411100387573, 0.8036366701126099, 0.8062317967414856, 0.15192648768424988, 0.6023038625717163, 0.5239281058311462, 0.9061015248298645, 0.9025354981422424, 0.6182120442390442, 0.8922098875045776, -0.31697046756744385, 0.2530120611190796, 0.7262123227119446, 0.7897199392318726, -0.14070618152618408, 0.8912413120269775, 0.781590461730957, 0.6714975237846375, 0.8745657205581665, 0.6560863256454468, 0.6228846311569214, 0.8650578260421753, 0.8111984729766846, 0.6987773180007935, 0.7046030759811401, 0.6352529525756836, 0.45868760347366333, 0.7297844886779785, 0.5369254350662231, 0.754920244216919, 0.775553286075592, 0.778883695602417, 0.8266006708145142, 0.8510719537734985, 0.9211403727531433, 0.7558475732803345, 0.8261922597885132, 0.6929972171783447, 0.650344729423523, 0.7875363826751709, 0.8531345129013062, 0.6961605548858643, 0.774456262588501, 0.1305149495601654, 0.784689724445343, 0.45643582940101624, 0.8230822086334229, 0.7654143571853638, 0.7785677909851074, 0.74542236328125, 0.20840290188789368, 0.7490307688713074, 0.8475214242935181, 0.8470484018325806, 0.7597014904022217, 0.6583461761474609, 0.6692250370979309, 0.6079171895980835, 0.8592919111251831, 0.46649184823036194, 0.40572822093963623, 0.43009915947914124, 0.7572412490844727, 0.8230594396591187, 0.1825791895389557, 0.7294907569885254, 0.4890778660774231, 0.7577058672904968, 0.22764292359352112, 0.6367934942245483, -0.08731628209352493, 0.7594454288482666, 0.6959934830665588, 0.7265889048576355, 0.7871490716934204, -0.5369027256965637, 0.767800509929657, 0.8464320302009583, 0.7172618508338928, 0.7538028955459595, 0.7507210373878479, -0.7851037383079529, 0.6949405074119568, 0.9056691527366638, 0.858729898929596, 0.831025242805481, 0.63419109582901, 0.8605402112007141, 0.7865424156188965, 0.7254894375801086, 0.7914434671401978, 0.8929795026779175, 0.7884225845336914, 0.5429219007492065, 0.3127957582473755, 0.8160692453384399, 0.8272805213928223, 0.7543982863426208, 0.8241774439811707, -0.7861660718917847, -0.8063523769378662, 0.8150432109832764, 0.6297295689582825, 0.3556405305862427, 0.06958574056625366, 0.8815606236457825, 0.5970412492752075, 0.7026113271713257, 0.13322165608406067, 0.3264809250831604, 0.7598026394844055, 0.8735897541046143, 0.7223449349403381, 0.7159559726715088, -0.696749210357666, 0.723846435546875, -0.6324160099029541, 0.8257264494895935, 0.7522770166397095, 0.7168713212013245, 0.7450424432754517, -0.07598331570625305, 0.8023840188980103, 0.6799776554107666, 0.939846396446228, 0.8022550940513611, 0.14261175692081451, 0.2625194787979126, 0.43488046526908875, 0.18612828850746155, 0.5366398096084595, 0.8550609350204468, 0.6582867503166199, 0.2564573884010315, 0.2614651322364807, 0.530908465385437, 0.701598048210144, 0.7401573657989502, 0.785304605960846, 0.7776587605476379, 0.7099252939224243, 0.7563886642456055, 0.7409300804138184, 0.7274202108383179, 0.6408690214157104, 0.3789740204811096, 0.7305920124053955, 0.6895294785499573, 0.84375, 0.7607786655426025, 0.7147527933120728, 0.43574774265289307, 0.08956708759069443, 0.8546379804611206, 0.6502512097358704, 0.8364288210868835, 0.7402373552322388, 0.8183146715164185, 0.15813252329826355, 0.8190600275993347, 0.7635207176208496, 0.23233485221862793, 0.09949720650911331, 0.7843417525291443, 0.11726470291614532, -0.3012532591819763, 0.7338823080062866, 0.9007153511047363, -0.06755763292312622, 0.8295448422431946, 0.738484263420105, 0.9141407012939453, 0.8933991193771362, 0.7946703433990479, 0.17684254050254822, 0.738176167011261, 0.7791523933410645, 0.49860769510269165, 0.19848492741584778, 0.7877733707427979, 0.7008239030838013, 0.8001247644424438, -0.13956458866596222, 0.6832298636436462, 0.7658926248550415, 0.746501088142395, -0.2958819270133972, 0.8656067848205566, 0.6904268264770508, 0.6507734656333923, 0.843360185623169, 0.16880175471305847, 0.0997365266084671, 0.8577085137367249, 0.7000137567520142, 0.36256420612335205, 0.7156964540481567, 0.8152101635932922, 0.7132649421691895, -0.05218973755836487, 0.8337079286575317, 0.7178970575332642, 0.723319411277771, 0.7917211055755615, 0.53609699010849, 0.20044291019439697, 0.7434222102165222, 0.7292851209640503, 0.743965744972229, -0.033936865627765656, 0.8895779848098755, 0.7671934962272644, -0.5251051187515259, 0.8563104867935181, 0.6305290460586548, 0.7011640071868896, 0.7704804539680481, 0.6704581379890442, 0.10844679176807404, 0.7407392263412476, 0.3804283142089844, 0.7728509902954102, 0.8900409936904907, 0.8151075839996338, 0.6776008605957031, 0.8777462840080261, 0.7599539160728455, 0.7006118297576904, 0.7073063254356384, 0.8435301184654236, 0.8840506076812744, 0.15590527653694153, 0.7989693880081177, 0.37419837713241577, 0.820865273475647, 0.7348524332046509, 0.2363203912973404, 0.7259725332260132, 0.7373822927474976, 0.8156121373176575, 0.7161656618118286, 0.2736993432044983, 0.8373725414276123, 0.8066534399986267, 0.6711289286613464, 0.10644425451755524, 0.7615649104118347, 0.22728531062602997, -0.588577151298523, 0.7423092126846313, -0.682614803314209, 0.8870465755462646, 0.7485820055007935, -0.6190998554229736, 0.8819633722305298, -0.6733857989311218, 0.7534873485565186, 0.7919425368309021, 0.708776593208313, 0.7168385982513428, 0.8414028882980347, -0.5712151527404785, 0.7900835275650024, 0.735073983669281, 0.7150366306304932, 0.7464268207550049, 0.8299447298049927, 0.42959728837013245, 0.682820200920105, 0.16293585300445557, 0.7356122732162476, 0.8779354691505432, -0.6508511900901794, -0.03131922334432602, 0.7882122993469238, 0.6340322494506836, 0.6373610496520996, 0.7484756708145142, 0.7457234859466553, 0.8307865858078003, 0.8511523008346558, 0.09533271193504333, 0.7929509878158569, 0.16895437240600586, 0.7926768064498901, 0.23770219087600708, 0.7006912231445312, 0.8881648778915405, 0.6762539148330688, 0.7524139881134033, 0.4410400688648224, -0.04884994029998779, 0.7299962043762207, -0.002192884683609009, -0.6106492280960083, 0.7431056499481201, 0.7641515731811523, 0.7370133399963379, 0.7971453666687012, 0.5102490782737732, 0.8265981078147888, 0.764820396900177, 0.13434159755706787, 0.7900664210319519, 0.816094696521759, 0.8500707149505615, 0.749547004699707, 0.727802038192749, 0.6572332382202148, 0.8618097305297852, 0.8450838327407837, 0.7552126049995422, 0.8291006088256836, 0.7034914493560791, 0.7488164305686951, 0.1964285522699356, 0.8520669937133789, 0.8041231632232666, 0.7674450874328613, 0.7460616230964661, 0.13495740294456482, 0.8487058281898499, 0.16009044647216797, 0.87528395652771, 0.3630739152431488, 0.7757296562194824, 0.7589160799980164, 0.8250006437301636, 0.8519202470779419, 0.31180131435394287, 0.8755300641059875, 0.6682273149490356, -0.33753854036331177, 0.7559707164764404, 0.3262038230895996, 0.5839755535125732, 0.8293506503105164, 0.6787812113761902, -0.12164494395256042, 0.724372386932373, -0.5396833419799805, -0.12219235301017761, 0.8287934064865112, 0.7092004418373108, 0.7522543668746948, -0.014751523733139038, 0.6593430042266846, 0.7393792271614075, 0.7843518257141113, 0.6772083640098572, 0.6626861095428467, 0.1422167718410492, -0.14055247604846954, 0.7239423990249634, 0.7484338283538818, 0.7385749816894531, 0.8339846730232239, 0.7271309494972229, 0.3316674530506134, 0.8339813947677612, -0.02035948820412159, 0.527772068977356, 0.27472561597824097, -0.06481897085905075, 0.8201051950454712, 0.2858460545539856, 0.8035712242126465, 0.8434116840362549, -0.2958066463470459, 0.7815836668014526, 0.6714450716972351, 0.6669694781303406, 0.6759535074234009, 0.5140336751937866, 0.8595017194747925, 0.7620487213134766, 0.8026320934295654, 0.46785104274749756, 0.7324279546737671, -0.12735992670059204, 0.9009709358215332, -0.5472572445869446, 0.8831160068511963, 0.5163341760635376, 0.8187695145606995, -0.1838151514530182, 0.8532205820083618, 0.2763911485671997, 0.8969787359237671, 0.7598659992218018, 0.6379513740539551, 0.8053489923477173, 0.5288023948669434, 0.8417870402336121, 0.13233479857444763, -0.020052775740623474, 0.7545652389526367, 0.7077890634536743, 0.8180856704711914, 0.8909882307052612, 0.5759844779968262, 0.5853533744812012, 0.6590210199356079, 0.027426093816757202, 0.6332189440727234, 0.4872128665447235, 0.7962484359741211, 0.8658338785171509, 0.7161951661109924, -0.3044872283935547, 0.7178990244865417, 0.825992226600647, 0.8210142850875854, 0.43935754895210266, 0.0172041654586792, 0.04915948212146759, 0.8202563524246216, 0.8164048194885254, 0.1504085659980774, 0.814460039138794, 0.24242380261421204, 0.4622822105884552, 0.49503323435783386, 0.6444011330604553, 0.09079443663358688, 0.7937001585960388, 0.8896793723106384, 0.7691673040390015, 0.6118987798690796, 0.7163271903991699, -0.1289341151714325, -0.4792255163192749, -0.23276598751544952, 0.8594108819961548, -0.2905125021934509, 0.7763156890869141, 0.8206039071083069, 0.17186950147151947, 0.790508508682251, 0.818941056728363, 0.8329119086265564, 0.8388210535049438, -0.5332432985305786, 0.23826894164085388, 0.1801401525735855, 0.6714092493057251, 0.7973517179489136, 0.3259795308113098, 0.6835401058197021, 0.8449949622154236, 0.3421599268913269, 0.8103203773498535, 0.6081846952438354, 0.2642377018928528, 0.361257940530777, 0.11164160817861557, 0.7269405126571655, 0.8043537735939026, 0.8366643190383911, 0.666340708732605, 0.028580740094184875, 0.834640622138977, 0.7827536463737488, 0.7610297799110413, 0.6593601703643799, 0.7586939930915833, 0.3224482834339142, 0.5850417613983154, 0.8431592583656311, 0.7302355766296387, 0.5036290884017944, 0.4400806128978729, 0.6997359991073608, -0.3203830420970917, 0.774075984954834, -0.5176981091499329, 0.3645516037940979, 0.33986103534698486, 0.5237926244735718, 0.8681758642196655, 0.6299945712089539, 0.7338498830795288, 0.3364642858505249, 0.7541640996932983, 0.7590652704238892, 0.6835981011390686, 0.6578749418258667, 0.8172256350517273, 0.02780170366168022, 0.9276621341705322, 0.10518771409988403, 0.7666503190994263, -0.6472834348678589, 0.7275847792625427, 0.2852804958820343, 0.7645628452301025, 0.671485185623169, 0.11738912016153336, 0.7493641376495361, -0.7293479442596436, 0.512173593044281, 0.1503104865550995, 0.7369116544723511, 0.7697082161903381, 0.30956897139549255, 0.6536426544189453, 0.4945516586303711, 0.029198557138442993, 0.754804790019989, 0.7315744161605835, 0.46169283986091614, 0.7639912366867065, 0.7294310331344604, -0.03297821059823036, 0.8408503532409668, 0.6228243112564087, 0.060945235192775726, 0.7140531539916992, 0.8583481311798096, 0.6382033824920654, 0.7506232261657715, 0.7557188868522644, 0.19585388898849487, 0.23960858583450317, 0.06227683275938034, 0.7964413166046143, 0.48450976610183716, 0.7116298079490662, 0.9017215371131897, 0.11724853515625, 0.7973453998565674, 0.5070362687110901, 0.8569454550743103, -0.02644737809896469, 0.17043116688728333, -0.5972031354904175, -0.12145967781543732, 0.7222205400466919, 0.6690164804458618, 0.5717381238937378, 0.1760866791009903, 0.31639400124549866, 0.8197857141494751, 0.8936612606048584, 0.3613783121109009, 0.8362420201301575, 0.6704888343811035, 0.6786780953407288, 0.08327566087245941, 0.7724776864051819, 0.8170421123504639, 0.8291726112365723, 0.241245836019516, 0.7710529565811157, 0.42066287994384766, -0.06585127860307693, 0.6083735823631287, 0.022748608142137527, 0.32277196645736694, 0.6332302689552307, 0.8302473425865173, 0.39194822311401367, 0.7366353869438171, 0.6591719388961792, 0.5785688161849976, 0.6837085485458374, 0.7043191194534302, 0.8646205067634583, 0.6872053146362305, 0.4000951647758484, 0.8234157562255859, 0.7162094116210938, 0.6284839510917664, 0.07217356562614441, 0.7180255055427551, 0.7128576636314392, 0.9246571063995361, 0.7617415189743042, 0.8666512966156006, 0.7075129747390747, 0.8066365718841553, 0.5749586820602417, 0.004220642149448395, 0.7262104749679565, 0.6647028923034668, 0.7630063891410828, 0.8160669803619385, 0.8115668892860413, 0.5153439044952393, 0.8295308947563171, 0.8128076195716858, 0.7025711536407471, -0.07905549556016922, 0.6363882422447205, -0.6872951984405518, 0.6779447197914124, 0.3625411093235016, 0.7470158338546753, 0.7557944655418396, 0.41479921340942383, 0.010181937366724014, 0.8634063005447388, 0.7813328504562378, 0.1390281766653061, 0.21242664754390717, 0.7476129531860352, 0.7596314549446106, 0.7107411623001099, 0.8171191215515137, 0.8205850720405579, 0.6269081830978394, 0.48929572105407715, 0.6684316396713257, 0.7122201323509216, 0.30515095591545105, 0.6604403257369995, 0.7365737557411194, 0.8218963742256165, 0.07935482263565063, 0.6047605276107788, 0.628472089767456, 0.7558606863021851, 0.8439109325408936, 0.9410104155540466, 0.8622347116470337, 0.8022313714027405, 0.7257184386253357, 0.3059236705303192, 0.8626468181610107, 0.2793736457824707, 0.5712298154830933, 0.5759055018424988, 0.7632412314414978, 0.5983846187591553, 0.8365650177001953, 0.8254244327545166, 0.13509836792945862, -0.31153014302253723, 0.6396108865737915, 0.0363474003970623, 0.540041446685791, 0.7790753841400146, 0.8401978611946106, 0.16626228392124176, 0.8299081325531006, 0.7344968318939209, 0.3015240728855133, 0.06408631801605225, 0.6829137802124023, 0.7683273553848267, 0.7668105363845825, 0.7482918500900269, 0.7247478365898132, 0.7005776166915894, 0.7642878293991089, 0.8106238842010498, 0.4310205578804016, 0.5181965827941895, 0.719990611076355, 0.704521894454956, 0.7540127635002136, 0.862204909324646, -0.5216972827911377, 0.8584718704223633, 0.8198362588882446, 0.7395709753036499, 0.04581436514854431, 0.5210141539573669, 0.5396275520324707, 0.23222367465496063, 0.8528861999511719, 0.6757500171661377, 0.8304414749145508, 0.8067358732223511, 0.7793748378753662, 0.8002244234085083, 0.751446008682251, 0.772857666015625, 0.7575842142105103, 0.7041981220245361, 0.7973524928092957, 0.8319212794303894, 0.7454882264137268, 0.7408649921417236, 0.7526557445526123, 0.7106464505195618, 0.7553316354751587, 0.789011538028717, 0.7101331949234009, 0.7074176073074341, 0.8118045330047607, 0.7914920449256897, 0.8854537010192871, 0.5125792622566223, 0.7206473350524902, 0.8471565246582031, 0.7269473075866699, 0.44481009244918823, 0.8238815069198608, 0.8234277963638306, 0.7023248672485352, 0.8728350400924683, 0.8272400498390198, 0.8307994604110718, 0.7004382610321045, 0.6477680802345276, 0.6748416423797607, 0.8284991979598999, 0.2536417245864868, 0.8459409475326538, 0.5174635052680969, 0.8737967014312744, 0.8040043115615845, 0.7299396991729736, 0.7783923149108887, 0.8090587854385376, -0.6503341197967529, -0.07582129538059235, 0.20422883331775665, 0.7475538849830627, 0.7695323824882507, 0.7510944604873657, 0.6948232054710388, 0.8260030746459961, 0.749184250831604, 0.5665416717529297, 0.7310913801193237, -0.16125823557376862, 0.7778282761573792, 0.7462947368621826, 0.7371714115142822, 0.816922664642334, 0.8491906523704529, -0.17453616857528687, -0.000820409506559372, 0.7853713035583496, 0.8363988399505615, 0.7166293859481812, 0.7117758989334106, -0.6464173197746277, 0.7854126691818237, 0.6743512749671936, 0.8551164269447327, 0.8291187286376953, 0.7846603393554688, -0.10177657008171082, 0.6979731321334839, 0.2897524833679199, -0.5879980325698853, 0.401420533657074, 0.8596405982971191, 0.7735646963119507, 0.12845435738563538, 0.7384408712387085, 0.4216972291469574, 0.8485724925994873, 0.7815682888031006, 0.8230000734329224, 0.8470638990402222, 0.7772566080093384, 0.7422616481781006, 0.7212430834770203, 0.6603320240974426, 0.6808446645736694, 0.9072927832603455, 0.6771775484085083, 0.8396831750869751, 0.7690334916114807, 0.8053421974182129, 0.7840834856033325, 0.6948026418685913, 0.8427060842514038, 0.853060781955719, 0.7221404910087585, 0.448494553565979, -0.15389710664749146, 0.6916755437850952, 0.7197393178939819, 0.5198768377304077, 0.9035449624061584, 0.8238935470581055, 0.8873515129089355, 0.34399473667144775, 0.8226289749145508, 0.788729190826416, 0.7064647674560547, 0.7664843797683716, 0.572626531124115, 0.5014589428901672, 0.7274755239486694, 0.872277557849884, 0.6583329439163208, 0.7570365071296692, 0.6005291938781738, 0.8101191520690918, -0.07182949781417847, 0.1564982533454895, 0.7298842668533325, -0.5884998440742493, 0.7906486988067627, 0.7432360649108887, 0.8322619199752808, 0.8125664591789246, 0.8831000328063965, 0.8379713296890259, -0.05978016555309296, 0.5615001320838928, 0.6543983221054077, 0.7349274158477783, 0.7899194955825806, 0.8238695859909058, 0.840836763381958, 0.5494700074195862, 0.7951769232749939, 0.7882446050643921, 0.6747897863388062, 0.8709274530410767, 0.7040070295333862, 0.7949934005737305, 0.7015589475631714, 0.7101065516471863, 0.6936702728271484, 0.537914514541626, 0.6333894729614258, 0.7927507162094116, 0.7460874915122986, 0.5376126170158386, 0.6402298212051392, 0.7217804193496704, 0.7318898439407349, 0.8155310153961182, 0.7865163087844849, 0.7152084112167358, 0.8656350374221802, 0.6782058477401733, 0.8997018933296204, 0.7384960651397705, 0.6978079080581665, 0.8269531726837158, 0.8029307126998901, 0.8558111786842346, 0.9026480317115784, 0.45858830213546753, 0.7442829608917236, 0.8483316898345947, 0.7075315117835999, -0.09249286353588104, 0.7516739368438721, 0.8249537944793701, 0.7280213832855225, 0.8753345012664795, 0.7631502151489258, 0.8685977458953857, 0.8689436912536621, 0.6983348727226257, 0.7760199308395386, 0.3794231116771698, 0.12407295405864716, 0.8584423065185547, 0.3719662129878998, 0.6342185735702515, 0.7253491878509521, 0.709795355796814, 0.7758173942565918, 0.739222526550293, 0.6990958452224731, 0.7569871544837952, 0.5719376802444458, 0.6973742842674255, 0.7751827239990234, 0.8268706798553467, 0.8533702492713928, 0.46300840377807617, 0.8342026472091675, 0.807559609413147, 0.7735734581947327, 0.3219953775405884, 0.7885483503341675, 0.8394289612770081, 0.6593113541603088, -0.6449573636054993, 0.9196189641952515, 0.9030452966690063, 0.05983017757534981, 0.8020206689834595, 0.3893161416053772, 0.3573024868965149, 0.04004162549972534, 0.8243118524551392, 0.18347789347171783, 0.7782837152481079, 0.8855857849121094, 0.6473939418792725, 0.6933387517929077, 0.09529657661914825, 0.859295129776001, 0.6846709251403809, 0.8320673108100891, 0.7730162739753723, 0.5579732656478882, 0.6132397651672363, 0.7164539694786072, 0.640211820602417, 0.7508890628814697, 0.49804985523223877, 0.6960165500640869, 0.7577714323997498, 0.7115305662155151, 0.6989160776138306, 0.0033544301986694336, 0.7800910472869873, 0.7066507339477539, 0.817926287651062, 0.9498310089111328, 0.7737128734588623, 0.8583061099052429, -0.25432276725769043, -0.6381703615188599, 0.6839801073074341, 0.5168353319168091, 0.07079946994781494, 0.22782784700393677, 0.8207505941390991, 0.7523765563964844, 0.43293577432632446, 0.7618234157562256, 0.7726649641990662, 0.7128307819366455, 0.9229832291603088, 0.900504469871521, 0.3648543655872345, 0.45892196893692017, 0.1691521257162094, 0.7312780618667603, 0.8062170147895813, 0.7098218202590942, 0.2494690865278244, 0.8166517019271851, 0.6818358898162842, 0.8446491956710815, 0.8001443147659302, 0.8189516067504883, 0.8418208360671997, 0.20879927277565002, 0.6845662593841553, -0.014759667217731476, 0.8062053918838501, 0.3746395707130432, 0.7105690240859985, 0.5372232794761658, -0.05621476471424103, -0.43023499846458435, 0.8085465431213379, 0.5841845273971558, 0.018370356410741806, 0.8567818403244019, 0.7572299242019653, 0.8029358386993408, 0.8512942790985107, 0.7585350871086121, 0.1868315190076828, 0.8098969459533691, 0.659608006477356, 0.6732047200202942, 0.5475002527236938, -0.05105838179588318, -0.7251104116439819, 0.6371260285377502, 0.7263887524604797, 0.859678328037262, 0.7299442291259766, 0.71331787109375, 0.6298608779907227, 0.6973512172698975, 0.346641480922699, 0.4668252468109131, -0.757078230381012, 0.7375458478927612, -0.03512715548276901, 0.6918376684188843, 0.3068729341030121, 0.5410708785057068, 0.7842770218849182, 0.686874270439148, 0.8606419563293457, 0.7527454495429993, 0.7501366138458252, 0.39326509833335876, 0.868931770324707, 0.6956353783607483, 0.6088614463806152, 0.7711873054504395, 0.3066042959690094, 0.7241559028625488, 0.7149366140365601, 0.7101964950561523, 0.8181660175323486, 0.6788289546966553, 0.7125556468963623, 0.8764314651489258, 0.774173378944397, 0.17901943624019623, 0.8273154497146606, 0.2289375215768814, 0.8313354253768921, 0.739481508731842, -0.5069418549537659, 0.8041777014732361, 0.7184769511222839, 0.7861791253089905, 0.7388290762901306, 0.6043985486030579, 0.7390360832214355, 0.8598110675811768, 0.7404528856277466, 0.8027921915054321, 0.7503724098205566, -0.5041005611419678, 0.741712212562561, 0.28760597109794617, 0.6527935266494751, 0.7819351553916931, 0.6812770366668701, 0.5995421409606934, 0.8163059949874878, 0.3007087707519531, 0.759652853012085, 0.18427325785160065, 0.6738975048065186, 0.8047729730606079, 0.8342824578285217, 0.6675941944122314, 0.3403703570365906, 0.8615712523460388, 0.5452256202697754, -0.4692923426628113, 0.8400190472602844, 0.8370789885520935, 0.6743162274360657, 0.790966808795929, -0.5396829843521118, 0.6933057308197021, 0.3358938992023468, -0.005326803773641586, 0.7390793561935425, 0.140915185213089, 0.02469872124493122, 0.8155951499938965, 0.3373212218284607, 0.6773955225944519, 0.714069664478302, 0.7162454128265381, 0.7291834354400635, 0.8731563687324524, 0.7398285269737244, -0.11283235996961594, 0.14945507049560547, 0.9612513780593872, 0.2746920883655548, 0.7519031763076782, 0.5572211146354675, 0.7954644560813904, 0.8627517223358154, 0.8871315121650696, 0.665591299533844, 0.8050557971000671, 0.8111177086830139, 0.43390512466430664, 0.8019531965255737, 0.8216244578361511, 0.7945289015769958, 0.7445942759513855, 0.3232191503047943, 0.19167625904083252, 0.8079288005828857, 0.7675504684448242, 0.7421441078186035, 0.6957834959030151, 0.7124258875846863, 0.8220487833023071, 0.23854702711105347, 0.7653912305831909, -0.8265466690063477, 0.8528599739074707, -0.1302240490913391, 0.746555745601654, 0.8062405586242676, 0.7528413534164429, 0.8748362064361572, 0.6907085180282593, 0.8272678852081299, 0.3736687898635864, 0.491118460893631, 0.21094158291816711, -0.12622377276420593, 0.6981902122497559, 0.7196466326713562, 0.7048801183700562, 0.7646880149841309, 0.7246605753898621, 0.42199575901031494, 0.9009301662445068, 0.782482385635376, 0.7703540325164795, 0.34361016750335693, 0.7159266471862793, 0.026208532974123955, 0.827438473701477, 0.7855814695358276, 0.19771699607372284, 0.3283187747001648, 0.20250117778778076, 0.5794693231582642, -0.13994157314300537, 0.6979696750640869, 0.19342628121376038, 0.8554573655128479, 0.8522921204566956, 0.7356581687927246, 0.8180174827575684, 0.779496431350708, 0.7260171175003052, 0.8134295344352722, 0.7620285749435425, 0.8476634621620178, -0.07367483526468277, 0.79154372215271, 0.7048502564430237, 0.6482820510864258, 0.7387199997901917, -0.04039514809846878, 0.6811968684196472, 0.16384769976139069, 0.7422220706939697, 0.8135780692100525, 0.7297286987304688, 0.23468677699565887, 0.879362940788269, 0.7763994932174683, 0.44522392749786377, 0.7183905243873596, 0.8769781589508057, 0.7373741865158081, 0.6549448370933533, 0.791906476020813, 0.903785228729248, 0.7815138101577759, 0.6183503866195679, 0.5076848268508911, 0.629665195941925, 0.2869357764720917, 0.8292444348335266, 0.807847261428833, 0.9067381024360657, 0.3780770003795624, 0.773316502571106, 0.529712438583374, 0.798564612865448, 0.5825483202934265, 0.73023521900177, 0.6458171606063843, 0.9331778287887573, 0.6678991317749023, 0.19778239727020264, 0.7724138498306274, 0.7806189060211182, 0.8103845119476318, 0.708996057510376, 0.2026054561138153, 0.8574603796005249, 0.30859699845314026, 0.7612035274505615, 0.6688348650932312, 0.7074819207191467, 0.6049379110336304, 0.7763845920562744, -0.09914113581180573, 0.7448991537094116, 0.8976306915283203, 0.6247820854187012, 0.7913519144058228, -0.058075085282325745, 0.7571073770523071, 0.7794181704521179, 0.7894399166107178, 0.7804093360900879, 0.7332577705383301, 0.37286093831062317, 0.7984044551849365, 0.7039583325386047, 0.5640265941619873, 0.8422663807868958, 0.7603906989097595, 0.8223873376846313, 0.7276695370674133, 0.8313314914703369, 0.8120701909065247, 0.7271578311920166, 0.8122654557228088, 0.867530107498169, 0.8012896776199341, 0.7603821754455566, 0.3752107322216034, 0.5648277997970581, 0.8240950703620911, 0.12272902578115463, 0.47383683919906616, 0.8535772562026978, 0.7338112592697144, 0.6701287031173706, 0.7271428108215332, 0.8629652261734009, 0.8021072745323181, 0.796474039554596, 0.6301999092102051, 0.7697724103927612, 0.7952727675437927, 0.7798919677734375, 0.7394910454750061, 0.838135302066803, 0.7664586305618286, 0.7496621608734131, 0.7472463846206665, 0.8029710650444031, 0.6210892200469971, 0.5739344358444214, 0.6646110415458679, 0.7090064883232117, 0.19165673851966858, 0.7354166507720947, -0.5794074535369873, 0.8434780240058899, 0.7838125228881836, 0.8268069624900818, 0.7415708899497986, 0.6279686689376831, 0.8572724461555481, 0.7131922245025635, 0.857361912727356, 0.7588150501251221, 0.6503986120223999, 0.7611889243125916, 0.473575234413147, 0.724054217338562, 0.7731143832206726, 0.9013310074806213, 0.644831657409668, -0.5550159811973572, 0.05687415972352028, 0.5092511177062988, 0.8530514240264893, 0.2789496183395386, 0.18476346135139465, -0.7267685532569885, 0.8652422428131104, 0.8682313561439514, 0.7078254222869873, 0.8633512258529663, 0.8581560850143433, 0.8443450927734375, 0.8167283535003662, 0.8117645978927612, -0.7123621702194214, 0.6980141401290894, 0.7614328861236572, 0.7171285152435303, 0.7996658086776733, 0.804243803024292, 0.826016902923584, 0.7454675436019897, -0.7409970760345459, 0.871455192565918, 0.8161777853965759, 0.7335366010665894, 0.8042934536933899, 0.7903647422790527, 0.681713342666626, 0.6984401941299438, 0.6818271279335022, 0.6767907738685608, 0.5822943449020386, 0.7244226932525635, 0.7877613306045532, 0.6621362566947937, 0.8030475378036499, 0.8913506269454956, -0.6254861354827881, 0.8470590114593506, 0.7941804528236389, 0.7539873123168945, 0.8497260808944702, 0.7964444756507874, 0.8005609512329102, 0.6782007217407227, -0.13892574608325958, 0.7894537448883057, 0.7278125882148743, 0.729401171207428, 0.6562020182609558, 0.8179169297218323, 0.66411292552948, 0.6734894514083862, 0.7128965258598328, 0.3525741696357727, 0.7552536725997925, 0.8741822242736816, 0.7547694444656372, 0.873991847038269, 0.5826069116592407, 0.6676838397979736, 0.7804351449012756, 0.7384328842163086, 0.6958562135696411, 0.8164666891098022, 0.3053640127182007, 0.09922069311141968, 0.8710545897483826, -0.21100397408008575, 0.6652956008911133, 0.8284450173377991, 0.6417651772499084, 0.8176907300949097, 0.21436943113803864, 0.8131258487701416, 0.21350088715553284, 0.7261053919792175, 0.7823901176452637, 0.6738457679748535, 0.7716867923736572, -0.6406711339950562, 0.8846043348312378, 0.21874366700649261, 0.7126048803329468, 0.6995972394943237, 0.7735198736190796, 0.6492870450019836, 0.7374801635742188, 0.7636967301368713, 0.7685185074806213, 0.7641123533248901, 0.779891848564148, 0.8609472513198853, 0.8304651975631714, 0.8350193500518799, -0.3336309790611267, -0.1827833652496338, -0.6444188356399536, 0.8322134017944336, 0.7657835483551025, 0.7611302137374878, 0.1225629523396492, 0.8570836186408997, 0.5778546333312988, 0.8541259765625, 0.8402930498123169, 0.8243376016616821, 0.7845147848129272, 0.643721342086792, 0.8474382758140564, 0.7876390814781189, 0.8833798170089722, 0.7919741272926331, -0.6629753112792969, 0.9212932586669922, 0.6665081977844238, 0.858250081539154, 0.7593561410903931, 0.6977602243423462, 0.7983183860778809, 0.7045100331306458, 0.8966946005821228, 0.7636358141899109, 0.8716180324554443, 0.7786237001419067, 0.7424353957176208, 0.799081027507782, 0.7003352046012878, -0.5735251903533936, 0.7024128437042236, 0.8187965750694275, 0.4286915361881256, -0.4241730570793152, 0.27077460289001465, 0.7128013372421265, 0.6132792830467224, 0.8530491590499878, 0.8499743938446045, 0.685299277305603, 0.7526026368141174, 0.7836802005767822, 0.7440544962882996, 0.8795444965362549, 0.9334989786148071, 0.8305659294128418, 0.8316928148269653, 0.7985000014305115, 0.8651409149169922, 0.763741672039032, 0.80133056640625, 0.8670029640197754, 0.738639235496521, 0.4461990296840668, 0.5404355525970459, 0.7390791177749634, 0.7033643126487732, 0.6774013042449951, 0.6809741258621216, 0.7673236131668091, 0.7793087363243103, 0.83128821849823, 0.4169881045818329, 0.6496374011039734, 0.7534661293029785, 0.7264840006828308, 0.9091277122497559, -0.6787660121917725, 0.04274614900350571, 0.7558845281600952, 0.14025846123695374, -0.19750463962554932, -0.5457696914672852, 0.7049121856689453, 0.8159850239753723, 0.15330681204795837, 0.06879448145627975, 0.7446500658988953, 0.18446971476078033, 0.941815972328186, -0.5266436338424683, 0.7412176132202148, 0.7100001573562622, 0.7304325103759766, 0.18305739760398865, 0.7586756348609924, 0.7094941139221191, 0.776348888874054, 0.8292895555496216, 0.8416831493377686, 0.7855819463729858, 0.7741298675537109, 0.7598888874053955, 0.7328091263771057, 0.8096815347671509, 0.5844485759735107, 0.7246328592300415, 0.7912182807922363, 0.1535746157169342, 0.8058193922042847, 0.7188512086868286, 0.7336651682853699, -0.6543878316879272, 0.7071571350097656, -0.2915269732475281, 0.7195022106170654, 0.8027988076210022, 0.71381676197052, 0.808600664138794, 0.727878749370575, 0.7177461981773376, 0.734705924987793, 0.8565288782119751, 0.011661216616630554, -0.12819169461727142, 0.7734225988388062, 0.8734509944915771, 0.7764732837677002, 0.724144697189331, -0.7046481966972351, 0.7605488300323486, 0.8351342678070068, 0.04745566472411156, 0.8292937278747559, 0.12253503501415253, 0.8451988697052002, 0.08888813853263855, 0.8674939274787903, 0.732117235660553, 0.759099543094635, 0.7892752289772034, 0.8113788962364197, -0.16549253463745117, 0.8562394976615906, -0.7442888021469116, 0.7698878645896912, 0.7450918555259705, 0.8605716228485107, -0.235793337225914, 0.2052401751279831, 0.7183272242546082, 0.7769129872322083, 0.7777169942855835, 0.7549340724945068, 0.39655184745788574, 0.8552619814872742, 0.6913567781448364, 0.7696214318275452, 0.8274518251419067, 0.07160940766334534, 0.7183591723442078, 0.6490748524665833, 0.8394345045089722, 0.8157107830047607, 0.701095461845398, 0.28434693813323975, 0.806655764579773, 0.7938359379768372, 0.7057453393936157, 0.6798378229141235, 0.793289840221405, 0.7901195287704468, 0.8595818877220154, 0.683383584022522, 0.7282165288925171, -0.5265503525733948, 0.6379501819610596, 0.7694290280342102, 0.6843959093093872, 0.4654262065887451, 0.6783657670021057, 0.743404746055603, 0.39467889070510864, 0.8100410103797913, 0.3442988097667694, -0.15109163522720337, 0.8175201416015625, 0.14764775335788727, 0.7383002042770386, 0.2895841598510742, 0.7638400197029114, 0.7375069856643677, 0.786194920539856, 0.672366738319397, 0.9507399201393127, 0.7175079584121704, 0.7926678657531738, 0.8414686918258667, 0.7089457511901855, 0.17556175589561462, 0.7431731820106506, 0.7477239370346069, 0.7490233778953552, 0.47188130021095276, 0.8410370945930481, -0.717799186706543, 0.80951988697052, 0.8035626411437988, 0.8071075677871704, -0.40694183111190796, 0.7387418746948242, 0.08240956813097, 0.8957080841064453, -0.13864797353744507, -0.1584075540304184, 0.14004015922546387, 0.8036733269691467, 0.7633966207504272, 0.8364183306694031, -0.16307392716407776, 0.7440979480743408, 0.8239498138427734, 0.7865328788757324, 0.160008504986763, 0.6757733821868896, 0.7904602885246277, 0.7052220106124878, 0.812345027923584, -0.5800970792770386, -0.19370372593402863, 0.7071952223777771, 0.6024066209793091, -0.19631940126419067, 0.09210579097270966, 0.8058043718338013, 0.3899375796318054, 0.8237150311470032, 0.6816184520721436, -0.26221439242362976, 0.7893058657646179, 0.9123024940490723, 0.32427823543548584, 0.7835484743118286, 0.8415743112564087, 0.8528087139129639, 0.7674362659454346, 0.8443524837493896, 0.9181890487670898, 0.142069011926651, 0.7935135960578918, 0.6954403519630432, 0.6944149732589722, 0.18906334042549133, -0.040179505944252014, 0.8377937078475952, -0.15857161581516266, -0.7289842367172241, 0.635192334651947, 0.807417631149292, 0.6610802412033081, 0.708633542060852, 0.7594360709190369, 0.8173222541809082, 0.7907123565673828, 0.7506940364837646, 0.7911617159843445, 0.6715066432952881, 0.9319379925727844, 0.6618514060974121, 0.17705675959587097, -0.1470813751220703, 0.9087945222854614, 0.6778964996337891, 0.7944316267967224, 0.8104031085968018, 0.796832799911499, 0.8213997483253479, 0.7886886596679688, 0.855718731880188, 0.03887367993593216, 0.7200785279273987, 0.864264726638794, 0.8494963645935059, 0.4218374490737915, 0.8091908693313599, 0.7882317304611206, 0.6930120587348938, 0.771651029586792, 0.9628157615661621, 0.756416380405426, -0.40663379430770874, 0.7211157083511353, 0.6690952181816101, 0.08434842526912689, 0.7263274788856506, 0.8984626531600952, 0.7830719947814941, 0.2820698022842407, 0.1123405396938324, -0.10072685778141022, 0.8030182719230652, 0.7475963830947876, 0.8237510919570923, 0.8411856293678284, -0.10429193079471588, 0.9038265943527222, 0.7740148901939392, 0.8296929001808167, 0.7362939119338989, 0.804180383682251, 0.7315376996994019, -0.03521773964166641, 0.7517355680465698, 0.7210990190505981, 0.7934637665748596, 0.8696036338806152, 0.7261168956756592, 0.7366937398910522, 0.7502470016479492, 0.31411826610565186, 0.8036340475082397, 0.8118777871131897, 0.8951411843299866, 0.8027782440185547, 0.04214998707175255, 0.6895139217376709, 0.7379738092422485, 0.7139221429824829, -0.593345046043396, -0.7336682081222534, 0.31420570611953735, 0.7517493963241577, 0.012518161907792091, 0.7795162200927734, 0.11434420943260193, 0.7950609922409058, -0.19055050611495972, 0.8144226670265198, -0.5437068939208984, 0.7337846755981445, 0.7689757943153381, 0.8258150815963745, 0.6068407297134399, -0.027477886527776718, 0.3064061999320984, 0.7640390396118164, 0.7794376611709595, 0.693879246711731, 0.8603790998458862, 0.7558706998825073, 0.8313694000244141, 0.6776273846626282, 0.1199609711766243, 0.8276292085647583, 0.7796950340270996, 0.6759059429168701, 0.7602851390838623, 0.7923953533172607, -0.24261683225631714, 0.8646470904350281, -0.1745963990688324, 0.7444417476654053, 0.750601589679718, 0.8558413982391357, 0.3883283734321594, 0.7278062701225281, 0.6913926601409912, 0.4572492837905884, 0.35921522974967957, 0.27160483598709106, 0.845718264579773, 0.789029598236084, 0.7634931802749634, 0.78517746925354, 0.6889170408248901, 0.8297111988067627, 0.8080335259437561, 0.793865978717804, -0.512697696685791, -0.14071229100227356, 0.12962591648101807, 0.5939316749572754, 0.7373642921447754, 0.8074997663497925, -0.5953169465065002, 0.8625900149345398, 0.8103696703910828, 0.5825620889663696, 0.725573718547821, 0.813180148601532, 0.8331935405731201, 0.7772946357727051, 0.7946289777755737, 0.10977815091609955, 0.5817421674728394, 0.7673534154891968, 0.5531678199768066, 0.7529852986335754, 0.8023866415023804, 0.7772780060768127, 0.20764240622520447, 0.7166581749916077, 0.7514685392379761, 0.6992868185043335, 0.7563815712928772, 0.7492589354515076, 0.7865300178527832, 0.7033077478408813, 0.7599174976348877, 0.21714884042739868, 0.6229463815689087, 0.15114140510559082, 0.5026006698608398, 0.6682931184768677, -0.623639702796936, 0.43315017223358154, 0.7223888039588928, 0.7448675036430359, 0.8062118291854858, 0.03543119132518768, 0.7115569114685059, 0.2811472713947296, 0.6244403123855591, 0.7589658498764038, -0.2832034230232239, 0.6046940684318542, -0.6258881092071533, -0.3217427432537079, 0.5071362853050232, 0.6220505237579346, 0.7100605964660645, 0.6746312379837036, 0.21072803437709808, 0.6453440189361572, -0.43106338381767273, 0.22722788155078888, 0.8191744089126587, 0.2869354486465454, 0.3737097382545471, 0.331969290971756, 0.630574107170105, 0.6399275064468384, 0.8266515731811523, 0.7668959498405457, 0.46553754806518555, 0.7010557055473328, 0.47507867217063904, 0.38419416546821594, 0.7488913536071777, 0.851223349571228, 0.7366031408309937, 0.7539067268371582, 0.7971804141998291, 0.2341160625219345, -0.4077704846858978, 0.6110838651657104, 0.37639182806015015, 0.438617080450058, 0.744240939617157, 0.7281360030174255, 0.20590153336524963, 0.7935431599617004, -0.4808557331562042, 0.8827506899833679, 0.7520912289619446, 0.6430454254150391, 0.794802188873291, 0.257820725440979, 0.6492583751678467, 0.25941628217697144, 0.10119010508060455, 0.8293474912643433, 0.8364357352256775, 0.6980889439582825, 0.7805277109146118, 0.6998724937438965, 0.8471426963806152, 0.8209469318389893, 0.153793066740036, 0.7563117742538452, -0.7273218631744385, 0.7505955696105957, 0.7306486368179321, 0.805221438407898, 0.41563767194747925, 0.756508469581604, 0.7534326910972595, 0.8699440956115723, 0.8159756660461426, 0.39968156814575195, 0.6884720325469971, -0.6509914398193359, 0.6424391269683838, 0.7066472768783569, 0.8387100696563721, 0.7784534692764282, -0.688252329826355, 0.775435209274292, 0.9054527878761292, 0.0705329030752182, 0.20358726382255554, 0.6875544786453247, 0.7436885833740234, 0.2542962431907654, 0.5531412363052368, -0.5751771926879883, 0.8215488791465759, 0.8219224214553833, -0.11919279396533966, 0.5364603996276855, 0.6512759923934937, 0.3045671582221985, 0.21721872687339783, -0.09088046848773956, 0.7659801244735718, 0.45165371894836426, 0.7254729866981506, 0.06528795510530472, 0.6250512599945068, -0.010905075818300247, 0.14650151133537292, 0.8670637607574463, -0.14509248733520508, 0.8440995216369629, 0.8226270079612732, 0.8155111074447632, 0.7661885023117065, -0.11841022968292236, 0.07564505934715271, 0.45369166135787964, 0.6833760738372803, 0.7960547208786011, 0.6614985466003418, -0.46529167890548706, 0.6353178024291992, 0.410849392414093, 0.3095964789390564, 0.5354867577552795, 0.7631630897521973, 0.6253081560134888, 0.1598154604434967, 0.6964214444160461, -0.23272791504859924, 0.7356216907501221, -0.1160803958773613, 0.4611388146877289, 0.5017580986022949, 0.5553629398345947, 0.7334626317024231, -0.5156712532043457, 0.2219209372997284, 0.7468283176422119, -0.0364406444132328, -0.12203308939933777, 0.802104651927948, 0.6713532209396362, 0.2537234425544739, 0.6635651588439941, 0.8282976746559143, -0.12378986179828644, -0.5319098234176636, 0.12019488960504532, 0.778823971748352, 0.7428439855575562, 0.7754465341567993, 0.5226956605911255, 0.8381122946739197, 0.4033955931663513, 0.6832358837127686, -0.5642907619476318, 0.3124438226222992, 0.7985765933990479, 0.7960718870162964, -0.7155517339706421, 0.576850175857544, -0.03747592121362686, -0.0494026243686676, 0.23262611031532288, 0.12010523676872253, -0.3513449430465698, 0.22026807069778442, 0.6764382123947144, -0.6728188395500183, -0.03198440000414848, 0.17875784635543823, 0.4610849916934967, 0.04654589295387268, 0.7766737937927246, 0.2299123853445053, 0.07695402204990387, -0.1199263408780098, 0.136805459856987, 0.469611793756485, 0.2898719906806946, 0.25193026661872864, 0.46403053402900696, 0.5439889430999756, 0.7557030916213989, -0.38822609186172485, 0.6918683052062988, 0.6440085768699646, 0.7575466632843018, -0.16508848965168]
