sample name: ['CC[C@H](NC(=O)[C@H]1CN(C)CCO1)c1ccc(Br)cc1']
atom_index,distance,cosine_similarity
0,-0.5184796142578125,0.050947479866445065
1,-1.1134918212890625,0.12444777876138687
2,-2.669036865234375,0.2974399154447019
3,-0.1764990234375,0.04275099970400333
4,-1.8713671875,0.2269565886631608
5,-0.3676251220703125,0.029514038413763048
6,-0.4869964599609375,0.05636277303099632
7,0.28415283203125,-0.02748140014708042
8,0.6414239501953125,-0.06557894006371498
9,-0.09357666015625,0.017998453602194785
10,-1.2850372314453125,0.1980004223436117
11,0.1344024658203125,-0.0018216387927532196
12,0.2909674072265625,-0.017371033690869807
13,0.19669677734375,-0.01862456724047661

Sum of phi values for distance
-7.034466552734375
Sum of phi values for cosine similarity
0.9135408698953689
Average distance random samples:
7.805358331544059
Average cosine similarity random samples:
0.5609732991417071
Distances random samples
[8.611189842224121, 7.942544937133789, 8.989875793457031, 7.962993144989014, 7.745521068572998, 7.516445159912109, 8.786206245422363, 8.345787048339844, 8.636238098144531, 9.804491996765137, 8.155308723449707, 7.273921012878418, 7.821476459503174, 9.399920463562012, 7.797548294067383, 6.057334899902344, 5.195681571960449, 7.652066707611084, 7.7959442138671875, 7.179251670837402, 8.642769813537598, 10.967034339904785, 8.50949764251709, 7.1496782302856445, 9.058501243591309, 8.296536445617676, 6.983841419219971, 6.451981067657471, 8.205269813537598, 7.682313919067383, 8.48555850982666, 7.782975673675537, 7.1591973304748535, 9.046034812927246, 7.490919589996338, 7.77288293838501, 6.334211826324463, 5.878409385681152, 7.009747505187988, 5.582462310791016, 7.3208184242248535, 8.9361572265625, 10.066617965698242, 13.806069374084473, 6.2552571296691895, 6.037912845611572, 8.168684005737305, 8.329863548278809, 7.077205181121826, 8.838261604309082, 7.390956878662109, 7.789783954620361, 7.120595455169678, 7.585727214813232, 6.852184772491455, 8.386858940124512, 6.696994781494141, 7.2471795082092285, 7.2836809158325195, 6.702587604522705, 7.574716567993164, 6.352824687957764, 9.396768569946289, 7.869941711425781, 7.031357765197754, 11.391862869262695, 8.6220064163208, 7.617984294891357, 6.877367973327637, 7.060819625854492, 8.550925254821777, 9.747467041015625, 6.62542724609375, 6.2831549644470215, 6.714567184448242, 9.963353157043457, 8.039183616638184, 8.115788459777832, 7.884093284606934, 10.53377914428711, 7.188156604766846, 8.378326416015625, 7.366644859313965, 6.908505916595459, 6.894887924194336, 6.612700939178467, 7.018651008605957, 5.356749534606934, 7.696101188659668, 7.549576759338379, 9.559754371643066, 6.501956462860107, 8.205196380615234, 7.440299034118652, 7.749892234802246, 7.877925395965576, 7.5758514404296875, 7.175067901611328, 10.713769912719727, 5.265108108520508, 7.804952621459961, 7.085412502288818, 8.307367324829102, 7.743393898010254, 6.662811279296875, 6.425875186920166, 10.670656204223633, 7.192026138305664, 8.302692413330078, 7.4613542556762695, 5.993777275085449, 8.286041259765625, 13.471837997436523, 7.717280387878418, 12.363114356994629, 7.368582248687744, 10.521349906921387, 5.367671966552734, 7.938546657562256, 7.553633689880371, 7.942682266235352, 8.339219093322754, 9.094398498535156, 7.155210018157959, 7.395036697387695, 7.562909126281738, 9.723340034484863, 6.978613376617432, 8.35625171661377, 7.094602108001709, 8.046318054199219, 7.673721790313721, 6.36240816116333, 9.437627792358398, 6.973742485046387, 7.57696008682251, 7.906046390533447, 6.315710544586182, 8.492822647094727, 10.138836860656738, 7.395427703857422, 9.634233474731445, 8.226112365722656, 9.833405494689941, 7.320395469665527, 7.619255542755127, 7.887460231781006, 7.913992881774902, 9.031476020812988, 7.704528331756592, 5.714381694793701, 8.20352840423584, 11.02247428894043, 8.105558395385742, 7.5017852783203125, 7.615887641906738, 7.879914283752441, 12.93647289276123, 8.03161334991455, 6.82449197769165, 9.495888710021973, 8.356118202209473, 7.428256034851074, 6.92067289352417, 7.199991226196289, 8.643685340881348, 6.652393817901611, 6.688249588012695, 7.431706428527832, 7.1387505531311035, 7.050417900085449, 7.770570755004883, 8.347492218017578, 6.8052873611450195, 10.000986099243164, 7.752658843994141, 6.374462127685547, 7.656011581420898, 7.6806254386901855, 7.915896415710449, 8.348401069641113, 8.474899291992188, 8.54470157623291, 6.934433460235596, 7.094356060028076, 7.562077045440674, 8.749751091003418, 7.142330169677734, 7.489810466766357, 9.055719375610352, 7.419283390045166, 9.342914581298828, 7.741947650909424, 5.936634063720703, 5.738410949707031, 7.299803733825684, 8.168794631958008, 6.513312339782715, 5.763150215148926, 6.677138805389404, 10.76728630065918, 9.781923294067383, 10.746274948120117, 9.443094253540039, 9.106485366821289, 10.038780212402344, 10.704761505126953, 7.366568088531494, 9.043808937072754, 11.03783893585205, 10.536192893981934, 6.7696990966796875, 9.660273551940918, 10.50257396697998, 9.571192741394043, 10.133391380310059, 11.78721809387207, 10.996788024902344, 10.624542236328125, 8.454971313476562, 9.848584175109863, 7.569256782531738, 9.732061386108398, 10.667502403259277, 9.187077522277832, 12.451530456542969, 10.417573928833008, 10.259612083435059, 8.025691032409668, 10.478350639343262, 10.657326698303223, 9.557964324951172, 5.894676685333252, 9.834538459777832, 6.876038551330566, 7.030297756195068, 10.136202812194824, 10.128894805908203, 10.276338577270508, 10.4722318649292, 10.457369804382324, 7.352614402770996, 9.676057815551758, 9.760645866394043, 9.891883850097656, 10.5928373336792, 10.347804069519043, 11.779036521911621, 10.490139961242676, 10.961600303649902, 10.634627342224121, 10.820258140563965, 9.520984649658203, 8.015179634094238, 9.988541603088379, 10.494991302490234, 10.964001655578613, 7.4903669357299805, 9.718831062316895, 7.341986179351807, 10.457318305969238, 11.498207092285156, 11.105899810791016, 7.933560371398926, 9.37603759765625, 7.804418087005615, 6.591842174530029, 10.37215805053711, 10.895946502685547, 5.357578754425049, 9.006399154663086, 8.953302383422852, 9.851886749267578, 8.825371742248535, 5.847202301025391, 6.679704666137695, 12.103858947753906, 9.16832160949707, 9.145562171936035, 9.791655540466309, 9.440780639648438, 7.497223854064941, 8.342373847961426, 8.475640296936035, 11.256060600280762, 11.109044075012207, 10.411332130432129, 10.624297142028809, 11.036134719848633, 10.491072654724121, 8.811240196228027, 10.341261863708496, 10.223631858825684, 10.179964065551758, 10.214441299438477, 10.946330070495605, 7.019912242889404, 10.237162590026855, 8.822656631469727, 10.608081817626953, 7.038605690002441, 8.116070747375488, 9.87358570098877, 8.197361946105957, 8.010551452636719, 8.341869354248047, 7.817418575286865, 8.627790451049805, 8.038285255432129, 7.401466369628906, 6.3375043869018555, 7.559754371643066, 7.703845977783203, 7.179542064666748, 11.789214134216309, 6.167552947998047, 7.789405822753906, 6.439496040344238, 7.7836713790893555, 7.300468444824219, 8.173043251037598, 7.132986545562744, 7.053582668304443, 8.361995697021484, 11.49266529083252, 13.06940746307373, 8.101974487304688, 7.6190667152404785, 13.640724182128906, 6.987182140350342, 7.350566864013672, 6.908509254455566, 7.625192642211914, 7.23518705368042, 7.950076580047607, 8.712638854980469, 6.929862022399902, 8.37193489074707, 6.68717098236084, 7.691520690917969, 7.36445426940918, 9.636817932128906, 7.421534061431885, 7.750558853149414, 7.6407318115234375, 8.043862342834473, 7.365687847137451, 7.790539264678955, 6.422276020050049, 6.906943321228027, 6.431689739227295, 8.17785930633545, 7.081140041351318, 7.420461654663086, 8.46561336517334, 6.327725887298584, 7.02900505065918, 7.271315574645996, 5.842713832855225, 8.418915748596191, 13.277721405029297, 7.026054382324219, 7.447764873504639, 9.280672073364258, 7.7741899490356445, 7.651099681854248, 7.846541404724121, 7.559436798095703, 7.179516792297363, 8.21746826171875, 7.6783294677734375, 6.870235443115234, 8.041341781616211, 7.291029453277588, 7.5521721839904785, 7.501352310180664, 8.62788200378418, 8.984875679016113, 9.610787391662598, 7.975471496582031, 7.482841491699219, 7.9890360832214355, 7.869565486907959, 7.239422798156738, 8.901198387145996, 6.014059066772461, 13.842728614807129, 6.365262985229492, 8.260498046875, 6.888510704040527, 8.205842971801758, 6.308406829833984, 6.015215873718262, 7.449412822723389, 7.701179027557373, 7.511362075805664, 8.051634788513184, 6.65194845199585, 10.805106163024902, 6.473149299621582, 9.757222175598145, 9.824124336242676, 7.213878154754639, 8.60509204864502, 9.793196678161621, 8.133070945739746, 9.221586227416992, 6.915032386779785, 8.59189224243164, 9.242530822753906, 8.280915260314941, 9.887600898742676, 8.123330116271973, 7.516239166259766, 8.378231048583984, 7.278563022613525, 9.736952781677246, 9.676945686340332, 10.088085174560547, 9.744606971740723, 10.992436408996582, 10.049572944641113, 9.796281814575195, 8.579997062683105, 9.770486831665039, 10.220783233642578, 10.332610130310059, 10.026061058044434, 7.690531253814697, 10.21568489074707, 9.259654998779297, 8.070140838623047, 9.455160140991211, 9.363940238952637, 9.48065185546875, 8.194130897521973, 10.96270751953125, 7.062537670135498, 9.373541831970215, 9.21403694152832, 9.977130889892578, 9.755696296691895, 10.000136375427246, 8.97221851348877, 8.2310152053833, 8.633862495422363, 10.424737930297852, 10.976968765258789, 7.819833755493164, 7.152675628662109, 10.252227783203125, 9.074512481689453, 12.441055297851562, 8.448200225830078, 9.211872100830078, 9.224041938781738, 8.847332000732422, 9.766180038452148, 6.875340938568115, 8.25324535369873, 9.4818696975708, 6.137940406799316, 10.16835880279541, 9.294445037841797, 8.160608291625977, 10.431140899658203, 7.904735565185547, 7.941529750823975, 9.28553581237793, 11.148222923278809, 8.508692741394043, 10.384119987487793, 8.224995613098145, 8.877989768981934, 7.625835418701172, 8.100491523742676, 8.899114608764648, 9.511940956115723, 11.493758201599121, 10.39251708984375, 8.036626815795898, 9.425549507141113, 11.766764640808105, 9.230435371398926, 8.7600736618042, 8.177390098571777, 9.310023307800293, 8.547921180725098, 11.512155532836914, 7.9574198722839355, 9.326813697814941, 8.367515563964844, 6.8830342292785645, 8.815834045410156, 7.006381988525391, 9.22872543334961, 7.967656135559082, 9.8695707321167, 7.571486949920654, 8.260555267333984, 5.759191513061523, 8.046128273010254, 7.334291458129883, 11.828451156616211, 7.7067036628723145, 7.966116905212402, 8.306570053100586, 7.987790584564209, 7.8848958015441895, 8.706918716430664, 6.817413330078125, 7.764390468597412, 6.843066692352295, 6.928185939788818, 6.351256847381592, 7.286967754364014, 6.063934326171875, 6.175311088562012, 7.3367791175842285, 7.172606468200684, 7.0258283615112305, 7.608545303344727, 7.494513511657715, 8.474245071411133, 6.567727565765381, 8.045721054077148, 8.172000885009766, 6.673513412475586, 7.44262170791626, 9.481621742248535, 7.114621639251709, 7.545928478240967, 9.331653594970703, 8.074963569641113, 8.230562210083008, 7.549319744110107, 6.7716593742370605, 6.903644561767578, 8.474983215332031, 5.909376621246338, 6.638448238372803, 6.37017822265625, 7.063092231750488, 8.838418960571289, 6.392130374908447, 6.224010944366455, 7.622519016265869, 11.506875991821289, 6.99707555770874, 7.635653972625732, 8.461956977844238, 4.716562271118164, 7.487955093383789, 6.203324317932129, 7.4073686599731445, 5.931074619293213, 6.244561672210693, 6.674720287322998, 7.100478649139404, 8.3449125289917, 8.310579299926758, 8.240848541259766, 8.293516159057617, 7.310647487640381, 8.413878440856934, 9.037382125854492, 8.561416625976562, 7.734790802001953, 7.26419734954834, 6.749250411987305, 8.784160614013672, 7.628540992736816, 6.992755889892578, 7.8640971183776855, 7.407856464385986, 7.085302352905273, 7.376307964324951, 8.759971618652344, 7.2136454582214355, 7.014325141906738, 6.672746181488037, 6.516839027404785, 6.841127872467041, 6.793575286865234, 7.407369136810303, 7.234647750854492, 9.204912185668945, 7.600064277648926, 6.948204040527344, 6.932123184204102, 7.135441780090332, 7.528602600097656, 7.632504463195801, 4.7445292472839355, 7.370643615722656, 6.627964019775391, 7.756214618682861, 8.643183708190918, 7.892967700958252, 6.807695388793945, 7.534753322601318, 7.3725104331970215, 9.41468334197998, 6.715285301208496, 7.1594390869140625, 6.964608669281006, 8.837322235107422, 7.647617816925049, 8.980121612548828, 7.225174903869629, 8.62182331085205, 6.791521072387695, 7.426974296569824, 7.709741592407227, 7.093343257904053, 6.413540363311768, 7.5156474113464355, 5.950423717498779, 9.557384490966797, 7.867672443389893, 7.61699914932251, 7.546728610992432, 7.650563716888428, 9.632729530334473, 6.241384506225586, 8.10140323638916, 5.962989330291748, 9.336186408996582, 8.277873992919922, 7.480074405670166, 6.4146246910095215, 5.464200973510742, 7.5715651512146, 5.992988109588623, 6.957832336425781, 6.690243244171143, 6.294280529022217, 7.8862175941467285, 8.856552124023438, 6.618682861328125, 6.453441619873047, 6.147603988647461, 10.126091003417969, 6.673208236694336, 8.69127368927002, 6.872220993041992, 9.306479454040527, 8.100600242614746, 6.971551895141602, 6.588565826416016, 7.975027561187744, 6.755844593048096, 6.011044025421143, 6.365458965301514, 5.505550861358643, 8.570600509643555, 7.243020534515381, 8.271900177001953, 7.361010551452637, 8.449402809143066, 8.823378562927246, 7.49569845199585, 7.915089130401611, 5.42734956741333, 7.437524795532227, 8.50131893157959, 7.965821266174316, 7.980735778808594, 7.974480628967285, 8.380637168884277, 5.883980751037598, 7.322661399841309, 7.4006500244140625, 5.065756320953369, 7.243042945861816, 7.990927219390869, 7.377152442932129, 10.270867347717285, 6.629296779632568, 6.677979946136475, 8.190037727355957, 7.35811185836792, 7.204807758331299, 8.382855415344238, 7.9467644691467285, 7.091101169586182, 6.985650062561035, 7.832953453063965, 6.206454277038574, 8.190576553344727, 7.049688339233398, 7.238837718963623, 8.114547729492188, 7.425272464752197, 6.366092681884766, 10.736205101013184, 6.685051441192627, 6.935726642608643, 6.82031774520874, 7.756007194519043, 6.962447166442871, 5.235500335693359, 8.087542533874512, 7.056935787200928, 6.505284309387207, 5.691526889801025, 5.644562244415283, 5.948679447174072, 5.415355682373047, 7.002134323120117, 7.422425270080566, 5.929851531982422, 8.955198287963867, 8.03814697265625, 7.619535446166992, 6.649525165557861, 7.987823963165283, 7.666725158691406, 7.20147705078125, 7.424392223358154, 6.146059989929199, 7.141356945037842, 7.348875522613525, 6.531525611877441, 7.405690670013428, 7.492351055145264, 6.8649773597717285, 5.935728549957275, 5.94733190536499, 7.507523059844971, 6.794647693634033, 6.965737342834473, 7.014711380004883, 6.158434867858887, 6.057699203491211, 6.68061637878418, 6.187263488769531, 7.257414817810059, 6.412626266479492, 6.071567058563232, 5.714064121246338, 5.707752227783203, 7.611559867858887, 6.762200832366943, 6.34553861618042, 7.906512260437012, 6.971343517303467, 6.567012786865234, 7.619271278381348, 10.260225296020508, 6.48834228515625, 7.41217565536499, 10.710783004760742, 7.584339618682861, 6.417512893676758, 6.9883551597595215, 6.833398342132568, 6.212963581085205, 6.215988636016846, 8.318636894226074, 5.811892986297607, 6.230108261108398, 7.445923328399658, 8.148235321044922, 7.481201171875, 6.181636810302734, 9.11166000366211, 7.576839447021484, 5.904717922210693, 6.91368293762207, 8.628973960876465, 7.6579461097717285, 6.335082530975342, 6.687227249145508, 5.85011100769043, 7.251169204711914, 10.07077407836914, 7.826177597045898, 4.856756687164307, 5.828857898712158, 5.852853775024414, 6.7776780128479, 5.897759437561035, 7.562115669250488, 6.4355926513671875, 6.90428352355957, 8.687363624572754, 9.719009399414062, 6.509496688842773, 6.566351413726807, 8.927680969238281, 8.16493034362793, 6.48701286315918, 6.605340003967285, 7.964902400970459, 6.490772247314453, 6.310551643371582, 7.430518627166748, 7.638887405395508, 7.746838092803955, 7.558706760406494, 6.321387767791748, 6.408592224121094, 5.858670711517334, 7.6076555252075195, 9.69269847869873, 10.633402824401855, 12.2570219039917, 6.9879631996154785, 7.769001483917236, 6.732814311981201, 6.744908809661865, 8.409125328063965, 7.023938179016113, 8.06824779510498, 5.732579231262207, 6.42671537399292, 5.870668888092041, 6.643307685852051, 7.259085178375244, 8.230733871459961, 7.369694709777832, 7.708464622497559, 6.21036958694458, 6.51657772064209, 7.709201335906982, 8.553156852722168, 5.90703010559082, 5.1473870277404785, 7.507112503051758, 7.185821533203125, 7.320157527923584, 7.956520080566406, 6.341954231262207, 7.4861159324646, 6.745634078979492, 6.154807090759277, 6.5301618576049805, 8.53533935546875, 7.61954402923584, 6.756625175476074, 5.212080001831055, 7.262548923492432, 5.983534336090088, 5.938778400421143, 6.7751240730285645, 6.7905683517456055, 7.694303512573242, 5.860208034515381, 6.563006401062012, 6.679276466369629, 8.504992485046387, 6.312370777130127, 6.276121139526367, 6.983373641967773, 7.451864719390869, 6.425197124481201, 6.725376605987549, 7.324743270874023, 6.027784824371338, 6.119912147521973, 6.349002361297607, 6.133092403411865, 6.880862236022949, 8.020438194274902, 6.297312259674072, 5.8488450050354, 5.806990623474121, 7.464145183563232, 7.643381118774414, 6.602786064147949, 5.036261558532715, 7.112395286560059, 6.910320281982422, 10.191880226135254, 5.78318977355957, 8.083208084106445, 9.80318546295166, 10.042790412902832, 4.759922504425049, 6.272878170013428, 6.5114054679870605, 6.916329860687256, 8.237055778503418, 6.929043292999268, 7.001258850097656, 7.447895526885986, 8.155879974365234, 7.147708415985107, 6.216843605041504, 6.0317864418029785, 9.623509407043457, 7.340803623199463, 6.877716064453125, 7.478731632232666, 5.9307990074157715, 4.60444450378418, 7.667989730834961, 8.011100769042969, 7.970114231109619, 6.393305778503418, 6.444035530090332, 9.404900550842285, 8.044337272644043, 8.937213897705078, 7.028174877166748, 8.033580780029297, 7.640559196472168, 7.399606227874756, 7.048491954803467, 8.4364595413208, 5.824526786804199, 6.436492443084717, 6.840703010559082, 7.256501197814941, 7.434649467468262, 6.035154819488525, 6.803868770599365, 7.509912014007568, 6.867203712463379, 6.521859169006348, 7.381435871124268, 6.929014682769775, 5.175018787384033, 5.606861114501953, 4.91501522064209, 7.299893856048584, 8.110250473022461, 7.142063140869141, 6.053887367248535, 7.361997604370117, 11.600460052490234, 6.902004241943359, 7.692358493804932, 7.157395362854004, 5.854994297027588, 5.940845489501953, 6.294589042663574, 7.875898838043213, 6.955560684204102, 8.614819526672363, 5.824892520904541, 7.302302837371826, 6.109099864959717, 7.759510040283203, 7.885817050933838, 5.509864807128906, 7.327834129333496, 7.707174301147461, 7.74810791015625, 10.593432426452637, 5.959489822387695, 6.625096321105957, 7.274043083190918, 7.230544090270996, 6.043899059295654, 5.628601551055908, 6.6840901374816895, 8.806431770324707, 13.518998146057129, 7.46159553527832, 6.938199043273926, 7.093828201293945, 6.414841175079346, 7.378898620605469, 7.757998943328857, 7.000904560089111, 7.105897426605225, 7.126794338226318, 8.172828674316406, 7.054432392120361, 7.244670391082764, 7.508670330047607, 8.060298919677734, 6.383768558502197, 7.087876796722412, 5.991551876068115, 6.469847202301025, 6.2966694831848145, 6.9086527824401855, 7.057509899139404, 7.02033805847168, 7.5299272537231445, 7.209445953369141, 7.06330680847168, 6.385732173919678, 6.040160655975342, 12.098018646240234, 7.386611461639404, 7.351318836212158, 6.393398284912109, 5.693005084991455, 7.5241804122924805, 6.384891986846924, 6.459133148193359, 5.588709354400635, 7.361124515533447, 5.139331817626953, 8.081547737121582, 4.845345497131348, 7.46005916595459, 7.446672439575195, 9.960369110107422, 11.578377723693848, 8.173717498779297, 7.537831783294678, 9.590349197387695, 7.629072666168213, 7.340170860290527, 9.113288879394531, 8.372635841369629, 7.873098850250244, 7.7535552978515625, 7.98937463760376, 7.5369133949279785, 8.60903549194336, 12.83498477935791, 8.505361557006836, 8.041733741760254, 7.0123066902160645, 7.55850887298584, 8.85654067993164, 7.732018947601318, 7.699220657348633, 7.967710494995117, 7.792881965637207, 7.471816062927246, 9.372572898864746, 7.5654988288879395, 8.174098014831543, 8.925164222717285, 7.685216903686523, 8.846478462219238, 6.998373508453369, 7.86728048324585, 9.411222457885742, 7.597094535827637, 8.044999122619629, 7.87201452255249, 8.188035011291504, 10.864967346191406, 9.387109756469727, 10.054852485656738, 7.824821949005127, 8.0010404586792, 9.464028358459473, 8.18344497680664, 6.846757411956787, 10.794974327087402, 7.937199592590332, 10.880827903747559, 7.942783355712891, 8.41556167602539, 8.504555702209473, 7.754650592803955, 8.934961318969727, 9.062837600708008, 7.5935516357421875, 9.013662338256836, 8.43142032623291, 7.897418975830078, 8.941396713256836, 8.66301155090332, 8.331639289855957, 7.719466686248779, 9.10843563079834, 8.421396255493164, 10.34017562866211, 6.203470706939697, 14.720536231994629, 8.337199211120605, 9.673300743103027, 8.06535816192627, 8.322534561157227, 7.546820640563965, 6.315152168273926, 7.965519905090332, 7.959448337554932, 9.220373153686523, 8.470884323120117, 8.449246406555176, 9.617907524108887, 10.612059593200684, 7.315842151641846, 8.273808479309082, 7.068393230438232, 10.044755935668945, 8.489404678344727, 9.442581176757812, 9.321138381958008, 7.741621971130371, 9.427724838256836, 6.298037528991699, 7.826646327972412, 8.951939582824707, 8.397576332092285, 6.438933372497559, 8.171610832214355, 11.44015884399414, 8.365610122680664, 7.6316046714782715, 6.939303874969482, 6.853783130645752, 5.712871074676514, 7.54810094833374, 6.327927112579346, 7.54366397857666, 9.031394004821777, 6.238257884979248, 8.259407043457031, 6.897008895874023, 6.987160682678223, 5.56992769241333, 6.569197654724121, 6.304738998413086, 6.775216579437256, 6.9249267578125, 7.505987167358398, 6.03973913192749, 9.872201919555664, 6.9540629386901855, 9.60753059387207, 9.927546501159668, 8.141746520996094, 6.6402153968811035, 7.049509525299072, 7.833037853240967, 6.674579620361328, 6.933198928833008, 6.220486164093018, 7.225412845611572, 7.338694095611572, 8.726235389709473, 5.6060075759887695, 6.620477199554443, 4.971434116363525, 9.122810363769531, 7.043466567993164, 8.131540298461914, 7.505399703979492, 8.655397415161133, 5.407559871673584, 7.564955234527588, 7.8729753494262695, 6.252004623413086, 10.35002613067627, 5.917157173156738, 6.422580242156982, 5.681690216064453, 7.023519992828369, 7.818592071533203, 9.786463737487793, 6.251784324645996, 6.201502323150635, 5.98989725112915, 6.121993064880371, 5.464761734008789, 7.02247428894043, 8.625848770141602, 6.96697998046875, 8.735421180725098, 7.743074893951416, 7.231010437011719, 6.615490436553955, 7.6633782386779785, 8.19432544708252, 6.952732563018799, 8.133403778076172, 7.211707592010498, 6.948078155517578, 7.198494911193848, 6.596198081970215, 6.522727966308594, 6.487588405609131, 6.353959560394287, 7.692873954772949, 7.706357955932617, 7.794631004333496, 7.665654182434082, 5.0835771560668945, 6.7134809494018555, 6.779282569885254, 8.144732475280762, 8.918997764587402, 5.651114463806152, 7.862288951873779, 10.004307746887207, 7.146918773651123, 9.335368156433105, 7.994626998901367, 8.828797340393066, 6.3320770263671875, 5.772188663482666, 7.088038444519043, 7.998751163482666, 6.339223384857178, 6.67957067489624, 5.915626049041748, 7.539144992828369, 5.2508673667907715, 7.4322829246521, 7.221724510192871, 8.009196281433105, 5.8026957511901855, 7.131369113922119, 5.86219596862793, 5.474808692932129, 6.71169900894165, 6.8062896728515625, 7.218815326690674, 5.120216369628906, 6.203614711761475, 5.92945671081543, 6.129446029663086, 7.369801044464111, 11.353791236877441, 6.590959548950195, 6.5861945152282715, 7.102201461791992, 8.725348472595215, 6.256587505340576, 7.176905632019043, 6.443639755249023, 13.693909645080566, 6.6316399574279785, 10.850932121276855, 6.5177693367004395, 7.303282737731934, 5.638019561767578, 8.042986869812012, 5.370293140411377, 8.200651168823242, 12.014199256896973, 7.178543567657471, 7.577670097351074, 10.829988479614258, 7.771186351776123, 12.154106140136719, 7.46324348449707, 6.990945816040039, 6.521185398101807, 7.8832197189331055, 6.857661724090576, 7.0562214851379395, 6.0690388679504395, 7.2257490158081055, 7.694396495819092, 6.989198207855225, 6.945282459259033, 7.761147499084473, 7.359043598175049, 5.628857612609863, 7.545600414276123, 6.84554386138916, 6.896127223968506, 5.582709789276123, 11.911856651306152, 5.3107686042785645, 8.142507553100586, 12.897500038146973, 7.536774158477783, 7.971069812774658, 6.98980712890625, 7.241860389709473, 9.04666805267334, 12.738471031188965, 8.754706382751465, 6.550207138061523, 7.4359612464904785, 7.922435760498047, 13.828036308288574, 6.041996002197266, 7.566980361938477, 7.778416633605957, 7.866003513336182, 6.2780351638793945, 6.574976921081543, 6.439199447631836, 6.9343953132629395, 7.2272233963012695, 12.9530611038208, 7.640316009521484, 8.051475524902344, 5.544928550720215, 13.211902618408203, 7.155135631561279, 6.012529373168945, 7.4034295082092285, 7.334033966064453, 7.439774513244629, 6.738071918487549, 7.395174503326416, 8.436871528625488, 7.223082542419434, 7.164511203765869, 12.54875373840332, 7.014491081237793, 10.936334609985352, 6.254610538482666, 6.538350582122803, 6.298686504364014, 7.425055027008057, 7.936702728271484, 6.882762432098389, 5.411430835723877, 6.340607643127441, 8.829415321350098, 7.494213581085205, 8.105615615844727, 6.156538009643555, 7.666866302490234, 7.811308860778809, 9.13460922241211, 8.088805198669434, 7.64241361618042, 10.45469856262207, 7.651113510131836, 11.262190818786621, 7.187221050262451, 7.843172550201416, 6.362449645996094, 6.689393043518066, 8.301785469055176, 6.547177314758301, 7.631893634796143, 7.4147820472717285, 6.923608779907227, 7.624372959136963, 6.568085670471191, 9.128866195678711, 7.747556209564209, 7.508362770080566, 7.741482257843018, 6.08824348449707, 6.376567840576172, 6.861121654510498, 5.700047492980957, 6.410201072692871, 6.907585144042969, 5.70525598526001, 6.120839595794678, 7.437955379486084, 6.044817924499512, 7.898066520690918, 5.894428253173828, 4.877688884735107, 12.574424743652344, 6.010479927062988, 7.108147621154785, 6.2128729820251465, 7.010884761810303, 6.997674465179443, 8.004861831665039, 6.5142436027526855, 5.601431369781494, 7.74683952331543, 7.628769874572754, 8.143179893493652, 5.967208385467529, 7.666623115539551, 7.085982799530029, 5.8622918128967285, 7.161938190460205, 6.530270576477051, 7.5464067459106445, 6.885743618011475, 4.169386863708496, 7.016101360321045, 8.878263473510742, 5.371225833892822, 7.761554718017578, 7.121277332305908, 10.9173583984375, 6.716436386108398, 7.652765274047852, 7.2593302726745605, 10.197806358337402, 6.1871867179870605, 7.173940181732178, 6.640139579772949, 10.194998741149902, 6.67800235748291, 6.912794589996338, 5.10065221786499, 8.45535659790039, 5.92038631439209, 7.21959114074707, 6.113853454589844, 6.642884731292725, 6.82727575302124, 5.710739612579346, 7.007728576660156, 7.869913101196289, 6.296356201171875, 7.109025478363037, 6.699174404144287, 6.657118320465088, 8.507608413696289, 8.273698806762695, 7.070015907287598]
Cosines similarity random samples
[0.5465294122695923, 0.5283728837966919, 0.47846466302871704, 0.5661470890045166, 0.6012823581695557, 0.6030622720718384, 0.4581856429576874, 0.5250571370124817, 0.5120754241943359, 0.20758122205734253, 0.5772825479507446, 0.6232619285583496, 0.6007413864135742, 0.34324029088020325, 0.5917792320251465, 0.7509278655052185, 0.8242930173873901, 0.5967617034912109, 0.5714516639709473, 0.6489729881286621, 0.5559263229370117, 0.18692085146903992, 0.49422866106033325, 0.68038010597229, 0.51587975025177, 0.5169591903686523, 0.6662881970405579, 0.7143325805664062, 0.5341196656227112, 0.5865339040756226, 0.5296761393547058, 0.5773769617080688, 0.6421332359313965, 0.3809817433357239, 0.6016720533370972, 0.5725545287132263, 0.7285341024398804, 0.7756307125091553, 0.6668787002563477, 0.7949894666671753, 0.6178473234176636, 0.5134734511375427, 0.14889371395111084, -0.32208192348480225, 0.732076108455658, 0.7558598518371582, 0.5484277606010437, 0.4988788068294525, 0.6459407806396484, 0.5206136703491211, 0.6057791113853455, 0.5832628607749939, 0.6509087085723877, 0.6188397407531738, 0.6801633834838867, 0.509763777256012, 0.7001872062683105, 0.6353648900985718, 0.64485764503479, 0.689588189125061, 0.58990079164505, 0.7242705821990967, 0.48304325342178345, 0.6028634309768677, 0.6506720781326294, 0.18450123071670532, 0.45365744829177856, 0.5841383934020996, 0.6634082198143005, 0.6396037340164185, 0.5817216038703918, 0.40911221504211426, 0.7018325328826904, 0.730210542678833, 0.6904509663581848, 0.18940621614456177, 0.5765867829322815, 0.5639246106147766, 0.626713752746582, 0.18777158856391907, 0.6253821849822998, 0.47334980964660645, 0.614875316619873, 0.6774169206619263, 0.6646804213523865, 0.7032421231269836, 0.662959635257721, 0.8117807507514954, 0.5798200964927673, 0.6125743389129639, 0.20374377071857452, 0.7134044170379639, 0.5654811859130859, 0.6315085291862488, 0.6137806177139282, 0.5582461953163147, 0.626916229724884, 0.6472655534744263, 0.24110156297683716, 0.8187677264213562, 0.5893220901489258, 0.6596225500106812, 0.5149667859077454, 0.5981941223144531, 0.6923129558563232, 0.7203938364982605, 0.22561341524124146, 0.6626294255256653, 0.5394359827041626, 0.6192536354064941, 0.7583504915237427, 0.5354893207550049, -0.2623758316040039, 0.5916392803192139, -0.04454132542014122, 0.6312609314918518, 0.0997394397854805, 0.8109250068664551, 0.6497267484664917, 0.6495906114578247, 0.5927348136901855, 0.5050071477890015, 0.35961148142814636, 0.6297723054885864, 0.625235915184021, 0.5923484563827515, 0.38584351539611816, 0.7011327743530273, 0.5350011587142944, 0.652087390422821, 0.5344195365905762, 0.6132962703704834, 0.7254291772842407, 0.36854949593544006, 0.6989588141441345, 0.6402226686477661, 0.5917574167251587, 0.7291140556335449, 0.5530608296394348, 0.28463175892829895, 0.6108685731887817, 0.38719630241394043, 0.5542861223220825, 0.4082576036453247, 0.6587837934494019, 0.5804963111877441, 0.5567210912704468, 0.5835193395614624, 0.44147366285324097, 0.5968075394630432, 0.7827544808387756, 0.5262978076934814, 0.1789729744195938, 0.5990052223205566, 0.6499674320220947, 0.5990694165229797, 0.563366174697876, -0.14536653459072113, 0.596677839756012, 0.6794924736022949, 0.3771633505821228, 0.5259485840797424, 0.6275467276573181, 0.6623227596282959, 0.6468058824539185, 0.4622826874256134, 0.716589093208313, 0.6941012144088745, 0.6192933320999146, 0.6316516399383545, 0.6619544625282288, 0.5896378755569458, 0.5236080884933472, 0.6784335374832153, 0.1664235144853592, 0.5798019170761108, 0.723533034324646, 0.6144803762435913, 0.6325068473815918, 0.5682151913642883, 0.5285278558731079, 0.5023008584976196, 0.4561707079410553, 0.6715859770774841, 0.653105616569519, 0.641654372215271, 0.5584157705307007, 0.6651506423950195, 0.6695941686630249, 0.42771926522254944, 0.6612232327461243, 0.3629782497882843, 0.5711826086044312, 0.7694462537765503, 0.7827178239822388, 0.6279864311218262, 0.5298410654067993, 0.7086047530174255, 0.7798100709915161, 0.6964741945266724, 0.2302754521369934, 0.32585376501083374, 0.23880290985107422, 0.4173923432826996, 0.4794112741947174, 0.35314732789993286, 0.24286912381649017, 0.6238799095153809, 0.45041829347610474, 0.19094392657279968, 0.29060688614845276, 0.6925449967384338, 0.4088018536567688, 0.26842355728149414, 0.39701440930366516, 0.3078378140926361, -0.19033882021903992, 0.22038884460926056, 0.27338477969169617, 0.5105989575386047, 0.30731627345085144, 0.6600182056427002, 0.35770922899246216, 0.2363262176513672, 0.41266968846321106, -0.05329687520861626, 0.30256959795951843, 0.3175194263458252, 0.5920395851135254, 0.27281031012535095, 0.247765451669693, 0.3992776870727539, 0.766916036605835, 0.3830501437187195, 0.6886489391326904, 0.660852313041687, 0.32940322160720825, 0.34901583194732666, 0.3125408887863159, 0.28688862919807434, 0.29297903180122375, 0.631405770778656, 0.4535720646381378, 0.3825794458389282, 0.3573225140571594, 0.269727498292923, 0.2318568229675293, 0.15131086111068726, 0.2524958550930023, 0.1949044167995453, 0.2486248016357422, 0.2573740780353546, 0.41613882780075073, 0.612925112247467, 0.35439133644104004, 0.2845962643623352, 0.2387111634016037, 0.6503380537033081, 0.3235248625278473, 0.6726014614105225, 0.27762529253959656, 0.1339205652475357, 0.22302991151809692, 0.5839238166809082, 0.42775124311447144, 0.5943570137023926, 0.7164036631584167, 0.29805052280426025, 0.17938268184661865, 0.8116111159324646, 0.439517080783844, 0.5040112137794495, 0.38266271352767944, 0.5239741206169128, 0.7716552019119263, 0.6937094926834106, -0.108465775847435, 0.4389815032482147, 0.4724063277244568, 0.37610283493995667, 0.4431905448436737, 0.6224991083145142, 0.5260075330734253, 0.5110219717025757, 0.057930342853069305, 0.15880107879638672, 0.2734678387641907, 0.25810912251472473, 0.20768782496452332, 0.2839234471321106, 0.49859392642974854, 0.3098347783088684, 0.3108918070793152, 0.3437264561653137, 0.37541040778160095, 0.2534424066543579, 0.6685608625411987, 0.2398144155740738, 0.45237982273101807, 0.27280133962631226, 0.7028071284294128, 0.5504485368728638, 0.4122755229473114, 0.5263791084289551, 0.6133589744567871, 0.5051541328430176, 0.5818190574645996, 0.42525339126586914, 0.549811065196991, 0.6295502185821533, 0.7419149875640869, 0.6041600704193115, 0.6064491271972656, 0.6517053842544556, -0.018074899911880493, 0.740630567073822, 0.5894646644592285, 0.7212612628936768, 0.5377365350723267, 0.6271182298660278, 0.5457811951637268, 0.6388095617294312, 0.6537126302719116, 0.5521525144577026, -0.23067666590213776, -0.1683465987443924, 0.5358324646949768, 0.619044303894043, -0.25260040163993835, 0.6996731758117676, 0.6043220162391663, 0.6670318245887756, 0.6075199842453003, 0.6499875783920288, 0.5418235063552856, 0.37185877561569214, 0.6896042227745056, 0.5276244878768921, 0.687780499458313, 0.5845944881439209, 0.633315920829773, 0.18463407456874847, 0.6739335060119629, 0.5715293884277344, 0.6030959486961365, 0.5592648386955261, 0.6156579256057739, 0.6004019379615784, 0.7200158834457397, 0.7160484790802002, 0.7190467119216919, 0.5597623586654663, 0.6470285654067993, 0.6116482019424438, 0.5458389520645142, 0.7280808687210083, 0.6748018264770508, 0.6512937545776367, 0.7733761072158813, 0.591780424118042, -0.28618770837783813, 0.6797547340393066, 0.6261980533599854, 0.46407437324523926, 0.5860358476638794, 0.6340200304985046, 0.6056944131851196, 0.6114662885665894, 0.6526983380317688, 0.5176753997802734, 0.5832253694534302, 0.6849874258041382, 0.519615113735199, 0.6178542375564575, 0.6128865480422974, 0.6148731708526611, 0.5547031164169312, 0.40121954679489136, 0.302999883890152, 0.5866564512252808, 0.5984748005867004, 0.5838293433189392, 0.5649616718292236, 0.6403276920318604, 0.4318661093711853, 0.7599760293960571, -0.22908329963684082, 0.7281132936477661, 0.49560612440109253, 0.6654835939407349, 0.5297495126724243, 0.7274252772331238, 0.7811189889907837, 0.6209348440170288, 0.571794867515564, 0.5766871571540833, 0.5446807146072388, 0.7029988765716553, -0.027478722855448723, 0.7194492816925049, 0.3340817987918854, 0.3897736072540283, 0.6198481917381287, 0.5372502207756042, 0.3747188448905945, 0.5283939838409424, 0.4337833523750305, 0.6822125911712646, 0.49068135023117065, 0.47603049874305725, 0.5290656089782715, 0.35778719186782837, 0.5288783311843872, 0.5814903974533081, 0.5260782837867737, 0.6377871632575989, 0.345486581325531, 0.38025397062301636, 0.16408836841583252, 0.19864904880523682, -0.050325971096754074, 0.31786084175109863, 0.34557533264160156, 0.47890496253967285, 0.36049431562423706, 0.2843334674835205, 0.04467448592185974, 0.281235009431839, 0.5965750813484192, 0.31705614924430847, 0.3995157480239868, 0.5146275758743286, 0.4452776312828064, 0.35745149850845337, 0.45706310868263245, 0.5534284710884094, 0.24465572834014893, 0.6964431405067444, 0.3845282196998596, 0.44709500670433044, 0.2410900741815567, 0.3473392724990845, 0.2592003643512726, 0.4515460729598999, 0.48562246561050415, 0.38370460271835327, 0.141332745552063, -0.1386219561100006, 0.6199371814727783, 0.6526085138320923, 0.3269748091697693, 0.3658374547958374, -0.2068934589624405, 0.48798972368240356, 0.27821028232574463, 0.4345335066318512, 0.4921090006828308, 0.12323415279388428, 0.6617832183837891, 0.5266754627227783, 0.3908877968788147, 0.7548127174377441, 0.24698764085769653, 0.40793901681900024, 0.5165947675704956, 0.036581844091415405, 0.5327067375183105, 0.5379356741905212, 0.3601645231246948, 0.04407976567745209, 0.5351579189300537, 0.3061618208885193, 0.5392825603485107, 0.43925249576568604, 0.5700329542160034, 0.5433816313743591, 0.3547767698764801, 0.3338495194911957, -0.23588013648986816, 0.2991490960121155, 0.5520297288894653, 0.46094608306884766, 0.08028998970985413, 0.28918978571891785, 0.3886253237724304, 0.5358433723449707, 0.44322776794433594, 0.5160195827484131, -0.18660567700862885, 0.5402389764785767, 0.4106263518333435, 0.4221489727497101, 0.6630343198776245, 0.4466758668422699, 0.674186110496521, 0.3960057497024536, 0.5560750365257263, 0.33582279086112976, 0.6244080066680908, 0.5255010724067688, 0.7983357906341553, 0.5573782324790955, 0.6159173250198364, -0.2501944899559021, 0.6164174675941467, 0.5681635141372681, 0.6071203351020813, 0.5780561566352844, 0.5368829965591431, 0.520042896270752, 0.6952459812164307, 0.6158114671707153, 0.6975080370903015, 0.6705634593963623, 0.7393721342086792, 0.6617668271064758, 0.7514128684997559, 0.7506670951843262, 0.6720154285430908, 0.6463937759399414, 0.6698020100593567, 0.634380042552948, 0.6189612746238708, 0.5097718238830566, 0.7099244594573975, 0.5643774271011353, 0.5771885514259338, 0.7048203945159912, 0.6466439962387085, 0.4963162839412689, 0.6736267805099487, 0.6323508024215698, 0.5368157029151917, 0.650100588798523, 0.5584514141082764, 0.609961748123169, 0.6930249333381653, 0.6931269764900208, 0.43574413657188416, 0.7668135166168213, 0.7067779302597046, 0.7468472123146057, 0.653458297252655, 0.47416701912879944, 0.720512330532074, 0.7644327878952026, 0.5823473334312439, -0.17155137658119202, 0.6988317370414734, 0.6196248531341553, 0.5643597841262817, 0.86986243724823, 0.6194515824317932, 0.7377620935440063, 0.6156249046325684, 0.7767864465713501, 0.7409377098083496, 0.6977089643478394, 0.643753707408905, 0.5290620923042297, 0.5114641189575195, 0.5495384931564331, 0.5029788017272949, 0.6365795731544495, 0.551498293876648, 0.4416652321815491, 0.5045139789581299, 0.593974232673645, 0.6399444341659546, 0.6926519274711609, 0.41584667563438416, 0.6216661334037781, 0.6858233213424683, 0.6038033962249756, 0.5977513790130615, 0.6888487339019775, 0.6151821613311768, 0.4767032265663147, 0.6543270349502563, 0.7117587327957153, 0.7389452457427979, 0.7180958390235901, 0.6844482421875, 0.7027860879898071, 0.614673376083374, 0.6195034384727478, 0.4075080454349518, 0.6022281646728516, 0.6566581130027771, 0.6884893178939819, 0.6676707863807678, 0.6548026204109192, 0.6367112994194031, 0.8608728647232056, 0.6442760229110718, 0.7023881673812866, 0.6093149185180664, 0.5401018857955933, 0.5750161409378052, 0.678615927696228, 0.6152423620223999, 0.6411443948745728, 0.49321848154067993, 0.7098784446716309, 0.6473345756530762, 0.6742607951164246, 0.4463537931442261, 0.5906942486763, 0.39080458879470825, 0.6261225342750549, 0.5022658109664917, 0.685660183429718, 0.6336581110954285, 0.585178017616272, 0.6646469235420227, 0.7208124399185181, 0.6100738048553467, 0.763242781162262, 0.2479555904865265, 0.5680662393569946, 0.6023277044296265, 0.5909129977226257, 0.6002827882766724, 0.3209231495857239, 0.7375802397727966, 0.5406827926635742, 0.7670856714248657, 0.4124876856803894, 0.5801050066947937, 0.6311211585998535, 0.7239770889282227, 0.8033438324928284, 0.5864951014518738, 0.7594797611236572, 0.6680781245231628, 0.7001884579658508, 0.735235869884491, 0.6143306493759155, 0.5284651517868042, 0.7026688456535339, 0.7218002080917358, 0.7422719597816467, 0.20246531069278717, 0.6927487850189209, 0.4906824231147766, 0.6776160001754761, 0.440408319234848, 0.515788197517395, 0.655623197555542, 0.7039308547973633, 0.5195388793945312, 0.6944935321807861, 0.7600198984146118, 0.7272170186042786, 0.8004989624023438, 0.4979039430618286, 0.6401945948600769, 0.5289174318313599, 0.6195728778839111, 0.5112560391426086, 0.5156758427619934, 0.6105676889419556, 0.5861639976501465, 0.8076938986778259, 0.6100429892539978, 0.5455331206321716, 0.5651374459266663, 0.6195650100708008, 0.5552082657814026, 0.486330509185791, 0.7689917087554932, 0.6365948915481567, 0.617224931716919, 0.8336046934127808, 0.6392786502838135, 0.5605189204216003, 0.658405601978302, 0.18293172121047974, 0.7063742876052856, 0.6930673122406006, 0.551986038684845, 0.6415418386459351, 0.6407520771026611, 0.5363356471061707, 0.5628036260604858, 0.6611545085906982, 0.6556458473205566, 0.5622946619987488, 0.7419841289520264, 0.5662087202072144, 0.6691033840179443, 0.6396564841270447, 0.5407180190086365, 0.6239572763442993, 0.7315220236778259, 0.26041990518569946, 0.6941103935241699, 0.6623293161392212, 0.6824660301208496, 0.5830966234207153, 0.6923149228096008, 0.8210832476615906, 0.5486116409301758, 0.6484141945838928, 0.7270921468734741, 0.7856965065002441, 0.7898432016372681, 0.7655762434005737, 0.8076736927032471, 0.6733298301696777, 0.6191997528076172, 0.7773470878601074, 0.454151451587677, 0.5284491777420044, 0.6117445826530457, 0.7302415370941162, 0.5264716744422913, 0.5809109210968018, 0.6648591756820679, 0.6237525343894958, 0.7432541847229004, 0.6674825549125671, 0.6822912693023682, 0.7160954475402832, 0.6599224209785461, 0.6741860508918762, 0.6817618608474731, 0.7679978609085083, 0.7687901258468628, 0.6271108388900757, 0.7005410194396973, 0.6760300397872925, 0.6642348766326904, 0.7499016523361206, 0.7572118043899536, 0.7074041962623596, 0.7598690986633301, 0.6362127661705017, 0.7350901961326599, 0.7594490051269531, 0.7983391284942627, 0.7857739329338074, 0.6250573992729187, 0.6959044337272644, 0.7437270879745483, 0.6018283367156982, 0.6709247827529907, 0.699048638343811, 0.6230900883674622, 0.33201566338539124, 0.7174211740493774, 0.6334741115570068, 0.019099920988082886, 0.5926456451416016, 0.7344251871109009, 0.6981018781661987, 0.7011038661003113, 0.7441287040710449, 0.741100013256073, 0.4796808362007141, 0.7859364748001099, 0.7515743970870972, 0.6297206282615662, 0.5567561388015747, 0.6974807977676392, 0.764087438583374, 0.4860226809978485, 0.616308331489563, 0.7670683264732361, 0.6884902715682983, 0.5215922594070435, 0.6008328199386597, 0.7344644069671631, 0.7015291452407837, 0.7702779769897461, 0.663433849811554, 0.19509640336036682, 0.582586407661438, 0.8484960794448853, 0.7895138263702393, 0.7725907564163208, 0.6915613412857056, 0.7690868973731995, 0.5825967788696289, 0.7410943508148193, 0.6881057024002075, 0.429105669260025, 0.34251540899276733, 0.7131301164627075, 0.7312831282615662, 0.35619819164276123, 0.5554474592208862, 0.7259060144424438, 0.7048684358596802, 0.611240804195404, 0.713314414024353, 0.7312434911727905, 0.6324201822280884, 0.6230332851409912, 0.5948081016540527, 0.6115561127662659, 0.7380585074424744, 0.7188345193862915, 0.7788417339324951, 0.6109066009521484, 0.3864609897136688, 0.26540157198905945, -0.10260830819606781, 0.6541426181793213, 0.6365731954574585, 0.7077258825302124, 0.696367084980011, 0.5441765189170837, 0.6681432723999023, 0.5580359101295471, 0.7882941961288452, 0.7220386266708374, 0.7709133625030518, 0.7047699689865112, 0.6647578477859497, 0.5297529697418213, 0.6300293207168579, 0.5653225779533386, 0.7418322563171387, 0.7137726545333862, 0.6033568382263184, 0.5715623497962952, 0.7738077640533447, 0.8309834003448486, 0.6277034282684326, 0.6567633152008057, 0.6696431040763855, 0.592595100402832, 0.7251726388931274, 0.6333919763565063, 0.690944254398346, 0.7467561960220337, 0.7035675048828125, 0.4286658465862274, 0.561963677406311, 0.6906882524490356, 0.8228622674942017, 0.6564995050430298, 0.7688059210777283, 0.7649226188659668, 0.6977517604827881, 0.7045419812202454, 0.6367847919464111, 0.7695051431655884, 0.7240244150161743, 0.7025458812713623, 0.44449949264526367, 0.7376209497451782, 0.7326709032058716, 0.6817945837974548, 0.6185952425003052, 0.7253552675247192, 0.7023519277572632, 0.6306222677230835, 0.7574055194854736, 0.7557073831558228, 0.7248482704162598, 0.7696241736412048, 0.6821846961975098, 0.5441516041755676, 0.7285217046737671, 0.7737323641777039, 0.7825438976287842, 0.6216912865638733, 0.5858501195907593, 0.726584255695343, 0.8390159606933594, 0.6406120657920837, 0.6931253671646118, 0.33065563440322876, 0.783421516418457, 0.5617531538009644, 0.2995697855949402, 0.3006918430328369, 0.8547570705413818, 0.7353137731552124, 0.7219140529632568, 0.6764426827430725, 0.5278332829475403, 0.6726541519165039, 0.6760890483856201, 0.6278578042984009, 0.4786563217639923, 0.6483533382415771, 0.7402762174606323, 0.7563790082931519, 0.33822521567344666, 0.6427135467529297, 0.7020703554153442, 0.5917773246765137, 0.7753567099571228, 0.8648312091827393, 0.5718122720718384, 0.5299814939498901, 0.5176209211349487, 0.7271877527236938, 0.7155164480209351, 0.511056661605835, 0.5399875044822693, 0.4604599177837372, 0.6538333296775818, 0.5318734049797058, 0.5877116918563843, 0.6486421823501587, 0.6663919687271118, 0.4715718626976013, 0.7741414904594421, 0.7273926138877869, 0.6852797269821167, 0.65919029712677, 0.617145299911499, 0.770679235458374, 0.682410717010498, 0.6081854104995728, 0.6816413402557373, 0.7129815816879272, 0.6179752349853516, 0.6612426042556763, 0.8274452090263367, 0.7944847345352173, 0.8459945321083069, 0.6464576125144958, 0.5376827716827393, 0.6914126873016357, 0.756357729434967, 0.6201568841934204, -0.060269832611083984, 0.6750363111495972, 0.5721665620803833, 0.6721470355987549, 0.7855411767959595, 0.7725926637649536, 0.7282720804214478, 0.5609056949615479, 0.6696805953979492, 0.46713098883628845, 0.7785214185714722, 0.6333938837051392, 0.7558509111404419, 0.5877119302749634, 0.5435555577278137, 0.8008725643157959, 0.6366167664527893, 0.5613934397697449, 0.5910238027572632, 0.22953152656555176, 0.7624269723892212, 0.7045811414718628, 0.6458187699317932, 0.6801494359970093, 0.758380651473999, 0.792549729347229, 0.6918851733207703, 0.4025198221206665, -0.42263245582580566, 0.6243832111358643, 0.6807085275650024, 0.6554833650588989, 0.7298593521118164, 0.6294336318969727, 0.6079496145248413, 0.663506805896759, 0.6526230573654175, 0.6562293767929077, 0.6135876774787903, 0.6618742942810059, 0.6353130340576172, 0.5930994749069214, 0.5497167110443115, 0.7184165716171265, 0.6596483588218689, 0.7747185826301575, 0.7118214964866638, 0.7328452467918396, 0.6772252321243286, 0.6741336584091187, 0.6607089042663574, 0.6424859166145325, 0.6507679224014282, 0.6584556102752686, 0.7301301956176758, 0.7551552057266235, -0.04883919283747673, 0.6394238471984863, 0.6203800439834595, 0.7244876623153687, 0.784994900226593, 0.5973594188690186, 0.72586989402771, 0.7389752864837646, 0.7941510677337646, 0.6119800209999084, 0.8310518264770508, 0.6190645694732666, 0.8491998910903931, 0.6073027849197388, 0.5995520353317261, 0.14514122903347015, -0.13377581536769867, 0.492337167263031, 0.5946090221405029, 0.21284905076026917, 0.5585330128669739, 0.6123775243759155, 0.30822670459747314, 0.4857822358608246, 0.5311729907989502, 0.5491145849227905, 0.5378071069717407, 0.6368149518966675, 0.41770485043525696, -0.17785245180130005, 0.44175511598587036, 0.5139546394348145, 0.6658070087432861, 0.5817153453826904, 0.3797115385532379, 0.553434431552887, 0.5577871799468994, 0.6049495935440063, 0.567295491695404, 0.5876830816268921, 0.2840120196342468, 0.577080249786377, 0.48846757411956787, 0.3483833074569702, 0.5626777410507202, 0.4267045259475708, 0.6498866081237793, 0.5640619993209839, 0.2703137993812561, 0.5814163088798523, 0.5277276039123535, 0.5717790126800537, 0.48609107732772827, 0.16619035601615906, 0.26505783200263977, 0.09419260919094086, 0.5422919988632202, 0.5152806043624878, 0.2423449605703354, 0.479269415140152, 0.6693605184555054, 0.1442684680223465, 0.5260235667228699, -0.09763689339160919, 0.5243675708770752, 0.47827601432800293, 0.4256409704685211, 0.5580057501792908, 0.3801918625831604, 0.3265863358974457, 0.5681474804878235, 0.3570229411125183, 0.4473796486854553, 0.5340344905853271, 0.37461018562316895, 0.40551161766052246, 0.4597283601760864, 0.5535875558853149, 0.32753148674964905, 0.4537678360939026, 0.020051468163728714, 0.7502205967903137, -0.4606286883354187, 0.4592136740684509, 0.19885988533496857, 0.4946210980415344, 0.4651169776916504, 0.584209680557251, 0.7704873085021973, 0.5343871116638184, 0.5493985414505005, 0.24499937891960144, 0.479375422000885, 0.4394600987434387, 0.24503213167190552, -0.05806417763233185, 0.6071840524673462, 0.4797741174697876, 0.6385142803192139, 0.12291610240936279, 0.4467319846153259, 0.33376002311706543, 0.31381818652153015, 0.5468658804893494, 0.2601122260093689, 0.7342367172241211, 0.5315322875976562, 0.3581993579864502, 0.5414304733276367, 0.7222495079040527, 0.5018448829650879, -0.25751984119415283, 0.4659793972969055, 0.6142889261245728, 0.684750497341156, 0.6659332513809204, 0.7845615148544312, 0.59012770652771, 0.7296692132949829, 0.6178674697875977, 0.34233149886131287, 0.7345536947250366, 0.45110514760017395, 0.6759217977523804, 0.6803925037384033, 0.8016042709350586, 0.7100393772125244, 0.7325103282928467, 0.6849128007888794, 0.6803356409072876, 0.6204773187637329, 0.7537495493888855, 0.24064412713050842, 0.6908805966377258, 0.3498760461807251, 0.3108172118663788, 0.5664637684822083, 0.6985453367233276, 0.6655799150466919, 0.5960434675216675, 0.7056660652160645, 0.6820827722549438, 0.7404663562774658, 0.6964203119277954, 0.6351659297943115, 0.4891270399093628, 0.7916408777236938, 0.6980608701705933, 0.8409683704376221, 0.3641631305217743, 0.6539744138717651, 0.4982869327068329, 0.6332230567932129, 0.4221498370170593, 0.8123667240142822, 0.6276848316192627, 0.587408185005188, 0.7324813008308411, 0.125046044588089, 0.7688407897949219, 0.7259743809700012, 0.7868657112121582, 0.6696839332580566, 0.5331348776817322, 0.15923020243644714, 0.7428597211837769, 0.7410094738006592, 0.760722279548645, 0.7504431009292603, 0.8046845197677612, 0.6532508730888367, 0.4429903030395508, 0.6584397554397583, 0.5457399487495422, 0.5881710648536682, 0.635891318321228, 0.7051295042037964, 0.5761407613754272, 0.5268401503562927, 0.6779224276542664, 0.5706387758255005, 0.6415769457817078, 0.6727950572967529, 0.634695291519165, 0.7058598399162292, 0.7115029096603394, 0.7294949293136597, 0.7278276681900024, 0.6483030319213867, 0.5927221775054932, 0.5954152345657349, 0.5695300102233887, 0.8328665494918823, 0.6865914463996887, 0.6864293813705444, 0.48984092473983765, 0.4589388966560364, 0.7906385660171509, 0.5662997364997864, 0.24404585361480713, 0.6537973284721375, 0.257598876953125, 0.5317442417144775, 0.4633171856403351, 0.7350087761878967, 0.7771547436714172, 0.6634215116500854, 0.5652605295181274, 0.728520393371582, 0.6938605904579163, 0.7697193622589111, 0.5780140161514282, 0.8203428983688354, 0.6129753589630127, 0.6646740436553955, 0.5217565298080444, 0.7751007080078125, 0.6586506366729736, 0.7696691751480103, 0.8057603240013123, 0.6880732774734497, 0.6799287796020508, 0.6624983549118042, 0.8304877281188965, 0.7527275085449219, 0.7654388546943665, 0.7480155229568481, 0.6315057277679443, 0.11163783818483353, 0.7099666595458984, 0.7094858288764954, 0.6741710901260376, 0.49764305353164673, 0.7383632659912109, 0.648868203163147, 0.7446321845054626, -0.46858590841293335, 0.7034769058227539, 0.19448181986808777, 0.7057384252548218, 0.6341933012008667, 0.7886914610862732, 0.5625317692756653, 0.8109277486801147, 0.526526153087616, -0.2991091012954712, 0.6657474637031555, 0.5908958315849304, 0.2628645896911621, 0.5549162030220032, -0.2773725986480713, 0.6158180236816406, 0.6653763055801392, 0.7092165946960449, 0.6014282703399658, 0.6777254343032837, 0.6611982583999634, 0.7649590373039246, 0.6491643786430359, 0.5688647627830505, 0.6720818281173706, 0.668480634689331, 0.6108563542366028, 0.6185296773910522, 0.7931654453277588, 0.6637924909591675, 0.6782675981521606, 0.6830960512161255, 0.7935152053833008, -0.01567889377474785, 0.8160666823387146, 0.5349950790405273, -0.17164912819862366, 0.6070908308029175, 0.6155608892440796, 0.6785173416137695, 0.6286259889602661, 0.5090965032577515, -0.1430591642856598, 0.41939038038253784, 0.7067197561264038, 0.6418493986129761, 0.568236231803894, -0.3273342549800873, 0.7542487382888794, 0.603167712688446, 0.5728816390037537, 0.600689172744751, 0.7335617542266846, 0.7059117555618286, 0.7124403715133667, 0.6828246116638184, 0.6503515243530273, -0.2761579751968384, 0.5826690196990967, 0.5270400047302246, 0.7970356941223145, -0.33035123348236084, 0.6483412981033325, 0.7576775550842285, 0.6155193448066711, 0.6309143304824829, 0.5970633029937744, 0.685283899307251, 0.5992084741592407, 0.5324163436889648, 0.6377723217010498, 0.6430928707122803, -0.17329558730125427, 0.6627999544143677, 0.02979079633951187, 0.7394423484802246, 0.707325279712677, 0.7457613945007324, 0.605674684047699, 0.5522599816322327, 0.6671052575111389, 0.8083972930908203, 0.7352962493896484, 0.3918509781360626, 0.6120547652244568, 0.5928947925567627, 0.7579391002655029, 0.5747599005699158, 0.5910677909851074, 0.4045254588127136, 0.5200605988502502, 0.6194522380828857, 0.25612255930900574, 0.5744129419326782, 0.17371205985546112, 0.6542627215385437, 0.6021820306777954, 0.727287769317627, 0.6857686638832092, 0.5716982483863831, 0.7127844095230103, 0.5683671236038208, 0.6342078447341919, 0.6809554100036621, 0.5881414413452148, 0.7010063529014587, 0.4103809595108032, 0.5882620811462402, 0.6104094982147217, 0.5794494152069092, 0.7533180117607117, 0.7219184637069702, 0.7045838236808777, 0.7836858034133911, 0.7236838340759277, 0.6602129936218262, 0.7829995155334473, 0.7507092356681824, 0.6492310762405396, 0.7552571296691895, 0.5470125675201416, 0.7666958570480347, 0.8471928834915161, -0.1881888210773468, 0.770879864692688, 0.6567926406860352, 0.7408016920089722, 0.6683733463287354, 0.6713547706604004, 0.5502294301986694, 0.7261698246002197, 0.7935348153114319, 0.5771597623825073, 0.6378859281539917, 0.5072208642959595, 0.7667977809906006, 0.6066650748252869, 0.6612855792045593, 0.7749820351600647, 0.6380447149276733, 0.7048527598381042, 0.5933932065963745, 0.6744004487991333, 0.8926995396614075, 0.6761777997016907, 0.4334954023361206, 0.8147273063659668, 0.5789318680763245, 0.6752809882164001, -0.08876122534275055, 0.6830576658248901, 0.5993178486824036, 0.6402125358581543, 0.3267221450805664, 0.744881272315979, 0.6741063594818115, 0.6981673240661621, 0.19736267626285553, 0.6961228847503662, 0.6637821197509766, 0.8311228156089783, 0.46363139152526855, 0.7639216184616089, 0.6389135122299194, 0.7505459189414978, 0.6967101693153381, 0.6811562180519104, 0.7824695110321045, 0.6868350505828857, 0.6152833104133606, 0.7327330112457275, 0.6512901186943054, 0.7017200589179993, 0.699275016784668, 0.45314711332321167, 0.5241284370422363, 0.6553289890289307]
