sample name: ['Cc1ccc(CCNC(=O)NCCc2csc(N3CCCC3)n2)c(C)c1']
atom_index,distance,cosine_similarity
0,0.4509918212890625,-0.03581723392009735
1,-3.159730224609375,0.3223920910805464
2,-2.6257666015625,0.27969390705227853
3,-2.1459716796875,0.2698812942579389
4,-0.38421875,0.01944013498723507
5,-0.4854638671875,0.030645694956183432
6,0.1516998291015625,-0.014518189281225204
7,0.59587890625,-0.08204407930374145
8,-3.005631103515625,0.27479137647897006
9,0.365172119140625,-0.027196387574076653
10,-0.454215087890625,0.06967915259301663
11,-0.225086669921875,0.02940739832818508
12,-1.30516845703125,0.15075023882091046
13,-0.5666448974609375,0.07207161273807287
14,0.50682373046875,-0.06411844793707132
15,-1.0013824462890626,0.11685209298506379
16,-1.68873291015625,0.17722448982298375
17,1.1631085205078124,-0.11707406520843505
18,0.7665460205078125,-0.08217570945620536
19,0.8110736083984375,-0.09022477254271508
20,-1.9194439697265624,0.19663607098162175

Sum of phi values for distance
-14.156162109375
Sum of phi values for cosine similarity
1.4962966698594395
Average distance random samples:
7.742457927862803
Average cosine similarity random samples:
0.5631540634163789
Distances random samples
[6.358615398406982, 14.837913513183594, 3.946267604827881, 5.503807544708252, 3.9418962001800537, 2.5830254554748535, 4.553310394287109, 6.679263591766357, 10.011590003967285, 17.48870277404785, 4.612882137298584, 3.8668031692504883, 6.181308746337891, 5.5105061531066895, 6.167186737060547, 7.7222185134887695, 16.06345558166504, 5.295339584350586, 17.391063690185547, 5.476352691650391, 4.1106858253479, 6.661888122558594, 5.408413410186768, 5.754769325256348, 4.5993757247924805, 5.528863906860352, 5.2786149978637695, 4.107100009918213, 6.321088790893555, 6.709432601928711, 6.019373893737793, 4.4534807205200195, 5.212568759918213, 5.934119701385498, 6.159791469573975, 5.833954811096191, 10.453237533569336, 5.195252895355225, 6.209761619567871, 4.9278564453125, 6.228466987609863, 5.955185413360596, 4.417158126831055, 14.403058052062988, 5.952457427978516, 5.666416645050049, 11.037408828735352, 6.6065497398376465, 6.117590427398682, 5.935022830963135, 5.45621919631958, 5.515437602996826, 10.704188346862793, 16.52614402770996, 6.349611759185791, 6.494041442871094, 5.226359844207764, 6.310383319854736, 4.102612495422363, 5.941357135772705, 5.996184349060059, 11.031651496887207, 6.093019008636475, 8.8388671875, 5.386687755584717, 4.901803493499756, 10.373377799987793, 11.038111686706543, 5.662086009979248, 6.795776844024658, 6.079805374145508, 6.0371623039245605, 5.468410968780518, 5.9123992919921875, 4.842809200286865, 5.03073787689209, 9.561283111572266, 10.271435737609863, 6.154789447784424, 5.651851177215576, 3.651520013809204, 6.566816329956055, 10.515191078186035, 6.341672420501709, 11.180144309997559, 5.24098539352417, 5.62438440322876, 6.365110397338867, 4.398686408996582, 4.965521812438965, 4.5109992027282715, 10.08415412902832, 6.463704586029053, 10.303634643554688, 9.065596580505371, 6.0466628074646, 4.475226879119873, 6.383418083190918, 11.030436515808105, 6.422394275665283, 5.694040298461914, 5.050850868225098, 5.7204909324646, 10.045564651489258, 9.086295127868652, 15.807021141052246, 10.857394218444824, 10.25917911529541, 9.30569076538086, 9.688288688659668, 18.156944274902344, 9.156067848205566, 5.840747833251953, 9.616923332214355, 6.420840263366699, 14.064386367797852, 10.690922737121582, 11.003445625305176, 18.17707061767578, 8.221307754516602, 10.087121963500977, 8.037483215332031, 9.973282814025879, 12.38674545288086, 5.88814115524292, 14.11840534210205, 5.6830878257751465, 9.426814079284668, 9.141031265258789, 10.60220718383789, 5.275671005249023, 9.701604843139648, 10.225080490112305, 9.953282356262207, 11.171906471252441, 10.909906387329102, 9.919853210449219, 7.043490409851074, 10.50735855102539, 9.692116737365723, 8.891788482666016, 17.19009780883789, 10.580513954162598, 17.82610511779785, 10.707084655761719, 9.557897567749023, 8.45203685760498, 16.279951095581055, 9.576104164123535, 8.907899856567383, 13.597418785095215, 10.018645286560059, 6.2231011390686035, 10.406702995300293, 10.6181001663208, 6.272968769073486, 9.416069030761719, 15.419602394104004, 16.884140014648438, 9.651348114013672, 9.695462226867676, 6.130694389343262, 10.185187339782715, 10.008590698242188, 18.018659591674805, 12.706186294555664, 10.325864791870117, 15.286490440368652, 9.83912181854248, 9.790185928344727, 15.882878303527832, 9.361833572387695, 10.69505500793457, 10.438752174377441, 10.564203262329102, 8.498124122619629, 5.459682941436768, 5.2037434577941895, 5.023382186889648, 5.682215690612793, 8.524211883544922, 5.965396881103516, 5.671867370605469, 16.609821319580078, 13.468440055847168, 5.910987377166748, 16.730802536010742, 15.737367630004883, 9.956891059875488, 10.262090682983398, 10.042238235473633, 5.802396297454834, 9.712450981140137, 9.433452606201172, 9.802484512329102, 3.888474225997925, 10.036365509033203, 9.991079330444336, 11.15817928314209, 10.32085132598877, 9.715193748474121, 14.085946083068848, 10.335148811340332, 10.801315307617188, 8.414710998535156, 4.1352996826171875, 6.288422584533691, 10.135610580444336, 15.215410232543945, 10.62338638305664, 9.848343849182129, 9.316696166992188, 10.433588981628418, 5.915589332580566, 10.550394058227539, 11.500086784362793, 9.389381408691406, 15.088958740234375, 9.713109016418457, 7.927244186401367, 10.461564064025879, 5.029026985168457, 5.376431465148926, 8.84478759765625, 6.47070837020874, 6.5004963874816895, 8.251872062683105, 4.996181964874268, 10.851998329162598, 5.891716480255127, 15.190092086791992, 4.722296237945557, 10.175071716308594, 9.12118911743164, 9.552705764770508, 8.725907325744629, 10.999481201171875, 6.51781702041626, 16.61516571044922, 16.627641677856445, 6.493881702423096, 16.729354858398438, 14.812003135681152, 8.480924606323242, 5.9590840339660645, 11.482959747314453, 9.983880043029785, 8.33876895904541, 16.50912094116211, 10.747791290283203, 9.213908195495605, 10.935523986816406, 7.302723407745361, 10.534143447875977, 9.568593978881836, 14.062627792358398, 9.332941055297852, 10.967913627624512, 9.386940002441406, 11.087815284729004, 5.985662937164307, 7.122781276702881, 17.056501388549805, 6.775489807128906, 9.76725959777832, 10.753440856933594, 10.750276565551758, 9.675148010253906, 4.860269546508789, 6.084794521331787, 11.15160846710205, 10.30638313293457, 10.138349533081055, 15.338119506835938, 6.484584331512451, 10.718478202819824, 9.607660293579102, 9.947305679321289, 5.658242702484131, 6.624684810638428, 7.610067367553711, 10.271926879882812, 6.09584379196167, 11.037442207336426, 14.295073509216309, 7.113506317138672, 9.81098461151123, 11.456096649169922, 6.619956970214844, 11.49058723449707, 15.366260528564453, 6.063004493713379, 7.8167009353637695, 10.370416641235352, 9.027091979980469, 7.928136348724365, 9.89356803894043, 5.291066646575928, 3.7261016368865967, 11.481084823608398, 16.59021759033203, 15.62686538696289, 12.76468276977539, 3.9654300212860107, 6.11899471282959, 5.652764797210693, 5.21255350112915, 14.968748092651367, 4.887683391571045, 7.818370819091797, 12.303175926208496, 14.497573852539062, 5.5833740234375, 8.929903030395508, 17.39307975769043, 5.008904933929443, 14.201092720031738, 14.162281036376953, 13.233471870422363, 14.119365692138672, 13.436585426330566, 14.662187576293945, 5.166475772857666, 5.364442825317383, 15.452430725097656, 4.460541725158691, 3.915398120880127, 6.250782489776611, 7.960475921630859, 14.320320129394531, 5.814486980438232, 17.98930549621582, 11.165522575378418, 4.531435012817383, 5.132479190826416, 4.577643394470215, 5.82972526550293, 8.069432258605957, 14.638141632080078, 11.399152755737305, 17.587804794311523, 3.8249728679656982, 5.263904094696045, 17.658992767333984, 5.102417945861816, 6.8309102058410645, 5.768387317657471, 5.334502220153809, 6.653759956359863, 14.71241569519043, 14.127132415771484, 9.952593803405762, 3.996170997619629, 8.908868789672852, 14.29627513885498, 16.05122947692871, 5.245909214019775, 7.533626079559326, 2.0546274185180664, 7.870044231414795, 9.283670425415039, 9.457831382751465, 6.084766387939453, 6.692273139953613, 5.681398391723633, 17.318540573120117, 11.868595123291016, 14.527900695800781, 5.179443359375, 6.2584614753723145, 8.611309051513672, 13.510773658752441, 16.15590476989746, 9.905941009521484, 3.6752912998199463, 12.592931747436523, 5.235510349273682, 5.784731388092041, 9.838050842285156, 14.50912857055664, 9.585230827331543, 7.061788558959961, 6.190912246704102, 6.364471912384033, 16.196062088012695, 4.595448017120361, 13.711860656738281, 10.17566967010498, 6.337311267852783, 6.482667922973633, 5.0285797119140625, 7.452712535858154, 14.911653518676758, 9.785161972045898, 6.060602188110352, 4.2477850914001465, 6.140289306640625, 9.081076622009277, 4.158921241760254, 5.547970771789551, 5.205226898193359, 6.549283027648926, 6.763339519500732, 5.089615821838379, 6.870118618011475, 6.5926618576049805, 7.126553058624268, 6.345876693725586, 10.154598236083984, 5.59901237487793, 5.986732006072998, 5.878030300140381, 11.171159744262695, 5.2814412117004395, 5.333594799041748, 12.174627304077148, 7.428561687469482, 4.904361724853516, 8.280305862426758, 12.073039054870605, 8.969926834106445, 13.181755065917969, 4.9865875244140625, 5.257109642028809, 12.380754470825195, 7.409547328948975, 10.992257118225098, 10.843238830566406, 6.86354923248291, 5.358414173126221, 6.680973529815674, 10.225918769836426, 4.794192314147949, 6.810693740844727, 7.2087883949279785, 5.270087718963623, 6.1346354484558105, 6.035565376281738, 6.437775611877441, 9.58128833770752, 8.8091459274292, 10.70205020904541, 8.937896728515625, 5.054597854614258, 7.666220188140869, 5.030327320098877, 13.01623821258545, 7.035576820373535, 8.392707824707031, 11.171626091003418, 5.681490421295166, 13.856620788574219, 5.8102335929870605, 14.39278793334961, 6.174797534942627, 9.905695915222168, 5.666021347045898, 8.797584533691406, 14.441296577453613, 5.990758419036865, 5.471529006958008, 4.368879795074463, 4.586446762084961, 9.347840309143066, 8.660048484802246, 5.625409126281738, 6.1576995849609375, 7.44221305847168, 11.430121421813965, 5.337832927703857, 6.143681049346924, 5.144041061401367, 10.361907958984375, 8.44428825378418, 5.078320503234863, 6.717472076416016, 5.3463873863220215, 6.388816833496094, 8.455545425415039, 7.794709205627441, 7.35178804397583, 13.328420639038086, 5.045421123504639, 5.458990097045898, 5.59069299697876, 5.464834213256836, 5.881028175354004, 8.342428207397461, 6.495201587677002, 7.156772136688232, 5.699960708618164, 8.779258728027344, 6.67200231552124, 11.434368133544922, 5.364144802093506, 9.702753067016602, 6.561945915222168, 7.173961639404297, 8.11925220489502, 9.043975830078125, 6.209414958953857, 9.13463306427002, 8.496729850769043, 6.143808364868164, 5.978715896606445, 5.726380825042725, 14.188688278198242, 5.507473945617676, 6.0904693603515625, 5.594130039215088, 12.215849876403809, 7.969594478607178, 6.795987129211426, 8.874378204345703, 6.410529136657715, 10.21618366241455, 7.209836483001709, 5.770864486694336, 6.160840034484863, 6.316221237182617, 6.490528106689453, 6.125328063964844, 6.796666145324707, 7.49744987487793, 11.658605575561523, 9.125192642211914, 9.974242210388184, 4.289910316467285, 9.600505828857422, 6.352644443511963, 5.320094585418701, 9.176210403442383, 5.977729797363281, 9.402873992919922, 9.1161527633667, 11.423028945922852, 8.161469459533691, 10.984334945678711, 10.306254386901855, 6.672892093658447, 10.963908195495605, 4.539862632751465, 6.76093864440918, 4.949438095092773, 5.581276893615723, 5.8052077293396, 8.171056747436523, 10.6006498336792, 5.797585487365723, 5.5423197746276855, 6.793344020843506, 5.541471004486084, 6.453603267669678, 6.4899492263793945, 9.101534843444824, 7.524329662322998, 9.499646186828613, 5.598268985748291, 17.19377899169922, 6.722723007202148, 7.223613739013672, 5.370107650756836, 15.240727424621582, 6.2398152351379395, 6.086886882781982, 6.086258411407471, 5.445187091827393, 3.9510817527770996, 10.651642799377441, 5.910773277282715, 9.209485054016113, 4.992771148681641, 5.990659236907959, 4.201299667358398, 4.228079319000244, 10.515325546264648, 5.016247749328613, 4.605654716491699, 5.223647117614746, 9.992179870605469, 9.807692527770996, 5.9795122146606445, 9.429882049560547, 8.990019798278809, 5.401628494262695, 8.32469367980957, 5.004112720489502, 12.234375953674316, 8.481440544128418, 4.299439907073975, 6.405155181884766, 4.776086807250977, 7.773242950439453, 5.336440086364746, 4.129286766052246, 9.531538009643555, 5.098553657531738, 4.6594953536987305, 6.191764831542969, 6.108643054962158, 5.215417861938477, 5.188797473907471, 6.295923709869385, 5.995018482208252, 5.423146724700928, 5.028295516967773, 8.552109718322754, 4.63803768157959, 6.3471360206604, 4.3638014793396, 6.134676456451416, 9.886686325073242, 5.359373092651367, 4.865273952484131, 5.005859375, 4.5868682861328125, 7.718688488006592, 5.281965255737305, 6.088371276855469, 4.6697587966918945, 5.456212997436523, 9.623900413513184, 6.349132537841797, 8.795013427734375, 7.056604862213135, 3.221895694732666, 2.4055280685424805, 17.60129165649414, 5.256168842315674, 8.36976146697998, 6.0333709716796875, 6.837887763977051, 16.71675682067871, 4.617880821228027, 10.531798362731934, 5.506235122680664, 4.036804676055908, 4.1872429847717285, 5.222376823425293, 9.046723365783691, 4.7592997550964355, 4.565014362335205, 8.182684898376465, 5.478842735290527, 5.400609970092773, 5.55781364440918, 4.403216361999512, 6.311647415161133, 5.736238956451416, 4.487586975097656, 5.708549499511719, 8.311848640441895, 10.137893676757812, 5.498545169830322, 6.131787300109863, 6.1396894454956055, 5.317638874053955, 5.574106216430664, 15.349809646606445, 4.429508686065674, 5.9605560302734375, 5.772212505340576, 14.849374771118164, 9.574448585510254, 6.130041599273682, 5.447239875793457, 4.874587535858154, 6.830354690551758, 8.287516593933105, 5.271539211273193, 5.478376388549805, 16.109825134277344, 4.747672080993652, 9.006536483764648, 6.621011734008789, 4.171457290649414, 5.27462911605835, 8.891669273376465, 5.57465124130249, 5.81500768661499, 6.304896831512451, 10.028349876403809, 6.534390449523926, 6.233428478240967, 7.372908592224121, 5.410533428192139, 6.084596157073975, 5.23430871963501, 4.9902238845825195, 5.867471218109131, 5.705084323883057, 5.544285297393799, 5.756316184997559, 4.227073669433594, 3.4545204639434814, 4.8876471519470215, 10.088693618774414, 6.139235973358154, 5.361286640167236, 6.063955307006836, 9.321539878845215, 5.2264814376831055, 10.19035816192627, 8.342637062072754, 6.033209800720215, 4.638926029205322, 4.4819135665893555, 6.528369426727295, 5.1800432205200195, 10.570671081542969, 5.601419448852539, 4.997076511383057, 5.036900997161865, 5.654353141784668, 5.138427734375, 6.349853992462158, 4.75299072265625, 4.106674671173096, 5.975438594818115, 5.0282111167907715, 5.456493377685547, 4.848721027374268, 5.158046245574951, 9.438584327697754, 5.214820384979248, 5.494304180145264, 5.347926139831543, 5.4392852783203125, 6.712090015411377, 5.453639507293701, 5.102824687957764, 5.511919975280762, 7.655224323272705, 4.7241621017456055, 6.178461074829102, 6.349698543548584, 3.211379051208496, 4.6767706871032715, 4.639223098754883, 4.518213272094727, 5.894806861877441, 5.953535556793213, 4.705425262451172, 6.391908645629883, 5.152387619018555, 4.688529014587402, 9.086507797241211, 7.06743860244751, 9.845810890197754, 5.588472366333008, 4.271508693695068, 9.267823219299316, 6.662869930267334, 5.525033473968506, 9.592970848083496, 6.126357078552246, 10.244915008544922, 5.1495184898376465, 2.20369291305542, 5.1681036949157715, 6.349958419799805, 3.739586591720581, 7.752910614013672, 5.683819770812988, 5.042338848114014, 4.483364105224609, 8.248531341552734, 4.851963520050049, 6.702426910400391, 6.9788103103637695, 4.973692893981934, 5.457039833068848, 4.932113170623779, 5.582089424133301, 7.777344226837158, 9.131185531616211, 15.531736373901367, 6.155812740325928, 5.8142266273498535, 6.081114768981934, 5.696812152862549, 5.2271647453308105, 5.86446475982666, 6.3231201171875, 7.50906229019165, 11.274755477905273, 4.478965759277344, 6.53619909286499, 6.196794509887695, 6.550539016723633, 5.481112957000732, 4.707112789154053, 8.391517639160156, 6.1051926612854, 4.539233207702637, 5.223031520843506, 3.786698579788208, 5.4076313972473145, 5.909575462341309, 4.672806262969971, 14.05445671081543, 10.407031059265137, 8.46369457244873, 5.047102451324463, 9.460098266601562, 13.522978782653809, 5.570503234863281, 11.40972900390625, 7.701021194458008, 3.9908103942871094, 8.907408714294434, 6.099969387054443, 9.538022994995117, 9.315204620361328, 14.543449401855469, 8.07796573638916, 9.88121509552002, 15.832172393798828, 12.662351608276367, 8.49779224395752, 6.7218852043151855, 6.657122611999512, 9.307645797729492, 13.967182159423828, 5.580484390258789, 10.922470092773438, 5.654748439788818, 8.859893798828125, 12.377676963806152, 7.422552108764648, 8.910243034362793, 9.927444458007812, 12.373955726623535, 5.182633876800537, 6.647456169128418, 10.903069496154785, 8.576323509216309, 6.782670974731445, 8.964882850646973, 5.7954888343811035, 6.553002834320068, 8.675872802734375, 7.047352313995361, 4.39982795715332, 14.334380149841309, 6.17970609664917, 4.145074367523193, 14.56242561340332, 11.139808654785156, 8.076379776000977, 6.849523067474365, 9.762100219726562, 4.639052391052246, 9.679174423217773, 7.8893303871154785, 14.65322208404541, 10.903809547424316, 11.761140823364258, 4.813666820526123, 8.997302055358887, 11.382166862487793, 15.404078483581543, 12.629085540771484, 6.7150421142578125, 9.003959655761719, 10.460092544555664, 11.073614120483398, 8.929359436035156, 7.681947231292725, 7.247042655944824, 17.029224395751953, 13.023275375366211, 7.2039475440979, 10.148982048034668, 9.331887245178223, 9.362091064453125, 11.454946517944336, 8.975752830505371, 6.115180969238281, 8.480639457702637, 5.236761093139648, 11.424278259277344, 9.26073169708252, 11.286595344543457, 5.134047031402588, 8.272668838500977, 14.62455940246582, 8.688708305358887, 10.111268043518066, 17.422962188720703, 5.26792573928833, 13.388215065002441, 12.133176803588867, 10.22350788116455, 11.114728927612305, 5.184116840362549, 9.380768775939941, 5.781044006347656, 11.427170753479004, 5.455316543579102, 7.906156063079834, 5.649868011474609, 4.837147235870361, 9.667284965515137, 11.178274154663086, 3.2441225051879883, 11.66339111328125, 6.0687174797058105, 5.298654079437256, 5.927408695220947, 4.748172283172607, 4.780183792114258, 4.931216716766357, 16.210926055908203, 6.50526237487793, 4.727206230163574, 6.280935287475586, 10.137360572814941, 4.358822822570801, 6.471969127655029, 4.52614688873291, 4.2363972663879395, 4.848419666290283, 5.112456321716309, 5.957155704498291, 5.994030952453613, 5.865243911743164, 5.570550441741943, 10.87069320678711, 5.891139984130859, 5.095253944396973, 6.058693885803223, 7.954532146453857, 11.393889427185059, 6.916459560394287, 4.704020977020264, 6.57316255569458, 11.390852928161621, 4.497537612915039, 4.439539909362793, 5.704031944274902, 7.08139705657959, 5.353963375091553, 7.947451114654541, 8.797602653503418, 6.70162296295166, 4.626855373382568, 4.163818836212158, 5.051103591918945, 17.858598709106445, 9.92786979675293, 2.7104995250701904, 6.817235469818115, 15.600933074951172, 11.566389083862305, 12.725631713867188, 13.298627853393555, 6.168345928192139, 7.895264625549316, 9.834925651550293, 8.28931999206543, 5.247876167297363, 5.8708624839782715, 6.568397521972656, 6.479136943817139, 6.322509288787842, 16.539302825927734, 5.4016289710998535, 4.228819847106934, 4.4287590980529785, 6.245937824249268, 7.565178871154785, 8.778349876403809, 4.608639240264893, 4.802958965301514, 10.956789016723633, 5.637327671051025, 16.590015411376953, 16.39000129699707, 10.333130836486816, 4.700652122497559, 5.376217842102051, 5.902831077575684, 2.3786427974700928, 6.822666168212891, 17.030986785888672, 3.8764185905456543, 5.8854146003723145, 12.790070533752441, 5.583492279052734, 6.574066638946533, 6.219151020050049, 6.438065528869629, 10.0860013961792, 6.396673202514648, 5.493110656738281, 5.080299377441406, 7.07053804397583, 5.584867477416992, 10.075112342834473, 5.433742523193359, 5.718416690826416, 6.035853862762451, 6.285207748413086, 6.913414478302002, 10.1314058303833, 13.359149932861328, 5.4894280433654785, 4.2531046867370605, 5.665892124176025, 5.229000091552734, 4.464552879333496, 10.382984161376953, 4.075098037719727, 5.418321132659912, 5.580160140991211, 11.37080192565918, 14.158076286315918, 5.747014045715332, 15.143905639648438, 13.596142768859863, 14.755620956420898, 6.6638617515563965, 6.070892333984375, 15.73332405090332, 11.144171714782715, 4.527163982391357, 6.846504211425781, 4.8643975257873535, 5.797645092010498, 4.912520408630371, 3.9477124214172363, 16.521751403808594, 9.920778274536133, 5.41351318359375, 9.625466346740723, 11.976144790649414, 10.18720531463623, 5.355754852294922, 6.225142002105713, 5.822320461273193, 5.602549076080322, 10.954545974731445, 5.324127197265625, 5.935243606567383, 4.950050354003906, 5.629758358001709, 6.592437267303467, 10.48727798461914, 6.508358001708984, 4.96064567565918, 6.106083393096924, 5.673417091369629, 7.007319927215576, 10.347412109375, 14.799513816833496, 4.884363651275635, 6.052332401275635, 11.677739143371582, 4.779327869415283, 9.70536994934082, 13.230894088745117, 4.53206729888916, 9.662962913513184, 6.5879645347595215, 4.25964879989624, 11.81330394744873, 6.098430156707764, 3.6971096992492676, 5.067511081695557, 4.735363483428955, 5.292119979858398, 6.456775665283203, 9.015137672424316, 5.9870500564575195, 6.538703918457031, 5.516016960144043, 5.349219799041748, 5.546804904937744, 5.848655700683594, 6.160906791687012, 3.1339621543884277, 13.2760591506958, 6.4332756996154785, 5.818851947784424, 5.468062877655029, 4.238343238830566, 5.3197503089904785, 15.632176399230957, 15.36840534210205, 5.668428897857666, 5.2425031661987305, 11.401313781738281, 6.051767826080322, 4.506168842315674, 5.0078887939453125, 6.797577381134033, 14.080411911010742, 13.140918731689453, 5.654200553894043, 10.394953727722168, 6.7268476486206055, 5.112523555755615, 6.718530178070068, 5.6287713050842285, 10.436624526977539, 4.413099765777588, 10.917984962463379, 8.943587303161621, 11.646519660949707, 5.826182842254639, 10.21540641784668, 5.152123928070068, 6.518815040588379, 17.559825897216797, 4.409447193145752, 5.358610153198242, 8.478135108947754, 5.163512229919434, 5.726407051086426, 5.255100727081299, 3.3473587036132812, 11.305768966674805, 5.373079299926758, 3.934072971343994, 6.896341323852539, 9.000171661376953, 5.204803943634033, 5.465578556060791, 10.619324684143066, 5.14808464050293, 12.131028175354004, 5.627748012542725, 5.900084495544434, 5.9035797119140625, 4.468959331512451, 4.012088298797607, 9.689117431640625, 4.471184730529785, 6.161932468414307, 8.700716018676758, 5.712364196777344, 11.547052383422852, 15.198007583618164, 6.352295398712158, 2.2247490882873535, 6.132918834686279, 4.656874179840088, 9.669259071350098, 10.853235244750977, 5.762110233306885, 5.533307075500488, 5.450598239898682, 5.271167278289795, 6.320539951324463, 10.438751220703125, 9.743186950683594, 6.019604206085205, 5.528336524963379, 9.676202774047852, 9.28470516204834, 6.3495097160339355, 4.944222450256348, 10.801941871643066, 4.318191051483154, 5.864080905914307, 7.1985063552856445, 5.283125400543213, 5.478140830993652, 14.56299114227295, 8.389735221862793, 10.695780754089355, 16.309568405151367, 6.603146076202393, 4.885882377624512, 9.260872840881348, 6.2779741287231445, 5.42023229598999, 6.7568535804748535, 11.985552787780762, 5.948488235473633, 5.56464147567749, 6.202067852020264, 6.573753356933594, 6.271175384521484, 4.878889083862305, 5.014761447906494, 3.453580856323242, 5.539675712585449, 6.80064582824707, 5.737666130065918, 5.069233417510986, 8.681344032287598, 10.646471977233887, 6.249623775482178, 6.6439290046691895, 5.325502395629883, 4.930736541748047, 5.630064487457275, 3.812652111053467, 9.116767883300781, 8.216498374938965, 2.780519962310791, 3.7808456420898438, 5.835757255554199, 11.732498168945312, 4.431623458862305, 10.985919952392578, 6.182206153869629, 7.66342306137085, 4.651721954345703, 9.782233238220215, 5.523769378662109, 9.803328514099121, 18.34077262878418, 5.23003625869751, 5.776291847229004, 11.413567543029785, 6.605592727661133, 15.563725471496582, 6.653671741485596, 9.132010459899902, 11.030269622802734, 16.386749267578125, 5.43827486038208, 6.614595413208008, 10.582249641418457, 17.128503799438477, 6.426560878753662, 6.066129684448242, 5.6188740730285645, 5.777886867523193, 5.313262462615967, 17.78212547302246, 5.8421525955200195, 11.779864311218262, 6.3629045486450195, 17.765478134155273, 13.107332229614258, 9.939387321472168, 10.570646286010742, 5.87375020980835, 8.61380672454834, 6.13186502456665, 4.472710132598877, 8.306985855102539, 5.274972438812256, 4.690799236297607, 5.848299503326416, 9.584545135498047, 8.503972053527832, 4.807633876800537, 4.72089147567749, 7.030579566955566, 4.904082298278809, 6.647578716278076, 10.795719146728516, 4.4146504402160645, 14.02058219909668, 6.333209991455078, 6.569104194641113, 5.016517162322998, 5.358408451080322, 4.791816711425781, 9.225078582763672, 5.080273151397705, 4.3305983543396, 14.525871276855469, 6.547987461090088, 4.39963436126709, 18.065940856933594, 4.842318058013916, 13.833163261413574, 6.801313877105713, 5.51363468170166, 10.813448905944824, 5.7851128578186035, 14.022823333740234, 10.430773735046387, 5.570424556732178, 5.82295560836792, 14.605890274047852, 5.552908420562744, 6.049163818359375, 7.606359481811523, 11.04107666015625, 5.682113170623779, 5.566512584686279, 6.4113969802856445, 10.774340629577637, 6.033870220184326, 3.4378814697265625, 5.712357521057129, 4.608869552612305, 5.41154670715332, 15.573092460632324, 6.536762237548828, 5.601794242858887, 5.843041896820068, 4.9266815185546875, 11.07773494720459, 2.9138669967651367, 14.389936447143555, 4.671426773071289, 6.956218242645264, 4.888739109039307, 6.078961372375488, 6.699540615081787, 5.273921966552734, 5.958823204040527, 8.946998596191406, 17.819290161132812, 4.720143795013428, 6.138155937194824, 7.275791645050049, 11.693646430969238, 11.272163391113281, 13.379926681518555, 6.58491849899292, 15.884198188781738, 7.132503032684326, 5.95925235748291, 7.094161033630371, 5.488296031951904, 7.20106315612793, 7.47321891784668, 4.944910526275635, 9.986753463745117, 17.192026138305664, 6.977999687194824, 5.4454426765441895, 6.512947082519531, 18.56224822998047, 5.768213272094727, 5.32026481628418, 4.689725399017334, 5.978736400604248, 14.75102710723877, 5.539039134979248, 6.108392715454102, 6.147767543792725, 9.431453704833984, 17.801006317138672, 5.814947605133057, 6.714714050292969, 5.783821105957031, 3.8758230209350586, 7.658344268798828, 6.561982154846191, 15.036089897155762, 6.172236442565918, 9.581411361694336, 6.785695552825928, 6.5326056480407715, 8.204141616821289, 9.378375053405762, 4.375854969024658, 3.701720714569092, 5.982977390289307, 5.470106601715088, 6.593751907348633, 5.25459623336792, 4.038641929626465, 5.636953830718994, 11.319578170776367, 5.2961883544921875, 11.443442344665527, 19.136581420898438, 5.635705471038818, 4.991438388824463, 14.58057975769043, 6.282530784606934, 5.054616928100586, 3.489506959915161, 5.923749923706055, 5.182506561279297, 4.033478260040283, 5.896360397338867, 5.604876518249512, 5.008660316467285, 2.84037184715271, 5.837818145751953, 5.747278213500977, 15.16700267791748, 8.328193664550781, 9.792304992675781, 14.38718318939209, 14.739461898803711, 5.768014430999756, 5.078458309173584, 10.62983512878418, 13.500502586364746, 5.459451198577881, 10.69361400604248, 7.405803680419922, 13.160301208496094, 11.253171920776367, 3.813994884490967, 5.732804298400879, 4.402028560638428, 5.566386699676514, 6.082047462463379, 8.162489891052246, 5.296992301940918, 6.51042366027832, 6.894037246704102, 9.547213554382324, 13.4334077835083, 5.765841960906982, 8.80090045928955, 4.996544361114502, 12.648515701293945, 9.137988090515137, 5.878451824188232, 6.024496078491211, 5.852159023284912, 3.49531888961792, 7.606130123138428, 5.540131568908691, 5.568551063537598, 5.807865142822266, 6.531652450561523, 4.958621025085449, 4.554879665374756, 6.079059600830078, 4.951119899749756, 9.782086372375488, 5.317895412445068, 6.146472454071045, 5.4750285148620605, 5.011758327484131, 12.211432456970215, 10.710029602050781, 4.679388523101807, 3.4990694522857666, 5.4840569496154785, 6.360106945037842, 3.5781872272491455, 5.16187858581543, 6.120528697967529, 12.671751022338867, 6.284042835235596, 5.338866710662842, 13.859294891357422, 6.430204391479492, 9.832273483276367, 6.132968902587891, 6.462802410125732, 4.745112895965576, 4.7560014724731445, 6.396178722381592, 12.191667556762695, 9.885622024536133, 15.007248878479004, 10.62334156036377, 11.513399124145508, 8.150313377380371, 9.679543495178223, 6.213414192199707, 18.085203170776367, 8.698171615600586, 6.393331527709961, 6.05264139175415, 5.461151599884033, 6.459904193878174, 3.9422683715820312, 6.228306293487549, 9.501925468444824, 11.425808906555176, 6.434471130371094, 12.191197395324707, 5.7773661613464355, 5.298368453979492, 9.260245323181152, 5.348308563232422, 6.268827438354492, 4.920858860015869, 7.8838210105896, 5.696508407592773, 5.437636852264404, 11.354619026184082, 4.648120403289795, 6.825100421905518, 5.015910625457764, 5.145086288452148, 12.240320205688477, 6.831422328948975, 5.073395252227783, 5.181786060333252, 4.416089057922363, 5.785124778747559, 6.054513454437256, 4.825758457183838, 9.649181365966797, 9.373231887817383, 3.6326375007629395, 11.329757690429688, 6.095312118530273, 5.26529598236084, 4.084754467010498, 11.784947395324707, 5.678987503051758, 17.137088775634766, 5.850945472717285, 12.746137619018555, 5.923680782318115, 10.727282524108887, 4.86063814163208, 16.98141860961914, 8.80534839630127, 9.694172859191895, 5.012735843658447, 10.20666217803955, 4.414514064788818, 11.585272789001465, 9.960472106933594, 5.106581687927246, 9.969185829162598, 5.155301094055176, 11.552488327026367, 4.559201240539551, 6.151018142700195, 3.630448579788208, 6.269637584686279, 6.96496057510376, 11.169726371765137, 7.6350226402282715, 8.711227416992188, 6.129190921783447, 14.912848472595215, 6.198797702789307, 4.731489181518555, 9.555143356323242, 4.8495965003967285, 5.489009857177734, 11.299332618713379, 7.0117950439453125, 5.438362121582031, 5.273880958557129, 6.915813446044922, 15.537766456604004, 9.93785572052002, 12.023404121398926, 8.97049331665039, 5.164958953857422, 5.643310070037842, 11.329739570617676, 5.078866004943848, 5.7241435050964355, 5.881585121154785, 4.092957496643066, 8.206975936889648, 4.857753753662109, 11.016992568969727, 5.4208550453186035, 5.4720964431762695, 9.28662395477295, 9.56396198272705, 10.73039436340332, 4.440250873565674, 7.838498592376709, 4.279439926147461, 4.825066566467285, 11.022812843322754, 10.346009254455566, 5.023837089538574, 10.130362510681152, 7.223929405212402, 5.611811637878418, 5.781064033508301, 11.421921730041504, 12.1878080368042, 8.688183784484863, 11.771822929382324, 9.707749366760254, 17.038053512573242, 5.731949329376221, 5.291656970977783, 2.208204984664917, 6.429953098297119, 6.348703384399414, 6.74272346496582, 11.461535453796387, 5.048839092254639, 8.45217227935791, 10.926127433776855, 5.148141860961914, 12.632301330566406, 6.972437858581543, 4.306051254272461, 10.874659538269043, 17.89264488220215, 6.8079094886779785, 10.205324172973633, 6.389501571655273, 6.321441650390625, 5.80693244934082, 16.89988136291504, 11.817619323730469, 11.824747085571289, 16.2381534576416, 3.868454694747925, 3.8482956886291504, 11.259225845336914, 6.41271448135376, 5.105957508087158, 6.900336265563965, 5.916661262512207, 7.577714443206787, 9.160760879516602, 6.288681983947754, 5.690717697143555, 4.545403957366943, 4.648102283477783, 11.163287162780762, 11.256468772888184, 7.893438339233398, 4.8268938064575195, 5.572978496551514, 6.98825740814209, 11.42405891418457, 5.922383785247803, 5.995143413543701, 5.78674840927124, 6.754790306091309, 5.258347034454346, 5.166302680969238, 6.086872100830078, 6.997719764709473, 5.317244052886963, 11.314077377319336, 12.013503074645996, 3.656247138977051, 12.531725883483887, 9.430482864379883, 5.74623441696167, 4.296451568603516, 10.900079727172852, 5.490612983703613, 10.41092586517334, 10.708113670349121, 9.78393268585205, 9.59906005859375, 5.26116943359375, 9.830122947692871, 9.986201286315918, 5.218653678894043, 3.357391595840454, 9.075433731079102, 9.864853858947754, 5.649292945861816, 10.655915260314941, 7.652182579040527, 11.303081512451172, 5.678188800811768, 12.07675838470459, 5.299391269683838, 8.709619522094727, 4.806239604949951, 6.271644592285156, 5.845158576965332, 6.276175498962402, 11.961727142333984, 5.40484619140625, 5.730047225952148, 5.752536296844482, 14.625753402709961, 9.134892463684082, 5.333399772644043, 4.485507965087891, 10.58973503112793, 6.546897888183594, 8.239070892333984, 5.933274269104004, 10.923163414001465, 11.677534103393555, 10.561521530151367, 10.965073585510254, 6.429020404815674, 5.55055570602417, 6.351293563842773, 6.153597354888916, 6.0554118156433105, 4.081448078155518, 10.307694435119629, 6.054439067840576, 15.573362350463867, 5.255566120147705, 5.5544633865356445, 11.445779800415039, 11.091731071472168, 11.195110321044922, 11.533409118652344, 6.464204788208008, 10.137431144714355, 10.84480094909668, 11.79054069519043, 8.414548873901367, 10.546751022338867, 9.719329833984375, 6.179003715515137, 5.650877952575684, 5.6875433921813965, 4.958916664123535, 7.677907943725586, 5.14689826965332, 5.756415367126465, 6.176372528076172, 7.564235687255859, 9.33791732788086, 10.00649356842041, 6.774654388427734, 6.048406600952148, 5.803682804107666, 5.42805814743042, 6.670632362365723, 4.7606072425842285, 7.201232433319092, 5.554430961608887, 5.734959602355957, 4.454062461853027, 6.124792575836182, 12.484732627868652, 5.941198348999023, 5.477519512176514, 5.637208461761475, 6.494112014770508, 8.468587875366211, 5.3954997062683105, 5.17205810546875, 6.638420104980469, 4.368962287902832, 10.13074016571045, 11.513744354248047, 7.49240779876709, 4.692047595977783, 5.708517551422119, 11.033257484436035, 5.600136756896973, 9.613521575927734, 6.741574764251709, 4.840090751647949, 5.73129415512085, 6.286028861999512, 5.061409950256348, 4.764279365539551, 6.121883869171143, 5.523731231689453, 16.938770294189453, 3.605454444885254, 7.0191216468811035, 5.360689163208008, 6.546016216278076, 7.585598945617676, 5.808391094207764, 5.011167049407959, 3.5487682819366455, 6.311465740203857, 11.378778457641602, 6.194057941436768, 5.712233543395996, 6.498956203460693, 6.521860599517822, 8.208847045898438, 6.264101982116699, 3.4043710231781006, 4.843237400054932, 5.661539077758789, 9.434182167053223, 9.766216278076172, 4.873175144195557, 9.475889205932617, 6.508697509765625, 10.10695743560791, 5.7578606605529785, 7.9170002937316895, 5.598277568817139, 5.736624717712402, 4.379388332366943, 4.659964084625244, 6.166156768798828, 5.937215805053711, 9.698713302612305, 6.194742202758789, 6.2266716957092285, 6.962528228759766, 5.323728084564209, 6.3938307762146, 4.688893795013428, 4.713037967681885, 5.013108253479004, 7.189370632171631, 5.579944133758545, 6.22275972366333, 6.702523708343506, 9.59332275390625, 6.976174354553223, 5.144972801208496, 7.004221439361572, 4.773349761962891, 6.267359256744385, 5.9498419761657715, 5.731991767883301, 5.157286167144775, 5.538460731506348, 4.114884853363037, 5.141685485839844, 5.547815799713135, 4.895414352416992, 5.877357006072998, 9.618470191955566, 5.29522180557251, 9.887834548950195, 4.065734386444092, 5.712113857269287, 6.089103698730469, 5.667107105255127, 10.902273178100586, 5.213130950927734, 6.58309268951416, 5.566960334777832, 5.610783100128174, 5.347989559173584, 10.950173377990723, 5.754660606384277, 6.284677505493164, 4.418139457702637, 6.509669303894043, 6.301712512969971, 6.273523330688477, 9.739643096923828, 10.652915954589844, 9.027332305908203, 6.140931129455566, 5.579575061798096, 5.561644554138184, 4.391035556793213, 10.597901344299316, 5.797196865081787, 5.938005447387695, 5.1126017570495605, 4.536041736602783, 5.869089603424072, 8.098434448242188, 5.687540054321289, 4.702769756317139, 10.503185272216797, 9.51048469543457, 4.407115459442139, 5.259979248046875, 3.0929417610168457, 5.2417216300964355, 4.926728248596191, 6.139566421508789, 6.9243364334106445, 5.069554328918457, 6.451174259185791, 5.711265563964844, 6.795623779296875, 5.595859050750732, 5.202561378479004, 7.094388484954834, 3.989609479904175, 5.879623889923096, 5.367553234100342, 9.827495574951172, 6.775715351104736, 5.2905683517456055, 8.8035249710083, 5.971106052398682, 5.779993534088135, 8.631702423095703, 6.068680763244629, 5.317010879516602, 6.490337371826172, 11.265629768371582, 6.385653018951416, 5.859128952026367, 5.56937313079834, 6.4071784019470215, 4.673844814300537, 5.483839511871338, 6.874846458435059, 5.464081764221191, 13.82800006866455, 4.495540142059326, 7.773104190826416, 5.038581848144531, 9.74608039855957, 6.0944108963012695, 6.3333353996276855, 6.56293249130249, 5.928584575653076, 9.286131858825684, 17.107418060302734, 4.516542911529541, 5.364378452301025, 5.224138259887695, 5.61576509475708, 11.102665901184082, 5.069234848022461, 5.835198402404785, 6.294692039489746, 10.82136344909668, 9.728654861450195, 5.491593837738037, 4.435682773590088, 4.409878730773926, 7.739185333251953, 4.902444839477539, 5.1505045890808105, 5.910762310028076, 7.5804266929626465, 6.315527439117432, 6.448347568511963, 17.641727447509766, 6.202951431274414, 11.559381484985352, 6.023312568664551, 5.847925186157227, 5.123852729797363, 6.471354961395264, 5.222883224487305, 5.349480628967285, 5.98047399520874, 13.835994720458984, 5.171694278717041, 10.641895294189453, 4.834665298461914, 4.786458969116211, 5.3899126052856445, 9.853043556213379, 9.82596492767334, 6.925675392150879, 5.736964225769043, 5.209163188934326, 4.770599365234375, 5.524359703063965, 6.206608295440674, 5.2682623863220215, 4.289423942565918, 6.555300712585449, 6.44767951965332, 5.633864402770996, 7.450526237487793, 5.686942100524902, 6.165071964263916, 6.557721138000488, 4.9731926918029785, 6.244494915008545, 10.735198020935059, 6.587602138519287, 5.506612777709961, 4.779934883117676, 5.665287971496582, 5.540158748626709, 5.69606876373291, 5.905271530151367, 5.943601131439209, 4.562520503997803, 6.3716511726379395, 4.455486297607422, 7.237771034240723, 5.600699424743652, 7.500524997711182, 5.105722427368164, 5.647841930389404, 6.70795202255249, 6.308824062347412, 5.257073879241943, 4.558332920074463, 6.969269275665283, 4.5972371101379395, 4.959366321563721, 4.208587169647217, 5.246819972991943, 4.4499406814575195, 6.153420448303223, 9.947017669677734, 4.272176742553711, 6.16784143447876, 3.8629069328308105, 4.992550373077393, 5.128656387329102, 5.651041030883789, 14.886153221130371, 9.759649276733398, 5.9370551109313965, 10.731319427490234, 4.3362579345703125, 4.688183307647705, 6.3094305992126465, 5.591164588928223, 5.04326868057251, 5.16963529586792, 6.797273635864258, 14.612757682800293, 4.351119041442871, 5.861372470855713, 6.046304225921631, 7.246776580810547, 4.973846435546875, 12.484397888183594, 6.610194683074951, 4.987280368804932, 7.386973857879639, 6.240694522857666, 6.735857963562012, 10.475306510925293, 6.66054630279541, 7.220853805541992, 11.18936824798584, 8.510943412780762, 6.674778461456299, 5.967101573944092, 10.459884643554688, 6.40927267074585, 14.305244445800781, 5.557556629180908, 8.563919067382812, 10.95609188079834, 6.296234130859375, 9.679452896118164, 8.853073120117188, 10.454157829284668, 6.533371448516846, 8.919209480285645, 6.3256025314331055, 10.270973205566406, 9.671334266662598, 15.424992561340332, 9.796828269958496, 7.52267599105835, 8.180874824523926, 8.159375190734863, 6.097387790679932, 6.701047897338867, 6.650014400482178, 8.755693435668945, 10.519017219543457, 5.885234355926514, 10.656623840332031, 7.417179107666016, 14.286846160888672, 9.592198371887207, 7.214158535003662, 4.320549011230469, 7.0867919921875, 8.051094055175781, 16.573909759521484, 5.739280700683594, 9.096871376037598, 10.330830574035645, 5.082295894622803, 4.125635147094727, 5.664703845977783, 5.494405269622803, 5.568863391876221, 11.080873489379883, 6.867855072021484, 9.443875312805176, 7.209200859069824, 10.374368667602539, 6.081714630126953, 5.976343154907227, 5.5848164558410645, 17.352304458618164, 5.9111480712890625, 10.95608901977539, 10.221632957458496, 9.768150329589844, 10.513725280761719, 13.788371086120605, 6.309569358825684, 4.272874355316162, 11.674633026123047, 8.699187278747559, 10.060784339904785, 6.910375595092773, 8.961626052856445, 6.409432888031006, 11.046506881713867, 6.333078861236572, 9.092660903930664, 5.707004070281982, 5.70729398727417, 10.946428298950195, 7.015084743499756, 4.511427879333496, 9.184537887573242, 6.573360443115234, 9.610398292541504, 11.54946231842041, 6.5195112228393555, 4.862995147705078, 6.040476322174072, 11.45433235168457, 8.28046703338623, 6.344991207122803, 7.1308441162109375]
Cosines similarity random samples
[0.7466039657592773, -0.531002938747406, 0.900370180606842, 0.7962901592254639, 0.9055587649345398, 0.9617453813552856, 0.8648334741592407, 0.6994886994361877, 0.3201925754547119, -0.7262531518936157, 0.8616986274719238, 0.9010781645774841, 0.7439619302749634, 0.805272102355957, 0.7446186542510986, 0.676541805267334, -0.7561584711074829, 0.8469594120979309, -0.6994229555130005, 0.8066203594207764, 0.8893341422080994, 0.7240311503410339, 0.8108315467834473, 0.7894923090934753, 0.8592426776885986, 0.8017951250076294, 0.8421179056167603, 0.8953304290771484, 0.7219060063362122, 0.6677886843681335, 0.7651110887527466, 0.8690050840377808, 0.8190375566482544, 0.7688712477684021, 0.7638891339302063, 0.7787473201751709, 0.27895388007164, 0.8393169641494751, 0.7450205683708191, 0.8404495716094971, 0.7568318843841553, 0.7673860788345337, 0.8794708251953125, -0.5180474519729614, 0.7720602750778198, 0.7920881509780884, 0.25166386365890503, 0.7278412580490112, 0.7669184803962708, 0.7796045541763306, 0.7929487824440002, 0.8074473142623901, 0.24435526132583618, -0.7291660904884338, 0.7351024746894836, 0.7381765246391296, 0.8201739192008972, 0.7274567484855652, 0.8935093879699707, 0.789281964302063, 0.7767674922943115, 0.2096811980009079, 0.7890740633010864, 0.5741602182388306, 0.8169276714324951, 0.8320272564888, 0.25941407680511475, 0.2956430912017822, 0.7859437465667725, 0.647142767906189, 0.7654409408569336, 0.7656165957450867, 0.8091787695884705, 0.7719342708587646, 0.8671044111251831, 0.8271141648292542, 0.4098058044910431, 0.3048858940601349, 0.7390730381011963, 0.8023380637168884, 0.9145792126655579, 0.7183529138565063, 0.213346928358078, 0.7486928701400757, 0.1687958538532257, 0.8302444219589233, 0.7955625057220459, 0.7489262819290161, 0.8774614334106445, 0.8267304301261902, 0.8723025918006897, 0.27446532249450684, 0.7309470176696777, 0.2634708881378174, 0.4113709628582001, 0.7596243619918823, 0.88442063331604, 0.7603281736373901, 0.1380120813846588, 0.7442035675048828, 0.8012638092041016, 0.8390052318572998, 0.7766869068145752, 0.35849401354789734, 0.4769669771194458, -0.49968039989471436, 0.23889005184173584, 0.3858431577682495, 0.47530925273895264, 0.3733491003513336, -0.716857373714447, 0.4814643859863281, 0.7969917058944702, 0.43060076236724854, 0.7342730164527893, -0.051359787583351135, 0.3088091015815735, 0.28022846579551697, -0.7999584674835205, 0.556531548500061, 0.32569199800491333, 0.6762399673461914, 0.39904987812042236, 0.07711368799209595, 0.7890375852584839, 0.11542615294456482, 0.8178187012672424, 0.4224683940410614, 0.4148401618003845, 0.24707850813865662, 0.8133187890052795, 0.3959665298461914, 0.3547755777835846, 0.34478259086608887, 0.2804594039916992, 0.3079852759838104, 0.38474375009536743, 0.6845789551734924, 0.2172604203224182, 0.4396201968193054, 0.489678293466568, -0.7565467357635498, 0.24366582930088043, -0.8126093149185181, 0.2951764762401581, 0.4237957298755646, 0.6233078241348267, -0.5392370223999023, 0.4136263132095337, 0.43394994735717773, -0.08732973039150238, 0.34298017621040344, 0.7673386931419373, 0.3158874809741974, 0.23857800662517548, 0.7448852062225342, 0.4864506423473358, -0.37635746598243713, -0.6850680708885193, 0.393295019865036, 0.419002503156662, 0.763487696647644, 0.35236987471580505, 0.3654167056083679, -0.7619550824165344, 0.0012368857860565186, 0.3428340554237366, -0.25809431076049805, 0.4199182987213135, 0.4133009910583496, -0.11256468296051025, 0.5561733245849609, 0.3794625401496887, 0.31983762979507446, 0.3399755358695984, 0.50441575050354, 0.8042844533920288, 0.8266304731369019, 0.8382391929626465, 0.803385853767395, 0.5387226939201355, 0.7732486724853516, 0.801135241985321, -0.1717398464679718, -0.28236767649650574, 0.7888644933700562, -0.20663908123970032, -0.20956923067569733, 0.31450605392456055, 0.3798794150352478, 0.3036540746688843, 0.785591185092926, 0.4370403289794922, 0.47640740871429443, 0.3726109266281128, 0.9082158803939819, 0.21262913942337036, 0.3602224886417389, 0.20105984807014465, 0.3511454463005066, 0.3262171447277069, -0.27075207233428955, 0.3144983947277069, 0.2432207316160202, 0.6277695298194885, 0.8915652632713318, 0.7536461353302002, 0.2582835257053375, -0.3658161163330078, 0.24683615565299988, 0.39280399680137634, 0.4075582027435303, 0.2776436507701874, 0.7858291268348694, 0.25883060693740845, 0.11992481350898743, 0.3871234655380249, -0.4073837399482727, 0.401810884475708, 0.5793498754501343, 0.2876562476158142, 0.8453125953674316, 0.8129903674125671, 0.44002431631088257, 0.7329584956169128, 0.723919153213501, 0.41454488039016724, 0.8366570472717285, 0.3326825499534607, 0.7764244079589844, -0.3701890707015991, 0.8707801103591919, 0.2740393877029419, 0.4577569365501404, 0.36501240730285645, 0.46680212020874023, 0.19659237563610077, 0.7412683963775635, -0.6835302114486694, -0.6820406317710876, 0.693259596824646, -0.6983418464660645, 0.16930869221687317, 0.5217217206954956, 0.7816816568374634, 0.22144150733947754, 0.3708422780036926, 0.46726247668266296, -0.6701006293296814, 0.2775494456291199, 0.39891111850738525, 0.18978558480739594, 0.665932834148407, 0.26559871435165405, 0.43317198753356934, -0.25663837790489197, 0.3561178743839264, 0.17375487089157104, 0.3970958888530731, 0.2751026153564453, 0.7547429800033569, 0.6839419603347778, -0.763317346572876, 0.6576693058013916, 0.4051060974597931, 0.24122437834739685, 0.2849888801574707, 0.34777331352233887, 0.8481121063232422, 0.7768594026565552, 0.177738755941391, 0.38412830233573914, 0.3275834918022156, -0.31030017137527466, 0.7300617694854736, 0.3095640242099762, 0.4589989185333252, 0.2956644296646118, 0.7996346950531006, 0.7237693071365356, 0.5902746319770813, 0.29222410917282104, 0.7489563822746277, 0.1921459138393402, -0.3070906698703766, 0.6272263526916504, 0.29006996750831604, 0.15394705533981323, 0.6696482300758362, 0.12075434625148773, -0.513401985168457, 0.7617435455322266, 0.6589720845222473, 0.3878977298736572, 0.44568461179733276, 0.6752334237098694, 0.35665398836135864, 0.8151540756225586, 0.909388542175293, 0.17091359198093414, -0.6537842750549316, -0.4611285924911499, 0.1942146122455597, 0.8960255980491638, 0.7619167566299438, 0.8048082590103149, 0.8285819888114929, -0.31047308444976807, 0.8496865034103394, 0.5067504644393921, -0.054489053785800934, -0.25451770424842834, 0.8090587258338928, 0.4984557032585144, -0.7293497323989868, 0.8292316794395447, -0.15303874015808105, -0.2080480456352234, -0.032123737037181854, -0.2354128658771515, -0.09620968997478485, -0.3475646674633026, 0.8389626741409302, 0.8196094036102295, -0.5010169148445129, 0.8778672814369202, 0.9063880443572998, 0.7574923038482666, 0.5482048988342285, -0.2888873219490051, 0.7975637316703796, -0.6768113970756531, 0.2201695442199707, 0.8850170373916626, 0.8511165380477905, 0.8591189384460449, 0.7878786325454712, 0.5548965334892273, -0.26397496461868286, 0.1604129821062088, -0.7597482204437256, 0.9092535972595215, 0.8186461329460144, -0.7778220176696777, 0.8246238231658936, 0.63321453332901, 0.8082370758056641, 0.8238962888717651, 0.7329933643341064, -0.26752158999443054, -0.35190287232398987, 0.31813403964042664, 0.9046991467475891, 0.39363089203834534, -0.31757229566574097, -0.6399434804916382, 0.8331390023231506, 0.623268723487854, 0.9748469591140747, 0.5645052790641785, 0.42878293991088867, 0.43313777446746826, 0.7726947069168091, 0.7145930528640747, 0.795211672782898, -0.657679557800293, -0.003683716058731079, -0.29216471314430237, 0.836104154586792, 0.7568192481994629, 0.5242621302604675, -0.08142337203025818, -0.6503255367279053, 0.3758738338947296, 0.9131367206573486, 0.13382764160633087, 0.8371171355247498, 0.7876627445220947, 0.2599220871925354, -0.30207157135009766, 0.43408745527267456, 0.6040278673171997, 0.7146397233009338, 0.6934028267860413, -0.6944816708564758, 0.8797686100006104, -0.20953652262687683, 0.34040430188179016, 0.7618915438652039, 0.7140839099884033, 0.8396018743515015, 0.6190060973167419, -0.5903179049491882, 0.07949364185333252, 0.7634792327880859, 0.890475332736969, 0.7869442701339722, 0.47643667459487915, 0.889542818069458, 0.839707612991333, 0.833592414855957, 0.7171072959899902, 0.7227010130882263, 0.8434407711029053, 0.7299942970275879, 0.6818813681602478, 0.6667436361312866, 0.7457829117774963, 0.3631927967071533, 0.7952342629432678, 0.7999148368835449, 0.7968559265136719, 0.11639699339866638, 0.8405052423477173, 0.827440083026886, 0.11220231652259827, 0.7237933874130249, 0.8474686741828918, 0.6461868286132812, 0.1519143283367157, 0.5775001049041748, 0.08244825899600983, 0.8647879362106323, 0.8044003844261169, 0.040174491703510284, 0.587357759475708, 0.21870388090610504, 0.2807762920856476, 0.7086964249610901, 0.805411159992218, 0.7517209053039551, 0.3697044849395752, 0.8658769130706787, 0.7486742734909058, 0.6683551073074341, 0.82947838306427, 0.7716473340988159, 0.744349479675293, 0.7341366410255432, 0.4591516852378845, 0.4397803544998169, 0.24998509883880615, 0.47615474462509155, 0.8466979265213013, 0.7053107023239136, 0.8248193264007568, 0.30822527408599854, 0.7030964493751526, 0.5033256411552429, 0.2662101984024048, 0.7860150337219238, -0.18382933735847473, 0.7831321358680725, -0.1236007958650589, 0.7739783525466919, 0.35887572169303894, 0.8109230995178223, 0.449859619140625, -0.3112756907939911, 0.7759783864021301, 0.8145856261253357, 0.8830613493919373, 0.8603323698043823, 0.49964067339897156, 0.49539873003959656, 0.7963647246360779, 0.7740408778190613, 0.7034854888916016, 0.17967361211776733, 0.8327018618583679, 0.7735381126403809, 0.8399991393089294, 0.21400034427642822, 0.633317232131958, 0.8540276885032654, 0.756331205368042, 0.8180643916130066, 0.6924124956130981, 0.6177003383636475, 0.6849018335342407, 0.6161851286888123, 0.16460739076137543, 0.8207929730415344, 0.8186837434768677, 0.8103539943695068, 0.7860572338104248, 0.8108972907066345, 0.6631467938423157, 0.6953334808349609, 0.6823713183403015, 0.8034916520118713, 0.5397226810455322, 0.6694281101226807, 0.2371753603219986, 0.8169562816619873, 0.35526493191719055, 0.7556422352790833, 0.7034211158752441, 0.6581465005874634, 0.5813663601875305, 0.7623076438903809, 0.40877050161361694, 0.5627414584159851, 0.7460645437240601, 0.7769489288330078, 0.7673068642616272, -0.24644425511360168, 0.8036080598831177, 0.7512843608856201, 0.8112592697143555, 0.23789577186107635, 0.5707544088363647, 0.6888476610183716, 0.440723180770874, 0.7001728415489197, 0.35915058851242065, 0.6679486036300659, 0.8057146668434143, 0.7718509435653687, 0.7288647890090942, 0.7495989799499512, 0.7229700088500977, 0.7088354229927063, 0.6114292144775391, 0.23232445120811462, 0.47758108377456665, 0.4446566104888916, 0.8861968517303467, 0.38997069001197815, 0.7604013681411743, 0.8161219358444214, 0.44036999344825745, 0.7677426338195801, 0.4539191722869873, 0.4775373041629791, 0.32958149909973145, 0.5407124161720276, 0.18211476504802704, 0.25014495849609375, 0.7294776439666748, 0.33036959171295166, 0.8675886392593384, 0.7255349159240723, 0.8389800786972046, 0.8133113980293274, 0.793398380279541, 0.5124473571777344, 0.31815305352211, 0.7897226810455322, 0.8055386543273926, 0.741346538066864, 0.7996267676353455, 0.7378969192504883, 0.7517104744911194, 0.5024100542068481, 0.6847002506256104, 0.4911518096923828, 0.8010775446891785, -0.7590646743774414, 0.6585184335708618, 0.7550837993621826, 0.8109114766120911, -0.5384400486946106, 0.7503542900085449, 0.7765451669692993, 0.7725115418434143, 0.8219918012619019, 0.9093751907348633, 0.26382124423980713, 0.7566357254981995, 0.4346303939819336, 0.8573532700538635, 0.813653290271759, 0.8919707536697388, 0.8900529742240906, 0.2721111476421356, 0.8450765013694763, 0.8662087917327881, 0.8282147645950317, 0.2767998278141022, 0.4119482636451721, 0.7575148344039917, 0.4126768112182617, 0.41723164916038513, 0.810340404510498, 0.49712008237838745, 0.8390487432479858, 0.12355346977710724, 0.6234105825424194, 0.8802489042282104, 0.7427431344985962, 0.844304084777832, 0.661679744720459, 0.8284268379211426, 0.8845614194869995, 0.4271131753921509, 0.8455014228820801, 0.8693838119506836, 0.7578870058059692, 0.7831721901893616, 0.8412935733795166, 0.8428112268447876, 0.738120436668396, 0.7719522714614868, 0.8183407783508301, 0.8386278748512268, 0.5138799548149109, 0.8664957284927368, 0.7322108745574951, 0.884421706199646, 0.7625024914741516, 0.4422886371612549, 0.8219424486160278, 0.8610721826553345, 0.8475958704948425, 0.8704343438148499, 0.6436495184898376, 0.822980523109436, 0.773300290107727, 0.8677806854248047, 0.8337565064430237, 0.45907580852508545, 0.7441326975822449, 0.5250707268714905, 0.6546729803085327, 0.934809684753418, 0.9638932943344116, -0.7760337591171265, 0.8139580488204956, 0.5547184348106384, 0.7674543261528015, 0.719032883644104, -0.7945101261138916, 0.863426923751831, 0.33076345920562744, 0.8141041994094849, 0.8964760899543762, 0.8951001167297363, 0.86618971824646, 0.5051718354225159, 0.8640260696411133, 0.8671923875808716, 0.5738446712493896, 0.8257383108139038, 0.8159377574920654, 0.8108004331588745, 0.8835501670837402, 0.7322514653205872, 0.7970595955848694, 0.8754515647888184, 0.8038586378097534, 0.5290260314941406, 0.3039170205593109, 0.819035530090332, 0.7624576091766357, 0.7559964060783386, 0.8098776340484619, 0.7947183847427368, -0.30918583273887634, 0.8872874975204468, 0.7925130724906921, 0.7741184234619141, -0.2802779972553253, 0.4607369601726532, 0.7445549964904785, 0.8004584312438965, 0.8551056385040283, 0.7051193714141846, 0.6597729921340942, 0.8263061046600342, 0.7988603115081787, -0.6504559516906738, 0.8607839345932007, 0.48820197582244873, 0.7034345865249634, 0.8924093246459961, 0.8246048092842102, 0.52272629737854, 0.8108701705932617, 0.7943886518478394, 0.7176450490951538, 0.3752131164073944, 0.725760281085968, 0.7805882096290588, 0.7473247647285461, 0.8264711499214172, 0.7631593942642212, 0.8433884978294373, 0.8384437561035156, 0.7663891911506653, 0.8008072376251221, 0.7947151064872742, 0.7718388438224792, 0.8879978656768799, 0.9246984124183655, 0.8521275520324707, 0.32557106018066406, 0.7766239643096924, 0.8226495981216431, 0.7268242835998535, 0.44748806953430176, 0.8483132123947144, 0.2975386679172516, 0.6214257478713989, 0.783694863319397, 0.8682193756103516, 0.8746110796928406, 0.7432974576950073, 0.8409513235092163, 0.33059412240982056, 0.8138625621795654, 0.8401082754135132, 0.8452527523040771, 0.8078091144561768, 0.8362459540367126, 0.7646260857582092, 0.8681892156600952, 0.9041523337364197, 0.8126572370529175, 0.8437076807022095, 0.8320415019989014, 0.8500980138778687, 0.8384256362915039, 0.4761092960834503, 0.8333566188812256, 0.7927678823471069, 0.824756383895874, 0.8306295275688171, 0.7354270219802856, 0.8166109323501587, 0.8367146849632263, 0.8286345601081848, 0.6663227677345276, 0.8744657039642334, 0.7955166697502136, 0.7455387115478516, 0.9336506128311157, 0.8684428334236145, 0.8507140874862671, 0.8592962026596069, 0.8180359601974487, 0.7722733020782471, 0.8571622371673584, 0.7489526867866516, 0.8420258164405823, 0.8721243739128113, 0.49478375911712646, 0.7146793007850647, 0.3910346031188965, 0.8095810413360596, 0.8936829566955566, 0.453792542219162, 0.724136233329773, 0.8083505630493164, 0.48639577627182007, 0.7801482677459717, 0.39289602637290955, 0.8427178859710693, 0.9696961641311646, 0.8423320055007935, 0.767664909362793, 0.9097924828529358, 0.6089998483657837, 0.7700973749160767, 0.8601175546646118, 0.881843090057373, 0.5933752655982971, 0.843883752822876, 0.7162138223648071, 0.7210229635238647, 0.8424234986305237, 0.8217511773109436, 0.8538501858711243, 0.8046169281005859, 0.6282885074615479, 0.4433532953262329, -0.6131129264831543, 0.7642622590065002, 0.7924924492835999, 0.78007972240448, 0.7945452928543091, 0.8346269130706787, 0.7943143844604492, 0.7573330998420715, 0.6288424730300903, 0.18023693561553955, 0.8857344388961792, 0.7314798831939697, 0.7491258978843689, 0.7314450144767761, 0.8150393962860107, 0.8656470775604248, 0.6011090278625488, 0.7953395843505859, 0.8828593492507935, 0.8203149437904358, 0.9232395887374878, 0.8203088641166687, 0.8077794313430786, 0.8758333921432495, -0.28384336829185486, 0.24192093312740326, 0.6095609664916992, 0.8459087610244751, 0.3406902551651001, 0.02295900136232376, 0.795517086982727, 0.13877201080322266, 0.5605446100234985, 0.9074363708496094, 0.4313638508319855, 0.75487220287323, 0.3642882704734802, 0.5425388813018799, -0.33716851472854614, 0.43878981471061707, 0.34532544016838074, -0.32750505208969116, -0.10259801149368286, 0.6040617227554321, 0.7543457746505737, 0.7465031147003174, 0.4167935252189636, -0.20654621720314026, 0.8044373989105225, 0.24687495827674866, 0.8039326667785645, 0.43917012214660645, 0.15547454357147217, 0.6147019863128662, 0.48611021041870117, 0.3488541841506958, 0.18818968534469604, 0.8325279951095581, 0.7270744442939758, 0.2187023162841797, 0.616240918636322, 0.7008160352706909, 0.46355974674224854, 0.7833952903747559, 0.7233965396881104, 0.6265774369239807, 0.7438327670097351, 0.884183406829834, -0.45262157917022705, 0.7574961185455322, 0.8877503275871277, -0.28945696353912354, 0.20420128107070923, 0.6497883796691895, 0.7428446412086487, 0.36284691095352173, 0.8608906865119934, 0.3666552007198334, 0.652236819267273, -0.36260557174682617, 0.2531859874725342, 0.1955609917640686, 0.8558502197265625, 0.560849130153656, 0.1374538093805313, -0.34424710273742676, -0.0343037024140358, 0.7711605429649353, 0.43084701895713806, 0.277942955493927, 0.20039422810077667, 0.5692116022109985, 0.6735044717788696, 0.7376600503921509, -0.7463886141777039, 0.15632574260234833, 0.7103970050811768, 0.2607026696205139, 0.5357238054275513, 0.39272692799568176, 0.1710142195224762, 0.5546677112579346, 0.7210513949394226, 0.6123921871185303, 0.827197790145874, 0.26401227712631226, 0.544796884059906, 0.25781458616256714, 0.8257251977920532, 0.6488064527511597, -0.36236655712127686, 0.47167250514030457, 0.32214802503585815, -0.5785890221595764, 0.8349567651748657, -0.10650867223739624, 0.10683140158653259, 0.3089093565940857, 0.23326820135116577, 0.8249621987342834, 0.5647336840629578, 0.7979782819747925, 0.15515120327472687, 0.833240270614624, 0.5918623208999634, 0.8044049739837646, 0.8548146486282349, 0.364986777305603, 0.23049330711364746, 0.932504415512085, 0.13229328393936157, 0.7727050185203552, 0.801720380783081, 0.7736756801605225, 0.8587266802787781, 0.8483823537826538, 0.8400118947029114, -0.6320338249206543, 0.7223660945892334, 0.8632516860961914, 0.7364033460617065, 0.4214778244495392, 0.879848062992096, 0.7336706519126892, 0.8700705766677856, 0.8920907974243164, 0.8415924906730652, 0.834659218788147, 0.7992722988128662, 0.7926899194717407, 0.7987897992134094, 0.7831621170043945, 0.18730884790420532, 0.7855641841888428, 0.83272385597229, 0.7578142881393433, 0.693712592124939, 0.17227351665496826, 0.6921258568763733, 0.8590415716171265, 0.721196711063385, 0.2485920786857605, 0.873279869556427, 0.8746833801269531, 0.7786992788314819, 0.6803096532821655, 0.8143681883811951, 0.6316041946411133, 0.36421167850494385, 0.7260723114013672, 0.8600383996963501, 0.8930541276931763, 0.8352240324020386, -0.74505215883255, 0.2823874354362488, 0.9529098272323608, 0.7063684463500977, -0.4109574258327484, 0.1760234236717224, -0.037096984684467316, -0.1354779601097107, 0.7186415791511536, 0.6646720767021179, 0.33251598477363586, 0.5440359115600586, 0.8402993083000183, 0.7524437308311462, 0.7281933426856995, 0.7493250370025635, 0.7288800477981567, -0.6203096508979797, 0.8231968879699707, 0.8869129419326782, 0.8794309496879578, 0.7326006293296814, 0.5652387738227844, 0.5148876309394836, 0.8676397800445557, 0.845009446144104, 0.25332874059677124, 0.7889806032180786, -0.7008184194564819, -0.493996262550354, 0.3349701762199402, 0.8561705350875854, 0.8079357147216797, 0.8145488500595093, 0.9647428393363953, 0.6356039047241211, -0.7136101722717285, 0.9037109613418579, 0.7920680046081543, -0.13345330953598022, 0.8097636699676514, 0.7170463800430298, 0.7866398096084595, 0.7395992279052734, 0.36119604110717773, 0.7427371740341187, 0.7960498929023743, 0.8371105790138245, 0.6742686033248901, 0.792180061340332, 0.3700858950614929, 0.840896725654602, 0.7811557054519653, 0.7753212451934814, 0.7411840558052063, 0.7157392501831055, 0.3686349093914032, -0.21336175501346588, 0.8210433721542358, 0.8794651031494141, 0.792354166507721, 0.8308977484703064, 0.8653972148895264, 0.2822854518890381, 0.8953717350959778, 0.8279114961624146, 0.8145891427993774, 0.12056903541088104, -0.23358950018882751, 0.8026593923568726, -0.4024112820625305, -0.2235877811908722, -0.3741971254348755, 0.7079768180847168, 0.767778754234314, -0.6295504570007324, 0.25111132860183716, 0.8697317242622375, 0.7060631513595581, 0.8518617749214172, 0.7900415658950806, 0.843281090259552, 0.9030375480651855, -0.6999561786651611, 0.35204198956489563, 0.818004846572876, 0.39738911390304565, 0.25627267360687256, 0.2428855299949646, 0.8190519213676453, 0.75038743019104, 0.7879738807678223, 0.8083109259605408, 0.1964796930551529, 0.8183209896087646, 0.7738475203514099, 0.8457456231117249, 0.7924678325653076, 0.7034444212913513, 0.3532850444316864, 0.7288287878036499, 0.8405409455299377, 0.7882449626922607, 0.7814853191375732, 0.7233568429946899, 0.2682746946811676, -0.38419830799102783, 0.8550668954849243, 0.7673883438110352, 0.04613058269023895, 0.8541024327278137, 0.4261024296283722, -0.13563349843025208, 0.8650704622268677, 0.35542529821395874, 0.7118039131164551, 0.8952063322067261, 0.05614914000034332, 0.7700411677360535, 0.9126174449920654, 0.8407754898071289, 0.8512921929359436, 0.8291504383087158, 0.7408140897750854, 0.461442768573761, 0.7513349056243896, 0.7460146546363831, 0.812126874923706, 0.816137433052063, 0.8019772171974182, 0.7886157035827637, 0.7906859517097473, 0.9422268271446228, -0.13330791890621185, 0.7320959568023682, 0.7775387763977051, 0.8156145215034485, 0.8843189477920532, 0.8259451389312744, -0.7270053625106812, -0.615964412689209, 0.7943527698516846, 0.8285880088806152, 0.2927759289741516, 0.7555509805679321, 0.8730211853981018, 0.8283789753913879, 0.7124254703521729, -0.25944891571998596, 0.04863235354423523, 0.8037334680557251, 0.310259073972702, 0.7223901748657227, 0.8405346870422363, 0.7105755805969238, 0.8022843599319458, 0.1174563318490982, 0.8773283958435059, 0.27938634157180786, 0.42734867334365845, 0.30788570642471313, 0.7723466157913208, 0.3720725476741791, 0.848867654800415, 0.7211748361587524, -0.424308717250824, 0.8733230233192444, 0.8236192464828491, 0.46453237533569336, 0.8427603244781494, 0.7918221950531006, 0.8127560615539551, 0.9258534908294678, 0.1844627857208252, 0.8155860304832458, 0.905072033405304, 0.7041987180709839, 0.43435022234916687, 0.8337380886077881, 0.807961642742157, 0.24226678907871246, 0.8331247568130493, 0.18244969844818115, 0.7996692657470703, 0.7785788774490356, 0.7978977560997009, 0.8748502135276794, 0.896453857421875, 0.36461877822875977, 0.884721577167511, 0.7463609576225281, 0.4295075535774231, 0.7827027440071106, 0.13877329230308533, -0.3666989803314209, 0.7256211042404175, 0.9683005809783936, 0.7786200046539307, 0.8648576736450195, 0.4343162178993225, 0.3385886549949646, 0.7808519601821899, 0.817379355430603, 0.8028385043144226, 0.8229995965957642, 0.7432730793952942, 0.31230875849723816, 0.2991505265235901, 0.7741290926933289, 0.8113524913787842, 0.4110413193702698, 0.5206853747367859, 0.7363216876983643, 0.8339114785194397, 0.268728107213974, 0.875714898109436, 0.780653715133667, 0.6818385124206543, 0.8212258219718933, 0.8057211637496948, -0.3858976364135742, 0.4912499785423279, 0.3434522747993469, -0.6613618731498718, 0.7116073966026306, 0.8417232036590576, 0.407240629196167, 0.7363479733467102, 0.8109572529792786, 0.7205134034156799, 0.3216947317123413, 0.768679141998291, 0.8020856380462646, 0.7546485066413879, 0.7693884372711182, 0.7289511561393738, 0.8524932265281677, 0.8387823104858398, 0.9267974495887756, 0.7903414964675903, 0.7045162916183472, 0.783979594707489, 0.8281620740890503, 0.47456735372543335, 0.30811840295791626, 0.7525397539138794, 0.7018989324569702, 0.8161269426345825, 0.8371412754058838, 0.7995450496673584, 0.9081365466117859, 0.4605364501476288, 0.5339998006820679, 0.9512030482292175, 0.9058217406272888, 0.7997332811355591, 0.15643611550331116, 0.8787561655044556, 0.2351473569869995, 0.7624832391738892, 0.6435282826423645, 0.8564139604568481, 0.3193891644477844, 0.8058127760887146, 0.3544376492500305, -0.7500213980674744, 0.8261967897415161, 0.7961077690124512, 0.11785459518432617, 0.7204951643943787, -0.6907522678375244, 0.728972315788269, 0.4598942697048187, 0.2163914442062378, -0.6308078765869141, 0.8149646520614624, 0.7230797410011292, 0.26045963168144226, -0.7303057312965393, 0.7457656860351562, 0.7664470076560974, 0.7771097421646118, 0.7893259525299072, 0.8370016813278198, -0.7830281257629395, 0.7743789553642273, 0.1069272980093956, 0.7520834803581238, -0.7817612886428833, 0.07988481223583221, 0.4538234770298004, 0.3308001160621643, 0.7854421138763428, 0.4697202444076538, 0.7733508348464966, 0.8929476141929626, 0.5289360284805298, 0.8244231343269348, 0.8581002950668335, 0.77969890832901, 0.37090781331062317, 0.601414680480957, 0.8449714779853821, 0.8602840900421143, 0.7051841020584106, 0.846420407295227, 0.7221964001655579, 0.16873417794704437, 0.8746318817138672, -0.23748371005058289, 0.7664346694946289, 0.7081294059753418, 0.8419631719589233, 0.8128010034561157, 0.8666732311248779, 0.37896406650543213, 0.8260165452957153, 0.8724887371063232, -0.28489476442337036, 0.735837996006012, 0.8825299739837646, -0.7883400917053223, 0.8472076654434204, -0.011750966310501099, 0.7015425562858582, 0.8006842136383057, 0.35075390338897705, 0.7876157164573669, -0.268622487783432, 0.27140748500823975, 0.8053379058837891, 0.781779408454895, -0.35482412576675415, 0.8181424736976624, 0.7849329710006714, 0.6616144180297852, 0.21826323866844177, 0.7910656929016113, 0.798359215259552, 0.7146846652030945, 0.271222859621048, 0.7715998888015747, 0.9256939888000488, 0.7760570645332336, 0.8762344121932983, 0.8099557757377625, -0.44161131978034973, 0.7145137190818787, 0.7941611409187317, 0.7765649557113647, 0.8601533770561218, 0.13210529088974, 0.9443650245666504, -0.25685328245162964, 0.8645524978637695, 0.6206041574478149, 0.8619582653045654, 0.7919639348983765, 0.7146308422088623, 0.825625479221344, 0.7767661809921265, 0.5723205804824829, -0.7689952850341797, 0.8577330112457275, 0.7641092538833618, 0.6362032890319824, 0.19987240433692932, 0.23792988061904907, -0.12581980228424072, 0.723941445350647, -0.33650708198547363, 0.6463887691497803, 0.7711532115936279, 0.695646345615387, 0.8282850980758667, 0.6644683480262756, 0.6283481121063232, 0.8391294479370117, 0.36390337347984314, -0.7458707094192505, 0.6656889915466309, 0.8167420625686646, 0.7091760635375977, -0.7589868307113647, 0.7869923710823059, 0.8310792446136475, 0.8622113466262817, 0.7780392169952393, -0.27561646699905396, 0.8127871751785278, 0.7618840932846069, 0.7523294687271118, 0.34113413095474243, -0.8005706071853638, 0.7596176862716675, 0.748772382736206, 0.7732291221618652, 0.9066969156265259, 0.5392501950263977, 0.7140423655509949, -0.3128935396671295, 0.7627885341644287, 0.3234465718269348, 0.6780418157577515, 0.7192696332931519, 0.6489644050598145, 0.3289344012737274, 0.87591552734375, 0.91401207447052, 0.7486684322357178, 0.8114162683486938, 0.7087697982788086, 0.8282209634780884, 0.8965426683425903, 0.7751532793045044, 0.12569677829742432, 0.819802463054657, 0.14006027579307556, -0.7626518607139587, 0.8268359899520874, 0.8564767837524414, -0.26392942667007446, 0.7343565225601196, 0.8662890791893005, 0.9232302904129028, 0.7968597412109375, 0.8333940505981445, 0.8979532718658447, 0.7890492677688599, 0.8074291944503784, 0.8361159563064575, 0.9496268033981323, 0.7993496060371399, 0.7949358224868774, -0.3652864396572113, 0.5127137303352356, 0.26557907462120056, -0.13787841796875, -0.25286316871643066, 0.7754438519477844, 0.8330155611038208, 0.24107050895690918, -0.19744792580604553, 0.8115205764770508, 0.2029900848865509, 0.6686147451400757, -0.09152057021856308, 0.1768721491098404, 0.9147712588310242, 0.805774450302124, 0.8767113089561462, 0.8028444051742554, 0.7796831130981445, 0.6117147207260132, 0.8327345252037048, 0.7365803718566895, 0.6920620203018188, 0.38105645775794983, 0.0055654048919677734, 0.7917488813400269, 0.5833793878555298, 0.8435428142547607, 0.11230944097042084, 0.36870643496513367, 0.7839705348014832, 0.7761125564575195, 0.7823960781097412, 0.9185671806335449, 0.5847229957580566, 0.7909168601036072, 0.7959768176078796, 0.7913699746131897, 0.7323712110519409, 0.8431430459022522, 0.8706842660903931, 0.7572164535522461, 0.8501495122909546, 0.34261980652809143, 0.8326520919799805, 0.7445756196975708, 0.8175879716873169, 0.8459042906761169, 0.13773320615291595, 0.24456185102462769, 0.859420120716095, 0.9186550378799438, 0.8219171166419983, 0.7354493141174316, 0.9213468432426453, 0.8423216938972473, 0.7560670375823975, 0.053480520844459534, 0.7452325820922852, 0.8361393809318542, -0.028123974800109863, 0.7369980216026306, 0.3392094373703003, 0.7601892948150635, 0.7173288464546204, 0.8559974431991577, 0.8531786799430847, 0.7480936646461487, 0.09500469267368317, 0.3566508889198303, -0.3532761335372925, 0.4022870659828186, 0.2601848542690277, 0.5994683504104614, 0.4003417491912842, 0.7622339725494385, -0.7670205235481262, 0.47071221470832825, 0.7300381660461426, 0.7738599181175232, 0.7925817966461182, 0.7795063257217407, 0.9025270938873291, 0.766997218132019, 0.3983181416988373, 0.2411871999502182, 0.7539262771606445, 0.11393770575523376, 0.8107359409332275, 0.8302198052406311, 0.45024746656417847, 0.8220211267471313, 0.7546732425689697, 0.8509131073951721, 0.6519317030906677, 0.7913976907730103, 0.8101239800453186, 0.23325233161449432, 0.8538379073143005, 0.6955732703208923, 0.8457244038581848, 0.8283601403236389, 0.1627531498670578, 0.7239516973495483, 0.842461109161377, 0.8317350149154663, 0.8799900412559509, 0.774549663066864, 0.7658871412277222, 0.8518363237380981, 0.38418900966644287, 0.4470469057559967, 0.9193066358566284, 0.12379955500364304, 0.7740821838378906, 0.826404333114624, 0.887643575668335, 0.18972158432006836, 0.7835271954536438, -0.5565284490585327, 0.7644485235214233, 0.09950009733438492, 0.7708654403686523, 0.3206682801246643, 0.8639001846313477, -0.6517946124076843, 0.5194740891456604, 0.36960962414741516, 0.8452564477920532, 0.3198426067829132, 0.8721916675567627, 0.2772082984447479, 0.3138645887374878, 0.8362470865249634, 0.33818578720092773, 0.8421912789344788, 0.1382967233657837, 0.8654606342315674, 0.7902188301086426, 0.9174342155456543, 0.7178472876548767, 0.6879715919494629, 0.18921762704849243, 0.6579420566558838, 0.4969134032726288, 0.7823149561882019, -0.2954518795013428, 0.7372654676437378, 0.8625993132591248, 0.44830599427223206, 0.8479512929916382, 0.8065612316131592, 0.1787003129720688, 0.6856894493103027, 0.80240797996521, 0.8262805342674255, 0.7004696726799011, -0.48963239789009094, 0.33455216884613037, 0.052640821784734726, 0.48429206013679504, 0.8194568157196045, 0.7923352718353271, 0.17740900814533234, 0.8299184441566467, 0.7796518802642822, 0.7671595811843872, 0.8915011882781982, 0.5336604714393616, 0.8444045782089233, 0.30103611946105957, 0.7934743165969849, 0.817397952079773, 0.45120349526405334, 0.3805816173553467, 0.23008565604686737, 0.882037341594696, 0.6614967584609985, 0.883400559425354, 0.8473950028419495, 0.164078950881958, 0.2701190114021301, 0.8529964685440063, 0.349362850189209, 0.6721295714378357, 0.7923084497451782, 0.7864364385604858, 0.24218140542507172, 0.14612025022506714, 0.5030067563056946, 0.12222620844841003, 0.3946053385734558, -0.5596100091934204, 0.8046113848686218, 0.8130139708518982, 0.968193531036377, 0.7469046115875244, 0.7430254220962524, 0.7335541248321533, 0.15682414174079895, 0.8432467579841614, 0.5239608883857727, 0.27465248107910156, 0.8250017166137695, 0.085124671459198, 0.6812569499015808, 0.8864977955818176, 0.2312786728143692, -0.7192672491073608, 0.7656888961791992, 0.30187031626701355, 0.7489477396011353, 0.7571364045143127, 0.7834011912345886, -0.6131082773208618, 0.23072245717048645, 0.08723743259906769, -0.598913311958313, 0.9017910361289978, 0.9005841612815857, 0.2291921079158783, 0.7346048355102539, 0.8343403339385986, 0.7075486183166504, 0.7729904651641846, 0.5437365770339966, 0.43976595997810364, 0.7393079400062561, 0.7992160320281982, 0.864435613155365, 0.8524956703186035, 0.1980617642402649, 0.15838763117790222, 0.47441330552101135, 0.8487784266471863, 0.7877957820892334, 0.6990049481391907, 0.17818856239318848, 0.7779160737991333, 0.7634507417678833, 0.7802368402481079, 0.7052755355834961, 0.822722315788269, 0.8348115682601929, 0.7773842811584473, 0.7030320167541504, 0.833495557308197, 0.24202394485473633, -0.026365965604782104, 0.9101675152778625, -0.12041071802377701, 0.35594984889030457, 0.7893556356430054, 0.8746375441551208, 0.2364521026611328, 0.8057918548583984, 0.2713262736797333, 0.24222010374069214, 0.46172940731048584, 0.38054192066192627, 0.8233779668807983, 0.28878054022789, 0.41208744049072266, 0.8296557068824768, 0.9298104047775269, 0.5026891827583313, 0.34732794761657715, 0.8000479936599731, 0.3725396394729614, 0.6943843364715576, 0.15801770985126495, 0.7961372137069702, 0.04711010679602623, 0.821704626083374, 0.5573253035545349, 0.8519977331161499, 0.7325332164764404, 0.792605996131897, 0.7566283941268921, 0.06446575373411179, 0.8249757289886475, 0.7854322195053101, 0.7975932359695435, -0.32495683431625366, 0.4961261749267578, 0.8177662491798401, 0.8720717430114746, 0.3336779773235321, 0.7192587852478027, 0.5564215183258057, 0.7671160697937012, 0.3736010789871216, 0.10792306810617447, 0.24614916741847992, 0.27695366740226746, 0.7226701378822327, 0.8028289675712585, 0.758966863155365, 0.7488471865653992, 0.7519187927246094, 0.8933478593826294, 0.33165252208709717, 0.7670905590057373, -0.6831769943237305, 0.8260780572891235, 0.8051294684410095, 0.2537413239479065, 0.2917710542678833, 0.17439021170139313, 0.2008669078350067, 0.7265002727508545, 0.41462311148643494, 0.26615211367607117, 0.23196014761924744, 0.5599490404129028, 0.2734551429748535, 0.35080453753471375, 0.7563682794570923, 0.7992080450057983, 0.7981668710708618, 0.8426780104637146, 0.5868712067604065, 0.8291508555412292, 0.7807769775390625, 0.7727755308151245, 0.6145671606063843, 0.5271692872047424, 0.31099531054496765, 0.7325757741928101, 0.7698718309402466, 0.7897822260856628, 0.8173332214355469, 0.7007731795310974, 0.8546310663223267, 0.6211236119270325, 0.7944518327713013, 0.8065893054008484, 0.8715559244155884, 0.7710071802139282, 0.028846047818660736, 0.787889301776886, 0.8177089691162109, 0.798111081123352, 0.677541971206665, 0.4989335834980011, 0.8273939490318298, 0.8293619155883789, 0.7221230864524841, 0.8768589496612549, 0.40166935324668884, 0.16619962453842163, 0.6076490879058838, 0.8598784804344177, 0.7999582886695862, 0.16354958713054657, 0.7932792901992798, 0.4446742534637451, 0.6454039216041565, 0.8567265272140503, 0.7887823581695557, 0.7068909406661987, 0.8195074200630188, 0.850732147693634, 0.7477207183837891, 0.813151478767395, -0.7083277702331543, 0.9254443645477295, 0.6906622052192688, 0.8205152750015259, 0.7290575504302979, 0.6293977499008179, 0.78307044506073, 0.8439164757728577, 0.9217721223831177, 0.7518369555473328, 0.1329284906387329, 0.7545287609100342, 0.8058888912200928, 0.7326160669326782, 0.7241357564926147, 0.563591480255127, 0.7631661295890808, 0.9229706525802612, 0.8443089723587036, 0.8077163696289062, 0.36820188164711, 0.42005613446235657, 0.856340765953064, 0.48194384574890137, 0.7447680830955505, 0.36034202575683594, 0.7928087711334229, 0.6271602511405945, 0.7997790575027466, 0.8226744532585144, 0.8776098489761353, 0.8800758123397827, 0.7771207094192505, 0.7871698141098022, 0.3461267352104187, 0.7711507081985474, 0.790405809879303, 0.6711611151695251, 0.8126227855682373, 0.7461486458778381, 0.8623988628387451, 0.8639824390411377, 0.8376789093017578, 0.6724026203155518, 0.789756715297699, 0.7495994567871094, 0.7184789180755615, 0.4159890413284302, 0.683060348033905, 0.8485325574874878, 0.6637896299362183, 0.8575897216796875, 0.7475751638412476, 0.789344072341919, 0.798886775970459, 0.8556488156318665, 0.8063725829124451, 0.8908731937408447, 0.8224320411682129, 0.7992334365844727, 0.8609704375267029, 0.7767319679260254, 0.3533861041069031, 0.8198314905166626, 0.37440383434295654, 0.8930527567863464, 0.786384105682373, 0.7576261162757874, 0.794265866279602, 0.2021188735961914, 0.8300489783287048, 0.7278381586074829, 0.8024547696113586, 0.8136764764785767, 0.8189060688018799, 0.21095502376556396, 0.788681149482727, 0.7739285230636597, 0.877458393573761, 0.7629972696304321, 0.7536466121673584, 0.78713458776474, 0.43487682938575745, 0.16741976141929626, 0.48893794417381287, 0.7577956914901733, 0.8119986653327942, 0.7875716090202332, 0.8764231204986572, 0.3016977906227112, 0.784904956817627, 0.7764882445335388, 0.8212429881095886, 0.8798381090164185, 0.8030071258544922, 0.5335030555725098, 0.7899263501167297, 0.8524219989776611, 0.15287363529205322, 0.4390202760696411, 0.8906062841415405, 0.8207176923751831, 0.9389172792434692, 0.8365054130554199, 0.8434181809425354, 0.7494820356369019, 0.6598622798919678, 0.8328970670700073, 0.7226786613464355, 0.797215461730957, 0.6915462613105774, 0.8201395273208618, 0.8298722505569458, 0.673288881778717, 0.8943871259689331, 0.7529566884040833, 0.8526833057403564, 0.34249842166900635, 0.7208236455917358, 0.8404502868652344, 0.5250959396362305, 0.7732014656066895, 0.7885669469833374, 0.5280861258506775, 0.7685964703559875, 0.8101648092269897, 0.7026954889297485, 0.22187675535678864, 0.737271249294281, 0.7886077165603638, 0.8065546751022339, 0.724307656288147, 0.8565972447395325, 0.8151296377182007, 0.696834146976471, 0.7991827726364136, 0.14149576425552368, 0.884458601474762, 0.6515709161758423, 0.8326300382614136, 0.3937210440635681, 0.7849305868148804, 0.7525883913040161, 0.7201356887817383, 0.7760823369026184, 0.4447494447231293, -0.742876410484314, 0.8719096779823303, 0.7996104955673218, 0.8617321252822876, 0.776557207107544, 0.1212034523487091, 0.8356679677963257, 0.7943607568740845, 0.7460026741027832, 0.2549211382865906, 0.3222767114639282, 0.8164562582969666, 0.8750106692314148, 0.8720360994338989, 0.6977105140686035, 0.8553413152694702, 0.8341219425201416, 0.7928269505500793, 0.6841404438018799, 0.7565175294876099, 0.7491431832313538, -0.7130939960479736, 0.7555660605430603, 0.1348625272512436, 0.7823998332023621, 0.7812250852584839, 0.8350827097892761, 0.7254505157470703, 0.8251434564590454, 0.8155155181884766, 0.7794254422187805, -0.1948486715555191, 0.847495436668396, 0.34656816720962524, 0.8586422204971313, 0.8501447439193726, 0.8110150098800659, 0.383949339389801, 0.4041721224784851, 0.7735332250595093, 0.7988038063049316, 0.8255017399787903, 0.8546767234802246, 0.807610273361206, 0.787945032119751, 0.831671953201294, 0.9023017287254333, 0.7230736017227173, 0.7333402037620544, 0.7863309979438782, 0.7069369554519653, 0.7996893525123596, 0.7565587759017944, 0.7479233741760254, 0.8462661504745483, 0.7713215351104736, 0.24408018589019775, 0.7261223196983337, 0.818260908126831, 0.857733964920044, 0.8030865788459778, 0.8342888355255127, 0.7991034388542175, 0.7771880626678467, 0.7783700227737427, 0.8689581155776978, 0.7626566886901855, 0.8918015956878662, 0.7064094543457031, 0.8257680535316467, 0.6239495277404785, 0.8266966342926025, 0.8080613017082214, 0.7209113240242004, 0.7426919937133789, 0.8393548727035522, 0.86677086353302, 0.7147030234336853, 0.8784315586090088, 0.847853422164917, 0.9027388095855713, 0.820931077003479, 0.8759379982948303, 0.7762527465820312, 0.327014684677124, 0.9037158489227295, 0.7825390100479126, 0.9059840440750122, 0.857933521270752, 0.8399873375892639, 0.8032272458076477, -0.3184467852115631, 0.4042345881462097, 0.7912018299102783, 0.3419092893600464, 0.8868244886398315, 0.8656711578369141, 0.7604561448097229, 0.8002547025680542, 0.8616167306900024, 0.8316916823387146, 0.7259426116943359, -0.16612644493579865, 0.8793094754219055, 0.7798966765403748, 0.7692567110061646, 0.6815365552902222, 0.8487094044685364, -0.0853763073682785, 0.739072322845459, 0.8321280479431152, 0.6400865316390991, 0.7632896900177002, 0.7240990400314331, 0.36331260204315186, 0.7220275402069092, 0.6539410948753357, 0.21540892124176025, 0.479544460773468, 0.7330973744392395, 0.7683111429214478, 0.270861953496933, 0.7115126848220825, -0.09746363759040833, 0.8195359706878662, 0.5218933820724487, 0.19271641969680786, 0.7032272815704346, 0.36068329215049744, 0.44047456979751587, 0.32073312997817993, 0.7161630392074585, 0.4914287328720093, 0.7311258316040039, 0.28191083669662476, 0.35559865832328796, -0.5254791975021362, 0.3556046783924103, 0.6507458686828613, 0.5442371368408203, 0.5352030992507935, 0.7821410298347473, 0.6568559408187866, 0.7178938388824463, 0.4915068745613098, 0.2982082664966583, 0.7985640168190002, 0.35193124413490295, 0.6596815586090088, -0.07164061814546585, 0.38842520117759705, 0.6599780321121216, 0.8894482254981995, 0.6555764675140381, 0.5757750272750854, -0.6491881012916565, 0.7770041227340698, 0.40782275795936584, 0.26961851119995117, 0.8489918112754822, 0.9068523645401001, 0.7967696189880371, 0.8109370470046997, 0.7817403674125671, 0.2015560418367386, 0.7160611152648926, 0.4265841245651245, 0.6625601649284363, 0.33226993680000305, 0.764628529548645, 0.780657172203064, 0.8151121735572815, -0.5758218169212341, 0.775458812713623, 0.22466257214546204, 0.3081052005290985, 0.410133421421051, 0.2599634528160095, -0.06830562651157379, 0.7552694082260132, 0.8957668542861938, 0.20651912689208984, 0.45619067549705505, 0.3243125379085541, 0.6906431913375854, 0.55562424659729, 0.7466206550598145, 0.2891159951686859, 0.7240374088287354, 0.429074227809906, 0.8013513088226318, 0.771643340587616, 0.18130652606487274, 0.7099466323852539, 0.8813178539276123, 0.493635892868042, 0.7359035015106201, 0.3535476326942444, 0.46539804339408875, 0.7447720766067505, 0.8622477650642395, 0.7793096899986267, 0.27402883768081665, 0.576833963394165, 0.7673484086990356, 0.7440544366836548]
