sample name: ['Cc1nc(C(F)(F)F)ccc1C(=O)N1CCC(C(=O)Nc2ccc(S(N)(=O)=O)cc2)CC1']
atom_index,distance,cosine_similarity
0,-0.3526043701171875,0.0368007773719728
1,-0.2169580078125,0.03591392755508423
2,-2.0122052001953126,0.2545912927761674
3,-1.3171832275390625,0.14526997584849596
4,-1.5031689453125,0.16234208123758434
5,-0.5972662353515625,0.04626215558499098
6,-0.254638671875,0.014664650782942773
7,-0.523271484375,0.04751576371490955
8,0.386038818359375,-0.07311288997530938
9,0.2081097412109375,0.0016330942139029503
10,0.363857421875,-0.034459684863686564
11,0.1317657470703125,0.0022595889866352083
12,0.19408935546875,0.011933645904064179
13,-0.3235247802734375,0.04910412520170212
14,0.1151513671875,0.008948227269574999
15,0.1678759765625,0.0118474243581295
16,-0.1407080078125,0.022947776056826116
17,0.0434747314453125,-0.0019036032445728778
18,-0.8345184326171875,0.12747067745774984
19,-0.15014892578125,0.02909610040485859
20,-2.22831787109375,0.28897720530629156
21,-1.1420526123046875,0.15558476211503147
22,-0.2295416259765625,0.049563853479921816
23,-0.514666748046875,0.08928420491516591

Sum of phi values for distance
-10.730411987304688
Sum of phi values for cosine similarity
1.4825351324584335
Average distance random samples:
9.782972274025282
Average cosine similarity random samples:
0.5284978843899444
Distances random samples
[10.119736671447754, 9.513733863830566, 10.919292449951172, 11.153033256530762, 9.599689483642578, 8.742147445678711, 9.538482666015625, 9.153246879577637, 8.639386177062988, 8.29926586151123, 9.853528022766113, 9.474973678588867, 6.9612650871276855, 9.90425968170166, 8.021410942077637, 7.612870693206787, 9.119837760925293, 9.916865348815918, 9.820653915405273, 8.1932373046875, 9.68411922454834, 10.211627006530762, 8.300673484802246, 9.295557022094727, 8.528017044067383, 10.189065933227539, 9.64327621459961, 12.045825958251953, 9.265780448913574, 8.910048484802246, 7.648153781890869, 8.565896034240723, 9.45218563079834, 10.08089542388916, 9.82193660736084, 9.083724021911621, 10.282500267028809, 8.739439964294434, 10.319422721862793, 8.724211692810059, 7.968592643737793, 11.279695510864258, 9.298904418945312, 10.708989143371582, 8.23658561706543, 11.298084259033203, 9.362192153930664, 9.136307716369629, 8.54136848449707, 8.968137741088867, 9.197346687316895, 10.188973426818848, 10.553357124328613, 10.371027946472168, 9.225568771362305, 8.483667373657227, 9.752277374267578, 7.633551120758057, 13.544541358947754, 9.634119033813477, 8.68218994140625, 9.811156272888184, 8.590889930725098, 7.388190746307373, 9.320526123046875, 8.830714225769043, 9.492831230163574, 12.973721504211426, 13.419400215148926, 9.322278022766113, 11.664319038391113, 9.650096893310547, 13.688905715942383, 8.289267539978027, 9.64511775970459, 9.137605667114258, 9.66854190826416, 10.587343215942383, 7.856715202331543, 9.468806266784668, 7.7868971824646, 10.509248733520508, 9.192815780639648, 10.704557418823242, 10.434874534606934, 12.875340461730957, 7.531521797180176, 8.562878608703613, 8.957073211669922, 8.543395042419434, 9.970649719238281, 9.932353019714355, 9.100536346435547, 10.256603240966797, 7.177434921264648, 14.259737014770508, 9.299039840698242, 9.573092460632324, 7.825952053070068, 7.649376392364502, 7.978799343109131, 9.418081283569336, 9.469531059265137, 8.38228702545166, 8.786157608032227, 9.43024730682373, 9.646349906921387, 10.17898941040039, 8.437712669372559, 9.168696403503418, 9.577150344848633, 9.845589637756348, 9.680705070495605, 8.163511276245117, 9.975239753723145, 9.70265007019043, 10.743103981018066, 9.612730979919434, 9.986773490905762, 9.141877174377441, 11.12863826751709, 9.843010902404785, 9.468737602233887, 7.576705455780029, 9.531506538391113, 9.714832305908203, 12.307138442993164, 10.41585636138916, 8.076679229736328, 8.529606819152832, 9.351740837097168, 10.84705638885498, 9.479976654052734, 8.397809028625488, 10.434845924377441, 11.52522087097168, 9.215723991394043, 9.603313446044922, 8.870375633239746, 8.583855628967285, 9.46033000946045, 7.694685935974121, 8.866127967834473, 10.20266056060791, 8.549764633178711, 9.661959648132324, 7.82083797454834, 9.461028099060059, 9.323568344116211, 8.306273460388184, 9.61656665802002, 8.752259254455566, 8.543606758117676, 8.81948184967041, 9.311015129089355, 8.083032608032227, 9.265830039978027, 8.07230281829834, 7.841238021850586, 11.391855239868164, 9.860569953918457, 8.824042320251465, 8.752305030822754, 8.467918395996094, 11.835260391235352, 9.061079978942871, 9.54981517791748, 9.618083000183105, 9.009976387023926, 9.20716381072998, 7.5857462882995605, 8.175434112548828, 9.601579666137695, 11.663496971130371, 10.029876708984375, 9.182381629943848, 9.616799354553223, 11.475055694580078, 9.015666007995605, 10.171542167663574, 10.18062686920166, 8.983955383300781, 9.975316047668457, 6.762281894683838, 8.549837112426758, 9.476907730102539, 9.031002044677734, 9.413426399230957, 7.188631534576416, 11.442597389221191, 9.384895324707031, 9.922880172729492, 7.869444847106934, 7.903630256652832, 9.637323379516602, 10.010184288024902, 9.197860717773438, 8.37870979309082, 9.23591423034668, 9.607337951660156, 8.350881576538086, 10.16014289855957, 10.662943840026855, 9.938308715820312, 8.804963111877441, 9.354374885559082, 8.64743423461914, 13.169758796691895, 8.28503131866455, 10.51260757446289, 10.496463775634766, 8.464649200439453, 8.970601081848145, 11.847344398498535, 10.900884628295898, 11.420186996459961, 10.177331924438477, 11.9213285446167, 9.40067195892334, 12.542379379272461, 13.335325241088867, 8.648968696594238, 11.9860200881958, 16.838016510009766, 8.302790641784668, 9.689580917358398, 13.788163185119629, 12.217748641967773, 13.91662883758545, 12.951704025268555, 9.37444019317627, 12.773687362670898, 10.228650093078613, 9.923308372497559, 11.765624046325684, 9.735577583312988, 9.072774887084961, 11.569746971130371, 14.171785354614258, 14.722349166870117, 12.401544570922852, 10.219664573669434, 9.84655475616455, 8.773070335388184, 12.689496994018555, 9.696166038513184, 11.819704055786133, 12.948661804199219, 14.278820037841797, 13.895774841308594, 15.286109924316406, 8.904878616333008, 13.285235404968262, 12.480537414550781, 8.762674331665039, 12.686310768127441, 9.4739351272583, 12.04757308959961, 14.204041481018066, 14.090149879455566, 9.518636703491211, 9.968250274658203, 12.06420612335205, 13.510397911071777, 8.744980812072754, 13.420828819274902, 12.437223434448242, 10.627631187438965, 13.861448287963867, 14.129990577697754, 8.281472206115723, 10.226996421813965, 9.249406814575195, 11.651872634887695, 12.631325721740723, 10.372340202331543, 12.278310775756836, 9.737491607666016, 12.78364086151123, 10.591471672058105, 10.03235912322998, 12.975546836853027, 9.09278392791748, 10.486918449401855, 10.037537574768066, 9.286384582519531, 8.682767868041992, 9.652981758117676, 12.447715759277344, 12.737844467163086, 13.12563705444336, 12.43938159942627, 12.682976722717285, 14.215835571289062, 9.795283317565918, 12.603355407714844, 14.246277809143066, 14.152970314025879, 13.693365097045898, 9.928840637207031, 8.9469575881958, 13.487089157104492, 12.734521865844727, 8.681838035583496, 8.996997833251953, 12.179950714111328, 8.33344841003418, 9.313606262207031, 11.814295768737793, 6.899324417114258, 12.751420021057129, 9.45104694366455, 10.841636657714844, 7.118472099304199, 12.147974014282227, 9.556461334228516, 13.796302795410156, 8.474016189575195, 8.343379974365234, 14.93073844909668, 7.241626739501953, 12.861771583557129, 12.630970001220703, 8.563335418701172, 9.77882194519043, 9.214555740356445, 9.081805229187012, 12.350858688354492, 12.85102367401123, 7.0553812980651855, 8.368474006652832, 8.021029472351074, 9.391767501831055, 13.4203462600708, 12.996183395385742, 6.442481517791748, 10.614614486694336, 8.58436393737793, 5.1731085777282715, 12.617061614990234, 8.165276527404785, 10.224512100219727, 8.069080352783203, 8.984040260314941, 7.071779251098633, 14.61689567565918, 11.503915786743164, 13.231426239013672, 12.66645622253418, 8.6558198928833, 8.737655639648438, 12.957911491394043, 8.795239448547363, 8.735257148742676, 7.7210612297058105, 8.737250328063965, 7.886994361877441, 9.615135192871094, 8.252618789672852, 9.241008758544922, 9.897704124450684, 8.315510749816895, 6.609139442443848, 9.079442977905273, 13.148214340209961, 6.945964813232422, 13.102709770202637, 9.042667388916016, 8.761094093322754, 9.718071937561035, 13.164351463317871, 8.370575904846191, 8.772860527038574, 9.591792106628418, 8.219021797180176, 13.765739440917969, 14.005682945251465, 10.527100563049316, 9.120469093322754, 9.013081550598145, 9.686845779418945, 10.427262306213379, 12.250187873840332, 8.740653038024902, 9.65903377532959, 15.410208702087402, 12.083888053894043, 8.528412818908691, 8.182165145874023, 16.07866096496582, 6.854611873626709, 14.116252899169922, 13.169876098632812, 9.40969181060791, 9.475910186767578, 14.117217063903809, 12.613105773925781, 14.284372329711914, 9.904287338256836, 12.442934036254883, 11.89211368560791, 14.789302825927734, 8.20564079284668, 7.977570056915283, 10.831417083740234, 8.684961318969727, 10.477923393249512, 9.504132270812988, 10.74543285369873, 7.1166815757751465, 8.488052368164062, 9.313815116882324, 9.029383659362793, 12.701188087463379, 11.711771011352539, 8.678140640258789, 9.997249603271484, 8.54861068725586, 10.234548568725586, 6.742462158203125, 15.097477912902832, 6.467024803161621, 12.637935638427734, 7.449197292327881, 7.8720808029174805, 8.915459632873535, 12.226783752441406, 16.45132827758789, 12.958467483520508, 12.86117935180664, 10.310033798217773, 12.699570655822754, 10.350850105285645, 9.661065101623535, 10.456062316894531, 12.448407173156738, 8.536148071289062, 10.610026359558105, 8.516745567321777, 9.617226600646973, 13.247998237609863, 13.945808410644531, 13.514272689819336, 9.89578914642334, 13.378813743591309, 8.296409606933594, 12.80299186706543, 13.187541961669922, 12.70323371887207, 8.216147422790527, 11.767553329467773, 13.196138381958008, 14.757859230041504, 14.993412017822266, 12.291998863220215, 8.300251007080078, 9.518583297729492, 7.791626930236816, 7.735382556915283, 15.412247657775879, 11.084233283996582, 9.356097221374512, 8.392622947692871, 13.091861724853516, 8.619157791137695, 8.531854629516602, 13.077555656433105, 10.099873542785645, 10.127305030822754, 9.064348220825195, 13.916715621948242, 8.82316780090332, 8.200586318969727, 8.474092483520508, 8.322845458984375, 6.49553918838501, 8.056227684020996, 7.6503448486328125, 10.102782249450684, 10.171052932739258, 12.35777759552002, 8.910568237304688, 13.067718505859375, 12.316621780395508, 13.938346862792969, 8.525556564331055, 7.732409954071045, 6.547680377960205, 15.809198379516602, 13.362339973449707, 7.1772308349609375, 9.914955139160156, 9.550481796264648, 10.88560676574707, 10.581202507019043, 9.33471393585205, 10.008602142333984, 8.299846649169922, 8.921429634094238, 13.081070899963379, 9.255525588989258, 6.361387729644775, 9.118170738220215, 9.886030197143555, 7.948787689208984, 13.396570205688477, 14.764626502990723, 8.213113784790039, 13.959087371826172, 13.015044212341309, 8.390339851379395, 9.224966049194336, 7.1950507164001465, 8.301166534423828, 11.02585506439209, 9.71353530883789, 5.319100856781006, 8.018450736999512, 10.67232608795166, 9.34904670715332, 8.739864349365234, 7.797680854797363, 9.621855735778809, 7.468215465545654, 9.86972427368164, 9.163588523864746, 6.819433689117432, 6.422607421875, 8.705300331115723, 9.26830005645752, 8.343521118164062, 7.875271797180176, 9.534931182861328, 6.4933648109436035, 9.565230369567871, 8.582817077636719, 8.011245727539062, 7.072063446044922, 17.579326629638672, 13.764164924621582, 8.810568809509277, 8.70799732208252, 11.728397369384766, 7.606639385223389, 12.961779594421387, 8.91663932800293, 8.766558647155762, 9.22383975982666, 11.707233428955078, 9.837016105651855, 9.36234188079834, 9.07882022857666, 7.191136360168457, 9.278066635131836, 8.75971794128418, 8.484572410583496, 5.882574081420898, 9.586949348449707, 8.599674224853516, 8.680099487304688, 13.997316360473633, 13.16399097442627, 8.267152786254883, 9.08450984954834, 7.736415386199951, 8.381813049316406, 9.786856651306152, 9.34991455078125, 8.48780345916748, 9.443915367126465, 9.3976411819458, 7.790192127227783, 8.036540985107422, 8.665407180786133, 8.311067581176758, 9.149591445922852, 13.620474815368652, 8.071972846984863, 8.524238586425781, 9.763681411743164, 13.376236915588379, 8.316963195800781, 9.811802864074707, 8.432637214660645, 6.954955577850342, 9.081108093261719, 10.153800010681152, 7.998203277587891, 9.292426109313965, 9.53531265258789, 9.544160842895508, 8.041985511779785, 12.722962379455566, 12.721705436706543, 8.422077178955078, 14.72534465789795, 9.035167694091797, 9.014266014099121, 7.783434867858887, 8.798194885253906, 6.864683628082275, 9.064824104309082, 8.593482971191406, 8.860488891601562, 10.137083053588867, 15.015392303466797, 10.783493041992188, 10.571837425231934, 9.392557144165039, 7.013320446014404, 10.356433868408203, 8.836522102355957, 9.210844039916992, 7.956480026245117, 9.748074531555176, 7.23669958114624, 7.647012710571289, 6.850676536560059, 8.492133140563965, 7.795355796813965, 9.789068222045898, 6.202137470245361, 9.504563331604004, 9.709357261657715, 8.241143226623535, 8.31877613067627, 7.96314001083374, 9.605944633483887, 6.836182117462158, 12.56580638885498, 6.832309246063232, 10.24349308013916, 8.835212707519531, 9.34325885772705, 9.478479385375977, 13.775005340576172, 12.268333435058594, 8.441104888916016, 13.414133071899414, 9.966371536254883, 7.62918758392334, 9.279911041259766, 10.891780853271484, 10.404674530029297, 8.338656425476074, 14.134430885314941, 8.101120948791504, 9.92214298248291, 8.412151336669922, 10.012243270874023, 8.767459869384766, 12.788534164428711, 9.398204803466797, 7.652139186859131, 10.440607070922852, 8.692279815673828, 9.287968635559082, 8.757391929626465, 10.299661636352539, 9.25107479095459, 7.009262561798096, 9.095216751098633, 8.489962577819824, 13.307032585144043, 8.911380767822266, 13.116262435913086, 8.608799934387207, 8.622727394104004, 8.382226943969727, 8.721810340881348, 12.972033500671387, 12.671624183654785, 9.30600643157959, 12.98279094696045, 10.536181449890137, 8.165114402770996, 9.044766426086426, 8.941598892211914, 6.940121173858643, 11.247164726257324, 10.119126319885254, 13.400263786315918, 12.613483428955078, 7.882848262786865, 12.543708801269531, 12.068437576293945, 10.170652389526367, 10.957003593444824, 9.972562789916992, 12.852638244628906, 9.503520011901855, 9.844099044799805, 8.647876739501953, 11.683191299438477, 12.715041160583496, 9.44141960144043, 10.836996078491211, 8.15958023071289, 9.096292495727539, 9.493389129638672, 7.920088291168213, 8.945894241333008, 9.492020606994629, 10.037178039550781, 9.009072303771973, 9.473098754882812, 7.763270378112793, 12.912681579589844, 15.97374153137207, 14.464398384094238, 14.784771919250488, 9.725998878479004, 12.39948558807373, 13.471805572509766, 7.539358615875244, 9.912217140197754, 9.49338150024414, 11.96869945526123, 12.404398918151855, 10.143294334411621, 10.382942199707031, 13.051310539245605, 7.322187900543213, 10.562564849853516, 9.331122398376465, 12.672356605529785, 9.24262809753418, 8.88629150390625, 8.506628036499023, 8.567728996276855, 13.424576759338379, 9.025330543518066, 6.784170627593994, 8.55769157409668, 8.506633758544922, 9.034065246582031, 9.439048767089844, 13.310799598693848, 9.0646333694458, 12.168059349060059, 13.777922630310059, 8.134552001953125, 8.872170448303223, 6.807903289794922, 9.211167335510254, 21.240156173706055, 10.27099323272705, 12.91953182220459, 11.491288185119629, 9.806297302246094, 13.156848907470703, 10.149595260620117, 12.918274879455566, 7.833740711212158, 12.981913566589355, 8.384093284606934, 12.332259178161621, 8.96237850189209, 8.683355331420898, 8.099592208862305, 8.490030288696289, 9.812374114990234, 11.721068382263184, 9.503169059753418, 10.060338973999023, 7.962496280670166, 10.634383201599121, 10.545945167541504, 6.557988166809082, 8.3745698928833, 11.9729585647583, 10.515523910522461, 8.877288818359375, 13.73147964477539, 8.937248229980469, 6.887510776519775, 5.4862260818481445, 9.814408302307129, 10.969658851623535, 14.0179443359375, 7.743282318115234, 11.948301315307617, 15.673447608947754, 8.557208061218262, 9.107629776000977, 10.946155548095703, 13.198707580566406, 9.665716171264648, 11.58318042755127, 13.055757522583008, 10.055665016174316, 9.78219223022461, 7.295581340789795, 12.67988395690918, 7.212658405303955, 9.117280006408691, 8.060985565185547, 13.434734344482422, 11.212757110595703, 8.29043960571289, 6.668148517608643, 11.748444557189941, 10.514358520507812, 9.688220977783203, 9.313260078430176, 8.694117546081543, 11.057235717773438, 10.074443817138672, 9.228791236877441, 6.473663330078125, 9.785018920898438, 9.687289237976074, 8.935513496398926, 8.0946683883667, 9.175651550292969, 10.792601585388184, 9.105165481567383, 9.001437187194824, 8.5214262008667, 7.768691539764404, 7.703851222991943, 8.668684005737305, 9.387557983398438, 5.209048271179199, 9.088130950927734, 5.152255058288574, 9.145490646362305, 8.247363090515137, 9.350724220275879, 8.910595893859863, 11.063456535339355, 10.8505220413208, 9.415535926818848, 9.563939094543457, 10.63494873046875, 9.419723510742188, 7.299506187438965, 7.454439640045166, 11.204835891723633, 7.789436340332031, 9.78653335571289, 8.830839157104492, 8.689536094665527, 8.490513801574707, 7.9092254638671875, 8.656279563903809, 8.498345375061035, 7.066061973571777, 8.873260498046875, 15.288564682006836, 7.900395393371582, 9.91212272644043, 9.288633346557617, 8.090217590332031, 14.026660919189453, 8.228384971618652, 9.558900833129883, 7.591828346252441, 8.526171684265137, 6.434774875640869, 10.725286483764648, 10.250868797302246, 9.913087844848633, 7.12799072265625, 6.976958751678467, 10.479066848754883, 7.302801609039307, 8.67282485961914, 6.247254371643066, 9.948343276977539, 8.72832202911377, 8.804182052612305, 7.741771697998047, 7.869969367980957, 9.235817909240723, 9.287185668945312, 8.044198989868164, 10.972271919250488, 10.295820236206055, 11.888690948486328, 9.565232276916504, 7.913882732391357, 7.245486259460449, 6.642167091369629, 9.80282211303711, 8.805328369140625, 7.724745750427246, 9.01133918762207, 9.936534881591797, 9.070253372192383, 9.779748916625977, 5.697117328643799, 11.194357872009277, 6.87758731842041, 8.201961517333984, 6.0729498863220215, 6.850022315979004, 9.59139347076416, 7.59515905380249, 11.119917869567871, 9.917295455932617, 8.121074676513672, 8.956159591674805, 9.235780715942383, 7.598588466644287, 8.98893928527832, 9.118659973144531, 8.800320625305176, 8.052491188049316, 9.798569679260254, 9.221227645874023, 8.890670776367188, 8.551687240600586, 9.318877220153809, 11.109548568725586, 9.141040802001953, 8.802095413208008, 9.870688438415527, 8.376931190490723, 8.996561050415039, 9.814064025878906, 10.169391632080078, 9.190711975097656, 9.57717227935791, 9.513126373291016, 7.024180889129639, 9.945828437805176, 7.7644124031066895, 7.048019886016846, 8.547369003295898, 8.594887733459473, 9.781442642211914, 8.1159029006958, 10.594566345214844, 9.412543296813965, 8.010570526123047, 9.397201538085938, 9.349751472473145, 8.7131986618042, 9.430842399597168, 10.106225967407227, 9.09422779083252, 7.111390590667725, 9.53660774230957, 7.051054000854492, 9.187345504760742, 8.708329200744629, 6.576183319091797, 8.594728469848633, 7.916706085205078, 9.903219223022461, 9.863247871398926, 9.684127807617188, 6.508960247039795, 8.615418434143066, 9.447601318359375, 7.959133625030518, 9.199933052062988, 9.277904510498047, 8.497525215148926, 9.054577827453613, 8.233816146850586, 10.250649452209473, 9.596385955810547, 9.547430038452148, 9.052221298217773, 9.281004905700684, 10.336209297180176, 9.237342834472656, 7.9001593589782715, 12.969413757324219, 9.042675971984863, 9.543892860412598, 9.611536979675293, 8.962061882019043, 8.41170597076416, 7.3901591300964355, 8.225388526916504, 9.783792495727539, 8.199230194091797, 9.779581069946289, 8.916094779968262, 10.200881958007812, 9.383891105651855, 8.405733108520508, 9.22374439239502, 8.779229164123535, 8.999085426330566, 10.490520477294922, 9.771169662475586, 11.303003311157227, 9.801237106323242, 9.032743453979492, 7.835724830627441, 8.63884449005127, 8.637088775634766, 10.06875991821289, 8.998271942138672, 9.494548797607422, 9.38508129119873, 14.638310432434082, 8.515846252441406, 7.803500175476074, 10.135507583618164, 7.136373519897461, 8.243345260620117, 13.12385082244873, 7.774867534637451, 6.421023845672607, 9.284985542297363, 8.792738914489746, 9.252908706665039, 9.484633445739746, 7.202126502990723, 8.361336708068848, 11.507265090942383, 9.80481243133545, 11.008501052856445, 10.575203895568848, 8.387835502624512, 13.006587982177734, 6.785610198974609, 8.147662162780762, 9.277913093566895, 9.235760688781738, 9.04411792755127, 9.125384330749512, 9.960746765136719, 10.985532760620117, 9.358145713806152, 7.247987270355225, 6.81978178024292, 10.085952758789062, 8.33060359954834, 9.031391143798828, 8.528491020202637, 7.88394832611084, 7.023726940155029, 7.558958530426025, 8.616921424865723, 9.97780704498291, 12.339580535888672, 8.162044525146484, 8.57571792602539, 8.999135971069336, 8.012816429138184, 8.217915534973145, 7.717068672180176, 9.317524909973145, 8.572552680969238, 7.908729076385498, 8.369219779968262, 9.783629417419434, 5.829736709594727, 10.071188926696777, 8.78882122039795, 9.243328094482422, 10.342144966125488, 7.087305545806885, 8.462422370910645, 9.24881362915039, 8.828295707702637, 8.186117172241211, 8.98261833190918, 9.056862831115723, 9.49499797821045, 8.503803253173828, 10.404024124145508, 8.262974739074707, 11.955364227294922, 8.803620338439941, 8.258378982543945, 7.202123641967773, 9.017861366271973, 8.72769832611084, 12.029257774353027, 9.055182456970215, 8.76108169555664, 8.831602096557617, 8.72250747680664, 7.998509407043457, 8.680367469787598, 10.740036010742188, 9.682024955749512, 6.884062767028809, 8.83394718170166, 10.31463623046875, 7.411569595336914, 8.445028305053711, 9.072335243225098, 8.266091346740723, 10.01832389831543, 8.351018905639648, 7.627511024475098, 11.093729019165039, 8.393646240234375, 8.804597854614258, 8.92054557800293, 10.374088287353516, 9.534527778625488, 7.033184051513672, 7.683290004730225, 28.93080711364746, 9.33251953125, 10.22461223602295, 14.495899200439453, 8.33622932434082, 9.62784481048584, 7.950798988342285, 10.197647094726562, 11.242770195007324, 9.131010055541992, 10.373618125915527, 8.902569770812988, 10.421037673950195, 5.811822891235352, 7.365686416625977, 8.765824317932129, 9.150797843933105, 11.7426176071167, 14.073455810546875, 10.198083877563477, 8.963804244995117, 10.9461088180542, 7.42432975769043, 9.486560821533203, 9.660136222839355, 9.47575569152832, 14.620162010192871, 7.351456165313721, 7.8630051612854, 12.718244552612305, 9.795470237731934, 10.41734504699707, 8.397278785705566, 7.8518548011779785, 7.154453754425049, 4.68245792388916, 8.89207649230957, 7.5743818283081055, 10.075241088867188, 8.628922462463379, 8.268019676208496, 7.668318271636963, 8.707942008972168, 7.622227191925049, 14.397976875305176, 10.977421760559082, 6.106638431549072, 7.42910099029541, 8.79726505279541, 9.498507499694824, 10.57656192779541, 9.362798690795898, 9.790375709533691, 9.412416458129883, 8.87641429901123, 7.194726467132568, 9.095709800720215, 9.50532341003418, 9.405328750610352, 9.384259223937988, 8.044261932373047, 9.138245582580566, 14.433476448059082, 7.321841716766357, 10.823015213012695, 9.75618839263916, 7.2332587242126465, 6.972929954528809, 6.975144386291504, 9.445130348205566, 7.845433235168457, 9.114229202270508, 14.741109848022461, 9.803144454956055, 7.210994243621826, 8.155728340148926, 12.522051811218262, 9.52432632446289, 8.553236961364746, 10.451316833496094, 6.811260223388672, 8.05769157409668, 13.967487335205078, 9.519698143005371, 9.03027629852295, 9.460729598999023, 7.996115207672119, 9.620343208312988, 8.467610359191895, 12.656888961791992, 10.050302505493164, 8.452844619750977, 15.038642883300781, 6.989923000335693, 10.196307182312012, 7.184696197509766, 8.485616683959961, 8.893239974975586, 7.39412784576416, 11.2392578125, 7.699590682983398, 5.731887340545654, 8.018195152282715, 10.929113388061523, 8.337725639343262, 8.400035858154297, 6.321891784667969, 7.888090133666992, 9.279458045959473, 16.174535751342773, 8.283190727233887, 9.984375, 9.3922119140625, 9.925947189331055, 9.673691749572754, 8.685371398925781, 9.638592720031738, 9.110588073730469, 9.903485298156738, 11.794889450073242, 9.277897834777832, 8.798545837402344, 11.66650104522705, 7.763774871826172, 12.9835844039917, 7.9459004402160645, 8.914609909057617, 6.618629455566406, 8.526960372924805, 9.782968521118164, 7.8234124183654785, 9.520315170288086, 8.313345909118652, 9.09436321258545, 9.161962509155273, 8.426885604858398, 9.15108871459961, 10.197072982788086, 8.14847469329834, 6.7452263832092285, 12.904000282287598, 11.078505516052246, 8.954545021057129, 13.508517265319824, 8.480786323547363, 8.32193374633789, 8.744901657104492, 10.753256797790527, 13.40845775604248, 9.755852699279785, 6.35592794418335, 7.558091163635254, 9.52130126953125, 14.86800479888916, 10.357864379882812, 10.110858917236328, 7.413247108459473, 10.983121871948242, 11.478009223937988, 9.327473640441895, 8.578636169433594, 9.604591369628906, 8.142967224121094, 7.549257755279541, 8.281707763671875, 6.46451997756958, 13.604865074157715, 8.098731994628906, 8.924092292785645, 10.282556533813477, 13.157461166381836, 8.59212875366211, 6.968003749847412, 8.942584991455078, 9.41396427154541, 8.912893295288086, 13.10593318939209, 8.699677467346191, 7.882925033569336, 12.025248527526855, 6.467922687530518, 8.87673568725586, 13.79365348815918, 14.338420867919922, 6.930908203125, 9.436144828796387, 7.461544990539551, 8.613393783569336, 8.154531478881836, 8.941518783569336, 10.048742294311523, 10.22340202331543, 10.227601051330566, 8.635031700134277, 9.840846061706543, 7.344714641571045, 9.95238971710205, 10.025368690490723, 8.738222122192383, 9.199929237365723, 8.191515922546387, 8.237428665161133, 8.030355453491211, 13.221076011657715, 9.990304946899414, 9.15649127960205, 9.698373794555664, 10.951629638671875, 9.813431739807129, 12.424320220947266, 9.313033103942871, 7.179004669189453, 8.26834487915039, 9.534125328063965, 9.776559829711914, 13.205607414245605, 9.799845695495605, 5.511382579803467, 11.255254745483398, 7.74928617477417, 9.369865417480469, 6.749056816101074, 6.9630446434021, 10.010851860046387, 6.897650718688965, 6.993938446044922, 11.99475383758545, 9.837510108947754, 7.4426774978637695, 7.578705787658691, 9.6881685256958, 13.470476150512695, 11.440871238708496, 8.426025390625, 7.468269348144531, 12.82783317565918, 8.224883079528809, 10.109833717346191, 10.352558135986328, 9.81943416595459, 12.847939491271973, 8.091997146606445, 7.72222375869751, 7.49877405166626, 8.885785102844238, 8.666491508483887, 5.482541561126709, 10.362807273864746, 8.440225601196289, 8.330580711364746, 6.292765140533447, 11.030338287353516, 8.404318809509277, 6.177356719970703, 7.9895920753479, 7.904709339141846, 9.959158897399902, 9.805021286010742, 8.586786270141602, 8.815401077270508, 7.655717849731445, 9.130393028259277, 10.28057861328125, 9.182206153869629, 6.502896785736084, 9.537004470825195, 8.654308319091797, 9.777935028076172, 7.628364086151123, 8.197394371032715, 10.489786148071289, 9.29256820678711, 8.25401496887207, 9.468201637268066, 7.735570430755615, 9.681564331054688, 10.580920219421387, 10.435260772705078, 8.077702522277832, 10.629232406616211, 7.988684177398682, 14.203275680541992, 7.209668159484863, 7.708522796630859, 9.622357368469238, 14.431370735168457, 8.008870124816895, 10.524179458618164, 9.0191011428833, 7.621462345123291, 10.26171588897705, 8.707891464233398, 6.957678318023682, 10.279135704040527, 9.99021053314209, 9.46890640258789, 8.918732643127441, 6.525477886199951, 9.557971954345703, 7.578475475311279, 12.900552749633789, 6.815332412719727, 9.111680030822754, 8.045248031616211, 9.376904487609863, 9.343729972839355, 10.798553466796875, 6.167783737182617, 11.850347518920898, 8.211451530456543, 8.88784122467041, 4.838597297668457, 9.164088249206543, 8.255565643310547, 6.326879024505615, 7.809884548187256, 8.964410781860352, 8.357344627380371, 9.224699974060059, 9.351790428161621, 10.089089393615723, 10.062402725219727, 8.627305030822754, 11.168624877929688, 7.704362392425537, 13.08200740814209, 10.21870231628418, 10.346650123596191, 9.90831470489502, 9.567373275756836, 5.744289875030518, 8.797877311706543, 8.452752113342285, 8.85476303100586, 9.952474594116211, 6.95466423034668, 8.675259590148926, 11.021777153015137, 9.612900733947754, 10.879691123962402, 9.339664459228516, 10.096391677856445, 13.962224960327148, 11.333439826965332, 7.984165191650391, 7.569974422454834, 10.122954368591309, 8.08626937866211, 10.318951606750488, 10.962574005126953, 10.034348487854004, 8.591716766357422, 7.183265209197998, 8.999866485595703, 9.964916229248047, 15.095986366271973, 8.3789701461792, 8.952072143554688, 8.001996040344238, 9.805790901184082, 6.919438362121582, 7.38367223739624, 7.978572368621826, 9.6587553024292, 8.75603199005127, 9.08218765258789, 8.1403169631958, 7.287744998931885, 9.371549606323242, 9.530982971191406, 7.115280628204346, 10.010564804077148, 9.832959175109863, 9.261960983276367, 7.686657905578613, 10.006545066833496, 10.993730545043945, 10.144627571105957, 9.174599647521973, 9.907683372497559, 10.426370620727539, 9.266295433044434, 8.526552200317383, 8.828575134277344, 7.971224308013916, 7.2274699211120605, 8.525691986083984, 8.450693130493164, 8.613429069519043, 12.910935401916504, 8.635340690612793, 10.312589645385742, 9.977423667907715, 13.4469633102417, 13.012200355529785, 9.854719161987305, 10.298588752746582, 7.721493721008301, 9.418659210205078, 8.60802173614502, 9.98055648803711, 9.875228881835938, 8.262589454650879, 10.094861030578613, 15.761129379272461, 8.398550033569336, 10.604202270507812, 7.597443580627441, 8.43911361694336, 9.413233757019043, 12.369044303894043, 9.258027076721191, 8.901753425598145, 10.751954078674316, 9.342649459838867, 7.9343485832214355, 12.007842063903809, 7.77325439453125, 7.862600803375244, 7.778615474700928, 8.46316146850586, 8.340664863586426, 8.460460662841797, 12.875835418701172, 8.643309593200684, 8.993136405944824, 12.603458404541016, 14.070918083190918, 10.354987144470215, 9.858537673950195, 10.280427932739258, 9.067770957946777, 10.321197509765625, 8.680176734924316, 10.389991760253906, 9.026989936828613, 8.880587577819824, 8.992647171020508, 7.023754119873047, 8.593887329101562, 8.275416374206543, 9.490556716918945, 9.8441743850708, 9.371919631958008, 9.210859298706055, 8.852653503417969, 8.288700103759766, 9.001439094543457, 12.089921951293945, 7.020110130310059, 7.75782585144043, 9.73745346069336, 10.238630294799805, 8.246477127075195, 8.83315372467041, 7.1108622550964355, 9.622808456420898, 8.249732971191406, 7.265836238861084, 10.966987609863281, 8.964168548583984, 9.758912086486816, 10.427386283874512, 9.234840393066406, 9.435436248779297, 11.479903221130371, 9.055000305175781, 8.697054862976074, 9.046918869018555, 9.75046443939209, 9.001402854919434, 9.569463729858398, 7.953273773193359, 10.385883331298828, 8.858400344848633, 10.125711441040039, 9.834104537963867, 10.03405475616455, 8.333418846130371, 7.7987799644470215, 12.96674919128418, 8.84053897857666, 9.461332321166992, 10.310543060302734, 7.139027118682861, 9.53702163696289, 9.532851219177246, 10.407591819763184, 8.351572036743164, 10.733497619628906, 5.744358062744141, 12.827604293823242, 13.745512962341309, 9.404730796813965, 8.947481155395508, 11.477324485778809, 8.967278480529785, 8.074727058410645, 9.721470832824707, 6.501109600067139, 9.370804786682129, 8.863850593566895, 7.8425116539001465, 9.468692779541016, 7.934779644012451, 9.500943183898926, 8.402949333190918, 7.852627754211426, 8.969661712646484, 8.699930191040039, 8.509611129760742, 8.657437324523926, 10.180023193359375, 18.470428466796875, 11.632989883422852, 7.93350887298584, 8.434739112854004, 8.630715370178223, 9.991381645202637, 9.096274375915527, 8.633039474487305, 6.646982192993164, 7.063326835632324, 9.56551456451416, 11.051135063171387, 9.468700408935547, 9.705665588378906, 9.78968334197998, 11.981244087219238, 9.451191902160645, 7.7797980308532715, 9.113367080688477, 9.32184886932373, 9.04464054107666, 7.916027069091797, 9.798444747924805, 7.232693195343018, 15.25383186340332, 8.031193733215332, 8.490954399108887, 9.653799057006836, 12.671584129333496, 8.247313499450684, 10.633546829223633, 9.479460716247559, 6.450122356414795, 8.110786437988281, 8.460782051086426, 7.8344807624816895, 8.552274703979492, 9.15843391418457, 9.625798225402832, 10.821196556091309, 9.514978408813477, 12.550766944885254, 8.405956268310547, 8.731673240661621, 10.086512565612793, 8.501805305480957, 8.169553756713867, 7.990621089935303, 7.371542453765869, 9.95888900756836, 10.035368919372559, 8.870965957641602, 7.929146766662598, 12.844176292419434, 8.841787338256836, 7.694789409637451, 12.290620803833008, 7.3204827308654785, 7.739631175994873, 8.870782852172852, 8.769667625427246, 7.329020977020264, 7.408279895782471, 10.12827205657959, 9.699457168579102, 9.14578628540039, 9.748470306396484, 9.01172924041748, 10.082783699035645, 10.60938835144043, 10.701208114624023, 9.308022499084473, 9.053433418273926, 9.477784156799316, 10.160392761230469, 13.323220252990723, 10.940937995910645, 11.978402137756348, 9.732277870178223, 9.587596893310547, 11.219781875610352, 12.28102970123291, 7.718870639801025, 6.527308940887451, 8.59742546081543, 8.9304780960083, 12.655280113220215, 7.617361545562744, 9.017314910888672, 9.308103561401367, 25.064361572265625, 7.110599994659424, 10.910149574279785, 18.179157257080078, 6.711910724639893, 6.971205234527588, 10.003684997558594, 7.422370910644531, 13.634674072265625, 6.7000932693481445, 8.899704933166504, 8.416674613952637, 8.45993709564209, 8.297911643981934, 8.835099220275879, 7.626206398010254, 7.939877510070801, 5.226755142211914, 8.15578842163086, 7.734007358551025, 8.32239055633545, 9.019003868103027, 8.692091941833496, 12.799296379089355, 8.244842529296875, 13.119290351867676, 9.18481159210205, 7.512255668640137, 13.668920516967773, 7.778530120849609, 9.343192100524902, 9.321069717407227, 9.762555122375488, 9.470383644104004, 9.911216735839844, 9.442885398864746, 10.073543548583984, 8.217668533325195, 7.918601989746094, 8.649660110473633, 11.329377174377441, 8.77226734161377, 9.570402145385742, 11.864787101745605, 9.88428020477295, 9.8659029006958, 12.58199405670166, 8.859210968017578, 7.441483974456787, 9.243925094604492, 13.161444664001465, 10.395685195922852, 6.7266974449157715, 9.719358444213867, 9.18582820892334, 9.353639602661133, 7.601953506469727, 9.95501708984375, 9.643776893615723, 10.174050331115723, 9.54184627532959, 13.062911987304688, 8.32958984375, 8.129741668701172, 7.164514541625977, 8.093552589416504, 7.25417947769165, 10.114256858825684, 6.38685417175293, 8.827698707580566, 7.6997971534729, 9.331055641174316, 8.947807312011719, 9.314820289611816, 6.870338439941406, 11.92807674407959, 10.767184257507324, 8.32076644897461, 9.504120826721191, 8.6267671585083, 10.267860412597656, 10.370880126953125, 10.195817947387695, 8.824851036071777, 6.89790153503418, 7.35748291015625, 8.608235359191895, 8.399751663208008, 12.007312774658203, 9.058574676513672, 8.56167984008789, 9.068385124206543, 11.87138843536377, 9.067264556884766, 9.726018905639648, 8.49288558959961, 10.021157264709473, 12.769603729248047, 12.382259368896484, 8.048075675964355, 6.895992755889893, 8.848934173583984, 9.846010208129883, 16.0964412689209, 9.134675979614258, 8.89315414428711, 9.41071605682373, 11.245229721069336, 19.081924438476562, 9.93675422668457, 7.520348072052002, 9.909245491027832, 9.143585205078125, 15.66446304321289, 14.448006629943848, 8.097853660583496, 7.847908020019531, 6.543790340423584, 9.966390609741211, 9.010297775268555, 10.059690475463867, 9.473711967468262, 9.535324096679688, 11.403396606445312, 5.089081287384033, 13.949118614196777, 7.136678218841553, 8.45995807647705, 8.248798370361328, 9.09739875793457, 8.707002639770508, 11.38226318359375, 9.032429695129395, 8.985929489135742, 16.31028938293457, 13.548425674438477, 13.449125289916992, 6.4223175048828125, 10.261892318725586, 9.613767623901367, 12.278581619262695, 8.704788208007812, 8.913884162902832, 11.198747634887695, 15.584396362304688, 12.286568641662598, 7.745893955230713, 9.771919250488281, 9.974397659301758, 9.700765609741211, 9.814329147338867, 10.823593139648438, 10.282588005065918, 11.003680229187012, 7.902646541595459, 17.788230895996094, 12.533126831054688, 11.172327041625977, 12.561573028564453, 17.84752082824707, 18.81022071838379, 16.792211532592773, 9.188138961791992, 9.20407772064209, 12.262011528015137, 9.836713790893555, 10.105168342590332, 7.938161849975586, 9.757497787475586, 9.644990921020508, 13.271385192871094, 10.166272163391113, 13.275073051452637, 8.392292976379395, 8.261184692382812, 9.090099334716797, 12.334755897521973, 8.821761131286621, 8.620712280273438, 8.083821296691895, 9.849638938903809, 7.126376152038574, 14.082088470458984, 8.81210708618164, 6.147219657897949, 9.740192413330078, 11.189440727233887, 8.559601783752441, 6.9156599044799805, 6.861801624298096, 12.49060344696045, 11.190057754516602, 15.449193000793457, 9.840421676635742, 12.792553901672363, 8.98316764831543, 8.946044921875, 9.59910774230957, 8.928008079528809, 15.698298454284668, 8.86945915222168, 12.560826301574707, 5.240663051605225, 7.319093704223633, 9.035318374633789, 17.400035858154297, 7.363730430603027, 8.972383499145508, 12.234930038452148, 9.460026741027832, 16.352436065673828, 7.043594837188721, 8.550222396850586, 10.023263931274414, 8.824355125427246, 7.8635172843933105, 9.978901863098145, 10.060551643371582, 12.988717079162598, 8.21934986114502, 13.272138595581055, 7.26499080657959, 9.343463897705078, 16.845050811767578, 9.464103698730469, 7.516108512878418, 16.414058685302734, 9.327818870544434, 8.60573959350586, 11.48006820678711, 8.763121604919434, 8.686208724975586, 10.283116340637207, 9.118448257446289, 10.73853874206543, 14.219184875488281, 7.080321788787842, 9.04591178894043, 9.226282119750977, 7.1140055656433105, 9.88426399230957, 10.484763145446777, 8.316556930541992, 11.978404998779297, 8.48106575012207, 12.989448547363281, 7.600737571716309, 12.198247909545898, 7.7094268798828125, 19.505107879638672, 9.210128784179688, 8.829292297363281, 9.323848724365234, 8.561626434326172, 6.748693466186523, 9.001079559326172, 10.147852897644043, 7.851902008056641, 9.5332670211792, 12.606834411621094, 8.732217788696289, 12.362372398376465, 16.35779571533203, 10.795103073120117, 10.12458610534668, 16.794862747192383, 7.472705841064453, 6.734031677246094, 7.530550956726074, 9.292966842651367, 7.68302059173584, 8.334712028503418, 16.922677993774414, 10.387182235717773, 7.1579694747924805, 7.493278980255127, 18.395044326782227, 8.897801399230957, 8.565717697143555, 9.195181846618652, 15.210653305053711, 9.36535930633545, 7.491179466247559, 9.790947914123535, 16.37298583984375, 8.329530715942383, 9.601035118103027, 11.366501808166504, 8.1136474609375, 8.907751083374023, 9.484914779663086, 8.867284774780273, 9.466736793518066, 12.850565910339355, 9.959848403930664, 15.25209903717041, 11.429272651672363, 10.386407852172852, 10.582061767578125, 8.190818786621094, 8.476154327392578, 10.81807804107666, 10.000833511352539, 12.05884838104248, 11.945257186889648, 11.281044006347656, 10.701045989990234, 11.145214080810547, 9.34166145324707, 6.534731388092041, 9.797186851501465, 16.87871551513672, 9.201216697692871, 13.229171752929688, 9.8473482131958, 7.847865104675293, 12.985520362854004, 13.33810806274414, 8.577252388000488, 9.207090377807617, 8.595876693725586, 9.135108947753906, 12.684216499328613, 12.577610969543457, 15.891609191894531, 9.467498779296875, 9.088582038879395, 10.318338394165039, 9.227178573608398, 10.104021072387695, 13.979999542236328, 10.183191299438477, 9.977799415588379, 13.404951095581055, 9.662556648254395, 15.039170265197754, 9.565703392028809, 9.197809219360352, 11.074297904968262, 7.312138080596924, 15.510207176208496, 9.550200462341309, 8.667105674743652, 9.49438190460205, 9.512109756469727, 10.482621192932129, 9.646352767944336, 10.655166625976562, 9.063417434692383, 10.632521629333496, 9.394081115722656, 15.284977912902832, 14.51055908203125, 10.646230697631836, 14.34616756439209, 9.498104095458984, 7.317146301269531, 10.1341552734375, 9.809229850769043, 9.290047645568848, 12.878296852111816, 8.40349006652832, 7.330633640289307, 8.812594413757324, 13.546005249023438, 10.023519515991211, 9.466679573059082, 8.813150405883789, 11.167011260986328, 6.586201190948486, 8.93802261352539, 8.590567588806152, 10.808370590209961, 8.901849746704102, 12.544828414916992, 9.759998321533203, 11.066422462463379, 13.300442695617676, 14.626537322998047, 9.353453636169434, 12.663313865661621, 8.616744041442871, 13.775288581848145, 11.054080963134766, 7.373946666717529, 10.404150009155273, 8.979559898376465, 13.233688354492188, 10.172788619995117, 8.156959533691406, 14.11961841583252, 8.936552047729492, 8.078679084777832, 9.411932945251465, 7.993631362915039, 9.277280807495117, 8.660961151123047, 9.13571834564209, 8.548493385314941, 7.80393123626709, 14.46934700012207, 8.921930313110352, 7.004121780395508, 9.933820724487305, 12.577495574951172, 8.492535591125488, 10.103302955627441, 9.6511812210083, 7.944339275360107, 13.211153030395508, 8.940108299255371, 9.129528045654297, 7.12423849105835, 8.267672538757324, 9.679189682006836, 7.885677814483643, 12.67626667022705, 9.144441604614258, 9.55135440826416, 15.57237434387207, 10.24389362335205, 8.818544387817383, 11.009207725524902, 13.842124938964844, 14.169441223144531, 14.561113357543945, 13.786408424377441, 11.339312553405762, 9.780584335327148, 8.550217628479004, 12.434283256530762, 14.317095756530762, 15.14852237701416, 9.186323165893555, 7.756911754608154, 9.616979598999023, 8.454944610595703, 8.634119033813477, 13.122340202331543, 7.413853168487549, 7.981944561004639, 12.429887771606445, 9.781036376953125, 9.639431953430176, 8.530385971069336, 7.894114971160889, 7.459131717681885, 10.223836898803711, 13.48091983795166, 14.240184783935547, 14.960380554199219, 10.332536697387695, 14.3240385055542, 7.890624046325684, 6.587342739105225, 8.430627822875977, 10.681276321411133, 10.354816436767578, 14.53071403503418, 11.072075843811035, 8.561788558959961, 7.804782867431641, 9.551652908325195, 8.063467979431152, 9.51694107055664, 15.176274299621582, 13.256651878356934, 10.675469398498535, 8.928976058959961, 11.365105628967285, 14.467671394348145, 15.264110565185547, 9.196593284606934, 13.415230751037598, 7.515959739685059, 15.368047714233398, 9.355072021484375, 7.611684799194336, 9.936271667480469, 13.420464515686035, 6.506572246551514, 13.42082691192627, 10.161646842956543, 13.832772254943848, 9.694645881652832, 8.975485801696777, 7.459516525268555, 7.080733299255371, 6.910356044769287, 6.465329170227051, 13.02299976348877, 7.8316521644592285, 8.90086555480957, 13.106400489807129, 13.61219596862793, 9.558271408081055, 10.119089126586914, 8.07754898071289, 9.512380599975586, 9.310035705566406, 6.9037580490112305, 13.607552528381348, 9.843362808227539, 12.174567222595215, 8.160113334655762, 9.074396133422852, 8.767969131469727, 9.25317668914795, 14.58714485168457, 8.133780479431152, 9.363525390625, 13.72673511505127, 12.011631965637207, 9.232779502868652, 7.4975786209106445, 7.661824703216553, 8.463618278503418, 9.173599243164062, 8.366903305053711, 8.952957153320312, 9.596380233764648, 8.674644470214844, 8.278617858886719, 9.729208946228027, 5.5250749588012695, 10.419275283813477, 10.075942993164062, 9.207356452941895, 8.548912048339844, 7.875696182250977, 13.821369171142578, 9.632603645324707, 12.802604675292969, 10.593124389648438, 10.808929443359375, 8.802209854125977, 8.76791763305664, 14.609967231750488, 9.62060546875, 10.388325691223145, 13.639039993286133, 8.958724021911621, 8.537428855895996, 7.804327964782715, 10.738846778869629, 7.851635456085205, 8.942893028259277, 12.87377643585205, 7.855475902557373, 14.631118774414062, 9.7056245803833, 9.37334156036377, 10.41800308227539, 8.797184944152832, 9.233320236206055, 8.531791687011719, 11.652405738830566, 9.821303367614746, 7.584652900695801, 13.104411125183105, 9.629751205444336, 6.184697151184082, 24.956281661987305, 12.282042503356934, 16.264278411865234, 7.7241997718811035, 9.61052131652832, 7.583784103393555, 9.060965538024902, 8.164746284484863, 9.180123329162598, 9.540512084960938, 9.353937149047852, 13.211319923400879, 9.721027374267578, 13.319974899291992, 7.995832443237305, 7.55052375793457, 11.950363159179688, 11.4931640625, 7.592227458953857, 5.358699321746826, 10.063580513000488, 10.533626556396484, 7.9208550453186035, 8.633101463317871, 11.990397453308105, 15.921361923217773, 9.998149871826172, 9.078723907470703, 13.272543907165527, 9.111854553222656, 12.120107650756836, 6.8909592628479, 10.755131721496582, 13.533255577087402, 8.440149307250977, 12.560897827148438, 18.48614501953125, 7.196751117706299, 12.455620765686035, 12.0350980758667, 9.103327751159668, 7.65414571762085, 12.745816230773926, 8.214990615844727, 13.14096450805664, 9.468575477600098, 9.529027938842773, 15.336949348449707, 9.617791175842285, 8.098042488098145, 8.763492584228516, 7.589156627655029, 13.532971382141113, 8.949630737304688, 8.474410057067871, 8.395476341247559, 10.288238525390625, 14.505158424377441, 8.931705474853516, 9.745384216308594, 11.175081253051758, 10.220675468444824, 8.9014253616333, 8.899648666381836, 9.56596565246582, 9.937716484069824, 10.416166305541992, 9.201239585876465, 10.110748291015625, 13.725349426269531, 10.1496000289917, 8.989152908325195, 10.157352447509766, 7.381264686584473, 9.462541580200195, 7.127366542816162, 8.903282165527344, 8.999861717224121, 8.541749000549316, 9.748149871826172, 8.086910247802734, 6.426158905029297, 10.815679550170898, 13.027701377868652, 8.188666343688965, 9.356613159179688, 14.626297950744629, 5.903648376464844, 9.825350761413574, 8.733180046081543, 10.331522941589355, 13.216368675231934, 10.400200843811035, 7.524734020233154, 7.853686332702637, 9.494858741760254, 8.539633750915527, 12.802922248840332, 10.188831329345703, 13.100592613220215, 14.090400695800781, 7.8336358070373535, 7.910388946533203, 6.9271016120910645, 12.393326759338379, 13.8152494430542, 9.092679023742676, 8.006402969360352, 8.659026145935059, 12.787469863891602, 12.89631462097168, 16.941129684448242, 6.293845176696777, 6.581284046173096, 8.603995323181152, 9.443381309509277, 15.360787391662598, 9.214154243469238, 9.44771671295166, 8.962811470031738, 9.722248077392578, 7.635613441467285, 9.300299644470215, 9.817497253417969, 8.70571231842041, 7.890446186065674, 6.729593753814697, 12.137186050415039, 7.982160568237305, 7.258840560913086, 8.79199504852295, 9.198443412780762, 7.170763969421387]
Cosines similarity random samples
[0.5371223092079163, 0.577612578868866, 0.41249218583106995, 0.4045296013355255, 0.6600953936576843, 0.6363288164138794, 0.610396146774292, 0.589250922203064, 0.6740317344665527, 0.6876477003097534, 0.507965087890625, 0.5567169189453125, 0.8160674571990967, 0.566563606262207, 0.7673895359039307, 0.7255538702011108, 0.6325455904006958, 0.5236746072769165, 0.5347613096237183, 0.6856149435043335, 0.5383197069168091, 0.46482905745506287, 0.669285774230957, 0.6053475737571716, 0.6586940884590149, 0.4629128575325012, 0.5387170314788818, 0.29738563299179077, 0.5714317560195923, 0.582512378692627, 0.7639872431755066, 0.6545505523681641, 0.5616059303283691, 0.5537039041519165, 0.5377880334854126, 0.6417368650436401, 0.6219086050987244, 0.7092986106872559, 0.51087886095047, 0.6188063621520996, 0.7285909056663513, 0.3425334095954895, 0.5832656621932983, 0.44852346181869507, 0.6908373236656189, 0.417080819606781, 0.6349954605102539, 0.6176411509513855, 0.6516098380088806, 0.652019202709198, 0.5913463234901428, 0.48495757579803467, 0.4290112257003784, 0.45317789912223816, 0.5824531316757202, 0.643667459487915, 0.5663894414901733, 0.7735563516616821, -0.04908931255340576, 0.621624231338501, 0.619463324546814, 0.5216374397277832, 0.651252806186676, 0.7531195878982544, 0.5899919271469116, 0.6309586763381958, 0.692338228225708, 0.1993914246559143, 0.1239774152636528, 0.5702008008956909, 0.2611854672431946, 0.606591522693634, 0.10187602043151855, 0.664835512638092, 0.5421260595321655, 0.616062343120575, 0.5448708534240723, 0.506389319896698, 0.7243906259536743, 0.5473811626434326, 0.7114429473876953, 0.5098963975906372, 0.6558268070220947, 0.414556622505188, 0.44371992349624634, 0.1335124969482422, 0.7707052826881409, 0.6497452855110168, 0.6037708520889282, 0.6805579662322998, 0.4717268943786621, 0.5466873645782471, 0.6919674277305603, 0.48397400975227356, 0.7617928981781006, -0.0458347350358963, 0.5984804034233093, 0.5510259866714478, 0.7181104421615601, 0.7772384881973267, 0.6986964344978333, 0.5394201278686523, 0.6070677042007446, 0.6701605319976807, 0.6389849185943604, 0.5493839979171753, 0.5755478143692017, 0.5082986950874329, 0.7049313187599182, 0.6066166162490845, 0.5755270719528198, 0.5206936001777649, 0.5720782279968262, 0.6963158845901489, 0.4986652433872223, 0.5959489941596985, 0.4054456949234009, 0.5666623711585999, 0.5255064964294434, 0.615196943283081, 0.3209047317504883, 0.5305547714233398, 0.5186675786972046, 0.7486900091171265, 0.5529811382293701, 0.5767338275909424, 0.2444315254688263, 0.47523099184036255, 0.6863304376602173, 0.6924240589141846, 0.5691549777984619, 0.43894731998443604, 0.5916264653205872, 0.6686384677886963, 0.5119417905807495, 0.398250937461853, 0.6155455112457275, 0.5335822701454163, 0.6252646446228027, 0.6571143865585327, 0.5752190351486206, 0.7216095924377441, 0.6169091463088989, 0.4770217537879944, 0.6477420330047607, 0.5527008771896362, 0.7872434854507446, 0.5978509187698364, 0.5944790840148926, 0.6632319688796997, 0.5529643297195435, 0.6570253968238831, 0.6791554689407349, 0.625240683555603, 0.5759059190750122, 0.6836051940917969, 0.5764728784561157, 0.7033058404922485, 0.7086871862411499, 0.42491888999938965, 0.5720705389976501, 0.6228232979774475, 0.643814206123352, 0.6596455574035645, 0.39598163962364197, 0.6254900097846985, 0.5829761028289795, 0.5389360189437866, 0.5999846458435059, 0.612612247467041, 0.7292239665985107, 0.677654504776001, 0.5698260068893433, 0.26371458172798157, 0.5210860371589661, 0.6031485795974731, 0.5412248969078064, 0.3084093928337097, 0.6292283535003662, 0.5352430939674377, 0.4889892339706421, 0.597342848777771, 0.5559403300285339, 0.7899436354637146, 0.6518296003341675, 0.540666401386261, 0.5997706651687622, 0.5887002348899841, 0.7525546550750732, 0.41563546657562256, 0.58177649974823, 0.503162682056427, 0.7024710178375244, 0.7109564542770386, 0.542892336845398, 0.5195746421813965, 0.5862300395965576, 0.6687242984771729, 0.6148054599761963, 0.5997341871261597, 0.6691323518753052, 0.44740474224090576, 0.4431493878364563, 0.5065813064575195, 0.6232906579971313, 0.5572046637535095, 0.6489976644515991, 0.04165584594011307, 0.6815693378448486, 0.46258091926574707, 0.46915000677108765, 0.6923269629478455, 0.6178079843521118, 0.24535374343395233, 0.4486926794052124, 0.3929445743560791, 0.5209783315658569, 0.25905799865722656, 0.5581790208816528, 0.12173639982938766, 0.14149624109268188, 0.6440991759300232, 0.2216292917728424, -0.4274892210960388, 0.657005250453949, 0.5636030435562134, -0.059505388140678406, 0.19203528761863708, 0.1494712233543396, 0.16170860826969147, 0.6145715117454529, 0.11039654165506363, 0.6346265077590942, 0.5440940856933594, 0.2561420202255249, 0.5643905401229858, 0.6027591824531555, 0.25206083059310913, 0.13694974780082703, -0.14574891328811646, 0.11245778203010559, 0.5167350769042969, 0.5985133647918701, 0.6256908774375916, 0.12133663892745972, 0.6020907163619995, 0.3050979971885681, 0.12219834327697754, -0.14123879373073578, -0.08446667343378067, -0.1936126947402954, 0.6402881741523743, 0.050500936806201935, 0.15122082829475403, 0.6723122596740723, 0.12663254141807556, 0.6178303956985474, 0.2935878038406372, 0.006426695734262466, 0.07546374201774597, 0.5749519467353821, 0.4742414951324463, 0.2322840839624405, 0.14452959597110748, 0.6673212051391602, 0.008740410208702087, 0.17953529953956604, 0.47786784172058105, 0.017537705600261688, -0.061116158962249756, 0.6985256671905518, 0.48703470826148987, 0.5739600658416748, 0.23604092001914978, 0.16093869507312775, 0.4231998324394226, 0.19305525720119476, 0.559583306312561, 0.1085914745926857, 0.46078556776046753, 0.5718153715133667, 0.09736940264701843, 0.6213228702545166, 0.426135390996933, 0.5201088190078735, 0.7455562353134155, 0.6330065131187439, 0.5570956468582153, 0.1437378078699112, 0.10218335688114166, -0.08254622668027878, 0.19611535966396332, 0.10898866504430771, -0.19490647315979004, 0.4984526038169861, 0.2025497555732727, -0.0050094518810510635, 0.05721248686313629, 0.2071906328201294, 0.5450562238693237, 0.656589925289154, 0.046893052756786346, 0.1561511754989624, 0.6767027378082275, 0.677237331867218, 0.2836877107620239, 0.7584933042526245, 0.5892568826675415, 0.24468469619750977, 0.7920697927474976, 0.12251374870538712, 0.6962645053863525, 0.48136988282203674, 0.8156757950782776, 0.3373219072818756, 0.5306332111358643, -0.06746052205562592, 0.6967116594314575, 0.7371708750724792, -0.13254408538341522, 0.8361634016036987, 0.11911105364561081, 0.16234517097473145, 0.6466903686523438, 0.5775356888771057, 0.7028031349182129, 0.7405282258987427, 0.20552417635917664, 0.25573664903640747, 0.8277557492256165, 0.7657128572463989, 0.7245479822158813, 0.55046546459198, 0.0658254474401474, 0.08489368855953217, 0.8434383869171143, 0.44906851649284363, 0.7308775186538696, 0.8926768898963928, 0.18976810574531555, 0.7446220517158508, 0.6625307202339172, 0.7072932720184326, 0.6071841716766357, 0.7804830074310303, -0.0778978168964386, 0.3392726182937622, 0.12429068982601166, 0.12035378813743591, 0.6676878333091736, 0.6734389066696167, 0.1561834216117859, 0.7241191864013672, 0.7006567120552063, 0.7375540733337402, 0.6870449781417847, 0.7946810722351074, 0.6573110818862915, 0.7292373180389404, 0.6402875185012817, 0.5027000308036804, 0.7797056436538696, 0.8158151507377625, 0.6403745412826538, 0.07927481830120087, 0.7986074090003967, 0.08574074506759644, 0.7352140545845032, 0.7039666175842285, 0.548927903175354, 0.08804492652416229, 0.727959394454956, 0.7373142838478088, 0.5659143924713135, 0.733306884765625, -0.0160403773188591, -0.0170414000749588, 0.45557039976119995, 0.63530433177948, 0.5992365479469299, 0.5307499766349792, 0.4539652168750763, 0.1894153654575348, 0.6330236196517944, 0.6607484817504883, -0.17936372756958008, 0.2114073932170868, 0.7010668516159058, 0.7528907060623169, -0.24368347227573395, 0.7959999442100525, 0.041499048471450806, 0.17826518416404724, 0.5622795224189758, 0.6093751192092896, 0.12396590411663055, 0.16736090183258057, -0.07008252292871475, 0.6893065571784973, 0.1784035861492157, 0.3760269582271576, 0.05088108405470848, 0.6636601090431213, 0.7459190487861633, 0.4083229899406433, 0.6408102512359619, 0.5356470346450806, 0.5590852499008179, 0.5646395087242126, 0.8336410522460938, 0.7372474670410156, 0.6526522636413574, 0.6678961515426636, 0.1377415955066681, 0.23411890864372253, 0.6829545497894287, 0.558904230594635, 0.7261173725128174, 0.5068528056144714, 0.8204231858253479, -0.07030375301837921, 0.8171037435531616, 0.16053323447704315, 0.7637506723403931, 0.7393777370452881, 0.7104520797729492, 0.2254311740398407, -0.17189040780067444, 0.16552330553531647, 0.17248597741127014, 0.570652425289154, 0.17480190098285675, 0.4816494286060333, 0.5101345181465149, 0.5758578777313232, 0.16976284980773926, 0.7428604364395142, 0.4925955533981323, 0.6551655530929565, 0.6856590509414673, 0.09765224903821945, 0.057526491582393646, 0.26640915870666504, 0.5352654457092285, 0.1315021812915802, 0.6767597198486328, 0.04839188605546951, 0.10526706278324127, 0.14828360080718994, 0.7997801303863525, 0.29121604561805725, 0.07554151862859726, -0.09203772246837616, -0.0838954895734787, 0.21168303489685059, 0.7374005317687988, 0.5561485886573792, 0.7119847536087036, 0.7281312942504883, -0.044251248240470886, 0.455452024936676, 0.6631619930267334, 0.7445553541183472, 0.03557489812374115, 0.6718084812164307, 0.7307969331741333, 0.08780018240213394, 0.4827626943588257, 0.5100326538085938, 0.663244366645813, -0.029883578419685364, 0.6196742653846741, 0.692306637763977, 0.6568644642829895, 0.7039672136306763, 0.819676399230957, 0.6903030276298523, 0.7756615877151489, 0.651733934879303, 0.4995971918106079, 0.2113170623779297, 0.7269483208656311, 0.17934557795524597, 0.18089412152767181, 0.007598303258419037, 0.7451452016830444, 0.7673771381378174, 0.8484417200088501, -0.17481449246406555, 0.11116699874401093, 0.8092271089553833, 0.4798862040042877, 0.5604363679885864, 0.45325347781181335, 0.5296157598495483, 0.7105005979537964, 0.6149442791938782, 0.6696902513504028, 0.6189512014389038, 0.12860563397407532, 0.6275962591171265, 0.8595616221427917, 0.6970996856689453, 0.5605204105377197, 0.7843036651611328, 0.19718429446220398, -0.15105442702770233, 0.737001895904541, 0.00499541312456131, 0.14321884512901306, 0.7298951148986816, 0.5933399796485901, 0.8326550126075745, 0.7271279096603394, 0.561560869216919, 0.7043446898460388, 0.8806877136230469, 0.7170717716217041, 0.4458608627319336, 0.6580220460891724, 0.7386235594749451, 0.7160853743553162, 0.6801145672798157, 0.7669993042945862, 0.4820191264152527, 0.7062802314758301, 0.8011836409568787, 0.8427563905715942, 0.7214832305908203, 0.6145104765892029, 0.7387416362762451, 0.7268199324607849, 0.6205263733863831, 0.8494253754615784, 0.5731743574142456, 0.6965790390968323, 0.7572546005249023, 0.8253912925720215, -0.35047656297683716, 0.10921578854322433, 0.672317624092102, 0.7293254137039185, 0.31741735339164734, 0.7889276742935181, 0.12127339839935303, 0.6758663654327393, 0.7378771901130676, 0.6412062644958496, 0.26325422525405884, 0.6226098537445068, 0.5827913284301758, 0.5708514451980591, 0.799654483795166, 0.6033546924591064, 0.6974062919616699, 0.7307254076004028, 0.8477010726928711, 0.5841363072395325, 0.6588411331176758, 0.6697462201118469, 0.08412998169660568, 0.05637844651937485, 0.6973956823348999, 0.6537649631500244, 0.7315242886543274, 0.719825029373169, 0.5403685569763184, 0.5817921757698059, 0.6704955101013184, 0.5948530435562134, 0.6018592715263367, 0.7945722341537476, 0.7090219259262085, 0.7205958962440491, 0.6774929761886597, 0.5904511213302612, 0.05268911272287369, 0.7437292337417603, 0.6560705900192261, 0.6138757467269897, 0.09224171936511993, 0.7281651496887207, 0.5423834919929504, 0.644682765007019, 0.817470908164978, 0.6815513372421265, 0.5574398636817932, 0.7266348600387573, 0.6415595412254333, 0.5804843902587891, 0.692644476890564, 0.7372826337814331, 0.10735145211219788, 0.15902501344680786, 0.6663256883621216, -0.04817987233400345, 0.7148805856704712, 0.6260114908218384, 0.7356637716293335, 0.705353856086731, 0.8173460960388184, 0.6718997955322266, 0.697278618812561, 0.714664101600647, 0.4659034013748169, -0.121628038585186, 0.4298442006111145, 0.5085154175758362, 0.5944204926490784, 0.8226690888404846, 0.6768905520439148, 0.7153669595718384, 0.5629759430885315, 0.7326910495758057, 0.6617211103439331, 0.8369174003601074, 0.7542639374732971, 0.7955634593963623, 0.6569468379020691, 0.7237004041671753, 0.6407666206359863, 0.8552212715148926, 0.569101095199585, 0.5461891889572144, 0.7565156817436218, 0.7501341104507446, 0.7737877368927002, 0.5371537804603577, 0.800786018371582, 0.1266820877790451, 0.8158308863639832, 0.629691481590271, 0.6931034326553345, 0.770629346370697, 0.6599233150482178, 0.1605241596698761, 0.15132653713226318, 0.701175332069397, 0.07095366716384888, 0.5892154574394226, 0.7826576232910156, 0.5648993253707886, 0.4011021852493286, 0.4535363018512726, 0.665237307548523, 0.0117291659116745, 0.7998597621917725, 0.5684918165206909, 0.7490209341049194, 0.5316274166107178, 0.684245228767395, 0.15888939797878265, 0.5571235418319702, 0.7455341815948486, 0.4372081160545349, 0.6647771000862122, 0.6027759909629822, 0.6340068578720093, 0.4612143635749817, 0.5622750520706177, 0.7666760087013245, 0.6555298566818237, 0.6474392414093018, 0.06135337054729462, 0.6738667488098145, 0.17252293229103088, 0.6549164652824402, 0.6772670149803162, 0.6645815372467041, 0.6776275634765625, 0.057809263467788696, 0.09622884541749954, 0.6789113283157349, 0.19652068614959717, 0.4570840001106262, 0.7429996728897095, 0.7054834961891174, 0.600908100605011, 0.7764008045196533, 0.38303449749946594, 0.6306667327880859, 0.1830301582813263, 0.10758872330188751, 0.7299258708953857, 0.2583954632282257, 0.2656276822090149, 0.43797075748443604, 0.5064385533332825, 0.6934694051742554, 0.17169642448425293, 0.5845535397529602, 0.6415963172912598, 0.7303115129470825, 0.27361583709716797, 0.1482805609703064, 0.6669263243675232, 0.5967594981193542, 0.7139226198196411, 0.6007375717163086, 0.672138512134552, 0.7450234889984131, 0.6126368045806885, 0.6745659112930298, 0.555453896522522, 0.6446908116340637, 0.6693437099456787, 0.7724907994270325, 0.1954687088727951, -0.29997897148132324, -0.039724014699459076, 0.0494551807641983, 0.6894991397857666, 0.1261550486087799, -0.001417204737663269, 0.7717965841293335, 0.622176468372345, 0.664877712726593, 0.30925649404525757, 0.19731232523918152, 0.6402702927589417, 0.4076796770095825, 0.07603061199188232, 0.7863049507141113, 0.5003959536552429, 0.5814014673233032, 0.14596880972385406, 0.679146945476532, 0.7007989287376404, 0.7046321630477905, 0.6885106563568115, 0.13054990768432617, 0.7340750098228455, 0.7978977560997009, 0.756672739982605, 0.7126634120941162, 0.6173365712165833, 0.7219167947769165, 0.09638042002916336, 0.598747730255127, 0.21461382508277893, -0.021078631281852722, 0.682754635810852, 0.6810705661773682, 0.8345595002174377, 0.6635980606079102, -0.6696468591690063, 0.46511170268058777, 0.15351027250289917, 0.315826952457428, 0.6141021847724915, 0.17633306980133057, 0.6112443804740906, 0.1439165323972702, 0.7707166075706482, 0.12920433282852173, 0.747140645980835, 0.10557037591934204, 0.7216223478317261, 0.6880456209182739, 0.7289683222770691, 0.716323971748352, 0.6248741149902344, 0.2986888587474823, 0.6684913039207458, 0.5203113555908203, 0.7529821991920471, 0.43596693873405457, 0.49132537841796875, 0.8823673129081726, 0.7821880578994751, 0.22530609369277954, 0.6833897233009338, 0.6147727370262146, 0.03606342524290085, 0.6313294172286987, 0.8192722797393799, 0.8742086887359619, 0.5778955221176147, 0.502483069896698, 0.08915767818689346, 0.7459174394607544, 0.25351542234420776, -0.17799139022827148, 0.6588000059127808, 0.6834387183189392, 0.5858750939369202, 0.15198640525341034, 0.6047993898391724, 0.393982857465744, 0.1484893262386322, 0.5501378774642944, 0.5562661290168762, 0.8222945928573608, 0.19675888121128082, 0.8136466145515442, 0.7065296173095703, 0.7408033609390259, 0.011722644791007042, 0.40511009097099304, 0.7065339088439941, 0.7935362458229065, 0.2944764494895935, 0.6611138582229614, 0.6526493430137634, 0.7015302777290344, 0.6477502584457397, 0.35535937547683716, 0.5909934043884277, 0.7370074987411499, 0.844478964805603, 0.5241631269454956, 0.5558335185050964, 0.6790861487388611, 0.7579355835914612, 0.694711446762085, 0.44236576557159424, 0.6656293272972107, 0.7394146919250488, 0.7448195815086365, 0.7780724763870239, 0.7839839458465576, 0.6891516447067261, 0.613136887550354, 0.8856405019760132, 0.7126686573028564, 0.8820733428001404, 0.7245934009552002, 0.755313515663147, 0.662982165813446, 0.6353516578674316, 0.4093170762062073, 0.40793755650520325, 0.6271456480026245, 0.5762279033660889, 0.6203904151916504, 0.6954944133758545, 0.7607003450393677, 0.7636182308197021, 0.35544756054878235, 0.7599459290504456, 0.5610144138336182, 0.6890171766281128, 0.7032641768455505, 0.6872058510780334, 0.70708167552948, 0.6469659805297852, 0.7700307369232178, 0.7691280841827393, 0.7233947515487671, -0.2233525514602661, 0.7782173156738281, 0.6659020781517029, 0.6063332557678223, 0.7184332013130188, 0.09898613393306732, 0.681035041809082, 0.563191294670105, 0.7705510854721069, 0.6562796235084534, 0.8554782271385193, 0.42539554834365845, 0.5515337586402893, 0.5414500832557678, 0.8219156861305237, 0.7855422496795654, 0.6082227230072021, 0.7849498391151428, 0.7188339233398438, 0.8599790334701538, 0.593809187412262, 0.7587822675704956, 0.7534885406494141, 0.724317193031311, 0.7471253871917725, 0.7003353834152222, 0.6931583881378174, 0.7616965174674988, 0.6087226867675781, 0.5319634675979614, 0.29821091890335083, 0.5980415344238281, 0.7327268719673157, 0.8400501012802124, 0.8665909171104431, 0.7201720476150513, 0.7297373414039612, 0.8196060657501221, 0.6420232057571411, 0.5789386034011841, 0.6351282596588135, 0.5448786020278931, 0.8673967719078064, 0.2965027689933777, 0.8143779039382935, 0.6842919588088989, 0.8454352617263794, 0.8214411735534668, 0.6701852679252625, 0.8137147426605225, 0.6481426954269409, 0.5258227586746216, 0.6708468198776245, 0.6187425851821899, 0.600649893283844, 0.7200018167495728, 0.6293640732765198, 0.5992171168327332, 0.6164004802703857, 0.7008154392242432, 0.5226555466651917, 0.6176382899284363, 0.643587589263916, 0.6784391403198242, 0.6089763045310974, 0.3717471957206726, 0.650763750076294, 0.7417163848876953, 0.5338565111160278, 0.6824015378952026, 0.5887519121170044, 0.5287967920303345, 0.5163863897323608, 0.6096811294555664, 0.540251612663269, 0.5706852078437805, 0.7669623494148254, 0.541038990020752, 0.7462419271469116, 0.7785148024559021, 0.6489723920822144, 0.6573296785354614, 0.5486525297164917, 0.6769838333129883, 0.44777727127075195, 0.5831032991409302, 0.6990260481834412, 0.5772364139556885, 0.576468825340271, 0.6661497950553894, 0.5590276718139648, 0.5178741216659546, 0.6428524255752563, 0.7588751316070557, 0.6117731332778931, 0.7691664695739746, 0.6231589913368225, 0.6808896660804749, 0.8149805068969727, 0.6400859355926514, 0.6923191547393799, 0.5018805265426636, 0.6437745094299316, 0.4871741533279419, 0.8165707588195801, 0.6383779048919678, 0.6042774319648743, 0.7219300270080566, 0.6204188466072083, 0.5969662666320801, 0.6555361747741699, 0.582483172416687, 0.6901386380195618, 0.4607214629650116, 0.6252757906913757, 0.5419492721557617, 0.6439614295959473, 0.5924422740936279, 0.4613300561904907, 0.6001982092857361, 0.6933245658874512, 0.17355363070964813, 0.6128968596458435, 0.5736305713653564, 0.5727223753929138, 0.6240849494934082, 0.6886278986930847, 0.7502249479293823, 0.6907575130462646, 0.5326555967330933, 0.7196049690246582, 0.5971729159355164, 0.620370626449585, 0.5511267781257629, 0.632226824760437, 0.6641672849655151, 0.6021612286567688, 0.6177473068237305, 0.6060957908630371, 0.4836392104625702, 0.5543941259384155, 0.39893877506256104, 0.5899184942245483, 0.6130738258361816, 0.7026180624961853, 0.6666218042373657, 0.6393274664878845, 0.5526052117347717, 0.6185211539268494, 0.5944746732711792, 0.570767879486084, -0.10906542837619781, 0.6465140581130981, 0.7811118960380554, 0.5639370083808899, 0.7768002152442932, 0.680718183517456, 0.11293517053127289, 0.7187567949295044, 0.8114452362060547, 0.6205686330795288, 0.667849063873291, 0.6102522611618042, 0.656952977180481, 0.7642683982849121, 0.6553432941436768, 0.3905431628227234, 0.5790684223175049, 0.39210695028305054, 0.48601043224334717, 0.6830898523330688, 0.18449145555496216, 0.7900325655937195, 0.6987806558609009, 0.7136025428771973, 0.6003745794296265, 0.6126562356948853, 0.6184979677200317, 0.5470958352088928, 0.38657230138778687, 0.5918798446655273, 0.7919904589653015, 0.7880387306213379, 0.6735657453536987, 0.6920106410980225, 0.6644192934036255, 0.6690250635147095, 0.7202645540237427, 0.7769968509674072, 0.7556742429733276, 0.6673866510391235, 0.554967999458313, 0.25054699182510376, 0.6913937330245972, 0.6522808074951172, 0.6531347036361694, 0.7240182161331177, 0.708867073059082, 0.816685676574707, 0.5567975044250488, 0.6910321712493896, 0.7031617164611816, 0.6603065729141235, 0.5263364315032959, 0.8458274006843567, 0.4961613416671753, 0.6339107751846313, 0.5909181833267212, 0.4701961278915405, 0.7742365598678589, 0.6872762441635132, 0.6316309571266174, 0.6734421253204346, 0.6795018315315247, 0.7347147464752197, 0.6091283559799194, 0.5823796987533569, 0.6823373436927795, 0.5331224799156189, 0.7258967161178589, 0.23295851051807404, 0.6325381994247437, 0.7246160507202148, 0.7713866829872131, 0.6673483848571777, 0.7380086183547974, 0.26727718114852905, 0.668238639831543, 0.6541968584060669, 0.6245533227920532, 0.6368222236633301, 0.7237224578857422, 0.6404396295547485, 0.42477715015411377, 0.561165452003479, 0.781757116317749, 0.6866233348846436, 0.5174009799957275, 0.7845237851142883, 0.6915301084518433, 0.6071270704269409, 0.6784105896949768, 0.5954903960227966, 0.686244010925293, 0.7337452173233032, 0.5161190032958984, 0.6770049929618835, 0.6349201202392578, 0.6505392789840698, 0.5323535203933716, 0.5496121644973755, 0.7833914756774902, 0.7338688373565674, -0.6065464615821838, 0.6023870706558228, 0.4517451822757721, -0.07561077922582626, 0.680923342704773, 0.6295782327651978, 0.714857816696167, 0.48593395948410034, 0.34807342290878296, 0.6449220776557922, 0.5211486220359802, 0.6895094513893127, 0.5175202488899231, 0.8503212928771973, 0.803668737411499, 0.6578074097633362, 0.6315457224845886, 0.21904583275318146, -0.05167796462774277, 0.5501210689544678, 0.6200999617576599, 0.3526774048805237, 0.7776650786399841, 0.6044758558273315, 0.5789852738380432, 0.540169894695282, -0.06087738648056984, 0.7836429476737976, 0.7437562346458435, 0.22796085476875305, 0.5261745452880859, 0.4509027302265167, 0.7028770446777344, 0.7282100915908813, 0.7637577652931213, 0.921019434928894, 0.5942215919494629, 0.7464381456375122, 0.4815061092376709, 0.6546692848205566, 0.729059100151062, 0.7756549119949341, 0.6786519885063171, 0.7637540102005005, -0.06576976180076599, 0.4251275062561035, 0.8466548919677734, 0.8005560636520386, 0.6738921403884888, 0.5813273787498474, 0.4022917151451111, 0.6472912430763245, 0.5735739469528198, 0.6656397581100464, 0.6065239310264587, 0.7796404361724854, 0.653302788734436, 0.681576132774353, 0.6980540752410889, 0.5569442510604858, 0.6985352039337158, 0.5855402946472168, -0.09290742874145508, 0.7885074615478516, 0.4644908308982849, 0.5267789363861084, 0.7981977462768555, 0.7783825397491455, 0.8011237382888794, 0.6331275701522827, 0.7005729675292969, 0.5961729288101196, -0.2559114992618561, 0.6821489334106445, 0.8022670745849609, 0.7136783599853516, 0.12493666261434555, 0.5581976771354675, 0.7137223482131958, 0.6000292301177979, 0.8077652454376221, 0.7438216209411621, -0.12976166605949402, 0.5976694822311401, 0.6513293385505676, 0.6024378538131714, 0.8011261224746704, 0.5605403184890747, 0.718671441078186, 0.07558585703372955, 0.6410843729972839, 0.6983251571655273, -0.21999764442443848, 0.7914091944694519, 0.5174225568771362, 0.7701117992401123, 0.674452543258667, 0.6733996868133545, 0.7469584941864014, 0.507601261138916, 0.7407047748565674, 0.8581537008285522, 0.7597562074661255, 0.5918362140655518, 0.695204496383667, 0.7143746614456177, 0.8185275793075562, 0.7607134580612183, 0.5822318196296692, -0.09911055862903595, 0.6693730354309082, 0.5136154294013977, 0.5963059663772583, 0.5142958164215088, 0.6006637811660767, 0.6874454021453857, 0.6267276406288147, 0.6629616022109985, 0.4795816242694855, 0.1865333467721939, 0.6334136724472046, 0.6064735054969788, 0.2024097591638565, 0.7500064969062805, 0.005753472447395325, 0.6857090592384338, 0.6158202886581421, 0.8238499164581299, 0.7203203439712524, 0.4809914231300354, 0.7277509570121765, 0.5963822603225708, 0.7198854684829712, 0.6639368534088135, 0.591235876083374, 0.6743906736373901, 0.6344249248504639, 0.4551551938056946, 0.7292923331260681, 0.8115727305412292, 0.09082242846488953, 0.5330402851104736, 0.6772405505180359, 0.015856951475143433, 0.7008460760116577, 0.6908521056175232, 0.7116984724998474, 0.397257536649704, -0.029240567237138748, 0.5197905898094177, 0.8328943252563477, 0.7894132733345032, 0.5897489786148071, -0.16958069801330566, 0.5472832322120667, 0.450310617685318, 0.7394301295280457, 0.2743706703186035, 0.284771591424942, 0.593764066696167, 0.6823340654373169, 0.5254011154174805, 0.6911595463752747, 0.7824230194091797, 0.6779845356941223, 0.837499737739563, -0.016686856746673584, 0.6950961947441101, 0.5998913645744324, 0.48856377601623535, 0.07224830985069275, 0.6715301275253296, 0.7804335355758667, 0.5847294330596924, 0.5760709047317505, 0.6725615859031677, 0.06750625371932983, 0.6623183488845825, 0.7428783178329468, 0.21867193281650543, 0.818845272064209, 0.6517605185508728, -0.07532494515180588, 0.0025441348552703857, 0.8041031956672668, 0.5758218765258789, 0.7467259168624878, 0.6725773215293884, 0.7302684783935547, 0.6906924247741699, 0.520183265209198, 0.45762115716934204, 0.5939048528671265, 0.6301392316818237, 0.5088187456130981, 0.7918900847434998, 0.6043983101844788, 0.47013968229293823, 0.6583839058876038, 0.6269762516021729, 0.6772884130477905, 0.6833891868591309, 0.7406030893325806, 0.071147620677948, 0.525776743888855, 0.6956233382225037, 0.5879794955253601, 0.40151771903038025, 0.5476908087730408, 0.14743374288082123, 0.6020333766937256, 0.7671892642974854, 0.7223460078239441, 0.5608983039855957, 0.5171301364898682, -0.038224585354328156, 0.5778501629829407, 0.8989819288253784, 0.3684805631637573, 0.7729066610336304, 0.6026145815849304, 0.7959693670272827, 0.7949576377868652, 0.532470703125, 0.8119937181472778, 0.8014270663261414, 0.20493771135807037, 0.5919419527053833, 0.748445987701416, 0.745234489440918, 0.537265956401825, 0.05261541157960892, 0.3048442304134369, 0.6780260801315308, 0.7604571580886841, 0.0678844228386879, 0.7386132478713989, 0.547991931438446, 0.5544460415840149, 0.5980608463287354, 0.10750655829906464, 0.746749997138977, 0.7714894413948059, 0.77486252784729, 0.6242789626121521, 0.6713902950286865, 0.8907199501991272, 0.5663081407546997, 0.71703040599823, 0.7401593327522278, 0.8279129266738892, 0.39462393522262573, 0.6572251915931702, 0.831994354724884, 0.7374725341796875, 0.7308053374290466, 0.5003998279571533, 0.6631543636322021, 0.6503149271011353, 0.6634261608123779, 0.7464091777801514, 0.6817213892936707, 0.5506619811058044, 0.6748173832893372, 0.8172487020492554, 0.6673811674118042, 0.735594630241394, 0.5202411413192749, 0.7352557182312012, 0.6658698320388794, 0.6338205933570862, 0.638927161693573, 0.7060790061950684, 0.6425794959068298, 0.7093069553375244, 0.6151596307754517, 0.4384276270866394, 0.507541298866272, 0.7324504852294922, 0.4564719796180725, 0.7201884388923645, -0.09616708755493164, 0.7924284934997559, 0.7348295450210571, 0.6612449884414673, -0.19454240798950195, 0.7576780319213867, 0.4667285978794098, 0.7166569232940674, 0.7585369348526001, 0.4681124687194824, 0.6598840355873108, 0.825827956199646, 0.48276156187057495, 0.6540585160255432, 0.5476200580596924, 0.6647903919219971, 0.8375846147537231, 0.583297848701477, 0.779659628868103, 0.05550624430179596, 0.8000629544258118, 0.7112075090408325, 0.6798738837242126, 0.6224579811096191, 0.6377446055412292, 0.41253507137298584, 0.841620922088623, 0.24050694704055786, 0.6967810392379761, 0.6330289244651794, 0.9005064368247986, 0.5929782390594482, 0.7083820700645447, 0.8323537111282349, 0.7651360630989075, 0.6088430881500244, 0.720826268196106, 0.5634157061576843, 0.6753164529800415, 0.6175262928009033, 0.4929576516151428, 0.6940140724182129, 0.5084011554718018, 0.7441701889038086, 0.04906551539897919, 0.4772685170173645, 0.5009363293647766, 0.6106382608413696, 0.5910778045654297, 0.8583874106407166, 0.6665240526199341, 0.6813429594039917, 0.6732625365257263, 0.6338541507720947, 0.7841715216636658, 0.6357340812683105, 0.39458638429641724, 0.6008003354072571, 0.3732137382030487, 0.5611343383789062, 0.6207242012023926, -0.07959426939487457, 0.2908654808998108, 0.7390888929367065, 0.7604230642318726, 0.5002155303955078, 0.7440804243087769, 0.5569061040878296, 0.37926870584487915, 0.4900484085083008, 0.6899435520172119, 0.7898569703102112, 0.6682880520820618, 0.48264169692993164, -0.2766338586807251, 0.6858856081962585, 0.6533156633377075, 0.6884253025054932, 0.604272723197937, 0.7847676873207092, 0.7733561992645264, 0.7367729544639587, 0.5721498727798462, 0.6530401706695557, 0.6252979636192322, 0.7102851867675781, 0.7866066694259644, 0.5885899662971497, 0.6926525831222534, 0.8011871576309204, 0.48828911781311035, 0.5532872080802917, 0.6214772462844849, 0.7466388940811157, 0.5533765554428101, 0.4300691485404968, 0.5965410470962524, 0.6158534288406372, 0.5691311359405518, 0.5835720300674438, 0.6488491296768188, 0.6309045553207397, 0.6363998651504517, 0.7074477672576904, 0.780320942401886, 0.7173883318901062, 0.6597997546195984, 0.6748356223106384, 0.1416516900062561, 0.6337460279464722, 0.5306739211082458, 0.5354018211364746, -0.014203600585460663, 0.1478387713432312, 0.5113114714622498, 0.5423898696899414, 0.73163902759552, 0.6128624677658081, 0.6360507607460022, 0.5230385661125183, 0.4934118390083313, 0.7061067819595337, 0.47290289402008057, -0.3270273804664612, 0.698556661605835, 0.6028366684913635, 0.8076383471488953, 0.6600661277770996, 0.6832120418548584, 0.19149670004844666, 0.591282069683075, 0.640235424041748, 0.41352587938308716, 0.5486405491828918, 0.7244037389755249, 0.16487081348896027, 0.7446467876434326, 0.7283343076705933, 0.7034052014350891, 0.687654435634613, 0.6740385890007019, 0.6357323527336121, -0.08209024369716644, 0.7376855611801147, 0.650661826133728, 0.23016904294490814, -0.08786453306674957, 0.5131891965866089, 0.49535810947418213, 0.6435655355453491, 0.6871851682662964, 0.5001432299613953, 0.7111183404922485, 0.4644871652126312, 0.6256146430969238, 0.6408421397209167, 0.585534393787384, 0.810370147228241, 0.6932576894760132, 0.6613388657569885, 0.6345435976982117, 0.5449671745300293, 0.559805154800415, 0.709721565246582, 0.6091180443763733, 0.69989013671875, 0.640914261341095, 0.12646880745887756, 0.7780420780181885, 0.7601318359375, 0.5006710886955261, 0.562347412109375, 0.6744849681854248, 0.6211460828781128, 0.7806832194328308, 0.6006286144256592, 0.7107239365577698, 0.772331714630127, 0.38225090503692627, 0.6861857175827026, 0.5336185693740845, 0.4251343309879303, 0.6814308762550354, 0.6179444789886475, 0.29788264632225037, 0.6390397548675537, 0.6665723323822021, 0.6293187141418457, 0.526159942150116, 0.6695539355278015, 0.5350223779678345, 0.6878060102462769, 0.46769586205482483, 0.6441828012466431, 0.4603143334388733, 0.49503093957901, 0.5206169486045837, 0.6499010920524597, 0.7541892528533936, 0.09494849294424057, 0.610754132270813, 0.5898029804229736, 0.40808141231536865, 0.7939646244049072, 0.567465603351593, 0.5339199304580688, 0.4929605722427368, 0.6804488301277161, 0.5817248821258545, 0.8569799661636353, 0.13102857768535614, 0.10014151781797409, 0.545552670955658, 0.6401244401931763, 0.33301734924316406, 0.6489018797874451, 0.7568366527557373, 0.595935583114624, 0.8325929641723633, 0.6128542423248291, 0.6025823354721069, 0.7719076871871948, 0.578188419342041, 0.7163314819335938, 0.5437048673629761, 0.678825318813324, 0.7323756217956543, 0.5953662991523743, 0.6672062873840332, 0.6848807334899902, 0.6972922682762146, 0.5902327299118042, -0.3463989496231079, 0.22845980525016785, 0.7138832807540894, 0.6652624607086182, 0.653419017791748, 0.5717114806175232, 0.5777114629745483, 0.637744665145874, 0.8256138563156128, 0.8065515756607056, 0.5500544309616089, 0.40876448154449463, 0.6573938727378845, 0.633601188659668, 0.5268006324768066, 0.14709806442260742, 0.5949540138244629, 0.7358445525169373, 0.6122075319290161, 0.5756244659423828, 0.6209962964057922, 0.7589438557624817, 0.5228497982025146, 0.768919825553894, -0.2859683632850647, 0.7347698211669922, 0.7302381992340088, 0.5513529777526855, 0.0720447525382042, 0.6885166168212891, 0.4952831268310547, 0.6242719888687134, 0.8336007595062256, 0.7410569787025452, 0.7104184627532959, 0.7168680429458618, 0.6869751214981079, 0.5796337127685547, 0.5398229956626892, 0.4143035113811493, 0.6360577344894409, 0.15901847183704376, 0.6721290349960327, 0.6895697116851807, 0.5711269378662109, 0.6763648986816406, 0.7408013343811035, 0.7970156073570251, 0.7454631328582764, 0.5169739723205566, 0.6217745542526245, 0.5974109172821045, 0.7268853783607483, 0.08065469563007355, 0.6555594205856323, 0.7195063829421997, 0.14753881096839905, 0.8069210052490234, 0.7130593061447144, 0.6822370290756226, 0.6594866514205933, 0.7534850835800171, 0.7778866291046143, 0.639147162437439, 0.4908451437950134, 0.6764780282974243, 0.6447435021400452, 0.7196575999259949, 0.4895172119140625, 0.4494147300720215, 0.4314165711402893, 0.6349571943283081, 0.6406357288360596, 0.6145199537277222, 0.6142339706420898, -0.023372527211904526, 0.44411802291870117, 0.18313249945640564, 0.5810860395431519, 0.5599486827850342, 0.27375656366348267, 0.15604868531227112, 0.7464436292648315, 0.8098075985908508, 0.7078823447227478, 0.6768749952316284, 0.24800941348075867, 0.7422897815704346, 0.575513482093811, 0.6244021058082581, -0.520925760269165, 0.8239126205444336, 0.36321988701820374, -0.5111241936683655, 0.8091187477111816, 0.7920844554901123, 0.46876612305641174, 0.7792159914970398, -0.05317520350217819, 0.8165885210037231, 0.6715314388275146, 0.7448983788490295, 0.7138785123825073, 0.6724467873573303, 0.6686478853225708, 0.7217241525650024, 0.7049937844276428, 0.8871757388114929, 0.7584593296051025, 0.7437562346458435, 0.7213162183761597, 0.6122982501983643, 0.6683866381645203, 0.09512032568454742, 0.7013680934906006, 0.1714395433664322, 0.5814411044120789, 0.7635802030563354, -0.12316267192363739, 0.7403522729873657, 0.6580047607421875, 0.6166870594024658, 0.5558580160140991, 0.6042836904525757, 0.5094445943832397, 0.6913334131240845, 0.5768047571182251, 0.6597579717636108, 0.7513480186462402, 0.6733042001724243, 0.34563732147216797, 0.6407635807991028, 0.5839507579803467, 0.20525111258029938, 0.5502414703369141, 0.5998903512954712, 0.0844632238149643, 0.6885266304016113, 0.7776679396629333, 0.5789100527763367, 0.08078845590353012, 0.42472368478775024, 0.7918952703475952, 0.6212257146835327, 0.6045671105384827, 0.6039360165596008, 0.7623645067214966, 0.5023314952850342, 0.6059399843215942, 0.5007984638214111, 0.534342885017395, 0.05775252357125282, 0.7211960554122925, 0.6870652437210083, 0.7840520143508911, 0.7112778425216675, 0.7701824903488159, 0.6193345785140991, 0.8490222096443176, 0.654212474822998, 0.7373939752578735, 0.552606999874115, 0.6493330001831055, 0.6856414675712585, 0.8271906971931458, 0.2584100365638733, 0.4484187960624695, 0.7084033489227295, 0.6015815138816833, 0.7303451895713806, 0.4880203604698181, 0.5302461981773376, 0.46587926149368286, 0.6218885183334351, 0.8189071416854858, 0.8251520991325378, 0.6943206787109375, 0.7105493545532227, 0.29308825731277466, 0.6589335799217224, 0.6928216218948364, 0.6237387657165527, 0.22962841391563416, 0.7076398134231567, 0.6048917174339294, 0.7161003947257996, 0.5001644492149353, 0.04571842402219772, 0.14155806601047516, 0.7190998792648315, 0.7829360961914062, 0.7604337930679321, 0.49046844244003296, -0.06764969229698181, 0.6556317806243896, 0.6771329641342163, 0.534033477306366, 0.38055792450904846, -0.6945539712905884, 0.547370433807373, 0.7566950917243958, 0.5831024646759033, 0.6045353412628174, -0.31131038069725037, -0.20219118893146515, 0.7257850170135498, 0.7499380707740784, 0.8422738313674927, 0.488896906375885, 0.6141360998153687, 0.5252203345298767, 0.5675441026687622, 0.5564595460891724, 0.2949413061141968, 0.8968799114227295, -0.022233281284570694, 0.7810558676719666, 0.6416864991188049, 0.7216916084289551, 0.5814357399940491, 0.700445294380188, 0.36499425768852234, 0.6812737584114075, 0.6509526968002319, -0.5410417318344116, -0.025981612503528595, 0.12400466948747635, 0.8579813241958618, 0.49846941232681274, 0.524843692779541, 0.19737674295902252, 0.6349257230758667, 0.5998586416244507, 0.4238129258155823, -0.31860536336898804, 0.08386318385601044, 0.7454913854598999, 0.5243715643882751, 0.5558717250823975, 0.529390811920166, 0.6899934411048889, 0.46271082758903503, 0.49303314089775085, 0.3956553339958191, 0.7208617329597473, -0.4354790449142456, 0.14930647611618042, 0.3284386396408081, 0.06293117254972458, -0.49453890323638916, -0.5607458353042603, -0.48312512040138245, 0.7027134299278259, 0.5614848136901855, 0.0663980096578598, 0.48262712359428406, 0.4824616312980652, 0.7737427949905396, 0.5378713607788086, 0.5948548913002014, -0.04358366131782532, 0.4896382689476013, 0.038863927125930786, 0.6917432546615601, 0.6647688150405884, 0.6607328653335571, 0.11468441039323807, 0.5961116552352905, 0.6551182866096497, 0.6880748271942139, 0.501862108707428, 0.8377662301063538, -0.10649720579385757, 0.6187838912010193, 0.8350588083267212, 0.4963020086288452, 0.3428001403808594, 0.6674717664718628, 0.8039478659629822, 0.8327528238296509, 0.07896754890680313, 0.3530454933643341, -0.17265664041042328, 0.5297598838806152, 0.09941026568412781, 0.6158478856086731, 0.6077653169631958, 0.6171290874481201, 0.613211989402771, -0.3424740731716156, 0.6131336688995361, 0.14750032126903534, 0.8841968774795532, 0.7466467618942261, 0.632143497467041, -0.34180524945259094, 0.8095015287399292, 0.680964469909668, 0.1752081662416458, 0.5893988013267517, -0.4068596661090851, 0.8103199005126953, 0.6740580201148987, 0.6117173433303833, 0.6535141468048096, 0.7575653791427612, 0.5934882164001465, 0.502934455871582, 0.11906388401985168, 0.7184692025184631, 0.08462192118167877, 0.7982282638549805, 0.6073504686355591, -0.3207949995994568, 0.5453294515609741, 0.7647048234939575, -0.3057263493537903, 0.6041231751441956, 0.7098934650421143, 0.28688690066337585, 0.6364787220954895, 0.6707108020782471, 0.5000174045562744, 0.6157085299491882, 0.5729875564575195, -0.05054089426994324, 0.7980393171310425, 0.6893276572227478, 0.6536949872970581, 0.7736743688583374, 0.5588468909263611, 0.4836210310459137, 0.7228827476501465, 0.23695223033428192, 0.689360499382019, 0.14933761954307556, 0.7820791006088257, 0.17208679020404816, 0.7451697587966919, -0.6052601337432861, 0.7053400278091431, 0.7068512439727783, 0.5685017108917236, 0.7255959510803223, 0.8028949499130249, 0.5883431434631348, 0.6403565406799316, 0.7141333818435669, 0.5694543123245239, 0.18213984370231628, 0.6892931461334229, 0.20721116662025452, -0.3219326138496399, 0.366620808839798, 0.5287349224090576, -0.37624391913414, 0.7625644207000732, 0.8076832294464111, 0.783134937286377, 0.6275906562805176, 0.7499458193778992, 0.6724655628204346, -0.4780479371547699, 0.47750166058540344, 0.7709245085716248, 0.7635361552238464, -0.5253622531890869, 0.6311658024787903, 0.6548113822937012, 0.6210704445838928, -0.24002428352832794, 0.5931103229522705, 0.7314492464065552, 0.5101425647735596, -0.45875173807144165, 0.6618515253067017, 0.5733908414840698, 0.32786041498184204, 0.7233664393424988, 0.6049071550369263, 0.5684654712677002, 0.6385384798049927, 0.6843872666358948, 0.16310760378837585, 0.5038443803787231, -0.30008527636528015, 0.37092259526252747, 0.4882875978946686, 0.605087399482727, 0.7103941440582275, 0.6555859446525574, 0.4636991322040558, 0.4568108916282654, 0.15468339622020721, 0.4156511127948761, 0.4074477255344391, 0.37506720423698425, 0.41939884424209595, 0.6786974668502808, 0.8115981221199036, 0.5221432447433472, -0.4766286015510559, 0.6133885383605957, 0.08081173896789551, 0.5364406108856201, 0.7290884852409363, 0.04948021098971367, -0.0013952553272247314, 0.7197487950325012, 0.6272985935211182, 0.6930278539657593, 0.6837608218193054, -0.00232001394033432, 0.15302357077598572, -0.15446904301643372, 0.634087324142456, 0.6758137941360474, 0.4947834610939026, 0.5863497257232666, 0.5063528418540955, -0.04516538977622986, 0.5105212330818176, 0.44944876432418823, -0.042866624891757965, 0.650894284248352, -0.03687769174575806, 0.5560658574104309, 0.6998031139373779, 0.4970777630805969, 0.7738626003265381, -0.22753003239631653, 0.6218063831329346, 0.6251257658004761, 0.658073902130127, 0.6380583643913269, 0.46822458505630493, 0.6441740989685059, 0.5010057687759399, 0.6265488862991333, 0.4922448992729187, 0.6350610256195068, -0.08197325468063354, -0.0909796804189682, 0.5841243267059326, -0.04016251489520073, 0.5200718641281128, 0.7462199926376343, 0.4582763910293579, 0.5723614692687988, 0.5647975206375122, 0.11142413318157196, 0.6499632000923157, 0.7921352386474609, 0.6377310752868652, -0.01324741542339325, 0.6184377074241638, 0.6053309440612793, 0.600131094455719, 0.43719303607940674, 0.8417584300041199, 0.6709005832672119, 0.6488704681396484, 0.4005340039730072, 0.6371282339096069, 0.09049332141876221, 0.5488519668579102, 0.42441457509994507, 0.15839092433452606, -0.14768096804618835, 0.5178587436676025, 0.14625360071659088, 0.6418684720993042, 0.006296116858720779, 0.41118142008781433, 0.7472100257873535, 0.6094397306442261, 0.6786128282546997, 0.08145007491111755, 0.5112319588661194, 0.6781958341598511, -0.07836340367794037, 0.6254922151565552, 0.7334885001182556, 0.5405584573745728, 0.7044554948806763, 0.6348162889480591, 0.657081663608551, 0.6448379755020142, 0.7081170082092285, 0.7428587079048157, -0.16294896602630615, 0.6584075689315796, 0.7711507081985474, 0.5818567872047424, 0.10017713904380798, 0.6595761775970459, 0.610396146774292, 0.5741546154022217, 0.7302538752555847, 0.04407258331775665, 0.6205548048019409, 0.6143490076065063, 0.8080686926841736, 0.716240406036377, 0.5353733897209167, 0.7011147737503052, 0.10971923172473907, 0.6128765344619751, 0.65557861328125, -0.1688695102930069, 0.5065277218818665, 0.6235262751579285, 0.4609215259552002, -0.07384024560451508, -0.09752966463565826, -0.17416033148765564, -0.019018828868865967, 0.30808988213539124, 0.5430550575256348, 0.7014330625534058, 0.1649913489818573, -0.09709924459457397, -0.23662124574184418, 0.6258689761161804, 0.7641276121139526, 0.6280641555786133, 0.703783392906189, 0.6922972202301025, 0.025954507291316986, 0.7806040644645691, 0.6847260594367981, 0.1607423722743988, 0.5721354484558105, 0.6024574041366577, 0.6863051056861877, 0.733778715133667, 0.7730400562286377, 0.599145233631134, 0.09339110553264618, -0.16868102550506592, -0.25128471851348877, 0.38465437293052673, -0.040763117372989655, 0.7184860110282898, 0.8178317546844482, 0.6912944316864014, 0.407592236995697, 0.4556608200073242, -0.11559443175792694, 0.4395672678947449, 0.6914090514183044, 0.7489143013954163, 0.5262869596481323, 0.6928302049636841, 0.6318497657775879, -0.2100779414176941, 0.040381383150815964, 0.38741064071655273, 0.6873542070388794, 0.3122027516365051, -0.04175126552581787, -0.2811322510242462, 0.634573757648468, -0.010929279029369354, 0.7858319282531738, -0.19588518142700195, 0.5632619857788086, 0.7490761280059814, 0.5937212705612183, -0.0454135537147522, 0.8118562698364258, -0.023142587393522263, 0.5501205921173096, 0.005523756146430969, 0.5198043584823608, 0.6201765537261963, 0.7613122463226318, 0.7831221222877502, 0.790059506893158, 0.8174359798431396, 0.09809736907482147, 0.6984455585479736, 0.6555477380752563, 0.06722699105739594, -0.04487210512161255, 0.5591516494750977, 0.5440982580184937, 0.7172554731369019, 0.6461753845214844, 0.6728031635284424, 0.8102319240570068, 0.046194303780794144, 0.560441792011261, 0.15837182104587555, 0.7262058258056641, 0.6574544906616211, 0.6828676462173462, 0.6393168568611145, -0.28179293870925903, 0.741278886795044, 0.6079483032226562, -0.11600633710622787, 0.26733916997909546, 0.5866622924804688, 0.7507010698318481, 0.7514621615409851, 0.7000288963317871, 0.6434488296508789, 0.7020508050918579, 0.6381267309188843, 0.5293517112731934, 0.7146239280700684, 0.7043875455856323, 0.501143217086792, 0.8646003007888794, 0.44187217950820923, 0.5559221506118774, 0.6264005303382874, 0.6985297203063965, 0.7641327381134033, -0.0246659517288208, 0.5785561800003052, 0.16683049499988556, 0.4256965219974518, 0.40033596754074097, 0.6465827822685242, 0.7156699895858765, 0.028652064502239227, 0.49899283051490784, 0.46217745542526245, -0.11681145429611206, 0.6408535838127136, 0.652696967124939, 0.7328600883483887, 0.4036983847618103, 0.7183932065963745, 0.7042295932769775, 0.11579130589962006, 0.7468061447143555, -0.14969371259212494, 0.6318535208702087, 0.6302121877670288, 0.4487791359424591, 0.6623721122741699, 0.6329820156097412, 0.6532120704650879, 0.35346031188964844, 0.5908007025718689, 0.7763433456420898, 0.044629935175180435, 0.5759058594703674, 0.8473327159881592, -0.5361025333404541, 0.17000740766525269, -0.17895424365997314, 0.7152499556541443, 0.5400601625442505, 0.7758220434188843, 0.6270191073417664, 0.7059979438781738, 0.564215898513794, 0.6214693784713745, 0.5836424231529236, 0.05487126111984253, 0.5659663677215576, 0.009500637650489807, 0.7169405817985535, 0.754031240940094, 0.17919069528579712, 0.25466105341911316, 0.7524334192276001, 0.8846827745437622, 0.5838514566421509, 0.4069540798664093, 0.7413939237594604, 0.6204816102981567, 0.17950403690338135, -0.2992551624774933, 0.43493911623954773, 0.5992354154586792, -0.0424078032374382, 0.5850816965103149, 0.2612568438053131, 0.8050382137298584, 0.42191341519355774, -0.00522691011428833, 0.6375130414962769, 0.08021894842386246, -0.4505995512008667, 0.7524217367172241, 0.16697098314762115, 0.16868729889392853, 0.5763829946517944, 0.7350019216537476, 0.14856401085853577, 0.6740721464157104, 0.14113189280033112, 0.556524395942688, 0.6353632807731628, -0.10514780879020691, 0.5208730101585388, 0.6763333082199097, 0.6387656927108765, 0.7538827657699585, -0.02501501515507698, 0.6598677635192871, 0.6956841349601746, 0.7001041769981384, 0.5837886333465576, -0.13291573524475098, 0.7209017276763916, 0.6081708073616028, 0.583380401134491, 0.5804717540740967, 0.6227148771286011, 0.6788039207458496, 0.5381403565406799, 0.6210489869117737, 0.44165506958961487, 0.6759161949157715, 0.43825840950012207, -0.022615782916545868, 0.5198664665222168, 0.6658351421356201, 0.4976809024810791, 0.7823108434677124, 0.6536484956741333, 0.762067437171936, 0.666995644569397, 0.7169997692108154, 0.6780699491500854, 0.5035918951034546, 0.6835570335388184, 0.8327306509017944, 0.4896004796028137, 0.015098735690116882, 0.767741858959198, 0.5785843133926392, -0.18612486124038696, 0.8479917645454407, 0.5982593894004822, 0.6762218475341797, 0.4760916531085968, 0.16521716117858887, 0.6006354689598083, 0.7683572173118591, 0.7298358082771301, 0.5502105951309204, 0.6449041962623596, 0.024699721485376358, 0.4829879403114319, -0.061852067708969116, -0.10673195868730545, 0.7240735292434692, 0.6942918300628662, 0.8187744617462158, 0.17491300404071808, -0.10435836762189865, 0.6069276332855225, 0.7200757265090942, 0.6727350950241089, 0.1256449818611145, 0.05917888879776001, -0.3530612587928772, 0.8190914392471313, 0.8076277375221252, 0.6546552181243896, 0.5619186758995056, -0.21192613244056702, 0.5949057340621948, 0.5480549335479736, 0.5982493162155151, 0.5404469966888428, 0.7472095489501953, 0.6386018395423889, 0.5264072418212891, 0.6962659358978271, 0.7201743721961975, 0.7977749109268188, 0.18395861983299255, 0.7529724836349487, 0.8243609666824341, 0.6113025546073914, 0.6384493112564087, 0.778811514377594]
