sample name: ['Cc1ccc(CCNC(=O)NCCc2csc(N3CCCC3)n2)c(C)c1']
atom_index,distance,cosine_similarity
0,0.17339366436004638,-0.02032404325902462
1,-0.5083884382247925,0.05819467451423407
2,-0.7976570892333984,0.012434559501707554
3,-1.087426519393921,0.023429689202457665
4,0.08741517305374145,-0.04344397164881229
5,-1.0264157009124757,0.10846095148473978
6,0.8469551086425782,-0.11392657659947872
7,0.6470506620407105,-0.0886919691413641
8,-0.44626908779144286,0.04224823467433453
9,-0.053219187259674075,-0.00725085187703371
10,-0.3024307632446289,0.06354443211108446
11,-0.9070392990112305,0.03948954962193966
12,-1.6340459418296813,0.058400122448801994
13,-4.107528102397919,0.2233293865248561
14,-1.978318383693695,0.05613744686823338
15,-1.1663097834587097,-0.039311135411262514
16,-0.07728627681732178,0.0035748494043946265
17,-0.3394199776649475,0.015039919279515743
18,0.37863664150238036,-0.07182778526097536
19,0.24655836820602417,-0.03549174077808857
20,-1.7271540975570678,0.1372502470575273

Sum of phi values for distance
-13.778899030685427
Sum of phi values for cosine similarity
0.421265988717787
Distance random samples
[15.313946723937988, 13.977299690246582, 11.795500755310059, 74.09125518798828, 8.597975730895996, 50.43777084350586, 13.722718238830566, 10.610984802246094, 6.956459999084473, 10.764021873474121, 5.232631683349609, 8.97022819519043, 9.745848655700684, 12.00890827178955, 11.292570114135742, 5.712365627288818, 15.344313621520996, 13.110149383544922, 9.519683837890625, 10.53012466430664, 8.184316635131836, 11.212890625, 31.658260345458984, 27.58746910095215, 10.427057266235352, 11.590928077697754, 18.775938034057617, 13.062176704406738, 16.075456619262695, 11.118433952331543, 9.144728660583496, 12.59938907623291, 12.762662887573242, 13.355338096618652, 17.62920570373535, 21.793169021606445, 13.146537780761719, 12.628837585449219, 14.024275779724121, 8.90445327758789, 7.119158744812012, 10.983474731445312, 12.216048240661621, 7.097378730773926, 8.823999404907227, 14.90573501586914, 11.352797508239746, 9.949490547180176, 7.334923267364502, 7.82808780670166, 10.029414176940918, 14.60015869140625, 12.73193073272705, 12.861149787902832, 7.224432468414307, 9.932085990905762, 11.725576400756836, 10.886340141296387, 10.342976570129395, 15.501460075378418, 14.878238677978516, 13.184414863586426, 7.111026287078857, 7.9354143142700195, 10.333210945129395, 13.646940231323242, 6.73816442489624, 13.032770156860352, 14.001402854919434, 11.233718872070312, 8.857138633728027, 14.922176361083984, 10.687264442443848, 62.60264205932617, 13.769109725952148, 16.43868064880371, 15.635181427001953, 7.477351665496826, 5.892374515533447, 11.739700317382812, 11.097418785095215, 10.891352653503418, 10.608122825622559, 13.570388793945312, 14.9725923538208, 13.155101776123047, 17.178972244262695, 16.393924713134766, 8.22500228881836, 12.622437477111816, 14.803690910339355, 9.336803436279297, 7.256295204162598, 9.938101768493652, 7.0084614753723145, 11.594321250915527, 63.19395065307617, 8.774578094482422, 10.321873664855957, 16.522443771362305, 14.902478218078613, 12.590743064880371, 14.704113006591797, 12.883092880249023, 12.471236228942871, 7.810657978057861, 9.957457542419434, 10.32635498046875, 13.14555549621582, 9.768149375915527, 11.296268463134766, 11.149428367614746, 7.696302890777588, 15.344368934631348, 6.475532531738281, 8.461837768554688, 142.5336151123047, 10.542277336120605, 7.212165355682373, 12.02851676940918, 12.131559371948242, 51.59861755371094, 17.59170913696289, 7.603621006011963, 8.116905212402344, 14.582759857177734, 9.517077445983887, 9.824015617370605, 11.493138313293457, 10.785560607910156, 137.59335327148438, 15.243040084838867, 9.840142250061035, 7.6531901359558105, 10.729857444763184, 31.622825622558594, 111.60784912109375, 10.509462356567383, 13.74853515625, 10.1083402633667, 12.151161193847656, 10.94833755493164, 8.987541198730469, 12.319072723388672, 14.008516311645508, 12.532084465026855, 9.461139678955078, 13.311846733093262, 136.4695587158203, 7.215478897094727, 8.713489532470703, 10.347854614257812, 11.432348251342773, 56.98469924926758, 7.380353927612305, 8.877362251281738, 158.90516662597656, 7.794676303863525, 8.439031600952148, 71.5228271484375, 16.496456146240234, 13.95062255859375, 8.724252700805664, 12.415153503417969, 10.775534629821777, 8.30645751953125, 10.059836387634277, 14.17843246459961, 9.781564712524414, 12.268854141235352, 12.381957054138184, 12.518495559692383, 9.644164085388184, 12.346792221069336, 10.417705535888672, 10.57287883758545, 10.655548095703125, 8.626307487487793, 11.508193969726562, 9.170933723449707, 13.067167282104492, 14.254010200500488, 23.135831832885742, 37.785728454589844, 7.624192714691162, 11.988306999206543, 7.897008895874023, 11.833379745483398, 10.259142875671387, 11.267104148864746, 37.85898971557617, 12.93150520324707, 10.529422760009766, 16.238140106201172, 13.83381175994873, 12.110634803771973, 8.897436141967773, 13.58430004119873, 8.734843254089355, 12.21096134185791, 9.327004432678223, 11.038437843322754, 7.693883895874023, 10.280950546264648, 13.603306770324707, 8.398601531982422, 9.273536682128906, 8.382552146911621, 67.80535125732422, 13.999516487121582, 114.78445434570312, 9.157591819763184, 8.255123138427734, 9.257566452026367, 18.767152786254883, 106.05545043945312, 11.899449348449707, 8.018776893615723, 9.397464752197266, 13.267950057983398, 16.743221282958984, 11.503265380859375, 6.855963230133057, 12.366973876953125, 181.37806701660156, 6.0722880363464355, 16.996822357177734, 6.729043006896973, 10.599748611450195, 7.658575534820557, 18.796415328979492, 13.05360221862793, 13.475369453430176, 13.962278366088867, 9.89560604095459, 8.51608657836914, 91.24646759033203, 7.388305187225342, 153.13389587402344, 6.938669681549072, 10.830928802490234, 15.075288772583008, 10.07397174835205, 14.908536911010742, 10.647004127502441, 11.335901260375977, 15.148704528808594, 12.014151573181152, 28.409378051757812, 11.687525749206543, 10.573369979858398, 12.785229682922363, 68.89221954345703, 18.752330780029297, 8.151866912841797, 12.688284873962402, 12.782570838928223, 11.665422439575195, 10.011229515075684, 15.086138725280762, 10.073464393615723, 15.159978866577148, 55.862361907958984, 10.247818946838379, 8.935927391052246, 11.429553031921387, 8.36030101776123, 123.365478515625, 104.25239562988281, 13.203181266784668, 10.377017974853516, 12.529139518737793, 14.537861824035645, 9.539297103881836, 10.538670539855957, 9.150846481323242, 130.11326599121094, 58.069854736328125, 7.599638938903809, 143.09210205078125, 12.540372848510742, 8.717090606689453, 12.496352195739746, 101.23217010498047, 11.889144897460938, 8.908303260803223, 6.394519805908203, 12.634298324584961, 11.734055519104004, 13.454946517944336, 9.635168075561523, 29.07762908935547, 11.10814380645752, 9.612536430358887, 67.46320343017578, 12.790534973144531, 11.171626091003418, 13.336580276489258, 9.729902267456055, 9.219558715820312, 8.141651153564453, 13.185821533203125, 11.029732704162598, 9.625704765319824, 10.207634925842285, 18.799516677856445, 9.326587677001953, 12.847877502441406, 7.510611057281494, 11.637491226196289, 11.086250305175781, 8.587231636047363, 11.167062759399414, 14.95000171661377, 43.250736236572266, 11.527556419372559, 12.7424955368042, 14.489651679992676, 11.70539665222168, 7.64224910736084, 9.005843162536621, 13.532548904418945, 11.933061599731445, 11.52357292175293, 12.29287338256836, 10.020474433898926, 9.669229507446289, 15.249137878417969, 10.130820274353027, 9.15007495880127, 13.124771118164062, 7.312165260314941, 16.134599685668945, 7.809838771820068, 11.01816463470459, 15.69547176361084, 10.26107120513916, 7.842995643615723, 9.192978858947754, 6.459293365478516, 7.773473262786865, 9.63937759399414, 7.024086952209473, 62.04905700683594, 13.525307655334473, 7.928210258483887, 11.951251983642578, 13.393421173095703, 7.273202419281006, 8.130293846130371, 15.585515975952148, 10.117720603942871, 10.350730895996094, 5.864995002746582, 11.840868949890137, 11.349530220031738, 12.859074592590332, 10.946233749389648, 10.88186264038086, 14.057291030883789, 12.858382225036621, 5.741505146026611, 8.526909828186035, 16.140588760375977, 8.435368537902832, 11.5187406539917, 97.48641204833984, 13.125765800476074, 11.348409652709961, 14.680110931396484, 6.466512203216553, 8.498319625854492, 10.253853797912598, 36.96052551269531, 15.455848693847656, 11.544053077697754, 10.19755744934082, 40.84029006958008, 8.468584060668945, 10.214847564697266, 12.312251091003418, 13.002184867858887, 11.517370223999023, 13.457884788513184, 12.509077072143555, 8.9277982711792, 13.417202949523926, 11.99783706665039, 13.718488693237305, 7.4037299156188965, 11.4125337600708, 11.778679847717285, 12.228673934936523, 11.360355377197266, 7.098969459533691, 8.915629386901855, 7.770407199859619, 7.4623589515686035, 9.788936614990234, 54.751548767089844, 7.952713489532471, 11.846488952636719, 8.923299789428711, 9.24537181854248, 9.817631721496582, 10.868828773498535, 9.37939167022705, 6.7647504806518555, 11.758978843688965, 72.43595886230469, 10.726409912109375, 12.847494125366211, 10.494791984558105, 13.521132469177246, 106.59963989257812, 7.811776161193848, 37.332218170166016, 9.221162796020508, 11.659688949584961, 13.278985023498535, 6.820680618286133, 16.927776336669922, 14.04762077331543, 9.505843162536621, 14.564943313598633, 15.69893741607666, 18.448387145996094, 8.470069885253906, 7.238767623901367, 8.310330390930176, 10.037574768066406, 13.293058395385742, 7.205648899078369, 13.148941993713379, 13.816182136535645, 8.533332824707031, 13.405503273010254, 51.44926452636719, 13.06493854522705, 14.853216171264648, 16.978883743286133, 9.234230041503906, 13.931540489196777, 12.387604713439941, 11.025525093078613, 69.13514709472656, 12.143430709838867, 9.338418006896973, 12.739727973937988, 10.419427871704102, 12.119750022888184, 12.252287864685059, 11.239378929138184, 10.588966369628906, 13.645877838134766, 98.27616882324219, 12.843799591064453, 9.260169982910156, 9.340380668640137, 8.20135498046875, 13.833141326904297, 13.03365707397461, 8.115480422973633, 10.56974983215332, 13.390716552734375, 129.693603515625, 13.355059623718262, 9.09976863861084, 5.446819305419922, 13.413594245910645, 9.00419807434082, 11.471238136291504, 8.82303524017334, 16.050037384033203, 9.4420166015625, 15.469719886779785, 8.958537101745605, 11.891973495483398, 12.84118366241455, 13.546490669250488, 15.38290023803711, 14.111742973327637, 8.236063003540039, 8.152409553527832, 7.201113700866699, 12.091615676879883, 145.74163818359375, 11.169302940368652, 11.363632202148438, 16.228973388671875, 9.119077682495117, 12.18971061706543, 11.65162181854248, 37.73195266723633, 10.978387832641602, 10.402085304260254, 13.2520112991333, 11.594446182250977, 14.160012245178223, 10.620063781738281, 12.850093841552734, 6.2012858390808105, 7.057011127471924, 8.687323570251465, 9.794207572937012, 10.805377960205078, 7.112658500671387, 17.99325180053711, 14.768816947937012, 10.16800594329834, 9.59382152557373, 9.948716163635254, 13.651867866516113, 11.18520450592041, 14.404046058654785, 214.35960388183594, 10.867114067077637, 12.75623607635498, 14.086085319519043, 8.703304290771484, 9.529318809509277, 8.502620697021484, 9.574697494506836, 6.6902546882629395, 12.992701530456543, 8.53411865234375, 9.974649429321289, 13.500572204589844, 10.349109649658203, 8.82436466217041, 14.542404174804688, 8.206579208374023, 9.194801330566406, 21.26917839050293, 60.691768646240234, 103.67219543457031, 11.845111846923828, 12.380017280578613, 11.94139289855957, 12.957367897033691, 9.06705379486084, 11.997840881347656, 12.186095237731934, 10.64268970489502, 12.15425968170166, 9.223346710205078, 11.391337394714355, 9.725881576538086, 10.538793563842773, 8.591705322265625, 14.173613548278809, 8.970742225646973, 13.107686042785645, 78.41352844238281, 13.353185653686523, 13.593008995056152, 6.235288619995117, 8.353886604309082, 14.625903129577637, 11.838933944702148, 76.8979263305664, 38.70615768432617, 5.883859634399414, 10.763396263122559, 12.422538757324219, 12.061366081237793, 68.08748626708984, 11.675780296325684, 12.118267059326172, 11.299775123596191, 9.413683891296387, 13.843194007873535, 8.851696968078613, 8.62066650390625, 16.376386642456055, 12.362605094909668, 83.79312133789062, 11.67967700958252, 14.855401039123535, 12.227197647094727, 34.52772521972656, 7.0229973793029785, 11.423726081848145, 131.75189208984375, 8.56340217590332, 10.161401748657227, 9.251004219055176, 15.947259902954102, 9.63503646850586, 142.2252960205078, 11.965423583984375, 7.6740193367004395, 9.56308364868164, 13.254441261291504, 7.5275163650512695, 17.5570011138916, 10.676372528076172, 17.993833541870117, 9.172855377197266, 11.137354850769043, 10.320743560791016, 12.8836669921875, 49.935447692871094, 7.742243766784668, 12.371883392333984, 12.231489181518555, 9.686538696289062, 8.987424850463867, 150.64480590820312, 5.598703861236572, 14.459789276123047, 11.277127265930176, 10.622504234313965, 7.950979709625244, 9.394957542419434, 13.330731391906738, 9.379209518432617, 13.680081367492676, 8.838305473327637, 53.79277801513672, 9.928996086120605, 9.996127128601074, 13.935239791870117, 10.641212463378906, 12.248779296875, 10.893898963928223, 10.658415794372559, 8.796756744384766, 11.122917175292969, 52.654380798339844, 9.646320343017578, 10.995930671691895, 15.08233642578125, 11.357086181640625, 9.578657150268555, 7.870893478393555, 7.6435546875, 12.982468605041504, 8.28793716430664, 9.083512306213379, 46.51168441772461, 16.607023239135742, 12.840009689331055, 13.604978561401367, 8.165142059326172, 8.584480285644531, 13.436869621276855, 9.698055267333984, 6.34311056137085, 181.7027587890625, 11.996138572692871, 125.1791763305664, 11.874485969543457, 14.793798446655273, 10.02528190612793, 12.439107894897461, 14.495223045349121, 10.891936302185059, 10.800556182861328, 6.795424938201904, 9.586553573608398, 7.443178653717041, 11.578126907348633, 6.308832168579102, 13.854499816894531, 7.01786994934082, 10.508041381835938, 17.5434513092041, 5.460021495819092, 17.193687438964844, 97.22941589355469, 11.538947105407715, 11.207941055297852, 9.064605712890625, 7.973861217498779, 13.639084815979004, 18.137706756591797, 11.056726455688477, 14.23383903503418, 12.548776626586914, 7.855645656585693, 8.516729354858398, 14.557524681091309, 13.510462760925293, 11.862957954406738, 7.437175273895264, 8.45841121673584, 8.23471736907959, 151.87875366210938, 5.9380035400390625, 6.150849342346191, 7.415887355804443, 7.973630428314209, 7.628169059753418, 14.292654991149902, 12.410859107971191, 12.563275337219238, 11.70064926147461, 13.091310501098633, 13.285993576049805, 8.594099044799805, 11.687015533447266, 15.337780952453613, 7.907132148742676, 11.433626174926758, 10.98762035369873, 9.77324390411377, 12.019283294677734, 10.163625717163086, 9.86987018585205, 11.579365730285645, 9.844862937927246, 7.301875591278076, 8.51409912109375, 12.34158992767334, 11.500465393066406, 11.344298362731934, 15.37395191192627, 6.07765531539917, 9.866705894470215, 10.01520824432373, 10.168912887573242, 10.055819511413574, 9.218009948730469, 167.63340759277344, 10.276142120361328, 72.657470703125, 6.99097204208374, 10.083067893981934, 28.866735458374023, 12.97957706451416, 7.888535022735596, 9.018708229064941, 11.2719087600708, 10.715265274047852, 8.476994514465332, 9.72993278503418, 15.201114654541016, 13.550986289978027, 10.170487403869629, 8.283086776733398, 8.636741638183594, 68.74243927001953, 48.05634307861328, 10.594254493713379, 10.018122673034668, 7.609518051147461, 14.161768913269043, 11.49970531463623, 22.29915428161621, 8.264533996582031, 8.599397659301758, 15.161504745483398, 10.783368110656738, 13.26484489440918, 14.435093879699707, 10.687606811523438, 14.462324142456055, 6.380212783813477, 11.092386245727539, 9.399880409240723, 11.025164604187012, 10.968371391296387, 10.991312980651855, 12.682456970214844, 68.37388610839844, 13.007523536682129, 11.776887893676758, 11.446167945861816, 9.910442352294922, 6.1216511726379395, 58.04774475097656, 14.088873863220215, 7.930245876312256, 10.620797157287598, 12.855023384094238, 7.624111652374268, 35.32351303100586, 11.396659851074219, 8.65561580657959, 7.724045276641846, 29.105422973632812, 11.7824068069458, 12.568717002868652, 11.34077262878418, 45.725399017333984, 44.616207122802734, 12.805827140808105, 8.453021049499512, 8.946479797363281, 7.212856292724609, 14.603288650512695, 9.549755096435547, 8.365026473999023, 8.611886024475098, 95.94264221191406, 12.306794166564941, 14.939528465270996, 13.290590286254883, 167.24465942382812, 13.21336841583252, 11.881316184997559, 15.595423698425293, 12.264888763427734, 10.129395484924316, 11.150446891784668, 9.757511138916016, 9.964071273803711, 12.852027893066406, 11.585640907287598, 8.39256477355957, 13.622090339660645, 11.424323081970215, 8.84531307220459, 11.826016426086426, 14.797931671142578, 10.941329956054688, 67.00818634033203, 6.720562934875488, 11.78751277923584, 10.62292194366455, 11.032269477844238, 13.812484741210938, 12.785954475402832, 8.966343879699707, 11.79391860961914, 14.778877258300781, 9.426811218261719, 10.016461372375488, 8.650744438171387, 10.775229454040527, 13.736863136291504, 11.236261367797852, 7.951125144958496, 10.677650451660156, 9.969475746154785, 10.275632858276367, 13.085878372192383, 13.954558372497559, 7.176455497741699, 83.50536346435547, 8.442062377929688, 8.02342414855957, 10.673744201660156, 14.34781551361084, 12.88251781463623, 11.510428428649902, 13.961076736450195, 8.185269355773926, 11.774552345275879, 9.423152923583984, 11.856253623962402, 8.284557342529297, 14.760448455810547, 8.988737106323242, 5.780521392822266, 10.527186393737793, 7.805842876434326, 11.812947273254395, 8.20103931427002, 14.078876495361328, 196.88133239746094, 8.930179595947266, 12.220027923583984, 8.17318058013916, 14.994389533996582, 12.685571670532227, 8.170019149780273, 45.20424270629883, 47.708885192871094, 12.895574569702148, 9.923501968383789, 10.854312896728516, 113.4892349243164, 11.828727722167969, 11.860542297363281, 9.580310821533203, 13.123885154724121, 10.574819564819336, 12.426206588745117, 9.368839263916016, 14.285768508911133, 12.973480224609375, 10.52953815460205, 10.537513732910156, 15.73696231842041, 8.647604942321777, 8.706249237060547, 6.33870267868042, 14.845220565795898, 11.467845916748047, 10.249937057495117, 7.77852725982666, 12.03184700012207, 11.408799171447754, 10.098249435424805, 8.426294326782227, 9.489493370056152, 121.279052734375, 7.0243706703186035, 7.156976699829102, 11.835735321044922, 13.765982627868652, 26.562030792236328, 9.00758171081543, 13.673462867736816, 7.426492691040039, 12.889875411987305, 11.84554672241211, 162.3135528564453, 9.915511131286621, 12.106196403503418, 11.877581596374512, 9.6946382522583, 11.779770851135254, 10.033790588378906, 132.9832763671875, 22.64110565185547, 10.40102481842041, 15.190905570983887, 7.873059272766113, 8.5536470413208, 6.866235733032227, 8.559958457946777, 11.344369888305664, 12.07692813873291, 17.168359756469727, 12.095169067382812, 10.280241966247559, 11.984212875366211, 12.815673828125, 6.827170372009277, 16.462472915649414, 13.270524978637695, 14.20982837677002, 8.659051895141602, 10.312434196472168, 108.2381362915039, 15.267489433288574, 12.942094802856445, 8.395650863647461, 15.361860275268555, 16.66552734375, 14.437408447265625, 6.832754611968994, 13.018148422241211, 56.85907745361328, 12.106417655944824, 14.788166999816895, 13.5133638381958, 7.358583927154541, 12.839398384094238, 10.721670150756836, 6.888534069061279, 12.071578025817871, 15.647387504577637, 6.4912919998168945, 9.93298625946045, 9.544753074645996, 10.14415168762207, 11.163949012756348, 7.114964485168457, 8.659461975097656, 12.145072937011719, 6.956979274749756, 9.715130805969238, 12.171241760253906, 8.434914588928223, 10.505276679992676, 10.657081604003906, 12.957074165344238, 11.990596771240234, 8.24306583404541, 15.136356353759766, 11.092966079711914, 15.385693550109863, 11.25345516204834, 13.053077697753906, 9.852950096130371, 164.40234375, 9.08651065826416, 10.17724609375, 11.227448463439941, 14.688657760620117, 12.580301284790039, 11.874166488647461, 6.192590713500977, 7.7519378662109375, 13.798892974853516, 6.051327705383301, 13.438153266906738, 9.255499839782715, 13.847496032714844, 14.60188102722168, 142.75405883789062, 10.432209968566895, 9.0501070022583, 9.578682899475098, 9.546306610107422, 10.206233978271484, 10.287731170654297, 13.258031845092773, 7.49997091293335, 14.839481353759766, 11.679370880126953, 10.010455131530762, 12.07178020477295, 14.867578506469727, 9.841248512268066, 38.48895263671875, 23.124794006347656, 9.55151081085205, 9.225494384765625, 48.99159622192383, 14.980631828308105, 10.822464942932129, 8.270774841308594, 7.585331916809082, 11.264958381652832, 6.534188747406006, 10.695155143737793, 8.00886344909668, 9.890439987182617, 13.227948188781738, 14.239701271057129, 20.604389190673828, 12.08622932434082, 13.021607398986816, 9.636996269226074, 9.510555267333984, 10.834942817687988, 6.202700614929199, 12.317949295043945, 9.598799705505371, 15.374517440795898, 12.38811206817627, 45.72333526611328, 9.392562866210938, 10.840194702148438, 8.252306938171387, 7.159543037414551, 12.857051849365234, 11.652853965759277, 12.960947036743164, 6.728280544281006, 43.627262115478516, 39.095672607421875, 8.4519624710083, 12.502211570739746, 7.539984703063965, 16.17032241821289, 6.886898040771484, 13.03056812286377, 12.694843292236328, 12.462964057922363, 12.373987197875977, 14.537659645080566, 74.86009216308594, 10.220247268676758, 10.312694549560547, 9.324141502380371, 9.30263614654541, 14.927244186401367, 11.512686729431152, 14.714032173156738, 12.706075668334961, 9.054848670959473, 14.365579605102539, 12.932600021362305, 9.386235237121582, 7.4441938400268555, 28.45037841796875, 9.29993724822998, 12.594071388244629, 11.8048734664917, 8.628533363342285, 8.629207611083984, 8.867166519165039, 5.7698516845703125, 14.968307495117188, 9.792415618896484, 25.18297576904297, 7.036155700683594, 13.509007453918457, 47.47600555419922, 8.532736778259277, 9.215130805969238, 12.608723640441895, 14.587779998779297, 11.148053169250488, 6.928242206573486, 140.1707000732422, 9.493927955627441, 11.769070625305176, 11.198569297790527, 12.34314250946045, 14.202376365661621, 13.25221061706543, 10.793907165527344, 11.085787773132324, 8.966559410095215, 9.452598571777344, 13.48931884765625, 8.036955833435059, 9.464620590209961, 11.26346492767334, 11.145333290100098, 10.672821044921875, 28.59036636352539, 16.108396530151367, 13.850112915039062, 10.437644958496094, 8.547595977783203, 11.518112182617188, 14.03369426727295, 9.08039379119873, 28.38953971862793, 8.683585166931152, 12.891531944274902, 8.666117668151855, 9.201833724975586, 10.248885154724121, 14.240937232971191, 8.55013656616211, 15.10336971282959, 9.089156150817871, 52.094112396240234, 8.948723793029785, 13.446067810058594, 8.431041717529297, 8.493117332458496, 13.983302116394043, 8.370298385620117, 108.42672729492188, 174.86788940429688, 14.715219497680664, 9.813071250915527, 11.306132316589355, 10.612305641174316, 11.60928726196289, 16.358619689941406, 14.537056922912598, 7.489174842834473, 9.673237800598145, 8.247138977050781, 40.23813247680664, 16.150794982910156, 9.187395095825195, 11.413558959960938, 11.326163291931152, 41.02665710449219, 10.772804260253906, 10.588050842285156, 8.676467895507812, 9.602015495300293, 12.233433723449707, 7.856175899505615, 10.658031463623047, 10.59150505065918, 13.890996932983398, 35.98628234863281, 10.023369789123535, 10.131105422973633, 12.94345474243164, 10.84842586517334, 9.046859741210938, 13.30968952178955, 12.085866928100586, 15.01278305053711, 11.121476173400879, 7.8244805335998535, 104.53572845458984, 8.960156440734863, 14.149394989013672, 15.079643249511719, 7.246829032897949, 12.580342292785645, 9.438713073730469, 13.127483367919922, 11.487045288085938, 10.550592422485352, 9.846302032470703, 7.247041702270508, 10.771180152893066, 10.275035858154297, 10.106331825256348, 8.767180442810059, 7.302227020263672, 7.812994003295898, 11.577496528625488, 13.832015037536621, 9.814355850219727, 7.679929256439209, 11.01385498046875, 10.771568298339844, 10.526750564575195, 10.81595516204834, 10.996355056762695, 10.609416961669922, 15.14404010772705, 7.163048267364502, 12.457030296325684, 10.83121395111084, 10.999643325805664, 12.400222778320312, 10.572705268859863, 9.04718017578125, 12.264374732971191, 7.089189052581787, 5.839344024658203, 120.40792846679688, 15.72740650177002, 10.598397254943848, 8.221609115600586, 8.258986473083496, 7.596538543701172, 113.43387603759766, 12.990484237670898, 6.242800235748291, 15.9847412109375, 13.712189674377441, 8.068254470825195, 11.01382827758789, 12.105295181274414, 13.665675163269043, 12.97833251953125, 6.885628700256348, 9.141162872314453, 8.563465118408203, 8.711234092712402, 5.116117477416992, 7.900424003601074, 5.961073398590088, 12.456229209899902, 7.179097652435303, 8.721790313720703, 15.643454551696777, 6.169426918029785, 10.316381454467773, 5.530339241027832, 8.112811088562012, 10.332798957824707, 9.00458812713623, 9.282407760620117, 9.958149909973145, 6.25437593460083, 9.344700813293457, 14.139267921447754, 15.657143592834473, 77.79874420166016, 13.103272438049316, 15.088467597961426, 79.23873138427734, 7.133843421936035, 13.388701438903809, 11.053681373596191, 12.489874839782715, 11.87253189086914, 9.11523151397705, 12.615267753601074, 13.902586936950684, 6.670935153961182, 12.552700996398926, 12.3804349899292, 10.680789947509766, 8.385123252868652, 112.65831756591797, 7.573618412017822, 13.22432804107666, 12.742703437805176, 9.508456230163574, 9.042398452758789, 8.888354301452637, 14.614493370056152, 88.7305908203125, 8.271066665649414, 178.14328002929688, 7.576586723327637, 10.691375732421875, 180.3253936767578, 9.92068099975586, 10.177545547485352, 8.854425430297852, 8.350473403930664, 8.221007347106934, 5.6024489402771, 14.648778915405273, 13.395139694213867, 12.49085521697998, 8.453139305114746, 10.714826583862305, 14.013494491577148, 12.156682014465332, 66.37890625, 5.83951473236084, 7.4627580642700195, 60.24519729614258, 12.742630004882812, 77.46503448486328, 117.17679595947266, 10.277793884277344, 11.687553405761719, 6.108814716339111, 7.125997066497803, 10.408554077148438, 8.921512603759766, 27.19979476928711, 6.666658401489258, 8.672082901000977, 6.4492926597595215, 11.968260765075684, 70.6462631225586, 15.839411735534668, 10.135826110839844, 203.3347930908203, 7.578198432922363, 9.622779846191406, 14.897424697875977, 6.629209995269775, 14.270912170410156, 8.616318702697754, 8.62185287475586, 9.977245330810547, 19.674697875976562, 9.304084777832031, 11.164169311523438, 13.084036827087402, 58.60846710205078, 15.139544486999512, 165.02003479003906, 6.720126152038574, 9.28188705444336, 13.810159683227539, 9.793170928955078, 9.23675537109375, 17.11725425720215, 12.877998352050781, 7.179365634918213, 49.4273567199707, 8.157265663146973, 12.201494216918945, 12.8049955368042, 13.238361358642578, 7.882665157318115, 7.783565998077393, 12.398882865905762, 14.833429336547852, 10.666972160339355, 16.38825225830078, 16.160043716430664, 8.717039108276367, 14.792581558227539, 10.417376518249512, 7.767727851867676, 8.157193183898926, 11.20567512512207, 43.038387298583984, 7.053195476531982, 10.117131233215332, 10.665836334228516, 9.791448593139648, 25.14752197265625, 10.777653694152832, 13.7185640335083, 8.684313774108887, 13.272419929504395, 9.406800270080566, 149.33399963378906, 15.21683406829834, 7.319092273712158, 8.170631408691406, 10.851889610290527, 15.455639839172363, 12.624739646911621, 9.659271240234375, 54.49589538574219, 119.27935028076172, 52.367862701416016, 15.239027976989746, 11.577072143554688, 12.213648796081543, 5.721346378326416, 14.226922035217285, 15.021925926208496, 14.091919898986816, 12.506518363952637, 12.490983963012695, 17.012937545776367, 12.193411827087402, 7.730711460113525, 7.578155517578125, 9.316351890563965, 8.487537384033203, 9.05711555480957, 15.657821655273438, 10.974077224731445, 13.401451110839844, 10.352715492248535, 9.984980583190918, 13.917637825012207, 6.956318378448486, 6.675175666809082, 9.971312522888184, 14.197687149047852, 152.3936309814453, 8.677943229675293, 7.300051689147949, 15.265557289123535, 11.793536186218262, 11.443882942199707, 35.1026725769043, 9.443326950073242, 12.459980010986328, 51.355018615722656, 8.630449295043945, 8.956463813781738, 14.55159854888916, 11.20257568359375, 167.498779296875, 9.138073921203613, 10.046931266784668, 10.2296724319458, 13.443216323852539, 13.206705093383789, 6.729098320007324, 7.039639472961426, 7.139305114746094, 11.453667640686035, 13.270235061645508, 13.398347854614258, 10.540145874023438, 14.395709991455078, 150.6529541015625, 14.342631340026855, 9.15184211730957, 7.778774261474609, 10.550409317016602, 13.531496047973633, 75.83470153808594, 8.18927001953125, 9.685267448425293, 81.8229751586914, 11.909729957580566, 10.739351272583008, 10.044081687927246, 14.164709091186523, 8.380279541015625, 13.371772766113281, 15.858642578125, 15.511496543884277, 7.993166446685791, 13.216851234436035, 15.317152976989746, 12.5282621383667, 9.92444133758545, 9.064596176147461, 11.831116676330566, 13.840166091918945, 9.262377738952637, 9.047310829162598, 12.040953636169434, 11.646256446838379, 114.37556457519531, 13.80626106262207, 9.60528564453125, 5.338570594787598, 12.120538711547852, 14.861969947814941, 13.577408790588379, 133.27879333496094, 14.599030494689941, 9.986268997192383, 11.276046752929688, 8.0090913772583, 12.561761856079102, 61.391265869140625, 13.159698486328125, 11.858476638793945, 10.772954940795898, 181.2626953125, 11.699129104614258, 14.239635467529297, 9.138784408569336, 11.007043838500977, 12.782856941223145, 11.622361183166504, 11.287776947021484, 10.780881881713867, 10.296704292297363, 11.944561004638672, 5.941934108734131, 15.80370044708252, 9.604405403137207, 7.341647624969482, 168.34889221191406, 10.574380874633789, 10.603363990783691, 8.480817794799805, 15.332876205444336, 13.034985542297363, 12.639552116394043, 9.289544105529785, 13.411091804504395, 7.173272132873535, 12.407919883728027, 15.46645736694336, 11.891511917114258, 7.768833637237549, 7.937615394592285, 176.3263702392578, 8.424108505249023, 9.154534339904785, 10.66935920715332, 7.578647136688232, 11.362020492553711, 14.477601051330566, 14.454869270324707, 11.570226669311523, 11.94743824005127, 12.65661334991455, 8.891932487487793, 8.628743171691895, 8.466557502746582, 12.199666976928711, 13.154366493225098, 13.44424819946289, 11.350027084350586, 8.13496208190918, 10.13920783996582, 13.376976013183594, 11.528440475463867, 11.572707176208496, 8.847012519836426, 7.940784931182861, 17.541275024414062, 10.96629810333252, 10.569808959960938, 11.031001091003418, 12.147103309631348, 9.80838680267334, 9.9815092086792, 114.16863250732422, 12.48074722290039, 8.794076919555664, 9.184401512145996, 11.779132843017578, 8.966568946838379, 14.581769943237305, 9.210769653320312, 11.621033668518066, 11.620872497558594, 10.85743236541748, 78.63843536376953, 10.852253913879395, 11.03431224822998, 12.0220947265625, 11.885766983032227, 7.010834217071533, 14.953579902648926, 7.139865398406982, 12.797149658203125, 113.41316986083984, 85.40032958984375, 7.848355770111084, 14.628046035766602, 13.312331199645996, 11.045868873596191, 8.36272144317627, 9.218696594238281, 9.802831649780273, 11.171601295471191, 8.105134963989258, 9.741039276123047, 12.683199882507324, 10.560129165649414, 9.618913650512695, 19.498157501220703, 11.569056510925293, 96.62735748291016, 9.294207572937012, 12.922286033630371, 7.048872470855713, 11.509699821472168, 15.849969863891602, 90.53580474853516, 10.116780281066895, 7.132294654846191, 11.417601585388184, 20.0921630859375, 14.77966594696045, 11.14954948425293, 14.174527168273926, 16.696802139282227, 10.746627807617188, 209.8249969482422, 90.37776184082031, 14.153840065002441, 12.072220802307129, 10.059222221374512, 9.574934005737305, 10.172649383544922, 9.655641555786133, 8.870925903320312, 9.386983871459961, 7.217855930328369, 13.528243064880371, 10.138357162475586, 7.702214241027832, 16.04888916015625, 10.304771423339844, 13.90670394897461, 42.16558837890625, 93.65193176269531, 13.251326560974121, 52.06637191772461, 16.12806510925293, 15.305718421936035, 11.539149284362793, 9.083380699157715, 7.631350994110107, 12.206591606140137, 6.668649673461914, 12.957867622375488, 8.313858985900879, 111.67597198486328, 11.597700119018555, 10.09253978729248, 7.360995769500732, 9.260162353515625, 9.40266227722168, 8.24122428894043, 9.952082633972168, 15.842794418334961, 10.236445426940918, 16.8243408203125, 9.284131050109863, 9.361930847167969, 10.179288864135742, 15.25149154663086, 9.51583480834961, 16.40616226196289, 9.310140609741211, 6.685466289520264, 7.687136650085449, 13.709760665893555, 10.881325721740723, 10.793258666992188, 9.250785827636719, 9.630556106567383, 9.307443618774414, 9.122137069702148, 14.180790901184082, 8.184052467346191, 8.96092414855957, 7.960230350494385, 15.289591789245605, 7.274716377258301, 130.8549346923828, 12.989575386047363, 8.930607795715332, 12.511789321899414, 113.41511535644531, 117.18341827392578, 10.495584487915039, 9.596278190612793, 12.403802871704102, 12.513075828552246, 6.655003547668457, 10.729686737060547, 12.983063697814941, 10.594449996948242, 10.12159252166748, 7.40656042098999, 11.181270599365234, 9.976607322692871, 10.944580078125, 9.230781555175781, 11.361455917358398, 99.53093719482422, 13.567371368408203, 13.502172470092773, 8.640829086303711, 7.292466163635254, 12.92663860321045, 11.425101280212402, 9.591171264648438, 7.082351207733154, 13.395724296569824, 149.3842010498047, 7.822136878967285, 9.202709197998047, 7.191534519195557, 13.070569038391113, 15.522769927978516, 15.649588584899902, 10.424715995788574, 5.220478534698486, 12.328397750854492, 11.245556831359863, 11.580888748168945, 12.746903419494629, 10.153264999389648, 9.843216896057129, 13.936731338500977, 13.261062622070312, 9.35756778717041, 8.303218841552734, 10.624384880065918, 13.233256340026855, 10.615803718566895, 8.415496826171875, 11.53124713897705, 12.40966510772705, 7.447023868560791, 175.1700897216797, 11.682798385620117, 11.665637016296387, 11.0860595703125, 13.100324630737305, 14.14992618560791, 11.916060447692871, 13.975117683410645, 9.922489166259766, 10.326679229736328, 11.021591186523438, 8.718268394470215, 12.426370620727539, 68.69275665283203, 8.163686752319336, 14.999760627746582, 8.500504493713379, 11.14224910736084, 79.52613830566406, 8.475785255432129, 8.858246803283691, 13.282612800598145, 10.107131958007812, 13.022879600524902, 15.086030960083008, 11.552663803100586, 21.56206512451172, 34.54315185546875, 13.928997039794922, 7.367238998413086, 7.981646537780762, 10.044323921203613, 12.49156379699707, 8.363195419311523, 12.639095306396484, 139.97518920898438, 8.889744758605957, 15.99088191986084, 8.183438301086426, 9.71252727508545, 40.17668533325195, 9.623926162719727, 6.5923004150390625, 8.222993850708008, 8.246325492858887, 108.87905883789062, 10.782108306884766, 16.5582275390625, 14.061469078063965, 35.49662780761719, 15.376482963562012, 12.733250617980957, 13.844066619873047, 5.61637020111084, 7.739280700683594, 18.42552375793457, 9.98270034790039, 7.686040878295898, 11.301091194152832, 7.3602471351623535, 14.923203468322754, 11.934016227722168, 11.06773853302002, 13.242888450622559, 56.68467330932617, 10.979082107543945, 39.666709899902344, 10.085142135620117, 10.536404609680176, 11.908299446105957, 9.999698638916016, 9.547201156616211, 11.285967826843262, 12.289475440979004, 8.647173881530762, 12.557223320007324, 150.6593017578125, 7.546334266662598, 15.193815231323242, 134.45706176757812, 13.598888397216797, 9.702778816223145, 14.506223678588867, 8.166874885559082, 13.412660598754883, 10.353283882141113, 14.595009803771973, 14.521711349487305, 14.484026908874512, 12.914933204650879, 10.846428871154785, 13.93531608581543, 11.08004093170166, 9.027799606323242, 11.983375549316406, 15.173384666442871, 14.451410293579102, 8.994975090026855, 12.673828125, 14.600881576538086, 9.765507698059082, 10.074335098266602, 12.792505264282227, 15.325268745422363, 14.45557689666748, 156.89166259765625, 7.683816432952881, 13.010852813720703, 10.163633346557617, 13.070147514343262, 13.047514915466309, 8.572432518005371, 7.6732177734375, 9.463052749633789, 31.804916381835938, 12.232040405273438, 12.349577903747559, 6.816685676574707, 10.598160743713379, 11.02090072631836, 9.592637062072754, 13.552877426147461, 15.851511001586914, 8.128316879272461, 16.659358978271484, 10.79514217376709, 14.874913215637207, 110.68207550048828, 12.113908767700195, 6.551873683929443, 8.768270492553711, 12.509185791015625, 14.414618492126465, 10.188490867614746, 12.744933128356934, 6.3593010902404785, 11.573603630065918, 11.212515830993652, 10.675907135009766, 8.044774055480957, 21.82282066345215, 12.502714157104492, 13.831160545349121, 15.939029693603516, 12.8256254196167, 163.61993408203125, 7.501091480255127, 9.663307189941406, 11.637212753295898, 11.067705154418945, 10.46536636352539, 11.243830680847168, 7.607876777648926, 14.925973892211914, 8.42310619354248, 35.04085922241211, 8.445990562438965, 25.379928588867188, 11.007740020751953, 11.46076488494873, 70.55146789550781, 11.815789222717285, 10.229327201843262, 142.8203125, 10.64962387084961, 10.086714744567871, 13.279038429260254, 15.625811576843262, 13.841010093688965, 127.82132720947266, 10.51655101776123, 9.371631622314453, 11.95286750793457, 12.58478832244873, 9.376934051513672, 14.260022163391113, 11.547843933105469, 6.84403133392334, 14.47475528717041, 13.6382417678833, 10.783991813659668, 9.918076515197754, 11.820488929748535, 10.015515327453613, 10.034168243408203, 8.950705528259277, 12.287949562072754, 13.132527351379395, 8.353852272033691, 8.347784042358398, 9.473128318786621, 10.35586929321289, 10.773463249206543, 86.55870056152344, 8.031495094299316, 12.778070449829102, 15.475944519042969, 7.637631416320801, 13.628865242004395, 10.761767387390137, 8.995036125183105, 13.631267547607422, 12.223520278930664, 14.196178436279297, 53.73227310180664, 11.979837417602539, 13.023908615112305, 8.800389289855957, 175.1710662841797, 12.565322875976562, 8.34063720703125, 10.60690689086914, 111.59908294677734, 84.43113708496094, 17.386409759521484, 11.963810920715332, 168.9402313232422, 15.524347305297852, 12.683235168457031, 8.560081481933594, 9.704083442687988, 9.423614501953125, 14.698259353637695, 8.191156387329102, 115.42084503173828, 12.85383415222168, 8.865549087524414, 9.614419937133789, 12.396405220031738, 10.43228816986084, 14.665923118591309, 11.129329681396484, 10.230981826782227, 10.848496437072754, 12.293381690979004, 5.638644695281982, 8.111429214477539, 12.94322395324707, 14.45413875579834, 12.004855155944824, 7.120638847351074, 7.448815822601318, 170.93006896972656, 100.85916137695312, 14.307215690612793, 12.637354850769043, 11.298422813415527, 85.25422668457031, 8.414839744567871, 8.224481582641602, 6.836587905883789, 15.410818099975586, 10.7514009475708, 11.919675827026367, 11.407076835632324, 7.825764179229736, 9.222784042358398, 11.728076934814453, 7.474152565002441, 12.520365715026855, 54.19404983520508, 11.036088943481445, 16.418094635009766, 10.770597457885742, 14.017142295837402, 10.429285049438477, 9.929018020629883, 28.74881362915039, 10.020698547363281, 11.52571964263916, 7.812145233154297, 6.823833465576172, 9.596492767333984, 8.321168899536133, 27.525861740112305, 7.727962017059326, 9.09853458404541, 6.631135940551758, 9.926753044128418, 9.652541160583496, 8.571105003356934, 10.07157039642334, 10.851092338562012, 9.776008605957031, 10.838769912719727, 14.337852478027344, 14.493645668029785, 12.988016128540039, 10.932985305786133, 6.125259876251221, 11.219148635864258, 10.736246109008789, 12.998027801513672, 11.345714569091797, 14.744929313659668, 14.84870433807373, 8.399474143981934, 11.501138687133789, 8.49846363067627, 9.998305320739746, 8.65213680267334, 184.13560485839844, 10.479791641235352, 15.230507850646973, 7.201176166534424, 9.837718963623047, 8.049298286437988, 11.153022766113281, 43.791526794433594, 9.426851272583008, 14.063469886779785, 15.249385833740234, 6.165802478790283, 11.614980697631836, 11.680620193481445, 15.827960968017578, 13.388288497924805, 13.134660720825195, 10.228015899658203, 14.404085159301758, 7.327398300170898, 15.339839935302734, 9.369640350341797, 13.070093154907227, 100.65333557128906, 13.190681457519531, 11.702888488769531, 14.688009262084961, 7.39763879776001, 15.52686595916748, 12.93940544128418, 7.911891937255859, 12.565051078796387, 8.847472190856934, 8.256698608398438, 111.83382415771484, 9.267594337463379, 7.113407611846924, 166.90464782714844, 7.538441181182861, 31.99353790283203, 10.643736839294434, 14.17133617401123, 9.986185073852539, 13.924312591552734, 11.227923393249512, 11.789773941040039, 12.245244026184082, 13.429848670959473, 11.959501266479492, 10.182497024536133, 12.252094268798828, 14.3640718460083, 14.890661239624023, 62.921165466308594, 76.262451171875, 8.29083251953125, 5.770169734954834, 14.225030899047852, 10.159448623657227, 10.45660400390625, 7.736473083496094, 11.477167129516602, 15.158892631530762, 13.299288749694824, 11.241726875305176, 8.163488388061523, 13.264845848083496, 10.020269393920898, 13.370723724365234, 19.764371871948242, 15.656733512878418, 50.37091827392578, 9.183831214904785, 13.319570541381836, 10.760711669921875, 178.29283142089844, 7.725826740264893, 11.851092338562012, 10.848073959350586, 11.337836265563965, 9.355729103088379, 5.097019672393799, 7.949588775634766, 11.099900245666504, 110.57808685302734]
Cosine similarity random samples
[-0.6207881569862366, -0.5214478969573975, 0.24627205729484558, -0.3229014277458191, 0.36314594745635986, 0.7586389780044556, -0.46784985065460205, 0.1815468668937683, 0.627796471118927, 0.2450042963027954, 0.8118690848350525, 0.2648100256919861, 0.04866897314786911, -0.3497750759124756, -0.058235857635736465, 0.769209623336792, -0.6754611730575562, 0.46368497610092163, 0.34313851594924927, 0.092250756919384, 0.41994795203208923, -0.09676414728164673, 0.13755382597446442, -0.055653754621744156, 0.09882195293903351, -0.4190524220466614, 0.021846376359462738, -0.2880480885505676, -0.7438158392906189, 0.03163038194179535, 0.3036409616470337, 0.006086418405175209, -0.06376306712627411, -0.46236664056777954, -0.3997144103050232, -0.4774879813194275, -0.4041394591331482, 0.025858765468001366, -0.626274824142456, 0.4028957784175873, 0.6230828762054443, -0.3230065107345581, -0.1930752992630005, 0.6423105001449585, 0.47023075819015503, -0.6045241951942444, -0.32365188002586365, 0.057498835027217865, 0.5700080990791321, 0.48922812938690186, 0.06505966186523438, -0.6056787967681885, -0.4008447229862213, -0.27872994542121887, 0.5994488000869751, 0.1548454761505127, 0.17698276042938232, -0.07240044325590134, -0.04417106509208679, -0.46041685342788696, -0.7257016897201538, -0.1491362601518631, 0.6100244522094727, 0.5321623086929321, 0.1730491667985916, -0.6548426151275635, 0.6676381826400757, -0.14812594652175903, -0.35001274943351746, -0.0703938752412796, 0.3336172103881836, -0.6945278644561768, 0.0023363232612609863, -0.8309526443481445, -0.47342193126678467, -0.7222902774810791, -0.7815026044845581, 0.5454068183898926, 0.8062207698822021, -0.24961158633232117, 0.08082827180624008, 0.01657085120677948, -0.04670310765504837, -0.48768389225006104, -0.4257972836494446, -0.22339949011802673, -0.2014455646276474, -0.6339559555053711, 0.4422527551651001, -0.39004844427108765, -0.6688321232795715, 0.3787694573402405, 0.6017355918884277, 0.19001173973083496, 0.6257332563400269, -0.24068841338157654, 0.4126278758049011, 0.3077772259712219, 0.33704084157943726, -0.4696282148361206, -0.6906912326812744, -0.2611163854598999, -0.5136415958404541, -0.3960725665092468, -0.28423964977264404, 0.4900222718715668, 0.07156689465045929, 0.26988092064857483, -0.3181098401546478, 0.029539838433265686, -0.23946937918663025, -0.08394216001033783, 0.5194984078407288, -0.5132575035095215, 0.688016414642334, 0.3670502305030823, -0.5676182508468628, 0.1479717195034027, 0.5925742387771606, -0.06379321217536926, 0.09256310015916824, 0.9013870358467102, -0.6998258829116821, 0.5390912890434265, 0.45883044600486755, -0.6236729621887207, 0.20841969549655914, 0.1298285573720932, -0.002962026745080948, -0.02223789319396019, -0.686366856098175, -0.6365331411361694, -0.011027395725250244, 0.5254508852958679, -0.16239234805107117, -0.13608293235301971, 0.4157131314277649, 0.06192932650446892, -0.5846500396728516, 0.4925121068954468, -0.33386465907096863, -0.12120708078145981, 0.3236234784126282, -0.45738542079925537, -0.19247815012931824, -0.44803380966186523, 0.19883859157562256, -0.22579044103622437, -0.4722234606742859, 0.6021440625190735, 0.31478968262672424, 0.03391246497631073, 0.040061336010694504, -0.40931054949760437, 0.5895789265632629, 0.319202721118927, 0.1285325139760971, 0.5420733690261841, 0.35909831523895264, 0.030549757182598114, -0.6876188516616821, -0.44685548543930054, 0.44229984283447266, -0.4108192026615143, 0.20723196864128113, 0.49749916791915894, 0.12502756714820862, -0.44016700983047485, 0.09669770300388336, -0.4139443635940552, -0.3936008810997009, -0.18636348843574524, 0.15373557806015015, -0.39990663528442383, 0.2811947464942932, 0.02553689479827881, -0.12153449654579163, 0.3043065667152405, -0.09173564612865448, 0.2918112277984619, -0.28639650344848633, -0.12057138979434967, -0.15873917937278748, 0.156732439994812, 0.6449751853942871, -0.09988018125295639, 0.5094764828681946, 0.013163566589355469, 0.1356448233127594, -0.24777083098888397, 0.3027457892894745, -0.30351367592811584, -0.020383842289447784, -0.511664867401123, -0.16119185090065002, -0.1620638519525528, 0.41044187545776367, 0.49953824281692505, 0.311926931142807, -0.3898753225803375, 0.28418660163879395, -0.29619675874710083, 0.5061062574386597, 0.06517203152179718, -0.39381253719329834, 0.4648491144180298, 0.28426337242126465, 0.4996694326400757, 0.4706893563270569, -0.48619046807289124, -0.15657636523246765, 0.3011760115623474, 0.4120088815689087, 0.2070477306842804, -0.3907003402709961, -0.4593006372451782, -0.4244001507759094, 0.47659486532211304, 0.26733681559562683, -0.48465514183044434, -0.38169729709625244, -0.24351540207862854, 0.6404871940612793, -0.0789397656917572, 0.10362960398197174, 0.7413586974143982, -0.42673784494400024, 0.6743420362472534, -0.17519165575504303, 0.5383216142654419, -0.13679519295692444, -0.3119259774684906, -0.20674991607666016, -0.3774338364601135, 0.14740049839019775, 0.3344162106513977, 0.7853831052780151, 0.5672369003295898, 0.7744656205177307, 0.6417504549026489, 0.15898996591567993, -0.6632469892501831, 0.07756979763507843, -0.4651950001716614, -0.10791009664535522, -0.007646024227142334, 0.09979460388422012, -0.3483197093009949, -0.7647490501403809, -0.15305021405220032, 0.1117522269487381, -0.44708317518234253, 0.45510563254356384, -0.07797645032405853, 0.46499598026275635, -0.3704681694507599, -0.5698612928390503, -0.060191523283720016, 0.09716624021530151, -0.5885661840438843, 0.14839786291122437, -0.6770939230918884, 0.5835399031639099, 0.0853826105594635, 0.2914064824581146, -0.2802198827266693, 0.4242982268333435, -0.05592799931764603, 0.028669843450188637, -0.5213786363601685, -0.01225869357585907, -0.5407063961029053, -0.5279453992843628, 0.49271953105926514, -0.023297719657421112, 0.4248635470867157, 0.48812729120254517, -0.6872112154960632, 0.5248775482177734, 0.46787625551223755, -0.3871782422065735, 0.3718941807746887, -0.22490748763084412, 0.4753491282463074, -0.15071037411689758, 0.4235401153564453, 0.7729020118713379, 0.037129104137420654, -0.28205546736717224, -0.33663031458854675, 0.36050355434417725, -0.4099116325378418, 0.0587301030755043, 0.2011154592037201, -0.15494626760482788, -0.16644154489040375, 0.13256284594535828, -0.5695552229881287, 0.08429189771413803, 0.36573415994644165, 0.43062594532966614, -0.2261989414691925, -0.14199978113174438, 0.1420455276966095, -0.03004714846611023, -0.16659751534461975, 0.2547086477279663, -0.47757688164711, 0.6370308995246887, -0.19528070092201233, 0.0756949856877327, 0.41140878200531006, -0.15979990363121033, -0.6874138116836548, -0.8078539371490479, -0.23127111792564392, -0.08794362843036652, -0.4721057415008545, 0.2020379900932312, 0.5777251720428467, 0.20777755975723267, -0.44179096817970276, -0.06900659203529358, 0.40658584237098694, -0.35204648971557617, 0.15805116295814514, 0.28455454111099243, -0.6529234647750854, 0.06547650694847107, 0.17070415616035461, -0.42748966813087463, 0.6504616737365723, -0.6302515268325806, 0.539466142654419, -0.12944744527339935, -0.5816652774810791, 0.006085008382797241, 0.5517271757125854, 0.3285045921802521, 0.7007007002830505, 0.5647017955780029, 0.10498164594173431, 0.619464099407196, 0.8334348201751709, -0.5732046365737915, 0.4724091589450836, 0.12501928210258484, -0.4387906789779663, 0.5842770338058472, 0.4654052257537842, -0.7161424160003662, 0.05973269045352936, 0.308817982673645, 0.7540785670280457, -0.24806097149848938, -0.1796039640903473, -0.3155406415462494, -0.1363452970981598, 0.3458513617515564, -0.6576193571090698, -0.4547790288925171, 0.7696269750595093, 0.39216989278793335, -0.6068436503410339, 0.3554609417915344, 0.15103289484977722, -0.051840368658304214, -0.3958880305290222, -0.22474732995033264, -0.5307117700576782, 0.6937794089317322, 0.41472944617271423, 0.23898349702358246, -0.423234224319458, -0.2805842161178589, -0.14389075338840485, 0.2166602611541748, 0.5606489181518555, 0.4400126338005066, -0.18752896785736084, -0.21129244565963745, -0.24613960087299347, -0.1439712941646576, -0.5127317309379578, -0.25572308897972107, 0.29552364349365234, -0.4581540524959564, -0.19083642959594727, -0.23618099093437195, 0.5852884650230408, -0.018495328724384308, -0.26862505078315735, -0.10949376225471497, -0.11652110517024994, 0.6061919331550598, 0.35199519991874695, 0.5101287961006165, 0.5525349378585815, 0.04249909520149231, 0.05324831232428551, 0.5576244592666626, -0.21039585769176483, 0.271761417388916, 0.2378683239221573, 0.31691405177116394, -0.013531610369682312, 0.17157819867134094, 0.676144003868103, 0.14248818159103394, -0.6195892095565796, -0.18862701952457428, -0.5380502343177795, 0.1455342024564743, 0.05202007293701172, -0.5215955376625061, 0.5259925127029419, -0.7255805730819702, 0.2892146706581116, -0.26587730646133423, -0.5791965126991272, 0.7279255986213684, -0.7863779067993164, 0.1705935001373291, 0.19780674576759338, -0.6528820395469666, -0.6777098774909973, -0.22720742225646973, 0.390053391456604, 0.6886774897575378, 0.4830554723739624, 0.08482323586940765, -0.26534852385520935, 0.5921368598937988, -0.5055779814720154, -0.15352992713451385, 0.3534349799156189, -0.34612590074539185, 0.6506161093711853, -0.510805070400238, -0.6382391452789307, -0.678129255771637, 0.23373904824256897, -0.517141580581665, -0.3345153331756592, -0.10137955844402313, -0.05474512651562691, -0.4199492931365967, 0.24483032524585724, -0.3503904342651367, 0.2718249559402466, -0.19523218274116516, -0.38256552815437317, -0.2504016160964966, -0.08714482188224792, -0.3026828169822693, -0.5784595012664795, -0.3890804052352905, 0.1792221963405609, 0.2567133903503418, 0.46891430020332336, -0.41933250427246094, -0.47033143043518066, 0.4319503903388977, 0.11117998510599136, -0.24476128816604614, 0.7524296641349792, -0.7041253447532654, 0.3401508033275604, 0.797727108001709, -0.1653747260570526, 0.3303186297416687, -0.31596681475639343, 0.26782456040382385, -0.5079659819602966, 0.39744657278060913, -0.47140517830848694, 0.6517846584320068, -0.15062588453292847, -0.46430954337120056, -0.6324281692504883, -0.6706703901290894, -0.6644054651260376, 0.41571876406669617, 0.4438474476337433, 0.5994508862495422, -0.007580168545246124, 0.5609618425369263, -0.19207027554512024, -0.14592258632183075, -0.7268261909484863, 0.17780515551567078, -0.2939026653766632, 0.0819614827632904, -0.41360238194465637, 0.3186272382736206, 0.24571004509925842, -0.4774782955646515, -0.17465752363204956, -0.42755335569381714, 0.004477903246879578, -0.20672103762626648, 0.7353366017341614, 0.6161406636238098, 0.3920116424560547, 0.19804716110229492, -0.08379799127578735, 0.6038011312484741, -0.41573646664619446, -0.16794884204864502, 0.028629720211029053, 0.44113683700561523, 0.05127213895320892, -0.27291086316108704, 0.05734661966562271, -0.497850626707077, -0.7512904405593872, -0.1392030566930771, -0.30556535720825195, -0.6623753905296326, 0.29052814841270447, 0.10991697758436203, 0.5173367261886597, 0.33949846029281616, 0.6711928844451904, -0.4463254511356354, 0.42120394110679626, 0.16753879189491272, -0.4099194407463074, -0.08947522193193436, 0.3179675340652466, -0.5731523036956787, 0.44223177433013916, 0.3830573260784149, -0.40884602069854736, -0.4251965284347534, -0.37135884165763855, -0.2640988528728485, -0.21239043772220612, -0.09412513673305511, -0.1926456242799759, 0.2935604453086853, -0.02315695583820343, 0.08130943775177002, -0.07926374673843384, 0.7177631258964539, 0.1774754375219345, -0.13547025620937347, 0.05687990039587021, -0.05834059789776802, 0.34232211112976074, -0.4502503275871277, 0.35384559631347656, -0.40214094519615173, -0.8322828412055969, -0.49365898966789246, -0.4613794684410095, 0.7243473529815674, 0.43406301736831665, -0.12061585485935211, -0.33277982473373413, 0.612519383430481, -0.3472554385662079, 0.7583965063095093, 0.038998961448669434, -0.19370460510253906, -0.1963323950767517, -0.5859149694442749, 0.014061279594898224, -0.24485166370868683, -0.1750793755054474, 0.2074621021747589, -0.4688003659248352, 0.29789289832115173, 0.39695632457733154, -0.6497927308082581, -0.2630979120731354, 0.8417733907699585, 0.053280871361494064, -0.6015779972076416, -0.14187997579574585, 0.3055756986141205, 0.6288807392120361, 0.1445586383342743, 0.8661022186279297, 0.3443431258201599, 0.03328864276409149, 0.22874388098716736, -0.6458308696746826, 0.12305659800767899, 0.4214532673358917, -0.1529744267463684, 0.5225570797920227, 0.1436586230993271, 0.34214136004447937, 0.5753752589225769, -0.09003148227930069, 0.162531316280365, 0.014057628810405731, 0.22860068082809448, -0.1350182592868805, 0.1349620223045349, 0.10902826488018036, -0.8798040747642517, 0.5366308093070984, 0.02910778298974037, -0.42289823293685913, 0.23975905776023865, 0.34566447138786316, 0.12733644247055054, 0.7787670493125916, -0.6456907391548157, -0.10351687669754028, -0.1514313817024231, 0.4780897796154022, 0.1577908992767334, -0.5169850587844849, 0.18816208839416504, -0.30723661184310913, 0.4313511848449707, 0.03131649270653725, 0.14855676889419556, 0.10116180777549744, -0.35191333293914795, -0.07101189345121384, -0.4328903257846832, 0.16638198494911194, -0.12441416084766388, 0.273436039686203, -0.2010611891746521, 0.006262239068746567, 0.1769089251756668, 0.22792194783687592, -0.6621421575546265, -0.16712045669555664, 0.11788462102413177, 0.48607558012008667, 0.5263427495956421, -0.33836227655410767, 0.4433484673500061, 0.29250386357307434, 0.724595308303833, -0.3322664499282837, -0.3449724614620209, -0.2643387019634247, 0.4621391296386719, 0.34017235040664673, 0.08543640375137329, 0.13522043824195862, 0.7106830477714539, -0.42520976066589355, -0.1765279620885849, -0.11750379949808121, -0.2835352420806885, -0.6915531158447266, 0.048674002289772034, -0.1593509465456009, -0.6683461666107178, -0.133729487657547, -0.2541924715042114, 0.6683844327926636, 0.534670352935791, 0.5810798406600952, -0.267296701669693, 0.7110047340393066, -0.3491373062133789, 0.6259077787399292, -0.03781642019748688, 0.17518988251686096, 0.8003971576690674, -0.026598624885082245, 0.6656366586685181, -0.26533764600753784, -0.03169301524758339, 0.4150371253490448, 0.4763558506965637, -0.2850049138069153, -0.678533673286438, -0.0642123892903328, -0.6840221881866455, -0.13380363583564758, 0.48711538314819336, 0.38575226068496704, -0.543459415435791, -0.35072624683380127, 0.10656162351369858, 0.5831934213638306, 0.4231991171836853, 0.433940052986145, -0.3323555588722229, 0.7478430271148682, 0.7364250421524048, 0.5573467016220093, 0.470930278301239, 0.5580395460128784, -0.2615202069282532, -0.17441876232624054, -0.13811028003692627, -0.1876092553138733, -0.25160783529281616, -0.29134875535964966, 0.36714863777160645, -0.20415213704109192, -0.5193301439285278, 0.5069434642791748, -0.318794310092926, -0.04561576992273331, 0.3571586012840271, 0.10703880339860916, 0.02780308574438095, 0.2584541141986847, -0.4031715989112854, 0.1147480458021164, 0.5815844535827637, 0.4432167708873749, -0.17513737082481384, -0.09591470658779144, 0.11264113336801529, -0.5701632499694824, 0.7496438026428223, 0.11216941475868225, 0.1363002359867096, 0.28025275468826294, 0.11659499257802963, 0.18069234490394592, -0.23854392766952515, 0.12359914928674698, -0.6661527156829834, 0.624832034111023, 0.05779281258583069, 0.8734283447265625, -0.4345189332962036, 0.4913187623023987, 0.24479864537715912, -0.14312079548835754, 0.045459046959877014, 0.4451616108417511, 0.2740939259529114, -0.8014342188835144, -0.4309977889060974, 0.0012496784329414368, 0.46370768547058105, 0.4721466302871704, -0.7293174862861633, -0.5425974726676941, 0.032274581491947174, 0.24312350153923035, 0.5288983583450317, -0.4839600920677185, 0.10678134858608246, 0.22952553629875183, 0.440494179725647, 0.4642890691757202, -0.2799099385738373, -0.15252062678337097, -0.3671760559082031, -0.4329527020454407, -0.051889464259147644, -0.4780673682689667, 0.7024604678153992, 0.4974276125431061, 0.27541583776474, -0.17444229125976562, 0.14280465245246887, 0.17522618174552917, -0.4007643461227417, -0.19091013073921204, -0.3218940794467926, -0.23642945289611816, -0.044859349727630615, 0.1593136489391327, 0.7280011177062988, 0.8861711621284485, -0.5550327301025391, 0.48629698157310486, 0.21101300418376923, -0.371984601020813, 0.5312727689743042, 0.23558001220226288, -0.23669108748435974, 0.3544018268585205, 0.5270278453826904, -0.04724814370274544, -0.01385619305074215, -0.207844078540802, -0.11980680376291275, -0.5842313766479492, 0.55400550365448, -0.41266167163848877, 0.3935844302177429, 0.23504716157913208, 0.5960878729820251, -0.5745202302932739, 0.3158953785896301, 0.429825097322464, 0.34311655163764954, -0.808204174041748, -0.22957205772399902, -0.5759804248809814, -0.2174343764781952, 0.49059247970581055, -0.43098658323287964, -0.31584519147872925, -0.5415292978286743, -0.24099338054656982, 0.020974311977624893, -0.1267855167388916, 0.26874682307243347, -0.006970524787902832, -0.3384132981300354, -0.2286987006664276, 0.35383671522140503, -0.27047568559646606, -0.13613258302211761, 0.2807321846485138, -0.25174233317375183, -0.6616353988647461, 0.05574929714202881, -0.7401401996612549, 0.6646633744239807, 0.04183739423751831, 0.051557160913944244, 0.11499599367380142, -0.45753058791160583, -0.27544909715652466, 0.31273773312568665, 0.0587814524769783, -0.5528215765953064, 0.09328442811965942, 0.22415250539779663, 0.38826632499694824, -0.11394690722227097, -0.3530433773994446, -0.29337549209594727, 0.4633699059486389, 0.11312133073806763, 0.12331083416938782, -1.169741153717041e-05, -0.3092247247695923, -0.3882341682910919, 0.6379737854003906, 0.6818487048149109, 0.4435500204563141, 0.4579105079174042, -0.015053190290927887, -0.5074913501739502, -0.2816747725009918, 0.02739865705370903, -0.5705247521400452, 0.4717772901058197, -0.29956749081611633, 0.32345181703567505, -0.26005834341049194, 0.3889234960079193, -0.47078588604927063, 0.348078191280365, 0.772713303565979, -0.10188028961420059, 0.5282172560691833, -0.29420000314712524, 0.41135093569755554, -0.4471004903316498, -0.7116239070892334, 0.3965942859649658, -0.42283332347869873, 0.42669111490249634, -0.46647101640701294, -0.4838293194770813, 0.491710901260376, 0.2163504958152771, 0.48370909690856934, -0.3439089059829712, 0.3565938174724579, -0.06298564374446869, 0.7269861102104187, -0.36019304394721985, -0.5305180549621582, 0.17240017652511597, -0.6117020845413208, 0.0846477821469307, -0.06568970531225204, 0.12797988951206207, -0.643884003162384, -0.4617328941822052, 0.29711824655532837, 0.045075446367263794, -0.625210165977478, 0.3729402422904968, 0.3476744294166565, 0.7062389850616455, -0.6418483257293701, -0.10725496709346771, 0.29780179262161255, 0.49572694301605225, -0.45419973134994507, -0.272009015083313, 0.19673821330070496, 0.3946106433868408, 0.3271927237510681, -0.25494688749313354, 0.6266911029815674, 0.5976782441139221, -0.08051156997680664, -0.5628347396850586, 0.8804067373275757, 0.2862734794616699, -0.11351634562015533, 0.5618996620178223, -0.35697832703590393, 0.6253358721733093, 0.28419798612594604, 0.03582611680030823, 0.02963360585272312, -0.32119664549827576, 0.12001246958971024, -0.3294767141342163, 0.11516760289669037, 0.5051081776618958, -0.45757728815078735, 0.08898267149925232, -0.33025652170181274, 0.5085219144821167, 0.46911340951919556, 0.6523319482803345, 0.36171767115592957, 0.019336193799972534, -0.4704975187778473, -0.5948866605758667, -0.2424720823764801, 0.08489581942558289, -0.3248758614063263, -0.5286511778831482, 0.6573224663734436, -0.4382892847061157, -0.25465571880340576, -0.4308476448059082, 0.3245724141597748, 0.0889459028840065, -0.2278265655040741, -0.6522100567817688, -0.5762757062911987, 0.3674149811267853, -0.01800166815519333, 0.7239660620689392, -0.41846197843551636, 0.6434478163719177, -0.09919373691082001, 0.27889126539230347, -0.33344566822052, -0.5663644075393677, -0.5309797525405884, 0.5677614808082581, 0.49403437972068787, 0.2081986665725708, 0.6934305429458618, 0.014143884181976318, 0.24813240766525269, 0.6871755123138428, 0.20504769682884216, 0.18893617391586304, 0.33012670278549194, -0.2660735845565796, 0.6036974191665649, 0.2895827889442444, -0.09923107177019119, 0.6346545815467834, 0.12771764397621155, -0.39960145950317383, 0.4346970021724701, -0.13908027112483978, 0.16280071437358856, -0.44791853427886963, -0.3127981424331665, 0.46963560581207275, -0.5964758396148682, -0.09482480585575104, -0.7503842115402222, -0.27483808994293213, 0.0478992760181427, 0.021122276782989502, 0.3121238350868225, 0.25495845079421997, 0.13274432718753815, -0.14192402362823486, -0.4479694962501526, -0.5121310949325562, -0.3319510817527771, 0.7278087139129639, 0.5220729112625122, -0.547237753868103, 0.734770655632019, -0.43518173694610596, 0.23448002338409424, 0.0951361283659935, -0.5997887253761292, -0.8430912494659424, 0.02461981028318405, 0.3987276554107666, 0.20149481296539307, 0.27323466539382935, -0.03239712119102478, 0.053444549441337585, -0.5169373750686646, 0.5822362899780273, -0.6731276512145996, -0.3248954713344574, 0.1560683250427246, -0.11996987462043762, -0.37168771028518677, 0.3234800398349762, 0.13804085552692413, 0.11358486860990524, 0.17043548822402954, 0.25350943207740784, 0.8161981105804443, -0.5819939374923706, 0.3074890971183777, 0.489630788564682, 0.5265169143676758, -0.03550867736339569, 0.689440131187439, -0.003986898809671402, 0.4504223167896271, 0.049772024154663086, -0.5348333120346069, -0.6182302832603455, -0.550578236579895, 0.00894731655716896, -0.4974900484085083, 0.1722714602947235, 0.19493559002876282, 0.1230698749423027, 0.7187129259109497, -0.30020421743392944, 0.14844879508018494, -0.7130797505378723, -0.05378348380327225, -0.6641789674758911, 0.19737616181373596, 0.26842039823532104, 0.4818677306175232, 0.5965573787689209, -0.40309154987335205, 0.1096380427479744, 0.10811419785022736, 0.6567802429199219, -0.3636281490325928, -0.47374922037124634, 0.4557339549064636, -0.4077581763267517, 0.5669087171554565, -0.6500749588012695, 0.6686240434646606, -0.40017393231391907, -0.5020201206207275, -0.030827203765511513, -0.32708948850631714, -0.3352588713169098, 0.7742470502853394, 0.07736019045114517, 0.11804243922233582, 0.4030817151069641, 0.18837644159793854, -0.7333634495735168, -0.056169986724853516, -0.6415457725524902, -0.12392324209213257, 0.28480398654937744, -0.5658960342407227, -0.6100659966468811, 0.19013911485671997, 0.5942589640617371, -0.24901984632015228, 0.24131323397159576, -0.4893602728843689, -0.3980075418949127, 0.3651379644870758, 0.6573878526687622, 0.2858625650405884, 0.7635497450828552, 0.4023462235927582, 0.15299740433692932, -0.4288337826728821, 0.6166123151779175, -0.40964359045028687, -0.6281483173370361, 0.34209322929382324, 0.6230540871620178, 0.05094394087791443, -0.5305393934249878, 0.06237633526325226, 0.6625598073005676, -0.8624442219734192, 0.4024670124053955, -0.3159467577934265, 0.09186220169067383, -0.41550183296203613, -0.5215943455696106, -0.5050792694091797, 0.16340556740760803, 0.026406798511743546, 0.2258521020412445, 0.38128092885017395, -0.10176359117031097, 0.47986292839050293, 0.39476191997528076, -0.08726184815168381, -0.10103908181190491, -0.037622228264808655, 0.156621053814888, -0.5880714654922485, -0.5329500436782837, -0.05604756996035576, 0.4488948583602905, -0.30585309863090515, -0.23725473880767822, 0.2085804045200348, 0.8891213536262512, 0.45500653982162476, -0.399073988199234, 0.4002342224121094, 0.35892102122306824, 0.29929375648498535, -0.3603900671005249, 0.3442510664463043, -0.6313630938529968, 0.20247633755207062, -0.5432610511779785, 0.32158851623535156, 0.3898070156574249, 0.3685295283794403, 0.3827678859233856, -0.5348293781280518, 0.4226502776145935, 0.08554476499557495, -0.6706342697143555, -0.4825243055820465, 0.2060224711894989, -0.26994627714157104, 0.04054073989391327, 0.039097003638744354, 0.7629681825637817, -0.6188210248947144, 0.5774633884429932, 0.23588737845420837, 0.42055585980415344, -0.017894595861434937, -0.20338578522205353, 0.20904377102851868, -0.10361363738775253, -0.055797029286623, 0.6354783773422241, 0.11677233129739761, -0.024749623611569405, 0.38151171803474426, 0.1740589141845703, -0.09874028712511063, 0.49483808875083923, 0.06953287869691849, 0.12024447321891785, -0.41366124153137207, -0.7405544519424438, 0.009702317416667938, 0.06759864091873169, -0.27486109733581543, -0.01830483414232731, 0.34753671288490295, -0.43897655606269836, -0.2614217698574066, -0.6301221251487732, 0.040658846497535706, 0.7059673070907593, -0.13247168064117432, 0.3762768507003784, -0.5846686363220215, -0.5251742601394653, 0.5834660530090332, -0.30048757791519165, 0.2109457403421402, 0.024409256875514984, -0.03659496083855629, -0.09779985249042511, 0.23287834227085114, 0.5849962830543518, -0.164422407746315, -0.00590205192565918, 0.1283625364303589, 0.41533657908439636, 0.6162420511245728, 0.5678287744522095, -0.39400172233581543, -0.5337015390396118, 0.3026365637779236, 0.5103793740272522, -0.026691675186157227, -0.14471474289894104, -0.16049015522003174, 0.04641222953796387, 0.05960644781589508, 0.11919169127941132, -0.5823653936386108, 0.5961601138114929, -0.0031002014875411987, 0.07399622350931168, -0.2209772765636444, -0.4669073224067688, 0.18869084119796753, 0.27744054794311523, -0.22454756498336792, 0.6070226430892944, 0.7771421670913696, 0.17840828001499176, -0.16454029083251953, 0.15132296085357666, 0.458065927028656, 0.4533312916755676, 0.5435222387313843, 0.20690080523490906, -0.3997001051902771, 0.7145731449127197, -0.6866587400436401, -0.15675190091133118, 0.45265573263168335, -0.0770772248506546, -0.2650611996650696, -0.31852567195892334, -0.38668739795684814, 0.656563401222229, 0.28567343950271606, 0.40387874841690063, 0.34762221574783325, 0.8197789192199707, 0.47065189480781555, 0.7526297569274902, 0.05760175362229347, 0.5943266749382019, 0.37516164779663086, -0.6972668170928955, 0.7226726412773132, 0.26383113861083984, 0.809522807598114, 0.47566336393356323, 0.2502259612083435, 0.42800572514533997, 0.32187217473983765, 0.17534899711608887, 0.7133702635765076, 0.1531410962343216, -0.3741070628166199, -0.6782784461975098, -0.8558135032653809, -0.27005767822265625, -0.7167026996612549, -0.5706906914710999, 0.6137259006500244, -0.588949978351593, -0.07481519877910614, -0.24995557963848114, -0.3319277763366699, 0.23834696412086487, -0.23618489503860474, -0.2519013285636902, 0.6726890802383423, -0.1853557974100113, -0.3327060341835022, 0.01832696795463562, 0.47117751836776733, 0.8762093782424927, 0.5297725200653076, -0.42625969648361206, -0.1484231948852539, 0.29834017157554626, 0.3140299320220947, 0.2944580614566803, -0.6387463212013245, -0.6686570644378662, 0.4603835940361023, -0.7124347686767578, 0.5624295473098755, 0.09113657474517822, 0.5231815576553345, -0.03407356142997742, 0.17079675197601318, 0.2992028594017029, 0.5134879946708679, 0.39810609817504883, 0.794173002243042, -0.36946046352386475, -0.5337921380996704, -0.322809100151062, 0.3972475528717041, 0.0889459177851677, -0.05604372173547745, -0.30825620889663696, 0.2784775197505951, 0.7664036154747009, 0.557293176651001, 0.6797823905944824, -0.5007915496826172, 0.7498419880867004, -0.18843361735343933, 0.016610056161880493, -0.346465140581131, 0.7333763837814331, 0.6160097718238831, 0.15520109236240387, 0.27929115295410156, -0.632587194442749, 0.6648595929145813, 0.3551720976829529, 0.6912717819213867, -0.17193423211574554, -0.8561229705810547, -0.6625097990036011, 0.08627369999885559, -0.5235004425048828, 0.5549874305725098, 0.09134746342897415, -0.47796064615249634, 0.6691552996635437, -0.5355076789855957, 0.4137454628944397, 0.3074115514755249, -0.0135183185338974, 0.18056431412696838, 0.4889976680278778, -0.03093292936682701, 0.08999940752983093, 0.38595083355903625, -0.21723780035972595, -0.1658497452735901, 0.6576873064041138, 0.1339748054742813, -0.43347716331481934, 0.1455020010471344, 0.39882582426071167, -0.6042535305023193, -0.36725717782974243, 0.6244011521339417, 0.5424702167510986, 0.4272114038467407, -0.4165932834148407, -0.3913251459598541, -0.5411916971206665, 0.4793296158313751, 0.614183783531189, 0.010193556547164917, -0.6599897146224976, -0.04868399351835251, -0.778185248374939, 0.2382584512233734, 0.331283837556839, -0.7744278907775879, 0.30482974648475647, 0.6148135662078857, 0.45906302332878113, -0.07566547393798828, -0.7817767858505249, 0.6519585847854614, 0.22129735350608826, 0.15889355540275574, 0.33301976323127747, -0.7942124605178833, -0.02174728363752365, -0.44927674531936646, 0.4540088474750519, -0.24119558930397034, 0.3249450623989105, -0.1266271322965622, -0.43850570917129517, 0.5745225548744202, 0.6257753372192383, -0.1368747353553772, -0.6781607866287231, -0.32079267501831055, 0.21743957698345184, -0.46098947525024414, 0.2947990298271179, -0.419042706489563, -0.577631950378418, -0.24798105657100677, 0.037195101380348206, 0.7672508955001831, -0.4160054326057434, -0.7342175245285034, -0.5176534056663513, -0.17210343480110168, -0.18603143095970154, -0.7869608402252197, -0.03971486538648605, 0.5181189775466919, 0.5480517148971558, 0.27486974000930786, 0.3426271080970764, 0.3879775404930115, -0.6540120840072632, 0.0037348195910453796, -0.5017869472503662, 0.3019454777240753, 0.1908511370420456, -0.37375205755233765, 0.6367738842964172, 0.6653938293457031, 0.1737295389175415, -0.3949344754219055, 0.46074941754341125, 0.3709021508693695, 0.5777008533477783, -0.18819181621074677, -0.23443472385406494, -0.12958933413028717, -0.28463277220726013, 0.22981920838356018, -0.34568190574645996, -0.09047737717628479, 0.35901013016700745, 0.30919569730758667, -0.5344967246055603, 0.11304223537445068, -0.7754857540130615, 0.335145503282547, 0.2934870421886444, 0.13446670770645142, -0.19385051727294922, -0.5158801674842834, 0.6663193106651306, 0.6145251393318176, 0.6084268689155579, -0.07945016026496887, -0.33956676721572876, -0.5690943002700806, 0.09350082278251648, -0.2992863059043884, -0.021946623921394348, -0.6870843172073364, 0.3279472589492798, 0.5185739994049072, 0.07828274369239807, -0.37784960865974426, -0.563684344291687, 0.424434095621109, 0.2542179822921753, -0.3939201235771179, -0.14124248921871185, 0.04806802421808243, 0.32645028829574585, -0.29597023129463196, 0.3993629217147827, 0.20357750356197357, -0.4111417829990387, -0.7048009037971497, 0.4775375723838806, -0.4923674762248993, -0.5939210653305054, -0.163643941283226, 0.24535216391086578, 0.4542694687843323, -0.3626720905303955, -0.12394555658102036, 0.3377718925476074, 0.21708644926548004, -0.02927178516983986, 0.054366156458854675, 0.19524890184402466, -0.36381590366363525, 0.1534385085105896, 0.8042056560516357, -0.20313259959220886, -0.46997833251953125, -0.03678065910935402, -0.6335189342498779, -0.5026336908340454, 0.01788835972547531, -0.26837512850761414, 0.5256485939025879, -0.45066314935684204, -0.7594224214553833, -0.24787935614585876, -0.3404087424278259, -0.1527620255947113, -0.1822824478149414, -0.37563008069992065, -0.5476090908050537, 0.5040175318717957, 0.09826076030731201, -0.3896617889404297, -0.3697495758533478, -0.10046541690826416, -0.07109464704990387, 0.12301933020353317, -0.19100704789161682, 0.7553126811981201, -0.6387854218482971, 0.10211125761270523, 0.5746201872825623, 0.4962615370750427, 0.004684753715991974, 0.18916675448417664, 0.3891896605491638, -0.5296424031257629, -0.08278228342533112, -0.05870506539940834, 0.1342916041612625, -0.4673839807510376, 0.6223059892654419, -0.02334916591644287, -0.4421619772911072, 0.11042765527963638, 0.5257120728492737, 0.5103803277015686, -0.6169731616973877, 0.3520931005477905, 0.20670384168624878, -0.13902567327022552, 0.5275127291679382, -0.30613943934440613, -0.667434811592102, -0.7436516284942627, 0.2659948468208313, -0.27812835574150085, -0.37127137184143066, 0.3290402591228485, 0.3160184919834137, 0.36066174507141113, -0.4794083833694458, -0.21591317653656006, -0.6034295558929443, -0.08517803251743317, 0.6659135222434998, 0.34898197650909424, -0.2911045551300049, -0.18210533261299133, -0.056365303695201874, 0.29795029759407043, 0.4857281744480133, 0.10155058652162552, -0.0877818688750267, -0.15201449394226074, -0.13722559809684753, -0.24182340502738953, 0.29004621505737305, 0.16401240229606628, 0.6938802003860474, -0.36029112339019775, 0.31288665533065796, 0.4030792713165283, -0.41762521862983704, 0.30964046716690063, -0.54988694190979, 0.3236256539821625, -0.06661148369312286, -0.01764160767197609, -0.09858527779579163, 0.8708183765411377, 0.07332219928503036, -0.14254802465438843, -0.256519079208374, 0.34343934059143066, 0.663114070892334, -0.628293514251709, 0.6174806356430054, -0.3782009780406952, -0.23588936030864716, 0.008726775646209717, 0.5528769493103027, -0.6101076006889343, -0.4967745244503021, 0.0467100590467453, 0.3873273432254791, 0.3480467200279236, 0.06684474647045135, -0.007459484040737152, 0.4371442198753357, 0.528343677520752, -0.46152767539024353, 0.27608805894851685, 0.3058259189128876, -0.6238501071929932, -0.2516781687736511, -0.7942284345626831, 0.25882604718208313, -0.3106381893157959, 0.6155619025230408, -0.2529004216194153, -0.49671444296836853, 0.06917867064476013, 0.08837629854679108, 0.6061383485794067, -0.11702582240104675, 0.5556468963623047, -0.4589638113975525, -0.11969239264726639, -0.6618112921714783, -0.5874812602996826, 0.0585445836186409, -0.4659106135368347, 0.7251397371292114, -0.7193498611450195, -0.17085783183574677, 0.2977200746536255, 0.4124376177787781, 0.06430459022521973, 0.2068931758403778, 0.38678687810897827, 0.4074218273162842, 0.59122234582901, -0.3844568133354187, 0.2597788870334625, 0.5651445388793945, -0.7965443134307861, 0.5123911499977112, -0.5636403560638428, 0.39533403515815735, 0.2777577042579651, -0.16105015575885773, 0.49907782673835754, -0.45903927087783813, -0.7006514072418213, -0.2168879508972168, 0.2421090304851532, 0.548559844493866, -0.08463424444198608, 0.6751470565795898, -0.39962372183799744, 0.39450135827064514, -0.8177413940429688, -0.16487538814544678, 0.24273410439491272, 0.5863317847251892, 0.22750186920166016, 0.14666804671287537, 0.41747158765792847, 0.20943200588226318, -0.7111375331878662, 0.16581085324287415, -0.6764228940010071, 0.30407121777534485, 0.15652240812778473, 0.28706032037734985, -0.5807077884674072, 0.2141825407743454, -0.7701185941696167, 0.33023133873939514, 0.6692569255828857, 0.5130864977836609, -0.3571891784667969, -0.20941956341266632, -0.03505998104810715, 0.502897322177887, 0.2554372549057007, 0.2396150529384613, 0.42159509658813477, -0.7029926776885986, 0.42044511437416077, 0.30498409271240234, 0.4875115156173706, -0.7339497804641724, 0.5788158178329468, -0.8518117666244507, 0.044680289924144745, 0.32682597637176514, -0.10199171304702759, -0.3676232695579529, 0.31217750906944275, -0.11550858616828918, 0.18322058022022247, -0.3426983058452606, 0.16411054134368896, 0.668229341506958, 0.060323573648929596, -0.21674947440624237, 0.17690077424049377, -0.06921319663524628, 0.562760591506958, -0.07382301241159439, 0.14594215154647827, -0.2545408308506012, 0.3800009489059448, 0.11994287371635437, -0.607386589050293, -0.36041438579559326, -0.5007687211036682, 0.34848862886428833, 0.5971219539642334, 0.14575792849063873, -0.3403751850128174, 0.05115880072116852, 0.6089416146278381, -0.5222611427307129, -0.22920462489128113, 0.4832959771156311, 0.32318246364593506, 0.6506539583206177, -0.6574169397354126, -0.7260169386863708, -0.7336682677268982, 0.16369622945785522, 0.8151228427886963, -0.4252058267593384, -0.2303215116262436, -0.22380830347537994, -0.3072189688682556, 0.012327365577220917, 0.2669098973274231, -0.6017225980758667, -0.2951424717903137, 0.47859635949134827, 0.4195505976676941, -0.1091810017824173, -0.27645525336265564, -0.1293814778327942, 0.374147891998291, -0.257157564163208, -0.43821707367897034, 0.5805668234825134, -0.10359538346529007, 0.3042856454849243, -0.21085096895694733, -0.09669102728366852, -0.5348867177963257, -0.33481237292289734, -0.2270449697971344, -0.48805904388427734, 0.08508364111185074, 0.011381398886442184, -0.06429203599691391, 0.33200603723526, 0.14418856799602509, 0.3444511890411377, 0.4372500777244568, -0.2896874248981476, 0.4159378409385681, -0.2399897575378418, -0.3393586575984955, 0.4826408624649048, 0.3877967298030853, -0.5795451402664185, 0.2235058844089508, -0.32200193405151367, -0.6390918493270874, -0.15263047814369202, 0.10850431770086288, 0.14125145971775055, -0.5737392902374268, 0.5938701629638672, 0.5401172041893005, 0.11653036624193192, -0.182291641831398, 0.4101013243198395, -0.11518937349319458, 0.7973047494888306, 0.27737367153167725, -0.7058346271514893, 0.412811815738678, 0.38572871685028076, -0.09417666494846344, 0.47819432616233826, 0.6751805543899536, 0.5057202577590942, 0.5228079557418823, -0.6838852763175964, 0.019367508590221405, -0.5402196645736694, -0.5684083104133606, 0.7813981771469116, -0.6371808052062988, -0.2555546164512634, -0.6150778532028198, 0.7774267196655273, 0.5217056274414062, -0.6779769659042358, 0.024734977632761, 0.5132400989532471, -0.11178229749202728, 0.5740204453468323, -0.5453185439109802, 0.10957387089729309, 0.12666361033916473, -0.5757632851600647, 0.7604853510856628, -0.05789899826049805, 0.641947865486145, 0.14849607646465302, 0.43879592418670654, -0.3357214331626892, 0.475557416677475, 0.1996707171201706, -0.035657890141010284, -0.3253456950187683, 0.42829298973083496, -0.5116606950759888, -0.4559720456600189, 0.5356413722038269, -0.10196968168020248, -0.7475423812866211, -0.5138051509857178, 0.24420443177223206, -0.5442388653755188, 0.4509185552597046, -0.5332531929016113, 0.4047149419784546, -0.6664441823959351, -0.6069248914718628, -0.1947382390499115, 0.2873832583427429, -0.18552890419960022, -0.4887457489967346, 0.16642791032791138, 0.21416619420051575, 0.01751384697854519, -0.6509585380554199, -0.6698499917984009, 0.43157413601875305, -0.5401558876037598, -0.42506957054138184, 0.152639701962471, 0.02285495400428772, -0.3037398159503937, -0.37933453917503357, -0.6340800523757935, 0.062115106731653214, 0.5100599527359009, -0.627339243888855, 0.10464140772819519, -0.5691640973091125, -0.4757983088493347, 0.4087003469467163, 0.6927710175514221, 0.24214275181293488, 0.12304069101810455, -0.2509058117866516, -0.35572299361228943, 0.6450875997543335, 0.14004920423030853, -0.23273581266403198, 0.1728532612323761, -0.5890827178955078, -0.7192860841751099, 0.4685891270637512, -0.7124742269515991, -0.10168914496898651, -0.7380698323249817, 0.1890985518693924, -0.35612785816192627, 0.6932423114776611, 0.4169204533100128, -0.23625795543193817, -0.514877200126648, 0.023115798830986023, -0.48993566632270813, 0.7013760209083557, -0.017530277371406555, -0.07729951292276382, -0.20017319917678833, 0.5135770440101624, 0.5054055452346802, -0.44745057821273804, -0.040364786982536316, -0.6103700399398804, -0.12742507457733154, -0.711950957775116, 0.5426268577575684, 0.2795685827732086, -0.10127870738506317, 0.0885436087846756, -0.09764442592859268, -0.06545576453208923, 0.5896841287612915, -0.6923034191131592, 0.5092663168907166, 0.6558539867401123, 0.35246482491493225, 0.5759132504463196, -0.2817167639732361, 0.04856734722852707, -0.12050734460353851, -0.3382369577884674, -0.10030072182416916, 0.036602262407541275, 0.025486700236797333, 0.12184936553239822, -0.27020713686943054, -0.5792669057846069, -0.627727746963501, -0.6791864633560181, -0.0910351425409317, 0.21283599734306335, -0.27862390875816345, -0.08635120838880539, 0.22044914960861206, -0.5514432191848755, -0.143739715218544, 0.6426688432693481, -0.6395941972732544, -0.5880807638168335, 0.04128275811672211, 0.3004741072654724, -0.31801465153694153, 0.02560669183731079, 0.04159652441740036, 0.3074786961078644, -0.09636308252811432, -0.5827967524528503, 0.4923832416534424, 0.45309311151504517, 0.19331778585910797, 0.24005143344402313, -0.16077977418899536, -0.6056623458862305, 0.5026606917381287, -0.28838473558425903, -0.537263035774231, 0.5556994676589966, -0.5326905846595764, -0.08519124984741211, 0.2776591181755066, -0.6035018563270569, -0.18507391214370728, -0.14460206031799316, 0.12222256511449814, -0.12063775211572647, -0.5052573680877686, 0.2743718922138214, -0.3255814015865326, -0.14352646470069885, 0.41145551204681396, -0.04790794849395752, -0.4933876395225525, -0.24703213572502136, 0.037449948489665985, -0.18714600801467896, 0.768901526927948, -0.6678879261016846, -0.488361120223999, 0.35669419169425964, 0.3293030261993408, 0.2415221631526947, -0.13007327914237976, 0.4887883961200714, -0.10910153388977051, -0.32186436653137207, 0.330463707447052, 0.3922365605831146, 0.0014040134847164154, 0.3724493384361267, -0.6368860006332397, 0.04669593274593353, 0.07727610319852829, -0.11520947515964508, -0.021321061998605728, 0.7783767580986023, 0.4587193727493286, -0.3897159993648529, -0.6679598093032837, -0.4754650294780731, 0.6157571077346802, 0.5527459979057312, -0.8104254603385925, 0.5836554765701294, -0.19828104972839355, -0.2698160707950592, -0.2057224065065384, -0.36695343255996704, 0.46234679222106934, 0.41487908363342285, 0.6479511260986328, -0.5972343683242798, 0.007394567131996155, -0.23964272439479828, -0.0023702457547187805, 0.5111249089241028, 0.39794257283210754, -0.42990484833717346, 0.5853486061096191, -0.26992642879486084, -0.5211381912231445, 0.11394914239645004, -0.5901249051094055, 0.023427709937095642, -0.4352976083755493, 0.1007290780544281, 0.20359253883361816, -0.4506634771823883, -0.07201569527387619, -0.08989700675010681, 0.4995270371437073, 0.6442055702209473, 0.3078880310058594, 0.40022096037864685, -0.05839797109365463, 0.5235083699226379, 0.23256534337997437, 0.6877565979957581, 0.39522039890289307, 0.15826952457427979, 0.3591892123222351, 0.07854411751031876, 0.12662015855312347, 0.16864770650863647, 0.011742860078811646, -0.7107276320457458, -0.6277475953102112, -0.4614078104496002, -0.059935636818408966, 0.7310456037521362, 0.015329552814364433, -0.18513086438179016, -0.34324967861175537, -0.0666608065366745, -0.38791143894195557, -0.40787622332572937, 0.3949182629585266, -0.2727981209754944, 0.33831435441970825, 0.2468917965888977, 0.39039403200149536, -0.01907864212989807, 0.2153516262769699, -0.30762994289398193, 0.6290620565414429, 0.23286014795303345, 0.5135757923126221, 0.008986128494143486, 0.302156925201416, 0.267159104347229, -0.6897683143615723, -0.7009483575820923, 0.7366728186607361, -0.35543081164360046, -0.3944944441318512, -0.6216942667961121, -0.40102246403694153, -0.2414315789937973, -0.06361659616231918, -0.4870067238807678, 0.5755853056907654, -0.6919018030166626, 0.23514652252197266, -0.38947612047195435, 0.3391728401184082, -0.39545750617980957, -0.16784238815307617, -0.3311232626438141, 0.6022996306419373, -0.6569026112556458, -0.2775767147541046, 0.5111703276634216, -0.08480972796678543, 0.3255224823951721, 0.46661773324012756, 0.3885170817375183, 0.1590304970741272, 0.6157597899436951, -0.7312218546867371, 0.5382270812988281, -0.1008460521697998, 0.16552582383155823, -0.49252599477767944, 0.3362886607646942, -0.5231764316558838, -0.10445982217788696, -0.16392254829406738, -0.3013002276420593, -0.21705397963523865, -0.3539237976074219, -0.029191479086875916, -0.41755008697509766, -0.4699426293373108, -0.11085863411426544, -0.2368243932723999, -0.49896863102912903, 0.42575785517692566, 0.7648955583572388, -0.33591607213020325, 0.10724027454853058, 0.013288535177707672, 0.5113231539726257, -0.1709919273853302, -0.7982568740844727, -0.4838610887527466, -0.18545706570148468, 0.47332897782325745, -0.41488802433013916, 0.18857821822166443, -0.6299866437911987, 0.3056565523147583, -0.7068271636962891, 0.7636851072311401, 0.3024577498435974, -0.3842392563819885, 0.1516958475112915, -0.8774744868278503, 0.5357764363288879, -0.32994991540908813, 0.22801241278648376, -0.28657469153404236, 0.19636398553848267, 0.8315651416778564, 0.46129894256591797, -0.10052328556776047, -0.315865695476532]
