sample name: ['Cc1ccc(CCNC(=O)NCCc2csc(N3CCCC3)n2)c(C)c1']
atom_index,distance,cosine_similarity
0,-4.483143310546875,0.05331954069435597
1,-4.7549609375,0.06896012952551246
2,-0.870797119140625,-0.06793023228645324
3,-2.205,-0.015223516337573528
4,-0.3430029296875,-0.08277109816670418
5,-4.708489990234375,0.058506575375795365
6,-3.0538134765625,-0.027228052169084548
7,-2.420126953125,-0.007634849101305008
8,-1.7822509765625,0.03840884784236551
9,-4.854859619140625,0.08312568288296461
10,-0.58564208984375,0.0327802424505353
11,-2.082042236328125,-0.12094082148745657
12,-1.908197021484375,-0.004079551957547664
13,-5.29806884765625,0.07442764390259982
14,-3.734217529296875,-0.05821600316092372
15,-3.8984912109375,0.1364631955884397
16,-3.680838623046875,0.07965042896568775
17,-0.789290771484375,-0.016381862759590148
18,-2.26822021484375,0.010581772606819868
19,-2.0585693359375,-0.050455791242420674

Sum of phi values for distance
-55.78002319335938
Sum of phi values for cosine similarity
0.18536228116601708
Average distance random samples:
72.86736205792427
Average cosine similarity random samples:
0.007740426775068044
Distances random samples
[18.463436126708984, 59.532249450683594, 102.80718231201172, 208.78781127929688, 152.05160522460938, 140.56332397460938, 16.298351287841797, 75.64588165283203, 11.894816398620605, 52.51030731201172, 104.47289276123047, 16.660985946655273, 181.4838104248047, 136.5216064453125, 11.288474082946777, 116.15819549560547, 10.874956130981445, 49.54117965698242, 73.51873779296875, 14.58700180053711, 8.05659008026123, 176.79356384277344, 17.275009155273438, 88.91571044921875, 153.10284423828125, 102.68946838378906, 14.854547500610352, 9.755504608154297, 184.12014770507812, 9.095576286315918, 13.295705795288086, 17.027099609375, 48.915077209472656, 9.792409896850586, 22.03806495666504, 27.84210968017578, 197.30154418945312, 43.40665817260742, 60.510738372802734, 53.56180953979492, 15.398687362670898, 159.28750610351562, 99.8198013305664, 169.8042755126953, 10.173866271972656, 14.36153793334961, 112.57674407958984, 21.17483901977539, 14.433889389038086, 9.246569633483887, 14.139674186706543, 46.34934616088867, 95.84996032714844, 10.48331069946289, 121.96989440917969, 13.560545921325684, 13.691280364990234, 207.8830108642578, 50.47883605957031, 13.526494026184082, 138.24781799316406, 146.92161560058594, 11.31086254119873, 15.739224433898926, 26.133459091186523, 9.688422203063965, 17.496984481811523, 179.8211212158203, 11.015922546386719, 14.750535011291504, 16.78959083557129, 13.388298034667969, 18.874752044677734, 50.65834426879883, 164.48748779296875, 32.53297805786133, 37.0687141418457, 145.68899536132812, 15.184468269348145, 13.156885147094727, 35.834815979003906, 15.641682624816895, 148.71360778808594, 84.14753723144531, 103.5506820678711, 10.081494331359863, 103.11620330810547, 11.618057250976562, 109.17879486083984, 173.1678466796875, 194.13316345214844, 9.823569297790527, 39.967533111572266, 18.737102508544922, 157.44972229003906, 170.98992919921875, 120.96733856201172, 9.8616361618042, 14.32247257232666, 80.92768096923828, 83.05503845214844, 12.919849395751953, 11.995709419250488, 184.76431274414062, 17.27474594116211, 185.28799438476562, 16.339950561523438, 185.40187072753906, 33.902015686035156, 11.420736312866211, 14.1101713180542, 113.07235717773438, 79.66795349121094, 165.56591796875, 32.51187515258789, 15.07174301147461, 209.4967498779297, 156.23797607421875, 186.62258911132812, 123.57710266113281, 13.23924732208252, 10.407665252685547, 106.47659301757812, 169.4903106689453, 11.848987579345703, 197.5865478515625, 95.82147216796875, 46.03968048095703, 15.326170921325684, 13.520611763000488, 10.950602531433105, 125.73716735839844, 8.847248077392578, 85.16695404052734, 9.397659301757812, 75.80735778808594, 120.72586822509766, 87.92440795898438, 125.01515197753906, 12.136913299560547, 18.700166702270508, 49.44985580444336, 82.68634033203125, 40.12928009033203, 8.115135192871094, 12.91846752166748, 50.70420455932617, 11.071366310119629, 173.97535705566406, 131.34986877441406, 202.60519409179688, 13.887160301208496, 108.20646667480469, 186.0850830078125, 9.516053199768066, 155.49114990234375, 25.086936950683594, 16.28618812561035, 16.509397506713867, 8.357255935668945, 103.083251953125, 13.383959770202637, 123.31944274902344, 25.74481964111328, 10.19858455657959, 18.732179641723633, 129.8302459716797, 128.5934600830078, 15.838041305541992, 38.09416961669922, 127.56283569335938, 15.08565616607666, 13.943970680236816, 29.01150131225586, 174.330078125, 14.457296371459961, 122.13362884521484, 15.597121238708496, 95.70191192626953, 11.556859970092773, 182.3346405029297, 110.5936508178711, 144.98809814453125, 134.11932373046875, 148.09230041503906, 16.568519592285156, 14.373157501220703, 62.87185287475586, 16.51028060913086, 107.6355972290039, 121.87417602539062, 65.30010223388672, 74.56196594238281, 7.759438991546631, 8.27480697631836, 129.62841796875, 169.11187744140625, 14.789935111999512, 107.79657745361328, 20.320236206054688, 168.6780242919922, 92.50936889648438, 44.119354248046875, 89.5711441040039, 111.01200103759766, 14.971816062927246, 151.610107421875, 72.35576629638672, 44.33848190307617, 174.40487670898438, 11.726167678833008, 200.12548828125, 20.09847068786621, 111.82074737548828, 10.35055923461914, 55.70785140991211, 12.886655807495117, 145.93800354003906, 121.11872100830078, 178.07054138183594, 91.24491119384766, 62.876556396484375, 13.891281127929688, 56.06962585449219, 145.97119140625, 197.1628875732422, 22.117029190063477, 21.571956634521484, 12.382781982421875, 16.249507904052734, 72.0940170288086, 15.79019832611084, 53.65985107421875, 73.00293731689453, 174.73374938964844, 119.99553680419922, 107.83097839355469, 7.184046745300293, 18.058212280273438, 165.04058837890625, 151.78488159179688, 153.98684692382812, 106.3017578125, 169.26290893554688, 113.94917297363281, 18.498245239257812, 19.305652618408203, 79.47380828857422, 40.56001281738281, 107.15750885009766, 116.91987609863281, 42.626285552978516, 15.358185768127441, 13.622655868530273, 11.125875473022461, 13.797558784484863, 138.66354370117188, 9.54322338104248, 155.39720153808594, 18.079891204833984, 146.35223388671875, 126.88455200195312, 48.5958137512207, 21.756547927856445, 113.93407440185547, 16.11603355407715, 130.497314453125, 8.534733772277832, 45.55299377441406, 142.515380859375, 9.7196626663208, 8.511054039001465, 91.42237091064453, 48.365604400634766, 158.1243896484375, 63.7275276184082, 74.95117950439453, 11.510944366455078, 53.043495178222656, 132.70025634765625, 80.20098876953125, 36.695133209228516, 113.77694702148438, 170.2391357421875, 176.73587036132812, 10.532163619995117, 14.967045783996582, 206.67503356933594, 32.79983139038086, 103.32972717285156, 179.61695861816406, 12.485441207885742, 109.02101135253906, 14.405673027038574, 134.54872131347656, 206.1738739013672, 134.17221069335938, 79.58423614501953, 30.754119873046875, 76.36618041992188, 9.99636173248291, 161.99351501464844, 174.62197875976562, 11.142656326293945, 173.14988708496094, 107.36463165283203, 84.79778289794922, 59.425167083740234, 108.86109924316406, 31.149614334106445, 12.367454528808594, 105.36317443847656, 101.35910034179688, 15.321614265441895, 139.0924530029297, 7.495604038238525, 36.507816314697266, 102.33583068847656, 94.46255493164062, 159.1883087158203, 156.95681762695312, 160.07388305664062, 16.752328872680664, 14.817866325378418, 57.749637603759766, 11.401554107666016, 176.6187286376953, 14.974267959594727, 130.34417724609375, 76.06095123291016, 126.37012481689453, 15.174975395202637, 68.75413513183594, 141.9913787841797, 75.46104431152344, 64.45458984375, 130.845947265625, 107.49765014648438, 163.8662872314453, 15.969290733337402, 31.393144607543945, 38.1690673828125, 11.416985511779785, 22.057086944580078, 70.65696716308594, 155.3516845703125, 57.64500045776367, 8.956604957580566, 169.6106719970703, 13.34975814819336, 15.271538734436035, 53.51683044433594, 45.845211029052734, 62.645179748535156, 12.170190811157227, 119.3182601928711, 11.199655532836914, 6.918039321899414, 24.684173583984375, 165.6685028076172, 16.655454635620117, 17.428634643554688, 14.101292610168457, 162.3981475830078, 10.881669998168945, 109.67037963867188, 65.72827911376953, 13.267430305480957, 31.559917449951172, 102.7949447631836, 36.7139778137207, 13.35146427154541, 197.65650939941406, 11.691519737243652, 137.12828063964844, 12.435615539550781, 10.678038597106934, 9.826862335205078, 19.480056762695312, 129.4579620361328, 12.300512313842773, 14.116090774536133, 17.421878814697266, 165.4771270751953, 124.24311828613281, 92.393310546875, 100.25626373291016, 12.361072540283203, 135.35928344726562, 17.203163146972656, 99.13475799560547, 180.53887939453125, 31.59091567993164, 14.977402687072754, 9.460853576660156, 116.206787109375, 161.2192840576172, 11.6805419921875, 31.197309494018555, 27.938396453857422, 10.462080001831055, 9.556640625, 8.65908145904541, 13.096428871154785, 84.76885986328125, 86.36476135253906, 107.33341217041016, 16.399316787719727, 6.898599147796631, 19.902915954589844, 15.61368465423584, 12.766386985778809, 11.493508338928223, 16.949485778808594, 187.59974670410156, 137.32766723632812, 76.31807708740234, 152.0048370361328, 16.044523239135742, 37.84101486206055, 6.647204875946045, 117.34423065185547, 77.85420227050781, 11.581059455871582, 16.8471736907959, 13.914841651916504, 13.418262481689453, 116.41072845458984, 114.07862854003906, 126.85311126708984, 8.416306495666504, 15.00442886352539, 122.1670150756836, 178.43548583984375, 44.63349151611328, 158.21351623535156, 61.32917404174805, 94.33235931396484, 13.636778831481934, 10.521352767944336, 71.1822509765625, 121.791015625, 152.58697509765625, 98.78716278076172, 13.703375816345215, 27.723529815673828, 92.35676574707031, 16.650964736938477, 21.34381866455078, 12.083611488342285, 14.431591987609863, 28.010169982910156, 132.37298583984375, 11.646543502807617, 67.28470611572266, 11.3301420211792, 113.88601684570312, 16.980390548706055, 18.42121124267578, 8.377460479736328, 176.59124755859375, 73.72989654541016, 22.135604858398438, 12.945921897888184, 142.46612548828125, 15.943624496459961, 53.522560119628906, 194.6097412109375, 131.9302978515625, 154.42562866210938, 11.471549987792969, 8.087991714477539, 16.191450119018555, 13.028693199157715, 12.498495101928711, 16.518964767456055, 111.00911712646484, 97.75945281982422, 14.885436058044434, 17.709810256958008, 118.10760498046875, 12.52577018737793, 102.4228515625, 31.87458038330078, 12.519491195678711, 173.82022094726562, 99.22286224365234, 81.18019104003906, 137.7605743408203, 151.85874938964844, 181.95819091796875, 17.165245056152344, 117.38824462890625, 44.840309143066406, 103.81011199951172, 221.06625366210938, 69.56128692626953, 9.650582313537598, 81.2900161743164, 12.112846374511719, 10.35421371459961, 12.50343132019043, 8.119352340698242, 11.999288558959961, 211.17654418945312, 108.75455474853516, 187.4447479248047, 9.487299919128418, 215.5800323486328, 114.12483215332031, 10.905558586120605, 33.5036506652832, 100.43714904785156, 70.19979858398438, 8.594195365905762, 114.52324676513672, 152.52719116210938, 43.77406311035156, 65.4426040649414, 12.06888484954834, 105.34622955322266, 131.01193237304688, 16.285537719726562, 10.31589412689209, 14.853121757507324, 14.31016731262207, 104.14215087890625, 109.42237854003906, 15.93603515625, 10.73038101196289, 143.85684204101562, 102.28317260742188, 227.82009887695312, 162.41671752929688, 7.66697359085083, 165.58529663085938, 146.0870819091797, 15.866942405700684, 25.53662872314453, 192.64317321777344, 38.62608337402344, 27.710174560546875, 18.198196411132812, 8.841279983520508, 6.633567810058594, 11.135475158691406, 129.16065979003906, 20.92671775817871, 18.36968994140625, 11.844892501831055, 108.87919616699219, 16.377994537353516, 127.60317993164062, 184.21910095214844, 15.328193664550781, 132.85948181152344, 8.968117713928223, 133.24664306640625, 133.9792938232422, 51.78813171386719, 112.46734619140625, 72.41165161132812, 13.615480422973633, 83.33818054199219, 69.33085632324219, 13.300652503967285, 15.362264633178711, 106.17493438720703, 43.383548736572266, 90.12166595458984, 82.37566375732422, 157.3421630859375, 7.858788967132568, 31.95237159729004, 83.28397369384766, 37.89470672607422, 112.1016616821289, 18.22224235534668, 104.50164031982422, 13.00342082977295, 199.5015869140625, 13.42248249053955, 129.6135711669922, 158.3979949951172, 9.162335395812988, 34.63984298706055, 7.389109134674072, 128.5814208984375, 15.356719970703125, 50.261932373046875, 10.79684829711914, 55.61484909057617, 16.147480010986328, 11.528876304626465, 167.59532165527344, 190.6873321533203, 190.07028198242188, 15.079534530639648, 14.50403881072998, 142.24346923828125, 8.909835815429688, 8.998113632202148, 23.041349411010742, 29.22939109802246, 181.12782287597656, 59.73284912109375, 15.628585815429688, 130.56954956054688, 23.161121368408203, 22.607194900512695, 156.23587036132812, 12.248053550720215, 13.9798583984375, 158.888916015625, 12.462848663330078, 10.350646018981934, 100.01953125, 174.79026794433594, 7.448142051696777, 111.77202606201172, 115.89287567138672, 181.67144775390625, 161.3374481201172, 148.81887817382812, 124.62242126464844, 9.97050666809082, 191.41531372070312, 90.02409362792969, 29.55954360961914, 183.07131958007812, 11.743487358093262, 113.80807495117188, 114.26587677001953, 26.889095306396484, 66.57243347167969, 146.1628875732422, 182.83041381835938, 12.82795238494873, 131.38829040527344, 11.09792423248291, 129.06300354003906, 64.73604583740234, 97.64061737060547, 14.090779304504395, 123.7127685546875, 17.15104103088379, 164.08103942871094, 114.53679656982422, 112.85816955566406, 13.86510181427002, 24.049497604370117, 154.96994018554688, 49.99380111694336, 12.398042678833008, 44.338008880615234, 163.54908752441406, 14.32310676574707, 185.62855529785156, 81.09937286376953, 11.129892349243164, 137.65924072265625, 14.1644287109375, 19.882932662963867, 167.20431518554688, 159.20730590820312, 172.1454315185547, 52.36035919189453, 191.46356201171875, 14.236187934875488, 84.4521255493164, 126.72164154052734, 17.187862396240234, 154.70249938964844, 209.05899047851562, 10.881829261779785, 11.463859558105469, 10.60118579864502, 11.546392440795898, 10.222488403320312, 119.73886108398438, 11.858855247497559, 125.08524322509766, 93.7389907836914, 9.136225700378418, 126.63990783691406, 19.02634048461914, 95.2269287109375, 181.41690063476562, 18.777633666992188, 214.81756591796875, 155.68722534179688, 59.31450271606445, 169.04368591308594, 19.814960479736328, 137.9792022705078, 14.150236129760742, 12.368379592895508, 20.874176025390625, 140.19308471679688, 22.6727237701416, 96.17005920410156, 42.17172622680664, 57.814022064208984, 7.431059837341309, 188.8326416015625, 137.59393310546875, 22.348241806030273, 88.06409454345703, 14.405890464782715, 155.84024047851562, 15.23646354675293, 129.72674560546875, 13.35263729095459, 190.6571044921875, 11.004175186157227, 12.420098304748535, 80.4623031616211, 13.425620079040527, 78.40465545654297, 120.92800903320312, 125.30851745605469, 158.09449768066406, 15.444104194641113, 17.085857391357422, 141.23526000976562, 15.955109596252441, 10.468497276306152, 12.994912147521973, 16.408708572387695, 11.42296314239502, 39.17991638183594, 14.445157051086426, 137.1879425048828, 121.39305877685547, 19.184526443481445, 77.1325454711914, 87.10159301757812, 61.73179626464844, 175.66375732421875, 29.0356502532959, 69.23248291015625, 97.68035125732422, 51.186241149902344, 99.08921813964844, 193.15362548828125, 110.05436706542969, 205.15980529785156, 158.94113159179688, 100.65031433105469, 126.06954193115234, 195.13278198242188, 70.58401489257812, 25.027942657470703, 113.00467681884766, 8.980420112609863, 102.86296081542969, 13.005391120910645, 128.89491271972656, 102.45220184326172, 18.686548233032227, 9.23914623260498, 12.326573371887207, 153.54086303710938, 188.89773559570312, 41.405120849609375, 32.79741287231445, 11.771831512451172, 34.128570556640625, 20.997861862182617, 14.871221542358398, 166.35609436035156, 25.72126579284668, 9.002708435058594, 13.637405395507812, 132.01950073242188, 10.535951614379883, 186.43824768066406, 98.390380859375, 95.14200592041016, 169.304443359375, 126.70803833007812, 11.106678009033203, 9.654134750366211, 17.579374313354492, 160.40997314453125, 12.581138610839844, 15.467432975769043, 96.25108337402344, 99.41673278808594, 11.940034866333008, 13.347949028015137, 11.360892295837402, 13.45479679107666, 131.8653106689453, 179.54249572753906, 53.03387451171875, 68.6352767944336, 82.410400390625, 12.039787292480469, 8.358022689819336, 158.15182495117188, 17.693603515625, 10.349279403686523, 15.15864086151123, 17.47906494140625, 10.817771911621094, 15.10504150390625, 128.28976440429688, 73.76048278808594, 14.914198875427246, 7.587975978851318, 11.554647445678711, 76.79945373535156, 6.921271324157715, 229.51004028320312, 155.8928985595703, 161.49168395996094, 9.035950660705566, 127.86649322509766, 133.3547821044922, 8.567475318908691, 177.02996826171875, 108.74308776855469, 15.649243354797363, 35.76103210449219, 24.5220890045166, 109.93453979492188, 139.05487060546875, 10.794596672058105, 12.879690170288086, 57.205467224121094, 137.41441345214844, 107.36092376708984, 14.34337043762207, 11.80366325378418, 46.56756591796875, 147.11241149902344, 10.403409957885742, 170.01072692871094, 124.86662292480469, 175.28213500976562, 47.23838424682617, 16.469144821166992, 7.816032409667969, 8.103290557861328, 12.25357437133789, 21.48150634765625, 150.77230834960938, 8.842623710632324, 14.272736549377441, 119.99681854248047, 10.879730224609375, 10.465113639831543, 14.7974214553833, 18.28352928161621, 170.4141845703125, 129.9004669189453, 114.49954223632812, 71.0634765625, 106.33467864990234, 8.967979431152344, 11.72852611541748, 64.29525756835938, 142.94456481933594, 57.457847595214844, 13.235453605651855, 102.21843719482422, 83.22377014160156, 125.91087341308594, 10.039887428283691, 115.27628326416016, 10.719802856445312, 103.06229400634766, 127.672119140625, 120.16239166259766, 9.639885902404785, 82.24853515625, 9.984807968139648, 12.579978942871094, 141.02967834472656, 55.910743713378906, 18.719377517700195, 17.085145950317383, 14.877076148986816, 84.27223205566406, 79.50153350830078, 11.233781814575195, 176.8380889892578, 210.87850952148438, 107.90033721923828, 139.25546264648438, 13.982159614562988, 15.195714950561523, 20.28926658630371, 14.67519760131836, 17.044160842895508, 39.373680114746094, 19.80882453918457, 17.49220085144043, 67.0754165649414, 7.417347431182861, 108.7293701171875, 30.740236282348633, 32.67447280883789, 18.126340866088867, 215.44247436523438, 138.83815002441406, 172.17697143554688, 186.11785888671875, 95.38775634765625, 13.552958488464355, 157.53501892089844, 72.36177825927734, 133.54022216796875, 15.9136323928833, 15.94628620147705, 186.26942443847656, 9.92155647277832, 15.085176467895508, 95.11951446533203, 16.859508514404297, 15.122788429260254, 12.730429649353027, 33.69853973388672, 139.3345489501953, 146.1417236328125, 14.12578010559082, 161.79983520507812, 70.40066528320312, 12.29420280456543, 212.08364868164062, 94.95582580566406, 14.676660537719727, 11.329526901245117, 94.71346282958984, 15.860349655151367, 121.7647476196289, 77.19957733154297, 191.0292205810547, 44.100948333740234, 160.68299865722656, 26.025754928588867, 54.524940490722656, 24.051414489746094, 175.88162231445312, 122.2703628540039, 9.573052406311035, 92.11370849609375, 147.09078979492188, 11.650362014770508, 29.82231330871582, 107.15271759033203, 179.0365753173828, 8.231639862060547, 224.5485382080078, 15.203032493591309, 23.34091567993164, 11.477757453918457, 137.49232482910156, 11.812929153442383, 144.488037109375, 60.37364959716797, 74.8448257446289, 7.561789512634277, 13.512028694152832, 132.72573852539062, 103.84398651123047, 14.03387451171875, 36.902400970458984, 14.675372123718262, 47.72698211669922, 21.68999671936035, 9.640275955200195, 131.033935546875, 9.99739933013916, 178.51490783691406, 8.835626602172852, 15.62938117980957, 173.17047119140625, 83.86109924316406, 138.73573303222656, 120.60458374023438, 11.11320686340332, 112.67622375488281, 128.85617065429688, 103.67721557617188, 93.02714538574219, 8.337620735168457, 12.404007911682129, 9.626968383789062, 75.35992431640625, 10.383195877075195, 7.8779191970825195, 13.893071174621582, 7.8191447257995605, 132.789306640625, 88.8509292602539, 199.27024841308594, 137.47723388671875, 10.08564281463623, 64.85381317138672, 8.922740936279297, 83.00386047363281, 121.926025390625, 138.92987060546875, 55.82023620605469, 9.524657249450684, 110.89623260498047, 13.610350608825684, 151.65597534179688, 14.323129653930664, 69.6747817993164, 136.70254516601562, 125.3930892944336, 14.10506820678711, 12.320899963378906, 66.24885559082031, 91.7069091796875, 128.99505615234375, 7.43787956237793, 9.179850578308105, 14.554931640625, 127.3172836303711, 8.215158462524414, 170.6385955810547, 10.556103706359863, 11.395912170410156, 21.489961624145508, 14.03136920928955, 10.051469802856445, 16.271648406982422, 10.38296127319336, 12.6730375289917, 88.7081527709961, 153.92608642578125, 12.869808197021484, 11.478882789611816, 8.281560897827148, 165.82791137695312, 60.53614807128906, 88.52359771728516, 142.02598571777344, 13.192970275878906, 14.1017427444458, 10.865948677062988, 116.2945556640625, 14.031548500061035, 124.0818099975586, 140.33639526367188, 138.637939453125, 14.230120658874512, 64.0664291381836, 15.665936470031738, 11.282238960266113, 114.18610382080078, 50.829864501953125, 98.49951171875, 96.87284088134766, 52.514617919921875, 12.007689476013184, 118.71104431152344, 15.248974800109863, 10.111549377441406, 161.00369262695312, 72.02533721923828, 189.7649383544922, 13.104787826538086, 159.60162353515625, 11.607393264770508, 82.5391845703125, 15.73239517211914, 8.012149810791016, 13.83975601196289, 115.74919891357422, 186.30433654785156, 63.69758605957031, 81.64990234375, 103.58855438232422, 81.01093292236328, 100.70072937011719, 169.1985626220703, 21.126693725585938, 20.1140193939209, 46.4602165222168, 19.641483306884766, 26.084638595581055, 157.29519653320312, 16.841163635253906, 12.903641700744629, 140.78439331054688, 13.00052547454834, 16.877290725708008, 113.69628143310547, 12.663237571716309, 156.927734375, 13.987202644348145, 17.28856658935547, 111.80824279785156, 15.100882530212402, 126.09405517578125, 11.361163139343262, 194.93028259277344, 33.555965423583984, 8.419264793395996, 10.76608943939209, 85.7144546508789, 122.19013977050781, 110.17882537841797, 84.2410888671875, 31.930068969726562, 14.388044357299805, 106.11509704589844, 62.41792297363281, 142.06298828125, 119.19966125488281, 72.24640655517578, 181.3023681640625, 152.75958251953125, 188.1520538330078, 157.41563415527344, 18.26747703552246, 144.56044006347656, 94.98388671875, 16.19283103942871, 187.1581573486328, 49.730655670166016, 95.97903442382812, 17.9785213470459, 158.1679229736328, 89.70124053955078, 39.23793411254883, 101.75773620605469, 13.052695274353027, 199.41610717773438, 164.48081970214844, 16.755508422851562, 10.831291198730469, 147.51278686523438, 11.57921314239502, 8.261265754699707, 141.07418823242188, 92.82949829101562, 104.2412109375, 94.15897369384766, 55.69255828857422, 44.587860107421875, 109.95732116699219, 11.08996868133545, 181.5885772705078, 16.40156364440918, 103.00102233886719, 16.342670440673828, 95.92610931396484, 106.28695678710938, 10.435673713684082, 176.8269500732422, 13.766205787658691, 9.389886856079102, 95.57560729980469, 195.822509765625, 14.56381893157959, 28.047195434570312, 89.48877716064453, 8.095105171203613, 73.48277282714844, 200.83251953125, 61.994056701660156, 131.2733612060547, 11.568306922912598, 9.962955474853516, 13.636497497558594, 102.22856903076172, 170.76016235351562, 9.24313735961914, 145.56753540039062, 38.012935638427734, 119.14564514160156, 14.594773292541504, 147.34043884277344, 16.86208152770996, 97.21321105957031, 16.199430465698242, 16.57847023010254, 150.20623779296875, 25.991657257080078, 150.80706787109375, 155.19308471679688, 105.13117218017578, 12.561447143554688, 108.45097351074219, 15.39004898071289, 84.52050018310547, 174.08583068847656, 8.376948356628418, 83.71004486083984, 14.047775268554688, 15.737629890441895, 13.504900932312012, 70.60237121582031, 116.16764068603516, 53.30670928955078, 52.40859603881836, 133.5816192626953, 9.997111320495605, 9.877164840698242, 198.50027465820312, 51.53980255126953, 171.65225219726562, 17.588106155395508, 179.5660858154297, 43.609283447265625, 17.014677047729492, 7.618258476257324, 149.21446228027344, 21.78178596496582, 21.225797653198242, 99.44770050048828, 13.895977973937988, 104.51528930664062, 157.1275177001953, 7.250045299530029, 15.184224128723145, 7.8993706703186035, 175.7716522216797, 82.64500427246094, 199.28005981445312, 204.13177490234375, 11.400182723999023, 69.919189453125, 19.96626091003418, 186.89195251464844, 144.4739532470703, 110.93248748779297, 17.270973205566406, 8.935918807983398, 7.154516220092773, 110.34046936035156, 9.176092147827148, 76.58036041259766, 172.63998413085938, 167.1265411376953, 10.6543607711792, 164.3399200439453, 76.56380462646484, 14.844801902770996, 69.55195617675781, 61.76797103881836, 14.015454292297363, 125.3003921508789, 109.71056365966797, 161.61375427246094, 98.53929901123047, 184.7637481689453, 42.56761932373047, 206.21343994140625, 41.545379638671875, 57.7343635559082, 17.88279914855957, 8.270557403564453, 106.67766571044922, 13.570821762084961, 112.56807708740234, 37.124629974365234, 16.17259407043457, 168.679931640625, 16.676280975341797, 104.91870880126953, 90.37361907958984, 23.06951141357422, 15.42235279083252, 17.679086685180664, 67.24819946289062, 150.2281951904297, 156.08694458007812, 115.64884185791016, 12.285770416259766, 142.62014770507812, 130.03079223632812, 16.317209243774414, 19.082073211669922, 53.192604064941406, 132.93670654296875, 10.998968124389648, 17.409866333007812, 10.057324409484863, 144.89120483398438, 156.52027893066406, 16.421295166015625, 9.741398811340332, 10.865517616271973, 99.55945587158203, 100.32003021240234, 135.7564697265625, 8.350237846374512, 20.74638557434082, 39.90946578979492, 188.61752319335938, 126.08184051513672, 167.87942504882812, 167.79837036132812, 12.304811477661133, 24.35888671875, 9.35515022277832, 177.11849975585938, 93.57133483886719, 12.7804536819458, 34.18160629272461, 12.688109397888184, 94.13900756835938, 165.49330139160156, 165.9370574951172, 14.146646499633789, 208.3499755859375, 14.639623641967773, 101.12010955810547, 8.256281852722168, 12.002938270568848, 159.94757080078125, 167.1309814453125, 48.33919906616211, 68.3155517578125, 87.2817611694336, 11.888278007507324, 147.26121520996094, 15.65441608428955, 51.393428802490234, 37.93592071533203, 13.053357124328613, 15.893864631652832, 10.340177536010742, 60.42924499511719, 170.29837036132812, 140.6545867919922, 140.56134033203125, 27.213796615600586, 117.34485626220703, 110.87903594970703, 12.801077842712402, 173.14886474609375, 10.545271873474121, 11.642593383789062, 142.324462890625, 63.160396575927734, 183.0492401123047, 114.92078399658203, 17.53010368347168, 16.981231689453125, 137.62960815429688, 84.33311462402344, 12.874262809753418, 80.85323333740234, 9.967697143554688, 66.12621307373047, 95.79901123046875, 100.79733276367188, 159.54212951660156, 140.69580078125, 11.20196533203125, 133.5259552001953, 154.49642944335938, 12.065900802612305, 14.97450065612793, 13.32945442199707, 7.75369930267334, 44.96849060058594, 23.514820098876953, 107.869873046875, 109.19867706298828, 124.84481048583984, 115.19770050048828, 12.383831977844238, 120.44975280761719, 53.234291076660156, 10.113551139831543, 14.540257453918457, 118.76457214355469, 11.598301887512207, 14.870963096618652, 96.52220916748047, 15.424385070800781, 10.631515502929688, 122.00060272216797, 86.43324279785156, 172.31546020507812, 79.08011627197266, 13.979073524475098, 10.40084457397461, 113.42418670654297, 104.19181060791016, 21.601179122924805, 176.09144592285156, 141.97955322265625, 102.5041732788086, 10.171236991882324, 41.865074157714844, 98.53372955322266, 13.611230850219727, 44.851844787597656, 18.071081161499023, 14.7319917678833, 243.60073852539062, 9.465229034423828, 16.84075164794922, 20.809858322143555, 13.805929183959961, 12.135207176208496, 8.21638011932373, 33.15914535522461, 14.690409660339355, 15.886307716369629, 10.336420059204102, 109.24298095703125, 196.69407653808594, 107.38258361816406, 137.6754913330078, 22.250221252441406, 39.55830764770508, 10.665963172912598, 94.34745788574219, 16.58148193359375, 5.812196254730225, 13.515938758850098, 103.83407592773438, 92.39574432373047, 86.83975982666016, 13.254007339477539, 125.25054168701172, 41.422279357910156, 122.09095764160156, 138.08108520507812, 167.44383239746094, 167.2443389892578, 190.7843475341797, 57.01617431640625, 128.81138610839844, 10.369433403015137, 10.944733619689941, 12.34534740447998, 134.5653839111328, 168.15528869628906, 19.08290672302246, 229.12802124023438, 169.8252410888672, 99.22270202636719, 13.102662086486816, 103.58723449707031, 11.486387252807617, 12.366952896118164, 71.39739227294922, 9.656344413757324, 62.080081939697266, 13.17856502532959, 44.91447448730469, 206.27548217773438, 38.63086700439453, 14.418363571166992, 109.32433319091797, 12.387153625488281, 203.21099853515625, 12.03365421295166, 16.685672760009766, 99.94889068603516, 99.50296020507812, 12.704148292541504, 67.2840347290039, 10.462606430053711, 10.400592803955078, 63.30359649658203, 14.74267292022705, 70.77416229248047, 89.13045501708984, 50.61396789550781, 13.357264518737793, 18.12693214416504, 211.44546508789062, 172.39898681640625, 8.669772148132324, 85.81336212158203, 52.34259033203125, 14.358173370361328, 13.057920455932617, 15.692691802978516, 33.304386138916016, 137.09112548828125, 113.77381896972656, 47.794193267822266, 131.0872802734375, 100.79961395263672, 100.83660125732422, 116.90272521972656, 190.23056030273438, 14.974907875061035, 125.95231628417969, 6.615585803985596, 45.52351379394531, 10.437317848205566, 8.451309204101562, 84.73340606689453, 158.11195373535156, 19.40804100036621, 19.96631622314453, 84.11609649658203, 33.97208786010742, 12.703709602355957, 124.76638793945312, 14.16729736328125, 16.111881256103516, 112.26655578613281, 14.049985885620117, 67.45799255371094, 113.19344329833984, 70.52949523925781, 15.80738639831543, 114.06226348876953, 63.345523834228516, 10.040913581848145, 139.5097198486328, 16.039026260375977, 103.71112060546875, 10.6016263961792, 17.865009307861328, 51.91624450683594, 33.284698486328125, 47.09434509277344, 42.24784851074219, 15.299478530883789, 76.85525512695312, 18.014976501464844, 11.00511360168457, 124.30660247802734, 52.102718353271484, 77.8546142578125, 80.22212982177734, 10.480253219604492, 9.653332710266113, 22.03473663330078, 101.17975616455078, 148.6718292236328, 86.46105194091797, 16.524932861328125, 77.11463165283203, 128.39151000976562, 167.7227325439453, 161.74542236328125, 105.86640930175781, 15.586624145507812, 10.637065887451172, 115.69657897949219, 76.8042221069336, 17.09795570373535, 134.43310546875, 171.7076416015625, 12.159076690673828, 53.885353088378906, 128.45132446289062, 12.260780334472656, 83.55741882324219, 13.556514739990234, 163.98037719726562, 19.119892120361328, 105.37630462646484, 201.81712341308594, 95.8311538696289, 198.134521484375, 46.51322937011719, 10.328490257263184, 14.96786117553711, 11.893714904785156, 52.13589859008789, 52.22514343261719, 11.804039001464844, 9.408913612365723, 20.969623565673828, 128.46243286132812, 134.50787353515625, 154.02194213867188, 127.46009063720703, 18.63125228881836, 11.122821807861328, 199.5231475830078, 11.731921195983887, 61.94090270996094, 84.79561614990234, 27.456192016601562, 185.4685821533203, 184.45948791503906, 125.31546020507812, 15.207727432250977, 198.11117553710938, 16.1486759185791, 39.040122985839844, 14.982097625732422, 200.1806182861328, 6.182745933532715, 18.55277442932129, 11.724417686462402, 85.43423461914062, 9.767254829406738, 151.94776916503906, 10.256927490234375, 18.098163604736328, 37.1686897277832, 21.289691925048828, 104.5499267578125, 62.37520217895508, 191.07810974121094, 86.97453308105469, 99.28998565673828, 170.8634033203125, 9.902909278869629, 70.24549865722656, 65.05960083007812, 135.47132873535156, 15.91277027130127, 7.862575531005859, 97.01052856445312, 75.7205581665039, 150.35797119140625, 6.955199241638184, 170.43536376953125, 10.139062881469727, 14.487394332885742, 11.01313304901123, 16.820146560668945, 37.830963134765625, 22.535459518432617, 17.048141479492188, 112.06941986083984, 135.9745330810547, 129.54574584960938, 13.69416332244873, 153.0885467529297, 172.3695831298828, 113.86837768554688, 77.18992614746094, 152.17507934570312, 129.30345153808594, 12.555401802062988, 18.893735885620117, 165.47605895996094, 145.781494140625, 121.94541931152344, 154.83091735839844, 12.227372169494629, 43.067527770996094, 144.6460418701172, 12.094067573547363, 10.58437442779541, 86.42678833007812, 99.98051452636719, 71.32069396972656, 117.3437271118164, 13.937482833862305, 156.59376525878906, 11.572433471679688, 17.930179595947266, 125.73532104492188, 115.40870666503906, 15.260392189025879, 12.003839492797852, 13.454941749572754, 111.73760986328125, 73.0867691040039, 43.37437057495117, 16.629711151123047, 94.41044616699219, 182.9688720703125, 9.893755912780762, 157.45590209960938, 152.88211059570312, 15.22926139831543, 40.276336669921875, 104.3062515258789, 10.336043357849121, 109.94342803955078, 110.51984405517578, 18.42632484436035, 103.40060424804688, 13.52013874053955, 9.604194641113281, 17.89282989501953, 13.527326583862305, 22.186447143554688, 38.55743408203125, 61.90884780883789, 63.89765930175781, 134.46519470214844, 12.194659233093262, 184.24679565429688, 126.50755310058594, 52.369049072265625, 170.1461181640625, 162.8019561767578, 95.60891723632812, 7.920815944671631, 101.8692855834961, 141.19757080078125, 148.22531127929688, 12.398001670837402, 42.17818832397461, 14.671257972717285, 17.943117141723633, 135.54818725585938, 17.454116821289062, 176.60528564453125, 60.47614288330078, 17.151634216308594, 13.336203575134277, 160.2148895263672, 15.548587799072266, 11.789018630981445, 142.57054138183594, 92.24873352050781, 83.56365966796875, 84.08374786376953, 23.003602981567383, 15.682640075683594, 132.2565460205078, 11.977578163146973, 9.689107894897461, 54.723941802978516, 127.59245300292969, 124.59237670898438, 65.88109588623047, 81.06189727783203, 153.90921020507812, 189.71173095703125, 23.811494827270508, 10.15145492553711, 168.6415252685547, 155.2361602783203, 9.422002792358398, 18.743083953857422, 163.9267578125, 77.44994354248047, 78.32115936279297, 131.34739685058594, 83.72123718261719, 28.480579376220703, 31.77276039123535, 46.591339111328125, 13.573591232299805, 10.030136108398438, 98.3905029296875, 17.49712562561035, 18.907939910888672, 113.05194091796875, 97.301513671875, 33.3292236328125, 130.63328552246094, 178.3803253173828, 11.926955223083496, 120.33991241455078, 92.79595947265625, 13.383248329162598, 169.23536682128906, 138.90335083007812, 13.526031494140625, 12.868913650512695, 75.51422119140625, 171.18052673339844, 13.556290626525879, 64.52043151855469, 9.354008674621582, 13.830726623535156, 145.99032592773438, 69.9242172241211, 11.931941986083984, 15.427972793579102, 104.94474029541016, 9.17527961730957, 37.54717254638672, 44.274288177490234, 99.42669677734375, 11.401883125305176, 138.35220336914062, 159.39280700683594, 38.361331939697266, 102.83930969238281, 201.09107971191406, 136.13168334960938, 99.90522003173828, 17.935121536254883, 15.442960739135742, 129.64755249023438, 150.49151611328125, 15.001670837402344, 225.2520294189453, 9.330289840698242, 7.222408771514893, 14.776337623596191, 18.56647300720215, 167.15443420410156, 142.69981384277344, 14.066349029541016, 38.668514251708984, 157.22357177734375, 156.8740234375, 44.48114013671875, 164.37977600097656, 10.083520889282227, 111.23942565917969, 14.587933540344238, 13.795332908630371, 55.369503021240234, 9.353984832763672, 13.884406089782715, 106.51567077636719, 116.8668441772461, 105.90294647216797, 16.2354793548584, 8.066843032836914, 9.602702140808105, 15.241618156433105, 127.3905258178711, 14.513693809509277, 13.9603853225708, 113.27488708496094, 44.6048469543457, 44.506893157958984, 177.9181671142578, 135.35549926757812, 16.739044189453125, 11.344844818115234, 14.08526611328125, 166.7345428466797, 8.142843246459961, 12.953722953796387, 14.749190330505371, 167.9158935546875, 82.90796661376953, 11.509769439697266, 16.70094108581543, 12.458954811096191, 14.557729721069336, 94.30876922607422, 12.577240943908691, 107.31179809570312, 94.14402770996094, 14.686342239379883, 120.46770477294922, 137.7831573486328, 221.4046173095703, 14.889730453491211, 132.6752166748047, 10.685843467712402, 9.317585945129395, 130.56466674804688, 114.46183013916016, 8.525959968566895, 152.86231994628906, 56.031707763671875, 9.06624984741211, 150.88194274902344, 44.60086441040039, 127.92284393310547, 10.310850143432617, 160.4137420654297, 198.161865234375, 20.454652786254883, 122.70024871826172, 183.18714904785156, 83.9265365600586, 11.374650001525879, 141.0751495361328, 147.77845764160156, 149.14932250976562, 15.70460319519043, 155.69264221191406, 85.50935363769531, 110.74324798583984, 7.472406387329102, 18.83401107788086, 8.17169189453125, 131.00160217285156, 142.37142944335938, 72.40316772460938, 28.127836227416992, 115.20841217041016, 20.705995559692383, 13.69383430480957, 8.687695503234863, 17.100906372070312, 129.68051147460938, 150.4144744873047, 9.512829780578613, 15.599812507629395, 15.247233390808105, 14.413521766662598, 17.398834228515625, 111.59113311767578, 38.10191345214844, 14.021586418151855, 14.78833293914795, 79.380615234375, 64.50048828125, 97.34203338623047, 65.24796295166016, 6.64468240737915, 163.5522003173828, 99.36869049072266, 113.02915954589844, 110.60661315917969, 206.67636108398438, 159.14053344726562, 63.309852600097656, 93.42924499511719, 171.148193359375, 131.27333068847656, 25.061798095703125, 56.04643249511719, 178.96917724609375, 89.88880157470703, 16.83844566345215, 11.785991668701172, 16.40859031677246, 36.79588317871094, 13.168970108032227, 85.44514465332031, 11.158044815063477, 125.3486557006836, 13.855680465698242, 35.97466278076172, 120.83995056152344, 16.946062088012695, 10.935266494750977, 121.57093811035156, 10.760794639587402, 185.41030883789062, 86.9839096069336, 9.480969429016113, 16.966901779174805, 10.897464752197266, 50.77437973022461, 59.39298629760742, 56.57108688354492, 45.611289978027344, 152.8705291748047, 8.916662216186523, 138.43800354003906, 12.647029876708984, 79.9025650024414, 119.4328384399414, 12.794654846191406, 49.84375, 170.08497619628906, 8.371307373046875, 133.02879333496094, 18.534496307373047, 17.277660369873047, 117.82239532470703, 11.380067825317383, 15.01281452178955, 47.135986328125, 10.778888702392578, 159.21347045898438, 10.884445190429688, 160.80661010742188, 8.7545166015625, 10.356398582458496, 127.86066436767578, 18.54350471496582, 73.4961929321289, 167.26708984375, 57.84801483154297, 15.42016887664795, 218.5235137939453, 104.41191101074219, 167.62423706054688, 177.22869873046875, 180.45680236816406, 12.294374465942383, 8.36690616607666, 181.21107482910156, 17.808643341064453, 54.61716842651367, 10.276107788085938, 20.928834915161133, 22.644775390625, 14.195043563842773, 12.5403470993042, 143.8228302001953, 125.35629272460938, 11.161162376403809, 22.293270111083984, 192.69729614257812, 86.23968505859375, 11.336041450500488, 165.87454223632812, 47.2415771484375, 48.96366500854492, 13.007798194885254, 118.59705352783203, 50.846893310546875, 139.7542724609375, 172.5343475341797, 61.68049240112305, 106.90831756591797, 206.45989990234375, 12.360810279846191]
Cosines similarity random samples
[0.047991931438446045, -0.6222982406616211, -0.29616600275039673, -0.4543076157569885, -0.8138667345046997, -0.7359701991081238, -0.012318063527345657, -0.057063598185777664, 0.05268494784832001, -0.06692633032798767, 0.7655227184295654, -0.5340067148208618, 0.055888645350933075, -0.3302454948425293, 0.42480581998825073, 0.32659849524497986, 0.057748571038246155, 0.5089876055717468, -0.2738417387008667, -0.5208877325057983, 0.6028233170509338, -0.36410534381866455, 0.557153582572937, 0.35903453826904297, -0.47759348154067993, 0.05183091014623642, 0.26011189818382263, 0.5149368643760681, -0.8486084938049316, 0.5206400156021118, 0.16279278695583344, -0.5059497356414795, 0.7098801732063293, 0.31288963556289673, 0.6117822527885437, 0.29302671551704407, 0.13287298381328583, 0.03444512560963631, 0.6215325593948364, 0.4483875036239624, -0.6445231437683105, 0.47424644231796265, 0.1207665503025055, -0.5585324168205261, 0.5668590068817139, -0.18472516536712646, -0.18623760342597961, -0.4987713694572449, -0.2425253987312317, 0.4380987286567688, -0.37557733058929443, -0.03148644417524338, 0.35975825786590576, 0.2236127257347107, -0.8561573028564453, -0.23578676581382751, -0.15458720922470093, 0.4136725962162018, 0.803388237953186, -0.3775741159915924, -0.028805239126086235, 0.5037788152694702, 0.6250026226043701, -0.5163517594337463, 0.47567296028137207, 0.5042165517807007, -0.1951499879360199, 0.3489064574241638, 0.4044601619243622, -0.3641512393951416, -0.5466910600662231, -0.09569403529167175, -0.43424147367477417, 0.7890300750732422, -0.7166013717651367, 0.7623505592346191, 0.21854540705680847, 0.2025114893913269, -0.44062677025794983, -0.3399004638195038, -0.46693968772888184, -0.48160359263420105, -0.3776702880859375, 0.2594814598560333, 0.8702490329742432, 0.31474485993385315, 0.12203175574541092, 0.22245702147483826, 0.25692564249038696, 0.09734947234392166, 0.7551219463348389, 0.47016486525535583, -0.2672919034957886, -0.5930182933807373, 0.4282923936843872, 0.5745406150817871, -0.4734458923339844, 0.34786301851272583, -0.05175326019525528, -0.30860570073127747, -0.02134454995393753, -0.09485896676778793, 0.22573299705982208, -0.7509000301361084, 0.08556520193815231, 0.663877010345459, -0.6284146308898926, -0.13582256436347961, -0.3442400097846985, 0.23826295137405396, -0.29255276918411255, 0.6548458337783813, 0.21633955836296082, 0.6399006843566895, 0.5297621488571167, -0.36183756589889526, 0.8497351408004761, -0.6593858599662781, 0.7957314848899841, -0.6061187982559204, -0.0691322460770607, 0.2738446593284607, 0.6358242034912109, 0.325214147567749, -0.09638440608978271, -0.17963474988937378, 0.45999062061309814, 0.44222238659858704, -0.5324746966362, 0.43854621052742004, 0.5975731015205383, 0.4369503855705261, 0.7517536878585815, -0.3883219063282013, 0.5037622451782227, -0.5150418281555176, 0.47529464960098267, -0.7588435411453247, -0.3094711899757385, -0.18514837324619293, -0.40859028697013855, -0.34367382526397705, 0.8253802061080933, 0.02091643214225769, 0.6082672476768494, -0.09100276976823807, -0.4566599130630493, 0.3165381848812103, 0.06790168583393097, 0.3146643042564392, 0.4986579418182373, -0.04381740093231201, 0.41780057549476624, -0.1910066306591034, 0.47524839639663696, 0.2791840136051178, -0.21432992815971375, -0.5233831405639648, -0.10029847174882889, 0.6931208372116089, 0.8211663961410522, -0.27374640107154846, -0.5151785612106323, 0.040636274963617325, 0.5883180499076843, -0.36811310052871704, -0.4498933255672455, -0.6412546634674072, -0.3041979670524597, 0.7872881293296814, -0.5697013735771179, -0.42421501874923706, 0.17071929574012756, 0.5408966541290283, 0.10333500057458878, 0.04025854170322418, 0.08111616969108582, -0.6196300983428955, -0.7767409682273865, 0.2242378443479538, -0.45418184995651245, 0.020296461880207062, 0.28857308626174927, -0.2536768317222595, -0.6322866678237915, -0.6274217367172241, -0.4585006833076477, 0.8256280422210693, -0.597543478012085, -0.4845089614391327, 0.7239439487457275, 0.5285477638244629, 0.5675905346870422, 0.6318673491477966, 0.5782943964004517, 0.5480201840400696, 0.2420496791601181, -0.13568803668022156, -0.6085187196731567, -0.5150981545448303, -0.48571187257766724, -0.15684792399406433, -0.33010581135749817, -0.04703424125909805, -0.8507580757141113, -0.16013430058956146, -0.8330385684967041, -0.5098456740379333, -0.1484297513961792, -0.8206650018692017, 0.10897465795278549, -0.15890872478485107, -0.060257602483034134, 0.3983561396598816, 0.19384285807609558, 0.4791746735572815, -0.23381605744361877, -0.5770922899246216, 0.291393518447876, -0.20639082789421082, 0.6822864413261414, -0.49492862820625305, -0.42324504256248474, -0.6083334684371948, -0.8583437204360962, 0.7323133945465088, 0.1996002048254013, -0.6653468608856201, 0.5069242715835571, -0.3952332139015198, 0.00799550861120224, 0.610450804233551, 0.6882659196853638, -0.4318500757217407, 0.6255630850791931, 0.4795685112476349, 0.6798816919326782, 0.7130395174026489, -0.6372299790382385, -0.7108538150787354, 0.6371162533760071, -0.5832989811897278, -0.5318759679794312, 0.10141152143478394, 0.7637086510658264, 0.49183979630470276, -0.722319483757019, -0.4670366048812866, 0.02737903967499733, 0.4574103057384491, -0.4649062752723694, 0.5250429511070251, 0.4183449149131775, -0.2875075340270996, 0.28401410579681396, 0.4716796278953552, 0.6405895948410034, 0.48768654465675354, 0.7634547352790833, -0.04195840656757355, 0.5349204540252686, 0.11094658076763153, -0.007115209475159645, -0.5904064178466797, -0.8477327227592468, -0.6353047490119934, -0.03352337330579758, 0.5417600274085999, -0.20636317133903503, 0.11398321390151978, 0.3721963167190552, 0.5261635184288025, 0.373281866312027, 0.7119758129119873, -0.6433231830596924, -0.7884387969970703, -0.03784706071019173, 0.019158758223056793, 0.6301224827766418, 0.0926031619310379, 0.18484076857566833, -0.667682409286499, 0.2678130269050598, -0.4605863690376282, 0.6214361190795898, 0.21172811090946198, -0.3693925738334656, -0.19784346222877502, 0.4418295919895172, -0.5708309412002563, -0.6977250576019287, 0.03592071682214737, -0.29490917921066284, -0.3825761079788208, -0.6809631586074829, -0.31817376613616943, -0.5221803784370422, 0.11947323381900787, 0.4424992501735687, 0.7793688774108887, 0.28093722462654114, 0.5854827165603638, -0.3549143671989441, 0.17668238282203674, 0.734719455242157, -0.6554733514785767, -0.8527320623397827, -0.5763808488845825, 0.7001907229423523, 0.5471562147140503, 0.4572203755378723, -0.6269160509109497, 0.39816519618034363, -0.20953452587127686, 0.11743658781051636, 0.6689820289611816, 0.8319307565689087, -0.055883631110191345, -0.8254004120826721, 0.6312882900238037, -0.29345574975013733, 0.003978803753852844, -0.6164936423301697, 0.1867559552192688, -0.234985813498497, 0.16051186621189117, -0.5863484144210815, -0.08855871111154556, -0.853979229927063, 0.45649653673171997, -0.5787298679351807, -0.3556708097457886, 0.44547876715660095, 0.3137315511703491, 0.20963327586650848, 0.6085833311080933, -0.07083890587091446, -0.33727824687957764, 0.34014400839805603, -0.0022692903876304626, -0.6671005487442017, 0.27373337745666504, 0.21207734942436218, 0.02581126242876053, 0.5332774519920349, -0.2941056489944458, 0.4205355942249298, 0.4758087992668152, 0.4928356111049652, -0.03142630681395531, -0.45392587780952454, -0.6682226657867432, 0.7471135854721069, -0.56144118309021, 0.22173736989498138, 0.7368640899658203, 0.018555719405412674, 0.8029317855834961, -0.5566112995147705, -0.6133744716644287, -0.3217375576496124, 0.2051745355129242, -0.3471912145614624, 0.530506432056427, 0.2798319458961487, -0.8510613441467285, 0.5021344423294067, -0.43906456232070923, -0.6676281690597534, -0.1819646656513214, -0.8172729015350342, -0.2625442147254944, -0.6724473834037781, -0.017310230061411858, 0.19608862698078156, -0.015723466873168945, 0.2102406919002533, 0.4097069501876831, -0.6818089485168457, 0.499409943819046, -0.004348998889327049, 0.22935795783996582, -0.7660797834396362, -0.7152308225631714, 0.12672986090183258, -0.7142710089683533, -0.5292738080024719, -0.28315696120262146, -0.006762653589248657, -0.1801137924194336, 0.751547634601593, -0.5525460243225098, -0.05617746710777283, 0.016418591141700745, 0.41255152225494385, 0.5291467905044556, 0.07074778527021408, -0.008953217417001724, 0.6427119374275208, 0.42438921332359314, 0.26516813039779663, 0.484011709690094, 0.542474627494812, -0.15088820457458496, -0.1990600824356079, 0.1976468563079834, -0.28101497888565063, 0.262067973613739, 0.7235612869262695, -0.7861019372940063, -0.49879568815231323, -0.24017995595932007, -0.04890024662017822, 0.7193605899810791, 0.38774898648262024, 0.7611894607543945, -0.1411454975605011, 0.8250824213027954, -0.25976037979125977, -0.7091215252876282, 0.7525636553764343, -0.5566921234130859, 0.3802121877670288, 0.29826122522354126, 0.6657496690750122, -0.21004623174667358, -0.23962953686714172, 0.46844518184661865, -0.4112541973590851, 0.44979530572891235, 0.7219885587692261, -0.3509775698184967, 0.26795247197151184, 0.24138671159744263, 0.27957892417907715, 0.1441575437784195, -0.6191092729568481, 0.6926965117454529, 0.13922792673110962, 0.7018445730209351, 0.08996716141700745, 0.72054123878479, 0.008906170725822449, -0.20855802297592163, 0.1494712233543396, 0.02428002655506134, 0.4130268394947052, -0.6242150068283081, -0.748120129108429, 0.2270575761795044, -0.2029823362827301, -0.7390973567962646, 0.48899710178375244, 0.29880839586257935, -0.1192045658826828, -0.05161124840378761, 0.5346869230270386, 0.5639684796333313, -0.659563422203064, 0.606193482875824, -0.20240828394889832, -0.7544827461242676, -0.6658408045768738, 0.16149009764194489, 0.7961231470108032, 0.17698729038238525, -0.5876142978668213, -0.8046472072601318, 0.26973769068717957, -0.1428438127040863, 0.49341246485710144, 0.59279465675354, -0.46146702766418457, -0.22678205370903015, 0.006194695830345154, -0.6422755718231201, 0.3791835904121399, -0.26518702507019043, -0.39922165870666504, -0.6465322971343994, 0.8624251484870911, -0.14274275302886963, 0.497711181640625, 0.4416753053665161, 0.06321932375431061, 0.6462208032608032, 0.6914567947387695, -0.24035868048667908, 0.3960987329483032, 0.39045852422714233, -0.685418426990509, -0.6501741409301758, -0.8619856238365173, 0.3568796217441559, 0.3866252303123474, -0.3526637554168701, -0.13026811182498932, 0.4310142993927002, -0.8155986070632935, -0.005420848727226257, 0.29711323976516724, 0.12094488739967346, 0.6058568954467773, 0.2974894344806671, -0.4278421401977539, 0.8411321640014648, -0.2401246726512909, 0.4271968603134155, 0.21150097250938416, 0.5781863927841187, 0.1449260115623474, -0.3568163514137268, 0.45926204323768616, 0.2936316132545471, 0.7962899208068848, 0.47097641229629517, 0.0075475238263607025, -0.5294827222824097, -0.6193186044692993, 0.4277970492839813, -0.12078283727169037, -0.7279792428016663, 0.2763036787509918, 0.6832020282745361, -0.3540264368057251, -0.23151129484176636, 0.624458909034729, -0.7484442591667175, -0.5488055944442749, 0.09565821290016174, 0.2988491654396057, -0.09231292456388474, 0.13140428066253662, -0.7647767066955566, 0.6601701974868774, 0.21560138463974, -0.2968387007713318, -0.2826944589614868, -0.5748617053031921, -0.25536662340164185, 0.18131011724472046, -0.6390429139137268, 0.3099175691604614, 0.5022973418235779, 0.7520197629928589, 0.28168949484825134, -0.4673054814338684, -0.41341879963874817, -0.4910616874694824, -0.13171526789665222, -0.0492183081805706, 0.29707616567611694, -0.6469258069992065, 0.34923678636550903, -0.310163676738739, -0.15208569169044495, 0.4797374904155731, -0.2751457095146179, -0.7554970979690552, -0.09966342151165009, 0.10214659571647644, -0.144319549202919, -0.20556500554084778, 0.3911413550376892, -0.8143166303634644, 0.018756955862045288, -0.6475921869277954, -0.24736523628234863, 0.8478920459747314, -0.6414626240730286, -0.4267274737358093, 0.04497397691011429, 0.6280630826950073, -0.35949110984802246, -0.03668230399489403, 0.563727617263794, 0.8427185416221619, 0.4570489525794983, -0.38824108242988586, -0.1790909320116043, -0.5852169990539551, -0.17711392045021057, -0.385858416557312, -0.8027693033218384, 0.4521051049232483, -0.07139400392770767, 0.6833689212799072, 0.16153454780578613, -0.5317175388336182, 0.21558959782123566, 0.3224483132362366, -0.8143682479858398, -0.5687813758850098, -0.05911235511302948, -0.7170649766921997, 0.10039880871772766, -0.18074637651443481, -0.46262693405151367, -0.31544169783592224, 0.8306915163993835, 0.6149676442146301, 0.6256004571914673, -0.5625073909759521, 0.36214202642440796, 0.593155026435852, 0.8588392734527588, -0.36237096786499023, 0.45324745774269104, -0.6767341494560242, -0.6409357786178589, -0.398676335811615, -0.09803111851215363, -0.3704253137111664, 0.2561279535293579, 0.0007845275104045868, 0.28148090839385986, -0.11490845680236816, 0.3522679805755615, 0.729822039604187, 0.6761974692344666, -0.17898643016815186, 0.6491063237190247, 0.7287493944168091, -0.5394154191017151, -0.4899042248725891, 0.5516037940979004, -0.4421805143356323, -0.5552196502685547, -0.5659505128860474, 0.5921708941459656, 0.04612147435545921, -0.017156008630990982, -0.18695902824401855, -0.4211946725845337, -0.34846916794776917, -0.6103186011314392, -0.5271520018577576, -0.06214305758476257, 0.26969772577285767, 0.02526528760790825, -0.5141829252243042, 0.7101701498031616, 0.15755543112754822, -0.4656328558921814, 0.5482802391052246, -0.3134229779243469, -0.419644832611084, 0.16931048035621643, 0.09601780027151108, 0.10564941167831421, -0.4223517179489136, -0.7075656652450562, -0.38092267513275146, -0.1651926189661026, -0.17412279546260834, -0.42036929726600647, -0.3010607659816742, 0.2424469292163849, -0.5343611836433411, 0.19848573207855225, -0.8328362107276917, -0.2742307186126709, -0.39511942863464355, 0.3233274817466736, -0.1547957956790924, -0.5758121013641357, -0.08089635521173477, -0.2565669119358063, -0.19911524653434753, -0.5995513796806335, -0.7057881355285645, 0.14840510487556458, -0.17359359562397003, 0.8562570810317993, 0.1699793040752411, 0.30145835876464844, 0.11506849527359009, 0.7339705228805542, 0.22948861122131348, -0.1966589242219925, -0.11822734773159027, 0.4948923885822296, 0.6526044607162476, 0.4505654573440552, -0.15515254437923431, -0.1938151717185974, -0.08091412484645844, -0.5433031320571899, -0.020023051649332047, -0.30188193917274475, -0.5270969867706299, -0.5379932522773743, -0.08478836715221405, -0.440306156873703, -0.7904322743415833, -0.14042405784130096, 0.06949415057897568, -0.45063185691833496, 0.6907878518104553, -0.1269679069519043, 0.7444183826446533, 0.7637201547622681, -0.061844270676374435, 0.6730924844741821, 0.45883479714393616, -0.8344687223434448, 0.4665732681751251, -0.4972791373729706, -0.29958513379096985, 0.3609718084335327, -0.5255860686302185, -0.5432665944099426, -0.18899524211883545, 0.7168058156967163, 0.24926453828811646, 0.14747801423072815, -0.37399160861968994, -0.1976379007101059, 0.8256018161773682, -0.7363400459289551, 0.35186493396759033, -0.09444960206747055, -0.4402674436569214, -0.4572073817253113, 0.20871548354625702, -0.4113466143608093, 0.43825042247772217, 0.5183551907539368, 0.0483725368976593, 0.06083754450082779, 0.6782281398773193, -0.19666138291358948, -0.5805490612983704, 0.46307286620140076, -0.6094453930854797, -0.2715193033218384, 0.5092908143997192, -0.8297309875488281, 0.4334532916545868, 0.2624175548553467, -0.4706476330757141, 0.516959011554718, -0.7053274512290955, 0.0740610659122467, 0.363070547580719, -0.12313245236873627, -0.264352947473526, 0.5044702887535095, -0.47398948669433594, 0.07169575989246368, 0.4142785370349884, -0.15882156789302826, 0.09919516742229462, 0.42851507663726807, 0.48101091384887695, -0.7921611070632935, 0.6153295040130615, -0.4673379063606262, -0.6852474212646484, -0.19745564460754395, 0.4521944224834442, -0.2447013258934021, 0.5858843922615051, -0.5926559567451477, -0.3715739846229553, 0.34754616022109985, 0.1155635267496109, 0.64542555809021, -0.728663444519043, -0.07937547564506531, 0.5509954690933228, -0.1758708655834198, 0.5499402284622192, -0.08025318384170532, -0.1036820262670517, 0.49790865182876587, 0.7977638840675354, 0.39327430725097656, 0.4894489049911499, 0.5534664392471313, 0.014159716665744781, 0.09510215371847153, 0.38450345396995544, -0.167097806930542, -0.5463396310806274, 0.05959416925907135, -0.2980321943759918, 0.6336241364479065, 0.5005010366439819, 0.01568121463060379, 0.017344526946544647, 0.4962422251701355, -0.33788833022117615, 0.2233780026435852, -0.08429865539073944, -0.17404977977275848, 0.043626852333545685, 0.00436956062912941, 0.16718648374080658, 0.5764602422714233, -0.3167240023612976, -0.5664483904838562, 0.2734438180923462, 0.40802955627441406, 0.3708589971065521, 0.34717994928359985, -0.3434661626815796, 0.014117542654275894, 0.4772932231426239, -0.039213672280311584, 0.6508376598358154, 0.11630551517009735, 0.5076475739479065, 0.7263952493667603, 0.15243470668792725, 0.3419656455516815, 0.7789455652236938, 0.5088754892349243, -0.3025469183921814, -0.7982379794120789, 0.5856509208679199, -0.5759252309799194, -0.06930258125066757, -0.6021953821182251, 0.08156684041023254, -0.8155885338783264, 0.7470021843910217, -0.04483957216143608, 0.1843167096376419, -0.07793969660997391, 0.42184579372406006, -0.7409087419509888, 0.177688866853714, -0.1953270137310028, 0.09127124398946762, 0.6074129939079285, -0.6140607595443726, 0.34306150674819946, -0.8503937721252441, -0.8573919534683228, -0.6035246253013611, 0.3409661650657654, -0.07718266546726227, 0.7960985898971558, 0.5970097780227661, 0.23318533599376678, -0.4255613386631012, -0.415106862783432, 0.508537232875824, -0.35527312755584717, 0.36145371198654175, 0.24362394213676453, 0.26508477330207825, -0.3774295151233673, -0.628731906414032, -0.6354151964187622, 0.13701121509075165, 0.5406202077865601, -0.4775504469871521, -0.0036536511033773422, 0.5767273902893066, 0.08412133157253265, -0.10563156753778458, -0.4136410057544708, -0.05870838090777397, -0.1151854395866394, -0.24858404695987701, -0.057337820529937744, -0.20893973112106323, 0.3418158292770386, -0.269241064786911, 0.08821868151426315, -0.507596492767334, 0.2271982729434967, 0.24467414617538452, 0.40852200984954834, -0.7964060306549072, 0.3579680919647217, 0.10744958370923996, 0.07111863046884537, -0.6536728143692017, -0.7430475950241089, -0.5979479551315308, -0.40592581033706665, -0.1584935337305069, 0.5023995637893677, 0.6070858240127563, -0.6001838445663452, -0.31080538034439087, 0.43168264627456665, -0.33231115341186523, -0.309296578168869, -0.3329645097255707, 0.4183915853500366, -0.12767408788204193, -0.5260452032089233, -0.39530834555625916, -0.30890902876853943, -0.4547347128391266, -0.47084254026412964, 0.7449384927749634, 0.5037573575973511, 0.7507389783859253, 0.46285098791122437, -0.7617040872573853, 0.3772870898246765, 0.3884570300579071, -0.4183318614959717, 0.2557072341442108, 0.7944561243057251, -0.22718238830566406, -0.4946051836013794, 0.1719651222229004, -0.677768349647522, 0.03901398926973343, -0.5832440853118896, 0.8512111902236938, 0.3176206946372986, -0.3474001884460449, -0.2901492714881897, 0.3924541175365448, 0.3418368101119995, -0.10068172216415405, 0.5571449995040894, -0.2995049059391022, 0.8623555302619934, -0.3660554885864258, -0.6261966228485107, 0.6149060726165771, -0.14577707648277283, -0.33337917923927307, 0.23847287893295288, -0.24573053419589996, -0.027761511504650116, -0.07017476111650467, -0.2577860951423645, -0.6796603798866272, 0.8101392984390259, -0.5605708360671997, 0.3090345859527588, -0.3516807556152344, 0.10121425986289978, -0.18139109015464783, 0.733263373374939, -0.07153617590665817, 0.5893620848655701, 0.373783141374588, 0.6995478868484497, 0.6337519884109497, -0.021221566945314407, -0.1021328940987587, -0.6472870111465454, 0.7365979552268982, 0.7311983108520508, -0.13665811717510223, -0.465472936630249, -0.7413280010223389, 0.14863024652004242, 0.8317222595214844, 0.14599913358688354, -0.537068247795105, 0.3704551160335541, -0.5272563695907593, 0.6565841436386108, -0.32131630182266235, 0.6323011517524719, -0.5069695711135864, -0.0959068089723587, 0.06288781762123108, -0.20102901756763458, -0.4187707304954529, -0.6564385890960693, 0.33283761143684387, 0.21610301733016968, 0.6522054672241211, 0.8071135878562927, 0.47160348296165466, -0.6170375943183899, 0.5472632646560669, 0.5801307559013367, -0.5346664190292358, 0.3560371398925781, 0.23493635654449463, 0.6188348531723022, 0.4912545680999756, 0.7302932143211365, 0.6566474437713623, 0.5862613916397095, 0.19962579011917114, 0.4340135455131531, -0.7753503322601318, 0.35361355543136597, 0.6348896026611328, -0.14767520129680634, 0.7269777059555054, -0.6498807072639465, -0.4185129404067993, 0.6758652329444885, 0.03104413114488125, 0.28724807500839233, 0.5777359008789062, 0.5063557624816895, 0.2258273959159851, -0.0328005887567997, -0.5753149390220642, -0.6072617173194885, 0.44035881757736206, 0.3250635862350464, -0.20449894666671753, -0.011025018990039825, -0.12824857234954834, -0.08594194054603577, 0.48443180322647095, 0.3739217221736908, -0.2769552767276764, 0.1212804913520813, 0.7196122407913208, -0.7647720575332642, 0.7594921588897705, 0.6784960031509399, 0.5231214761734009, -0.2523231506347656, -0.8251475095748901, 0.6100624203681946, -0.5837432742118835, 0.15305747091770172, 0.17277102172374725, -0.5869907140731812, -0.40310138463974, 0.40321648120880127, -0.6797955632209778, 0.28898751735687256, 0.11719933152198792, 0.5901826024055481, -0.32894936203956604, -0.25628024339675903, 0.11946707218885422, 0.6218743920326233, -0.7488151788711548, -0.721764087677002, 0.6296218633651733, 0.2684706449508667, -0.3036855459213257, 0.17187783122062683, 0.5066337585449219, 0.4646108150482178, 0.058819763362407684, 0.4558302164077759, -0.714777410030365, -0.4090464413166046, -0.2555718421936035, -0.18737871944904327, -0.16380763053894043, 0.39657336473464966, 0.641991138458252, 0.7045372724533081, 0.4349577724933624, 0.5826927423477173, -0.5261213183403015, -0.10266757011413574, 0.7623917460441589, -0.4389421343803406, 0.30374908447265625, 0.3167135715484619, 0.21733731031417847, 0.4801366925239563, 0.08256234228610992, -0.15364190936088562, 0.11205506324768066, 0.08711478859186172, -0.3340855836868286, 0.6395498514175415, -0.08125292509794235, 0.8382908701896667, 0.8090837597846985, -0.18753668665885925, -0.1492690145969391, -0.7525800466537476, 0.4353344738483429, -0.25417783856391907, -0.010169286280870438, 0.09694281220436096, -0.5612090826034546, -0.3770475387573242, -0.3728070855140686, -0.009273640811443329, -0.27919209003448486, -0.5590150952339172, -0.23085236549377441, -0.009722113609313965, -0.19418847560882568, -0.11958492547273636, -0.023379595950245857, 0.5497897267341614, 0.029012642800807953, -0.480573832988739, -0.2443254292011261, -0.07688646018505096, -0.038744911551475525, 0.5040087699890137, -0.014561321586370468, -0.8589411377906799, 0.35540348291397095, 0.5614484548568726, 0.35810577869415283, 0.4086120128631592, 0.652925968170166, -0.8423548936843872, 0.833175539970398, -0.7022063136100769, -0.4326730966567993, 0.5388039946556091, 0.7783571481704712, -0.791897177696228, -0.20882222056388855, -0.5293611884117126, -0.19217360019683838, -0.6791777610778809, -0.18517328798770905, -0.025033801794052124, 0.6774609088897705, 0.24163204431533813, 0.544224739074707, -0.4053778052330017, -0.053042035549879074, 0.6184772253036499, 0.5835764408111572, -0.3830495774745941, 0.671859085559845, -0.4279976189136505, -0.023588526993989944, -0.7820620536804199, -0.012711163610219955, -0.07793738692998886, -0.08368837833404541, -0.14370548725128174, 0.21606513857841492, -0.09372057020664215, -0.00428285077214241, 0.60312819480896, 0.6834964752197266, -0.6395951509475708, 0.7780934572219849, -0.5451456308364868, -0.2300533950328827, 0.046039413660764694, -0.698701024055481, 0.16838885843753815, 0.5482667684555054, -0.44061803817749023, -0.10663705319166183, -0.061626970767974854, 0.11775410175323486, 0.40404823422431946, 0.2484155148267746, 0.18276745080947876, -0.4581177830696106, 0.3747876286506653, -0.37821251153945923, -0.014537181705236435, -0.446174293756485, -0.4028189778327942, -0.09533875435590744, 0.5881127119064331, -0.46904975175857544, 0.5152843594551086, 0.5928921103477478, -0.5199942588806152, 0.10113277286291122, 0.38256630301475525, -0.2951967120170593, 0.2717835605144501, -0.6254590749740601, 0.759753942489624, 0.3579597771167755, -0.0089711993932724, -0.4155374765396118, -0.37240731716156006, 0.044786449521780014, -0.5862278938293457, -0.0556592121720314, -0.46453964710235596, -0.43131083250045776, 0.6238030791282654, 0.18818366527557373, -0.13118910789489746, -0.14182379841804504, 0.006981793791055679, -0.2192603200674057, -0.8105481863021851, -0.4089996814727783, -0.3327101171016693, -0.13903483748435974, 0.565923810005188, -0.5109156966209412, -0.30729830265045166, -0.595291256904602, 0.1494251787662506, 0.25110381841659546, 0.6999227404594421, 0.27364569902420044, -0.2050941288471222, 0.2579548954963684, 0.2585723400115967, 0.37716078758239746, 0.15888895094394684, 0.17938049137592316, 0.01006749365478754, -0.6355503797531128, 0.39325419068336487, -0.5535921454429626, -0.288205087184906, 0.6587835550308228, -0.13682278990745544, 0.3114939033985138, 0.13305136561393738, 0.2187848836183548, 0.13312728703022003, -0.2842257618904114, -0.32801249623298645, 0.6895862817764282, -0.19734297692775726, 0.6396340131759644, 0.620348334312439, 0.09654848277568817, 0.5200687050819397, 0.12226572632789612, 0.21248584985733032, 0.4887304902076721, -0.5013425946235657, -0.3726697564125061, 0.6134997606277466, 0.5691284537315369, -0.6358456611633301, 0.6482400298118591, 0.7201944589614868, 0.317526638507843, 0.44634443521499634, -0.20659556984901428, -0.7116549015045166, -0.3471405506134033, 0.2637525796890259, 0.34693628549575806, -0.2107226848602295, -0.25259482860565186, 0.16088542342185974, 0.6729357838630676, -0.4980109632015228, 0.7180068492889404, -0.04053650051355362, -0.010445263236761093, 0.42842620611190796, -0.08595936745405197, 0.03491192311048508, -0.30441880226135254, -0.08270253986120224, -0.5920248627662659, -0.14735086262226105, 0.5714629292488098, 0.0020996704697608948, -0.09283332526683807, 0.7522867918014526, 0.8318263292312622, -0.3235476016998291, -0.1557883769273758, -0.25758999586105347, 0.6430419683456421, -0.8188042640686035, -0.16493836045265198, -0.46052515506744385, -0.4446624219417572, -0.17445535957813263, 0.5474989414215088, -0.362018883228302, -0.2553243637084961, 0.11128322780132294, -0.5456030368804932, -0.4412990212440491, -0.6254563331604004, -0.4187811017036438, -0.15304984152317047, -0.8541885614395142, 0.04679000750184059, -0.43782269954681396, 0.22537127137184143, -0.5227808952331543, -0.24430638551712036, 0.059381525963544846, 0.4132963716983795, 0.23854868113994598, 0.4753551781177521, 0.5177043676376343, 0.8664067983627319, 0.5882202982902527, -0.38543272018432617, -0.5572032332420349, -0.07003042846918106, -0.6126264333724976, -0.7236712574958801, -0.5116138458251953, 0.2753412127494812, 0.514755129814148, 0.39465874433517456, -0.44415217638015747, -0.2653425931930542, 0.008020940236747265, 0.7293528914451599, -0.10466382652521133, 0.5877096652984619, 0.23815858364105225, 0.2711762487888336, 0.04443323612213135, -0.6955457925796509, -0.12674251198768616, 0.7820862531661987, 0.6901378631591797, -0.018284715712070465, -0.04627257212996483, -0.0604153573513031, -0.3047538995742798, 0.30649277567863464, -0.24297812581062317, 0.1371910125017166, -0.1464749425649643, -0.5862064361572266, -0.6506106853485107, -0.2370498776435852, 0.130133718252182, 0.0713728740811348, 0.20291170477867126, -0.4147104024887085, -0.6423344612121582, 0.14809073507785797, 0.7314846515655518, -0.7574857473373413, -0.282318115234375, 0.6175131797790527, 0.0422498881816864, -0.7610628604888916, 0.20112811028957367, 0.12713925540447235, -0.2593885660171509, 0.7784631252288818, -0.31809738278388977, -0.31641173362731934, -0.5330953598022461, -0.4935814142227173, -0.8134010434150696, 0.009973812848329544, 0.11815878748893738, -0.020983528345823288, 0.28791290521621704, 0.6380369067192078, -0.8437422513961792, -0.45919299125671387, -0.5076104998588562, -0.6963061094284058, 0.22220757603645325, -0.3261954188346863, 0.07842015475034714, 0.14809630811214447, -0.34882885217666626, -0.16062793135643005, 0.6349391937255859, 0.14935064315795898, 0.6578794717788696, -0.3397394120693207, -0.23941433429718018, 0.43484237790107727, 0.8421409130096436, -0.017467908561229706, 0.03216112032532692, -0.6378494501113892, 0.2765520215034485, -0.47890418767929077, -0.6455190181732178, -0.008004376664757729, -0.0012098625302314758, 0.27047204971313477, 0.07865194976329803, 0.24238240718841553, 0.5926584601402283, 0.5028305053710938, 0.10657241940498352, -0.18689869344234467, -0.022418959066271782, 0.21905258297920227, -0.620734453201294, -0.36122405529022217, -0.7532528638839722, 0.2572837173938751, 0.0021105092018842697, 0.6932830810546875, 0.22365806996822357, -0.3406687378883362, -0.5893677473068237, 0.6292612552642822, 0.5255788564682007, -0.052895981818437576, -0.18734993040561676, -0.7865868210792542, 0.417552649974823, -0.2631145715713501, -0.5610336065292358, -0.29785555601119995, -0.185226708650589, 0.5787101984024048, 0.7208986282348633, -0.2971414029598236, -0.4915957450866699, 0.24047105014324188, 0.3048809766769409, -0.42105633020401, 0.7732753753662109, 0.1604238748550415, -0.22648771107196808, -0.6875306367874146, 0.279617577791214, -0.5512477159500122, -0.2303217500448227, 0.8155463933944702, -0.3923681378364563, -0.0006624087691307068, 0.6654542684555054, -0.6663404703140259, -0.1419118046760559, -0.09906718134880066, -0.18942683935165405, -0.8287848234176636, 0.181147038936615, 0.18296709656715393, -0.7722115516662598, 0.6838029026985168, -0.02653580531477928, 0.4391416609287262, 0.22695428133010864, 0.2804243564605713, -0.026232920587062836, 0.015231747180223465, 0.5890974402427673, -0.5547081232070923, -0.25257110595703125, -0.44386985898017883, 0.3754448890686035, 0.49052244424819946, -0.743578314781189, 0.1062745749950409, 0.5759131908416748, -0.4667738676071167, 0.3968663811683655, -0.12196863442659378, -0.20884382724761963, 0.7305164337158203, 0.2001320868730545, 0.5468870401382446, -0.2818467915058136, -0.5904030799865723, -0.2767590284347534, -0.1244395449757576, -0.12529826164245605, 0.1707608997821808, 0.5047009587287903, -0.013535972684621811, -0.18243971467018127, -0.6662838459014893, 0.581916093826294, 0.18596604466438293, -0.20094157755374908, -0.04096570611000061, -0.10742316395044327, -0.17513152956962585, 0.3162718415260315, -0.012409031391143799, 0.24752852320671082, -0.7132507562637329, 0.05597139149904251, 0.6005527973175049, 0.7588234543800354, 0.5888054370880127, 0.47978752851486206, -0.10768919438123703, -0.5251353979110718, 0.2690137028694153, 0.7389959096908569, 0.6570038795471191, 0.6127755641937256, -0.1403612494468689, -0.08263695240020752, -0.15806332230567932, 0.22654202580451965, -0.41222068667411804, -0.6052793264389038, 0.31424757838249207, 0.7511966824531555, -0.6263905167579651, 0.3103724420070648, 0.632217288017273, 0.7490142583847046, -0.27685290575027466, -0.41771191358566284, -0.5465547442436218, 0.30798932909965515, 0.6279687881469727, -0.1647818237543106, 0.08482462912797928, -0.08993008732795715, -0.5994731187820435, -0.03590312600135803, -0.333029568195343, 0.4994308352470398, -0.1543482393026352, 0.24988649785518646, -0.17122940719127655, 0.13080385327339172, 0.6469936370849609, 0.27218079566955566, -0.620451807975769, -0.5619797706604004, -0.05503138527274132, 0.37457817792892456, -0.4286620020866394, -0.6323627829551697, 0.40369999408721924, -0.5307173132896423, -0.12635239958763123, -0.5458909273147583, 0.289046049118042, -0.1994445025920868, 0.027613848447799683, -0.15848389267921448, 0.041261885315179825, -0.027743782848119736, -0.14398644864559174, 0.2591549754142761, 0.41349512338638306, 0.7544358968734741, -0.7968400716781616, 0.8301631212234497, -0.4209236800670624, -0.5199320912361145, 0.2249072641134262, 0.2557595670223236, 0.7724447846412659, -0.2963997721672058, 0.5446017980575562, -0.3915501832962036, 0.268421471118927, -0.371168315410614, 0.11764252930879593, 0.16493713855743408, -0.4741232097148895, -0.180307537317276, 0.031225241720676422, 0.31240490078926086, 0.6852989196777344, -0.0825464129447937, 0.4149308502674103, -0.23377010226249695, 0.12889117002487183, -0.48350271582603455, -0.5412240028381348, 0.18603873252868652, 0.10440703481435776, -0.5322768688201904, -0.5128188133239746, 0.3403710126876831, 0.002759382128715515, 0.15614624321460724, 0.8492134809494019, 0.24807560443878174, 0.0778040811419487, 0.43210652470588684, -0.24670147895812988, 0.13337017595767975, 0.620119571685791, -0.2702670693397522, 0.23558560013771057, 0.24956223368644714, 0.27905529737472534, -0.578518271446228, -0.019788458943367004, 0.11839820444583893, 0.5438095331192017, 0.371155321598053, -0.3495104908943176, -0.13861384987831116, -0.7058887481689453, -0.47020405530929565, 0.010555461049079895, -0.37001562118530273, -0.2621556520462036, -0.4611451029777527, 0.20181387662887573, 0.7882382273674011, -0.5767935514450073, 0.08863236010074615, -0.16125403344631195, 0.30761757493019104, 0.23906195163726807, 0.2188313603401184, 0.18004126846790314, 0.3990252912044525, -0.5323395133018494, 0.17628076672554016, -0.3604554533958435, -0.8003483414649963, -0.4634048342704773, -0.6125434041023254, -0.8507283329963684, 0.31646448373794556, 0.8170410394668579, -0.5924515724182129, -0.4028278589248657, -0.4882661998271942, 0.6295481324195862, 0.08653150498867035, 0.8460740447044373, 0.646536111831665, 0.7182658910751343, -0.030805185437202454, 0.4017045497894287, -0.46757256984710693, 0.20295432209968567, -0.4582550525665283, 0.2586747407913208, -0.025599241256713867, 0.3751761317253113, 0.38728150725364685, 0.39521855115890503, 0.1262204647064209, 0.16570310294628143, 0.8442332744598389, 0.8341656923294067, 0.7047936320304871, -0.7640541195869446, 0.13840758800506592, -0.39392492175102234, 0.46290117502212524, -0.4079975485801697, -0.5618727803230286, 0.6682247519493103, 0.06108523905277252, -0.06256166100502014, 0.09444312006235123, -0.5863865613937378, -0.5112404227256775, 0.08123986423015594, 0.6200991868972778, -0.7377680540084839, -0.10973487049341202, 0.18609821796417236, -0.550159215927124, -0.22932134568691254, 0.06290892511606216, 0.3370083272457123, -0.5667641162872314, 0.8504917025566101, 0.003516498953104019, -0.3412272334098816, 0.02565564215183258, -0.2768530547618866, -0.41865667700767517, 0.416277676820755, 0.7604488134384155, -0.7038036584854126, 0.1275576502084732, -0.5590620040893555, 0.6873462200164795, 0.4839022755622864, 0.016924366354942322, 0.16171929240226746, -0.1092388853430748, 0.4582039713859558, 0.4414516091346741, 0.14589233696460724, 0.3795589804649353, 0.7058057188987732, -0.8301239013671875, -0.24267806112766266, 0.42450767755508423, -0.5233416557312012, 0.7208864688873291, -0.6835790872573853, 0.3398609757423401, -0.20260904729366302, 0.18093575537204742, -0.8045881986618042, -0.059882521629333496, -0.2846476435661316, -0.21323272585868835, 0.25178393721580505, 0.20913666486740112, -0.4341651201248169, 0.466730535030365, 0.7572437524795532, -0.4770992398262024, -0.20404349267482758, 0.3430641293525696, -0.0632910430431366, 0.5893731713294983, -0.47624990344047546, -0.07740175724029541, -0.03804847598075867, -0.452654093503952, 0.3839532434940338, 0.5630146265029907, -0.4710208773612976, 0.08121608942747116, -0.5682780146598816, -0.5844315886497498, 0.049913398921489716, 0.827983021736145, -0.3803636431694031, -0.027787525206804276, -0.8034621477127075, 0.03868713602423668, -0.4442119300365448, 0.1617179811000824, -0.05653014034032822, 0.363463819026947, -0.7974837422370911, 0.5539414882659912, 0.05687837302684784, -0.25987380743026733, -0.7898203134536743, 0.757463812828064, -0.04476161673665047, 0.8606209754943848, 0.32743680477142334, -0.8535116910934448, 0.4014126658439636, 0.48700085282325745, 0.30847424268722534, 0.4664434790611267, -0.2698018550872803, 0.613213062286377, 0.7036205530166626, -0.6980506181716919, -0.4932718873023987, 0.35572874546051025, 0.7486066818237305, -0.1792570948600769, 0.38543325662612915, 0.5553009510040283, -0.56406569480896, -0.6914438009262085, -0.680944561958313, 0.5927760601043701, 0.14823581278324127, 0.021224139258265495, 0.21319462358951569, -0.16910162568092346, -0.753351092338562, 0.3627449572086334, 0.07048967480659485, 0.23751787841320038, 0.32316476106643677, 0.10492485761642456, -0.004678487777709961, -0.855156660079956, 0.7789692878723145, -0.03586479276418686, -0.7573812007904053, 0.4526250958442688, 0.21383310854434967, 0.031510673463344574, -0.849317193031311, 0.07667852938175201, -0.1487095206975937, 0.08723907172679901, 0.4212269186973572, -0.5695852041244507, -0.8492031097412109, 0.3469703495502472, 0.1715817153453827, 0.15279382467269897, 0.05109313130378723, 0.8355761766433716, -0.266133189201355, 0.13709647953510284, -0.5088738203048706, -0.1409122496843338, -0.5403842926025391, -0.12051393836736679, -0.3666706681251526, 0.24397917091846466, -0.4986730217933655, -0.6720648407936096, 0.418731689453125, 0.6949542760848999, -0.42753779888153076, -0.5472794771194458, -0.31181401014328003, 0.25741952657699585, -0.1724889874458313, -0.2565678358078003, 0.21345217525959015, -0.625590980052948, 0.37348848581314087, -0.6797845363616943, 0.2539618909358978, 0.29796019196510315, -0.16461262106895447, 0.5112231969833374, -0.7221114635467529, 0.6277310848236084, -0.28084927797317505, 0.45856741070747375, 0.4386516511440277, 0.27606138586997986, 0.033756356686353683, 0.6084622144699097, 0.5050586462020874, -0.5350928902626038, 0.47221219539642334, -0.35405486822128296, 0.17869821190834045, -0.2053907960653305, -0.2291727364063263, 0.7892220616340637, -0.09813785552978516, 0.1792769432067871, -0.4605272710323334, -0.03370227664709091, -0.17079201340675354, -0.43916481733322144, 0.6416085362434387, -0.26633256673812866, -0.46526283025741577, -0.7638508081436157, 0.6121012568473816, 0.35288169980049133, -0.5136827230453491, -0.18241894245147705, -0.5035350322723389, -0.6369314789772034, -0.17154556512832642, -0.2519689202308655, -0.09506070613861084, -0.441990464925766, -0.0432988777756691, 0.7668874263763428, -0.09259527921676636, -0.23105940222740173, -0.37268346548080444, 0.1976609230041504, 0.5393276214599609, 0.1514662504196167, 0.5808700919151306, 0.5711079835891724, -0.065770223736763, -0.0991448163986206, 0.44362425804138184, 0.4886069893836975, -0.8247388601303101, 0.14537814259529114, 0.4142236113548279, 0.32000088691711426, 0.05681851506233215, -0.32854539155960083, -0.4301237463951111, 0.525629997253418, -0.39490407705307007, -0.06322196125984192, -0.7078911662101746, -0.262630432844162, -0.7219874858856201, -0.08306251466274261, 0.10420351475477219, 0.24993321299552917, 0.12787488102912903, 0.6642532348632812, -0.7341339588165283, 0.6486600637435913, 0.13384860754013062, 0.1630142629146576, 0.3043452203273773, -0.5412182807922363, -0.11500797420740128, -0.5194298624992371, 0.7602028846740723, 0.5939284563064575, -0.40106290578842163, -0.46986401081085205, -0.5012526512145996, 0.38911426067352295, 0.43262654542922974, 0.05850144103169441, -0.2848781943321228, -0.7034663558006287, -0.1713976263999939, 0.536224365234375, -0.35124295949935913, -0.3723503649234772, -0.7028201818466187, 0.15656527876853943, 0.8619307279586792, -0.26497048139572144, 0.7873324155807495, 0.3494361937046051, 0.6820208430290222, 0.7468444108963013, 0.7404687404632568, -0.1815514713525772, -0.5724803805351257, 0.28385797142982483, 0.616537868976593, -0.47838926315307617, 0.040082238614559174, -0.5096387267112732, -0.7432153820991516, 0.22099535167217255, 0.5446135997772217, 0.1985120177268982, 0.20719954371452332, -0.05372796952724457, -0.7979515790939331, 0.06810030341148376, 0.46972668170928955, 0.35283520817756653, 0.8056505918502808, -0.4091252088546753, -0.4221735894680023, 0.8188062906265259, -0.36273908615112305, 0.09916136413812637, -0.6720138788223267, 0.20961910486221313, -0.2569260001182556, -0.44367778301239014, 0.557257890701294, -0.5691385269165039, 0.39664334058761597, 0.6084733009338379, -0.018595488741993904, 0.388569712638855, 0.644568681716919, 0.4425075650215149, 0.5594539642333984, 0.6035534143447876, -0.18899992108345032, -0.8533999919891357, -0.7781915664672852, -0.08909808099269867, 0.37559229135513306, -0.72527015209198, 0.5657297372817993, -0.40238213539123535, -0.29121434688568115, -0.3586626350879669, -0.4293844997882843, 0.03294919431209564, -0.4677957594394684, 0.5177842974662781, 0.3582475781440735, -0.5085134506225586, 0.2856827974319458, 0.6595204472541809, 0.5587292313575745, 0.33744052052497864, -0.8041946291923523, -0.7106658816337585, -0.043469253927469254, -0.8067499399185181, 0.040223781019449234, 0.07433120906352997, -0.5381736755371094, 0.1436503529548645, 0.4340708255767822, -0.48796308040618896, 0.47610142827033997, 0.019855216145515442, 0.549819827079773, -0.6586543321609497, -0.564598798751831, -0.8364723920822144, 0.24075356125831604, 0.6490845680236816, -0.2593417465686798, -0.44027000665664673, 0.03874471038579941, -0.6718900203704834, 0.28435516357421875, 0.22720207273960114, -0.554304838180542, -0.26851382851600647, 0.09853837639093399, 0.27019762992858887, -0.5406714677810669, -0.3120238482952118, -0.38225239515304565, -0.32839539647102356, 0.06448950618505478, -0.7957563400268555, 0.29613161087036133, -0.5463019609451294, -0.08495495468378067, 0.7992824912071228, -0.8190191984176636, 0.19623461365699768]
