tensor([[[ 2.2032e+00, -8.7893e-01, -4.7728e-01,  1.2524e-01, -9.3767e-02,
          -5.6107e-01,  1.5716e+00, -1.8624e+00],
         [ 1.1153e+00,  4.4852e-01, -1.6645e+00, -1.7033e-01,  1.3660e-01,
          -4.6396e-01, -1.8934e+00, -1.7583e+00],
         [-8.5935e-01,  1.6842e+00, -1.8806e+00, -5.0286e-02, -6.8621e-02,
           2.2268e-01,  9.5128e-01,  5.3828e-01],
         [ 1.0714e-01,  7.3345e-01, -8.9441e-01,  5.3557e-01,  2.7167e-01,
           4.1262e-01,  5.0472e-01,  1.2018e+00],
         [-3.0948e+00, -1.3231e+00, -2.7947e-01,  1.3078e+00,  3.0005e-01,
          -1.0050e-01, -4.0079e-01, -3.0149e-02],
         [-2.8350e+00, -7.3214e-01,  4.5269e-01, -7.5819e-01, -9.3625e-02,
           7.1220e-01,  4.4778e-01, -2.0583e-01],
         [ 1.2236e+00, -3.5861e-01, -1.1732e+00, -2.6074e-01, -1.1500e+00,
          -2.0664e+00,  9.4703e-02,  1.8164e+00],
         [ 8.5666e-01, -9.6180e-01,  2.4359e-01, -5.0791e-01, -5.2767e-01,
          -1.1479e-01, -4.1692e-01,  6.1710e-01],
         [-8.4063e-01, -5.2412e-01, -8.6713e-01, -5.2525e-01, -1.3205e+00,
          -1.1892e-01,  4.2027e-01, -5.9892e-01],
         [ 1.0666e+00,  1.0769e-01,  3.5301e-01, -1.3538e+00, -8.7144e-01,
          -1.0622e+00, -9.7075e-01, -8.4619e-01],
         [ 7.8678e-01,  6.0361e-01, -1.5461e-01, -1.1471e+00,  6.7783e-02,
          -1.1767e-01, -8.8238e-01, -1.0258e+00],
         [ 3.3645e-01,  2.3255e-02,  3.1058e-01,  7.3503e-01, -3.6469e-01,
           1.0705e+00, -5.7205e-01, -6.0090e-01],
         [-1.0238e-02, -7.5841e-02,  2.8679e+00,  5.0494e-01,  4.0703e-01,
          -1.4600e+00,  1.5782e-01, -3.2189e-01],
         [ 3.9455e-01,  2.4082e-01,  1.3561e+00,  3.3309e-01, -3.9941e-01,
          -1.2092e+00, -1.5368e+00,  2.5227e-01],
         [ 5.7780e-01,  2.8947e-03, -1.2130e+00, -4.2627e-01, -1.1172e+00,
          -1.9059e-01, -2.1883e-01,  1.8160e+00],
         [-3.7956e-01, -1.0811e+00,  4.8320e-02, -7.3088e-02,  3.9568e-01,
           2.3182e-01,  1.2285e+00, -2.6473e-01],
         [-8.7479e-01,  2.0874e-01, -4.4070e-01,  1.0829e+00,  5.3091e-01,
           8.6225e-01,  4.7531e-01, -6.7600e-01],
         [-1.1115e+00, -2.1666e+00, -2.4020e+00,  2.1089e-01, -4.3941e-01,
          -1.3746e+00, -1.9912e-01, -2.2807e-01],
         [ 3.2268e-01,  1.1564e+00, -1.8304e+00,  8.3908e-02,  8.2280e-01,
          -1.2844e+00, -6.5785e-01,  6.6903e-01],
         [ 1.5151e+00,  9.3932e-01,  3.4115e-01, -3.6382e-01, -1.3286e+00,
          -5.1935e-01,  1.3083e+00, -2.0554e-01],
         [-2.0930e-01,  1.0509e-01,  9.4593e-01, -3.5431e-01,  8.8329e-01,
          -3.0537e+00,  6.9762e-01, -2.5260e-01],
         [-5.8252e-01, -1.0074e+00, -4.9189e-01, -7.7750e-01, -1.2756e+00,
           1.1449e+00, -6.9152e-01,  5.3203e-01],
         [-1.1478e+00,  1.8317e+00,  2.3419e-01, -1.2568e+00,  1.5367e-01,
           2.8829e-02,  4.7194e-01,  1.3793e+00],
         [-2.9775e-01,  1.7052e-01, -9.3916e-01, -1.7338e-01, -1.7106e+00,
          -6.4372e-01, -3.2749e-01,  3.6917e-01],
         [-2.2097e-01,  4.1265e-01, -8.4138e-01,  4.6488e-01,  4.5360e-01,
           6.0842e-01,  9.4886e-01,  9.0259e-01],
         [ 1.0019e+00, -5.9535e-01, -2.3242e-01, -1.8683e+00, -4.6658e-01,
          -1.5466e+00, -2.3035e-01, -1.2481e+00],
         [-1.2641e+00, -7.9679e-01, -1.3196e+00, -8.6397e-01,  3.4710e-01,
           3.5529e-01,  3.0643e-01,  2.8354e-01],
         [ 9.2751e-01,  9.5038e-01, -1.3637e+00, -2.4180e-01, -1.1395e+00,
          -8.6567e-01, -1.0151e+00, -9.9457e-01],
         [ 8.8651e-01,  9.0547e-01,  2.2134e-01,  1.0845e+00, -2.6568e-01,
          -5.3588e-01,  4.8404e-01,  5.9467e-01],
         [-1.1500e+00,  9.5054e-01, -2.0116e-01, -6.6354e-01,  1.0971e+00,
           1.9773e+00, -2.1061e+00, -1.4822e+00],
         [ 5.4404e-01, -7.6759e-01, -2.1352e+00,  1.3330e+00, -8.4331e-01,
          -1.2748e+00, -1.3713e+00,  1.2755e+00],
         [ 1.9117e+00, -2.3319e-01,  4.7170e-01,  2.1603e-01, -5.8321e-01,
           4.7627e-01,  6.3946e-01, -4.8765e-01]]], device='cuda:4')