sample name: ['Cc1ccc2c(c1)C(=O)N(CCC(=O)NCC(C1CC1)C1CC1)C2=O']
atom_index,distance,cosine_similarity
0,0.3858795166015625,-0.054497336968779564
1,0.0541058349609375,-0.01700928434729576
2,-0.2283758544921875,0.01619713954627514
3,-0.8636859130859375,0.07491684406995773
4,-1.2952911376953125,0.1436023384332657
5,-0.044625244140625,-0.00606479499489069
6,0.3205511474609375,-0.05029407739639282
7,-0.17998779296875,0.028890678957104683
8,-0.452861328125,0.05220104962587357
9,-0.4110174560546875,0.049785098657011986
10,-0.276226806640625,0.03084454730153084
11,0.0475994873046875,-0.006220608577132225
12,-0.389027099609375,0.055266337990760805
13,-0.2703033447265625,0.03957187257707119
14,0.149573974609375,-0.01774686258286238
15,-4.404617919921875,0.6355651360936463
16,-0.674842529296875,0.07144217811524868
17,-1.04755859375,0.1195613082870841
18,-0.46008544921875,0.04854996845126152
19,0.005791015625,0.003961654528975487

Sum of phi values for distance
-10.035005493164062
Sum of phi values for cosine similarity
1.2185231877677145
Average distance random samples:
7.113013738632202
Average cosine similarity random samples:
0.6108309022895991
Distances random samples
[4.145296573638916, 7.561577796936035, 7.0130767822265625, 7.1042256355285645, 5.929666519165039, 6.879033088684082, 5.210024833679199, 3.978944778442383, 6.05246639251709, 3.558652639389038, 3.868194818496704, 6.572214603424072, 4.495357036590576, 7.074979305267334, 5.496084690093994, 6.005051136016846, 6.74416971206665, 6.886957168579102, 6.419300556182861, 6.455288887023926, 5.693901062011719, 5.195849418640137, 7.049854278564453, 7.033820152282715, 6.509778022766113, 5.033797740936279, 4.579068183898926, 7.618797302246094, 6.7744598388671875, 5.8254547119140625, 5.290553092956543, 7.096251964569092, 6.249948501586914, 7.10930061340332, 5.748639106750488, 6.617929458618164, 7.2233567237854, 7.214929580688477, 6.987283706665039, 5.181341648101807, 7.219554901123047, 3.7811031341552734, 7.714738368988037, 6.259555816650391, 9.809837341308594, 10.122394561767578, 4.834617614746094, 7.929247856140137, 4.0344367027282715, 6.412264823913574, 5.9989914894104, 3.930129051208496, 6.435675621032715, 6.180201530456543, 6.977119445800781, 5.904414653778076, 4.8365607261657715, 4.691326141357422, 4.7353057861328125, 5.307689666748047, 7.1216301918029785, 4.6962738037109375, 4.220341682434082, 7.364686489105225, 5.999688625335693, 5.44519567489624, 6.819157600402832, 6.64141321182251, 8.04221248626709, 6.930417537689209, 6.499801158905029, 11.099749565124512, 6.531285762786865, 6.01092529296875, 6.925177097320557, 5.084474563598633, 6.019381046295166, 6.957469940185547, 6.676380634307861, 3.605992555618286, 6.1291422843933105, 5.980124473571777, 6.838772773742676, 9.789501190185547, 4.837528228759766, 6.51796817779541, 7.827017307281494, 7.450952529907227, 5.152098178863525, 4.017580986022949, 5.655958652496338, 6.978269577026367, 11.196162223815918, 5.758965969085693, 6.110470771789551, 5.382214546203613, 6.958820343017578, 6.913735866546631, 6.5365166664123535, 4.183241367340088, 6.461925029754639, 6.6186699867248535, 6.4311017990112305, 7.5812578201293945, 6.229485988616943, 11.654088020324707, 6.916640281677246, 6.973220348358154, 4.678802013397217, 6.34312105178833, 10.111808776855469, 12.278044700622559, 5.412207126617432, 3.83675479888916, 3.8746707439422607, 6.555095672607422, 7.25228214263916, 5.770441055297852, 6.930327892303467, 8.536588668823242, 6.9438910484313965, 11.858742713928223, 5.31398344039917, 4.8916473388671875, 6.1234283447265625, 6.254040241241455, 5.939307689666748, 6.2932281494140625, 5.81307315826416, 10.038641929626465, 3.085667371749878, 7.336278915405273, 11.426532745361328, 6.49253511428833, 6.960069179534912, 4.278158187866211, 6.851733207702637, 7.015992164611816, 5.7966389656066895, 5.912426471710205, 3.7548937797546387, 5.189442157745361, 11.679438591003418, 6.650837421417236, 7.809189319610596, 5.871032238006592, 6.301538467407227, 6.073098182678223, 7.244424819946289, 7.250027179718018, 7.161750793457031, 6.5858893394470215, 5.310515880584717, 6.754371166229248, 5.812192440032959, 6.634158134460449, 6.240842819213867, 5.697981834411621, 5.42275333404541, 7.419157028198242, 7.159359931945801, 5.451884746551514, 5.308511734008789, 6.851884365081787, 10.64944076538086, 6.212520122528076, 5.476196765899658, 5.328123569488525, 7.265946388244629, 5.050291061401367, 4.813389301300049, 7.4316534996032715, 7.774844169616699, 6.7721638679504395, 6.511279582977295, 5.802635192871094, 5.327898025512695, 8.177580833435059, 7.214847087860107, 9.123712539672852, 7.3731465339660645, 6.803299427032471, 7.303998947143555, 10.64738941192627, 4.673673152923584, 7.683083534240723, 4.771994113922119, 3.9172208309173584, 4.475257873535156, 5.755304336547852, 7.351861000061035, 5.671678066253662, 7.338399887084961, 6.400123119354248, 6.733262062072754, 5.384603977203369, 6.572343349456787, 13.297054290771484, 6.534010887145996, 7.480465412139893, 7.149126052856445, 6.345298767089844, 6.500559329986572, 6.096152305603027, 6.884092807769775, 6.289748668670654, 7.366445541381836, 7.732298374176025, 7.463274002075195, 7.811232089996338, 5.940507411956787, 6.604069709777832, 5.702815532684326, 6.7721171379089355, 8.59849739074707, 7.971701622009277, 6.125728607177734, 8.40379810333252, 7.741367340087891, 7.397024154663086, 6.074287414550781, 5.56552267074585, 5.71798038482666, 6.247679710388184, 7.946132659912109, 8.176851272583008, 6.800756454467773, 7.373147010803223, 6.44964599609375, 12.281943321228027, 5.047436714172363, 8.703232765197754, 7.507741451263428, 5.8383893966674805, 7.646762847900391, 5.9931864738464355, 4.386807441711426, 7.399206161499023, 4.58798360824585, 7.283077716827393, 5.816155910491943, 6.708494663238525, 9.032964706420898, 5.6164679527282715, 6.954559326171875, 6.247939586639404, 6.2313008308410645, 8.229637145996094, 5.928395748138428, 6.430306911468506, 6.9577956199646, 6.475576877593994, 7.222723484039307, 7.431488513946533, 7.598184585571289, 11.722294807434082, 8.713529586791992, 5.868632793426514, 6.747262001037598, 7.54041862487793, 8.916223526000977, 7.589406490325928, 11.535493850708008, 6.9980363845825195, 6.692417621612549, 6.2545270919799805, 5.827422142028809, 9.261751174926758, 5.560001850128174, 8.306684494018555, 4.276356220245361, 6.185521602630615, 7.375782489776611, 7.910903453826904, 6.619987964630127, 10.445605278015137, 6.568797588348389, 6.950372695922852, 7.615015506744385, 7.273165702819824, 6.21518611907959, 7.422942638397217, 7.770975112915039, 10.889723777770996, 6.172255516052246, 6.752231597900391, 10.854687690734863, 7.423061370849609, 6.888545036315918, 6.200303554534912, 4.115916728973389, 7.012972831726074, 6.688955783843994, 4.932565689086914, 7.283068656921387, 6.928420543670654, 4.633574485778809, 7.239290237426758, 5.947865962982178, 8.09634017944336, 7.040679931640625, 7.0634846687316895, 7.028794765472412, 6.3409528732299805, 7.689580917358398, 5.585409164428711, 7.3596272468566895, 7.601531982421875, 5.846632480621338, 7.14778470993042, 7.7064595222473145, 7.059055805206299, 6.565736293792725, 6.252610683441162, 8.755620002746582, 6.469435214996338, 6.6451005935668945, 5.628322124481201, 6.1381096839904785, 6.95611572265625, 5.281344890594482, 7.7865729331970215, 6.349967002868652, 8.410816192626953, 6.0845818519592285, 7.010959625244141, 6.837730884552002, 6.8234782218933105, 7.003952503204346, 7.699012279510498, 6.254873752593994, 7.835275173187256, 7.736239910125732, 7.539373397827148, 6.595828056335449, 6.6276750564575195, 11.958208084106445, 7.135130882263184, 6.752288818359375, 7.018731117248535, 7.217479705810547, 7.626554012298584, 7.094403266906738, 6.606509208679199, 8.487788200378418, 10.35922908782959, 7.564690113067627, 7.6946001052856445, 7.461947441101074, 6.474512100219727, 10.86449909210205, 6.980719089508057, 7.8197855949401855, 8.41180419921875, 7.577579975128174, 10.998688697814941, 6.459039211273193, 7.82422399520874, 5.780627250671387, 11.214221954345703, 6.336187362670898, 7.53555965423584, 6.626522541046143, 5.16340970993042, 7.945183277130127, 7.943907737731934, 6.673240661621094, 3.8500211238861084, 8.21159839630127, 7.429636478424072, 6.638833999633789, 5.546189308166504, 6.817796230316162, 6.209357261657715, 7.1434125900268555, 6.293102264404297, 10.014934539794922, 10.906852722167969, 7.829545497894287, 11.034780502319336, 7.061751842498779, 7.4814839363098145, 6.588289737701416, 6.268553256988525, 6.855720043182373, 7.539879322052002, 6.545369625091553, 6.553804874420166, 7.617999076843262, 6.123774528503418, 6.705429553985596, 5.5827436447143555, 6.6499834060668945, 7.4752197265625, 7.688531398773193, 6.77767276763916, 7.172632694244385, 6.082635402679443, 11.128446578979492, 6.4163408279418945, 7.6592206954956055, 12.058378219604492, 8.64215087890625, 7.8894362449646, 5.753556251525879, 8.471220016479492, 7.494733810424805, 7.892817974090576, 13.117591857910156, 6.841235160827637, 7.7130818367004395, 9.530165672302246, 7.415136337280273, 5.470776557922363, 8.079293251037598, 10.380776405334473, 5.1844611167907715, 7.94348669052124, 6.918427467346191, 6.383259296417236, 7.992097854614258, 7.029917240142822, 8.681236267089844, 6.631580829620361, 6.970926761627197, 8.91663932800293, 6.802768230438232, 6.401793003082275, 5.15322208404541, 8.408051490783691, 5.458446502685547, 6.103947639465332, 5.140762805938721, 4.77266788482666, 7.01386022567749, 7.809792518615723, 5.009435176849365, 3.9575579166412354, 7.90769100189209, 8.645513534545898, 12.653141021728516, 8.018826484680176, 8.915657043457031, 8.020315170288086, 5.558199882507324, 6.746344566345215, 13.261037826538086, 8.457623481750488, 8.174986839294434, 11.925975799560547, 7.324900150299072, 6.248775005340576, 10.23663330078125, 8.066018104553223, 7.544448375701904, 8.692458152770996, 6.613402366638184, 12.008673667907715, 4.78900671005249, 7.763263702392578, 9.209571838378906, 6.931553363800049, 7.155763149261475, 7.872549533843994, 4.711556434631348, 9.44045352935791, 6.953701019287109, 8.255388259887695, 6.968956470489502, 5.231790065765381, 7.895389080047607, 7.620114326477051, 7.621673583984375, 11.622312545776367, 8.625194549560547, 10.933555603027344, 8.371315956115723, 5.74761438369751, 6.896493911743164, 7.960475444793701, 6.300772666931152, 8.185677528381348, 8.184317588806152, 7.8025007247924805, 7.8668036460876465, 7.849430561065674, 8.047473907470703, 8.204185485839844, 7.672501087188721, 8.10178279876709, 6.810605525970459, 5.914058685302734, 7.035400390625, 7.487599849700928, 7.9761762619018555, 7.659237861633301, 7.327927112579346, 7.654110431671143, 6.341464519500732, 7.2749762535095215, 5.464524745941162, 5.602374076843262, 6.0675153732299805, 4.425294399261475, 10.517674446105957, 7.472568988800049, 4.862757682800293, 7.081366062164307, 4.465755462646484, 10.187313079833984, 4.564905643463135, 7.177933692932129, 6.910653114318848, 5.6448073387146, 7.215982913970947, 8.571137428283691, 11.825187683105469, 7.346536636352539, 4.9982008934021, 6.2361602783203125, 10.409963607788086, 10.06818675994873, 5.238776683807373, 5.725986957550049, 6.523172855377197, 6.191503047943115, 5.511281490325928, 11.48415470123291, 7.801817893981934, 6.125282287597656, 7.997836589813232, 7.727049350738525, 6.4690260887146, 5.186614513397217, 5.5185322761535645, 7.0218915939331055, 4.210923671722412, 5.805418968200684, 4.1876749992370605, 5.068292617797852, 6.514142036437988, 5.780678749084473, 4.004662036895752, 6.559344291687012, 6.12930154800415, 8.068350791931152, 6.726056098937988, 7.1893792152404785, 8.03006649017334, 3.31172513961792, 6.422011852264404, 5.627841472625732, 5.222286701202393, 5.407993793487549, 5.136446952819824, 6.052172660827637, 10.734766006469727, 7.955421447753906, 6.984702110290527, 6.707747459411621, 5.3101911544799805, 6.215415954589844, 6.543579578399658, 5.910372257232666, 5.2491302490234375, 5.592154026031494, 4.722638130187988, 7.7753520011901855, 7.1807756423950195, 7.335033893585205, 4.99403190612793, 5.218747138977051, 5.550302982330322, 7.283354759216309, 6.516434669494629, 6.8157477378845215, 7.023816108703613, 7.318587303161621, 5.909486770629883, 5.71592378616333, 6.162724018096924, 6.56022834777832, 7.074542999267578, 6.742994785308838, 6.534412384033203, 11.54592514038086, 5.836132526397705, 7.160060882568359, 7.083135604858398, 6.300675392150879, 4.54743766784668, 4.532546043395996, 5.783665180206299, 7.151834964752197, 6.953473091125488, 7.375646591186523, 9.239629745483398, 3.7656095027923584, 6.250062465667725, 6.662766933441162, 8.216747283935547, 5.806004524230957, 6.177436351776123, 7.0799641609191895, 7.080295085906982, 5.531548023223877, 5.415696620941162, 6.967339038848877, 7.886706352233887, 6.435772895812988, 6.469019889831543, 5.287872314453125, 10.03988265991211, 6.4129462242126465, 6.402941703796387, 6.485901355743408, 4.7182440757751465, 7.069972991943359, 6.723470687866211, 4.431742191314697, 7.127612113952637, 6.805558204650879, 5.442526817321777, 6.648472309112549, 7.207592010498047, 5.4556803703308105, 7.290652275085449, 5.500916957855225, 8.644074440002441, 4.031631946563721, 5.693652629852295, 5.024172782897949, 3.7133593559265137, 5.039766311645508, 3.7476186752319336, 4.626620769500732, 10.753303527832031, 6.130084037780762, 6.134552478790283, 5.8814921379089355, 6.568004608154297, 5.297168731689453, 6.249537467956543, 6.340634822845459, 6.244466781616211, 5.275701999664307, 8.26113510131836, 5.8463215827941895, 7.23743200302124, 6.768360614776611, 5.248210906982422, 6.336066722869873, 4.998905658721924, 6.0368523597717285, 5.884643077850342, 5.6082916259765625, 7.6740899085998535, 6.679841041564941, 6.909959316253662, 7.872876167297363, 6.715463161468506, 4.558770656585693, 4.893823623657227, 8.750325202941895, 5.434960842132568, 5.2832865715026855, 6.2285590171813965, 6.64687967300415, 6.645317077636719, 5.3600239753723145, 6.398319721221924, 6.545894145965576, 4.384265422821045, 5.6956682205200195, 6.04435396194458, 6.741559028625488, 7.648370265960693, 5.689176082611084, 7.093626499176025, 6.090809345245361, 6.959654808044434, 5.323927879333496, 6.769946098327637, 7.222406387329102, 5.7043986320495605, 4.693490028381348, 4.390613555908203, 8.050788879394531, 6.930595874786377, 7.513023853302002, 7.577793598175049, 6.588995933532715, 7.165539741516113, 5.826215744018555, 5.586524963378906, 6.756425857543945, 4.381041526794434, 5.0515055656433105, 6.2753472328186035, 5.474762439727783, 6.406896114349365, 6.922079563140869, 5.847949981689453, 6.540722370147705, 6.050090789794922, 6.593502998352051, 6.741036415100098, 7.627618312835693, 6.561298847198486, 8.727083206176758, 6.963680744171143, 6.428614139556885, 6.341546535491943, 6.227941989898682, 11.849865913391113, 7.708987712860107, 4.553114414215088, 9.259089469909668, 8.00942325592041, 4.718118667602539, 7.3970136642456055, 5.912441730499268, 7.235004901885986, 6.172344207763672, 6.935476303100586, 8.00928783416748, 11.451026916503906, 4.577413558959961, 4.863086700439453, 6.678762912750244, 6.40812873840332, 6.622480869293213, 5.7151665687561035, 5.904111385345459, 5.0160136222839355, 6.704532623291016, 4.742109298706055, 9.694422721862793, 7.590324401855469, 7.0950541496276855, 7.819028377532959, 8.310352325439453, 6.552575588226318, 6.258456707000732, 6.1262054443359375, 5.33637809753418, 5.272314548492432, 6.863344192504883, 8.815394401550293, 11.569441795349121, 11.557887077331543, 5.434473514556885, 12.440235137939453, 6.857854843139648, 12.600812911987305, 7.732513904571533, 5.920981407165527, 5.966598033905029, 6.5556321144104, 8.791205406188965, 5.049759387969971, 11.767892837524414, 5.291817665100098, 12.698982238769531, 7.867337703704834, 4.458998203277588, 8.750909805297852, 7.582746982574463, 7.563864707946777, 11.635723114013672, 5.414187431335449, 5.430103302001953, 11.632001876831055, 5.0011115074157715, 4.2494001388549805, 5.312910079956055, 5.949734687805176, 6.507602691650391, 8.459813117980957, 6.065789222717285, 8.384060859680176, 12.088128089904785, 6.4866557121276855, 4.918376445770264, 6.770866870880127, 5.961315631866455, 8.88084888458252, 6.379441261291504, 6.662620544433594, 6.548648357391357, 7.343453884124756, 8.452306747436523, 11.958138465881348, 9.762547492980957, 4.841407775878906, 8.401213645935059, 8.344437599182129, 5.090668201446533, 7.764354228973389, 6.103638648986816, 6.074759483337402, 7.398366451263428, 7.664163112640381, 4.712059497833252, 6.432705879211426, 9.152740478515625, 6.604050636291504, 7.437621593475342, 5.210150718688965, 6.177471160888672, 6.861385822296143, 7.411795616149902, 5.474027633666992, 6.4304585456848145, 5.888969421386719, 13.57837200164795, 8.279683113098145, 5.90180778503418, 5.392679691314697, 5.125470161437988, 4.857194900512695, 5.716816425323486, 7.786952972412109, 5.302218914031982, 5.9261088371276855, 5.499100685119629, 5.7501139640808105, 7.0375871658325195, 9.167409896850586, 6.9784016609191895, 5.036840438842773, 7.588899612426758, 5.083347320556641, 11.777464866638184, 5.418859958648682, 4.646348476409912, 10.705402374267578, 5.402878761291504, 3.7745447158813477, 4.938836097717285, 9.866304397583008, 6.216843605041504, 5.023766994476318, 7.708852291107178, 6.413023471832275, 5.146806240081787, 5.0386505126953125, 6.626132965087891, 6.48325777053833, 4.79133939743042, 7.852446556091309, 6.777400970458984, 6.562434673309326, 5.886286735534668, 6.6529974937438965, 6.238940715789795, 8.427970886230469, 10.12333869934082, 5.932912826538086, 13.157504081726074, 6.306541442871094, 6.637122631072998, 7.176590919494629, 6.810269832611084, 7.489758491516113, 5.5843987464904785, 7.313055515289307, 6.55137300491333, 7.635445594787598, 11.441910743713379, 5.176547050476074, 7.480790138244629, 6.6718316078186035, 6.293479919433594, 9.050458908081055, 6.010707855224609, 6.280250072479248, 6.7729668617248535, 7.971349716186523, 6.576289176940918, 8.326130867004395, 10.219786643981934, 6.927788257598877, 7.207409381866455, 8.975510597229004, 5.3112897872924805, 5.545897960662842, 6.04193639755249, 5.681222438812256, 6.916089057922363, 5.82664680480957, 6.173656463623047, 5.2551164627075195, 7.6417107582092285, 6.581894874572754, 6.982325553894043, 8.719929695129395, 9.457951545715332, 7.988585472106934, 4.178824424743652, 6.4231672286987305, 6.866616249084473, 8.1197509765625, 6.800415515899658, 7.744602680206299, 6.348305702209473, 9.234498977661133, 7.695205211639404, 7.551732063293457, 5.031273365020752, 5.509562015533447, 7.197906970977783, 5.199336528778076, 6.135109901428223, 8.953409194946289, 4.091670989990234, 5.375372886657715, 5.962088584899902, 6.3008222579956055, 5.745735168457031, 6.631340026855469, 4.848302364349365, 5.912782192230225, 4.918345928192139, 6.838734149932861, 7.463264465332031, 5.138702392578125, 5.732641696929932, 6.02135705947876, 7.530303478240967, 6.332594871520996, 5.443000793457031, 5.057464122772217, 7.169227123260498, 7.590553283691406, 12.455674171447754, 7.057291030883789, 6.418556213378906, 6.813021183013916, 7.413522243499756, 6.342316150665283, 6.678544044494629, 8.258073806762695, 4.593461513519287, 10.03056526184082, 5.18469762802124, 5.9861159324646, 6.839066028594971, 7.714273929595947, 10.69012451171875, 5.191156387329102, 5.651780128479004, 5.792713165283203, 8.271662712097168, 5.196981430053711, 6.409765243530273, 6.8576483726501465, 5.054234504699707, 4.252102375030518, 4.09000301361084, 8.546472549438477, 5.348199367523193, 6.321238994598389, 5.844876766204834, 6.171365261077881, 6.444577217102051, 6.75396203994751, 7.048053741455078, 7.069190502166748, 4.9661545753479, 6.484878063201904, 5.971228122711182, 12.465993881225586, 6.659533500671387, 6.633294582366943, 5.911616802215576, 4.312901020050049, 5.687913417816162, 5.9727463722229, 7.895896911621094, 6.011041641235352, 8.820265769958496, 7.251014232635498, 6.810643672943115, 6.27072811126709, 8.262331008911133, 6.5562896728515625, 4.4444475173950195, 4.311775207519531, 6.913713455200195, 6.604886531829834, 4.772768974304199, 7.104497909545898, 6.015209197998047, 5.792301177978516, 8.76774787902832, 9.688674926757812, 10.768190383911133, 4.561050891876221, 4.948989391326904, 3.3012988567352295, 5.391274929046631, 8.048481941223145, 11.339557647705078, 6.584183692932129, 7.172842025756836, 7.2226996421813965, 6.8304619789123535, 12.372467994689941, 6.413960933685303, 6.567676544189453, 6.953622817993164, 5.016948699951172, 4.657583713531494, 8.29272174835205, 6.983550071716309, 5.662679195404053, 7.448818206787109, 8.240389823913574, 4.800570487976074, 7.029196262359619, 6.160921096801758, 4.416348934173584, 9.197591781616211, 6.8484206199646, 9.944198608398438, 5.4302825927734375, 7.529156684875488, 6.5663628578186035, 7.8270697593688965, 6.808259010314941, 7.180237770080566, 4.845151424407959, 6.441778659820557, 7.824019432067871, 4.6571807861328125, 5.5253167152404785, 7.345674514770508, 11.610452651977539, 8.734801292419434, 11.30106258392334, 5.527773857116699, 5.88611364364624, 10.74438762664795, 6.132038593292236, 7.361640930175781, 5.986133098602295, 7.607054710388184, 6.2040863037109375, 7.015730857849121, 7.789966106414795, 5.238624572753906, 6.502094268798828, 5.747762680053711, 8.136187553405762, 7.524797439575195, 7.152276515960693, 6.833694934844971, 13.355335235595703, 4.098120212554932, 8.359302520751953, 6.704841613769531, 5.857551574707031, 5.203111171722412, 8.019265174865723, 8.523425102233887, 7.56267786026001, 8.176138877868652, 8.570497512817383, 6.838327884674072, 8.250316619873047, 4.319739818572998, 6.112337112426758, 7.49876594543457, 6.151505470275879, 7.03571891784668, 7.222700119018555, 6.149035453796387, 5.793951988220215, 5.988257884979248, 8.209266662597656, 7.1684770584106445, 6.506941795349121, 4.692242622375488, 5.795795917510986, 4.909124851226807, 7.361917495727539, 4.4844584465026855, 6.578453540802002, 5.263755798339844, 11.200196266174316, 4.865330696105957, 5.845363616943359, 9.820423126220703, 8.916376113891602, 7.668015956878662, 7.686089038848877, 5.347906112670898, 5.999557971954346, 7.3470869064331055, 7.345168113708496, 6.694420337677002, 8.363073348999023, 5.832422733306885, 7.236939430236816, 7.261848449707031, 6.654936790466309, 7.554449558258057, 8.509431838989258, 10.034578323364258, 5.329665184020996, 4.915051460266113, 10.793745994567871, 10.380548477172852, 8.1751708984375, 6.433056354522705, 6.466594696044922, 5.153122425079346, 3.879244089126587, 7.1577935218811035, 7.889187335968018, 5.622264385223389, 4.613457679748535, 6.682567119598389, 6.512643337249756, 5.900408744812012, 6.773088455200195, 5.212277889251709, 6.631420135498047, 6.596897602081299, 7.053169250488281, 6.6441969871521, 7.468194961547852, 7.053137302398682, 5.46469783782959, 5.7721734046936035, 8.789761543273926, 6.780511856079102, 6.875174045562744, 7.196159362792969, 7.220321178436279, 7.4476823806762695, 4.447883605957031, 14.44253921508789, 5.457274436950684, 7.239234447479248, 7.217004299163818, 7.933457851409912, 4.79643440246582, 5.878927230834961, 6.917753219604492, 7.687651634216309, 7.392051696777344, 10.079723358154297, 6.424130439758301, 7.921264171600342, 4.727557182312012, 6.7520246505737305, 10.624015808105469, 7.030172824859619, 8.0398588180542, 6.899718284606934, 5.8981757164001465, 8.053346633911133, 5.544228553771973, 5.415861129760742, 6.676119327545166, 5.816633701324463, 7.641041278839111, 6.831722259521484, 7.169119358062744, 6.260879993438721, 8.036112785339355, 6.677290916442871, 5.528275966644287, 8.38284683227539, 4.395966529846191, 10.080314636230469, 8.656180381774902, 6.617037773132324, 9.268523216247559, 7.818223476409912, 6.043056011199951, 3.3717215061187744, 6.691401958465576, 7.920572280883789, 7.820481300354004, 8.999113082885742, 4.7118048667907715, 7.439367771148682, 6.737626075744629, 7.473161697387695, 7.479833126068115, 8.433087348937988, 9.208135604858398, 11.874483108520508, 6.145442008972168, 6.968057632446289, 6.7390313148498535, 6.3428521156311035, 6.29929780960083, 6.612214088439941, 6.434388637542725, 5.864273548126221, 4.846290588378906, 6.469026565551758, 7.085683345794678, 7.836160182952881, 6.3780694007873535, 6.4812798500061035, 5.011947154998779, 7.888319969177246, 6.719728946685791, 8.226996421813965, 4.999007701873779, 6.122424602508545, 6.123779296875, 8.886848449707031, 8.553750038146973, 5.785768032073975, 7.4341301918029785, 5.309479236602783, 7.0565266609191895, 6.968503952026367, 5.468079090118408, 6.537278652191162, 7.846126556396484, 5.327299118041992, 5.867035388946533, 8.220728874206543, 10.750823020935059, 6.085413455963135, 6.933208465576172, 6.34421968460083, 6.551702499389648, 8.224139213562012, 7.678755760192871, 6.596803665161133, 6.881412029266357, 8.487774848937988, 7.0163493156433105, 8.352544784545898, 5.369622707366943, 8.996400833129883, 8.416986465454102, 6.7758870124816895, 8.571697235107422, 4.803212642669678, 7.430964469909668, 8.581524848937988, 5.594143390655518, 7.268440246582031, 5.657633304595947, 5.592156887054443, 6.135283470153809, 6.065269947052002, 6.628627777099609, 7.466811180114746, 7.337274074554443, 4.818251609802246, 6.90470552444458, 7.062752723693848, 5.465648651123047, 7.248959064483643, 4.736599922180176, 5.449347496032715, 8.02801513671875, 5.153296947479248, 6.783869743347168, 5.777931213378906, 5.700244426727295, 10.572610855102539, 5.394421577453613, 6.577755451202393, 7.6993088722229, 7.87446928024292, 6.932161331176758, 5.346503257751465, 4.724867820739746, 6.706463813781738, 10.719263076782227, 6.04484748840332, 5.280304431915283, 8.122097969055176, 6.1181321144104, 5.158605575561523, 7.044957160949707, 7.413878440856934, 6.840424060821533, 8.121920585632324, 5.7863545417785645, 8.726318359375, 5.994953155517578, 5.718840599060059, 11.059882164001465, 7.4508819580078125, 8.11395263671875, 10.985735893249512, 6.927436828613281, 8.079784393310547, 7.551845073699951, 4.804529666900635, 7.1060004234313965, 4.802002906799316, 5.058779239654541, 6.259096145629883, 6.592164516448975, 8.4970121383667, 6.35183048248291, 6.730423927307129, 5.8542704582214355, 5.4342041015625, 6.958532333374023, 10.868732452392578, 5.66499662399292, 5.854020118713379, 6.000397205352783, 6.415853977203369, 7.086223602294922, 8.884908676147461, 6.024972915649414, 6.079130172729492, 6.8537726402282715, 6.654098033905029, 7.705787181854248, 9.055438041687012, 5.1036458015441895, 5.552914142608643, 5.66912841796875, 8.284573554992676, 7.260504722595215, 7.737925052642822, 9.71064567565918, 5.697058200836182, 11.5570068359375, 4.867285251617432, 8.134134292602539, 6.926964282989502, 5.027660846710205, 10.545570373535156, 6.2598395347595215, 6.813555717468262, 9.315792083740234, 5.949840068817139, 6.560560703277588, 5.90491247177124, 5.2550129890441895, 8.285202026367188, 3.92454195022583, 12.680403709411621, 6.563019275665283, 7.36991548538208, 6.079158306121826, 6.616791248321533, 6.494756698608398, 8.486631393432617, 12.818951606750488, 6.3622612953186035, 6.170194625854492, 11.244915962219238, 8.628243446350098, 6.21871280670166, 5.446293354034424, 6.1089701652526855, 5.7938127517700195, 8.164471626281738, 7.516902446746826, 8.05813980102539, 8.60650634765625, 6.779659271240234, 7.371443748474121, 6.879050254821777, 11.225288391113281, 8.463113784790039, 5.019183158874512, 4.438193321228027, 8.598434448242188, 6.345325469970703, 6.620296478271484, 7.785865306854248, 5.2555131912231445, 11.745563507080078, 6.054653644561768, 5.361753463745117, 12.510687828063965, 6.1704630851745605, 7.221446514129639, 7.8035078048706055, 7.310523509979248, 10.730133056640625, 8.541204452514648, 7.737084865570068, 7.9921674728393555, 7.369974136352539, 4.608194828033447, 5.854328155517578, 6.831446647644043, 6.2816081047058105, 6.005666255950928, 7.6522536277771, 6.629837512969971, 4.451687335968018, 6.179709434509277, 6.30698823928833, 8.219966888427734, 7.211702823638916, 4.357170104980469, 10.361724853515625, 7.01339864730835, 9.814937591552734, 6.952756404876709, 6.28215217590332, 7.543071269989014, 7.602355003356934, 4.219473361968994, 6.941575050354004, 5.644199848175049, 6.964735984802246, 8.136988639831543, 9.878968238830566, 6.311595439910889, 9.671700477600098, 7.7333455085754395, 5.606441974639893, 6.392530918121338, 10.764862060546875, 6.901312351226807, 6.338710784912109, 4.880962371826172, 4.644279956817627, 5.898859024047852, 9.000385284423828, 7.549930095672607, 7.438726902008057, 5.529662132263184, 5.231825351715088, 8.090533256530762, 6.668781757354736, 6.416308403015137, 4.077922821044922, 5.173337936401367, 7.153454780578613, 7.270592212677002, 6.315564155578613, 6.071208477020264, 6.527705669403076, 4.184561729431152, 4.662889003753662, 7.2985711097717285, 6.275264263153076, 4.808933258056641, 6.625699043273926, 5.49495792388916, 4.245203495025635, 7.024507522583008, 9.12581729888916, 7.371044158935547, 10.14220905303955, 5.319775581359863, 4.877020835876465, 6.441163063049316, 4.820712566375732, 5.858184337615967, 7.147278308868408, 4.640278339385986, 4.971324920654297, 5.884810447692871, 10.25655460357666, 7.577234745025635, 10.945514678955078, 6.5756659507751465, 10.59172534942627, 5.784120082855225, 6.308300971984863, 8.342262268066406, 4.611729621887207, 7.824850559234619, 8.225192070007324, 9.531343460083008, 10.956047058105469, 6.1948161125183105, 6.122797012329102, 15.569707870483398, 6.8365983963012695, 6.128300666809082, 5.644207000732422, 5.599356651306152, 6.829854965209961, 6.292231559753418, 6.834445476531982, 7.772552967071533, 7.828125953674316, 6.74776554107666, 6.00025749206543, 4.3451409339904785, 5.937819957733154, 6.856639385223389, 7.932239532470703, 5.406307697296143, 7.9863505363464355, 11.785484313964844, 10.83682632446289, 6.813835144042969, 11.399421691894531, 11.721149444580078, 10.364645957946777, 10.731053352355957, 9.704118728637695, 10.735597610473633, 11.699538230895996, 10.591554641723633, 8.918375968933105, 8.880577087402344, 10.948512077331543, 9.296525001525879, 3.852120876312256, 10.925942420959473, 11.621855735778809, 9.926484107971191, 7.605468273162842, 10.825640678405762, 10.56943416595459, 9.08039665222168, 10.894254684448242, 5.22698450088501, 10.68609619140625, 8.485879898071289, 6.106822967529297, 6.395947456359863, 12.544225692749023, 7.603271007537842, 11.198272705078125, 6.586819171905518, 10.430469512939453, 7.629532814025879, 11.662306785583496, 11.025477409362793, 12.21290111541748, 5.552125453948975, 11.01877212524414, 8.936259269714355, 10.625405311584473, 10.619965553283691, 11.342132568359375, 5.401116847991943, 8.266890525817871, 9.377846717834473, 6.678110599517822, 6.202564239501953, 4.5322184562683105, 11.452306747436523, 6.305631160736084, 11.582672119140625, 5.601029396057129, 11.833312034606934, 8.28382682800293, 11.112592697143555, 10.024300575256348, 11.250622749328613, 11.57689094543457, 9.62450122833252, 6.577658176422119, 10.197332382202148, 6.145818710327148, 12.37838363647461, 12.461645126342773, 11.758100509643555, 7.119755268096924, 9.252119064331055, 10.95775032043457, 10.932584762573242, 6.148277759552002, 9.090470314025879, 10.807511329650879, 9.816052436828613, 11.253292083740234, 7.698667049407959, 8.003408432006836, 11.413104057312012, 6.0407586097717285, 9.660496711730957, 11.8023042678833, 7.1339311599731445, 11.32641315460205, 8.126667022705078, 11.20905590057373, 10.4036226272583, 10.234587669372559, 10.871796607971191, 8.087383270263672, 7.38932991027832, 10.321330070495605, 10.083381652832031, 9.850937843322754, 11.723487854003906, 10.679798126220703, 11.022966384887695, 6.040142059326172, 9.350473403930664, 10.274426460266113, 7.580095291137695, 3.5517776012420654, 7.733451843261719, 7.8545308113098145, 7.969101905822754, 9.971532821655273, 7.233275890350342, 7.17959451675415, 7.023373603820801, 7.429037094116211, 6.25774621963501, 6.630549907684326, 4.9954400062561035, 5.869063854217529, 4.147570610046387, 5.81916618347168, 7.548964023590088, 7.556469917297363, 7.778775215148926, 9.08687973022461, 9.204856872558594, 11.352773666381836, 5.444612979888916, 6.114650249481201, 6.273377895355225, 8.655263900756836, 6.172447204589844, 7.157743453979492, 9.144940376281738, 9.730915069580078, 7.200378894805908, 8.109270095825195, 6.215763568878174, 6.480224609375, 4.208357334136963, 11.873064994812012, 7.082079887390137, 7.318919658660889, 6.570985794067383, 7.485049724578857, 6.532375335693359, 9.794371604919434, 9.14363956451416, 7.4061970710754395, 7.712624549865723, 8.368481636047363, 8.916513442993164, 7.394974231719971, 6.9727301597595215, 6.424324989318848, 6.505725860595703, 8.73869800567627, 7.777731895446777, 9.635651588439941, 7.017504692077637, 8.204241752624512, 6.356716632843018, 6.908276081085205, 4.84796142578125, 10.119054794311523, 7.3689446449279785, 9.21778392791748, 6.393248081207275, 8.307008743286133, 8.304669380187988, 9.577370643615723, 8.432641983032227, 8.58127498626709, 6.680417537689209, 8.946822166442871, 7.011529922485352, 6.424684047698975, 6.899561405181885, 5.390600204467773, 7.549525260925293, 6.475397109985352, 7.07986307144165, 6.792234420776367, 11.586588859558105, 8.497867584228516, 5.618616104125977, 6.323866367340088, 8.127657890319824, 8.52145767211914, 5.715671062469482, 8.045666694641113, 8.267820358276367, 5.99188232421875, 4.608797550201416, 10.789657592773438, 6.185661792755127, 6.922860622406006, 3.8575401306152344, 7.5209879875183105, 9.756173133850098, 6.658053874969482, 5.267087936401367, 9.9055814743042, 5.505136013031006, 7.617137432098389, 9.439085006713867, 10.318735122680664, 5.9554853439331055, 6.103850841522217, 4.613986968994141, 7.156094074249268, 4.551551342010498, 9.603293418884277, 6.114931106567383, 11.310858726501465, 8.918015480041504, 3.435190200805664, 6.443697929382324, 7.169939041137695, 6.043750762939453, 8.72092056274414, 11.14818000793457, 5.7992119789123535, 5.531527042388916, 10.706324577331543, 7.794191837310791, 6.691330432891846, 5.770421028137207, 7.219241619110107, 10.352113723754883, 8.122858047485352, 5.773752212524414, 10.042774200439453, 5.973434925079346, 5.255884170532227, 10.127265930175781, 7.2583746910095215, 5.052987575531006, 7.015864849090576, 7.991254806518555, 6.917987823486328, 8.138916015625, 7.313974380493164, 8.085094451904297, 6.814891338348389, 7.094963550567627, 10.87765121459961, 7.764300346374512, 6.089938640594482, 7.99326229095459, 7.4785261154174805, 9.356372833251953, 7.62349271774292, 7.307453632354736, 6.630468845367432, 5.332286834716797, 6.456758975982666, 7.622854232788086, 7.257782459259033, 7.27347469329834, 10.852216720581055, 5.7921271324157715, 7.983985424041748, 6.634908676147461, 7.0779571533203125, 9.313053131103516, 8.36548137664795, 8.383251190185547, 7.2346625328063965, 11.467904090881348, 5.9904632568359375, 10.209268569946289, 6.516092300415039, 6.921733379364014, 8.242280960083008, 8.0682373046875, 7.294586181640625, 6.018437385559082, 3.8912863731384277, 6.0261549949646, 6.3699493408203125, 7.952316761016846, 11.158246040344238, 8.768575668334961, 7.331996917724609, 6.642022132873535, 7.6895432472229, 10.032326698303223, 5.726321697235107, 10.978066444396973, 7.570659637451172, 6.664208889007568, 9.388189315795898, 7.366062164306641, 6.948871612548828, 7.484163761138916, 8.037176132202148, 7.754278182983398, 7.7104973793029785, 7.195864200592041, 7.201663494110107, 7.0057220458984375, 9.874863624572754, 7.933394908905029, 9.610712051391602, 6.223106384277344, 8.570823669433594, 7.916476249694824, 4.043348789215088, 6.554333209991455, 5.6448845863342285, 7.608457088470459, 7.773036003112793, 13.504632949829102, 7.704766273498535, 6.124231338500977, 7.321220397949219, 5.480958461761475, 11.773514747619629, 3.7495133876800537, 5.242492198944092, 6.502785682678223, 7.056931495666504, 7.480051517486572, 4.769409656524658, 5.925196170806885, 7.909030914306641, 5.4730377197265625, 4.651538372039795, 5.314377307891846, 6.118582248687744, 3.926114559173584, 6.015174865722656, 5.498947620391846, 6.372158050537109, 7.1422319412231445, 7.09885311126709, 6.6126580238342285, 6.217263221740723, 5.360398292541504, 7.903683662414551, 6.2096781730651855, 6.189589500427246, 10.394560813903809, 11.000938415527344, 8.45830249786377, 5.508408546447754, 6.71600341796875, 8.65933609008789, 6.822234153747559, 5.219788074493408, 9.445830345153809, 7.784326076507568, 6.942083835601807, 8.763153076171875, 9.932639122009277, 7.455178737640381, 6.248292446136475, 8.518353462219238, 6.526901721954346, 6.247289180755615, 4.79658842086792, 7.057405948638916, 3.2383511066436768, 5.8267927169799805, 6.313841342926025, 8.68315315246582, 8.40710735321045, 4.890324115753174, 7.243386268615723, 5.623202323913574, 6.948215007781982, 6.992196083068848, 5.034018039703369, 4.323982238769531, 6.064802646636963, 7.733314037322998, 8.131436347961426, 6.136260986328125, 12.55921745300293, 7.799670219421387, 11.761970520019531, 4.979104995727539, 10.82502555847168, 8.640290260314941, 6.100067615509033, 6.526096343994141, 3.6753642559051514, 4.572258949279785, 7.415426254272461, 5.904029846191406, 8.465876579284668, 3.7763259410858154, 7.906003952026367, 7.445310592651367, 6.6370368003845215, 5.590604305267334, 5.950155258178711, 7.138189792633057, 8.231067657470703, 8.298150062561035, 6.454769134521484, 11.209449768066406, 6.468911647796631, 4.676056861877441, 12.111111640930176, 5.594926357269287, 7.069692611694336, 5.854599475860596, 6.104729175567627, 8.510801315307617, 8.119767189025879, 5.335009574890137, 7.684520721435547, 5.8414692878723145, 5.8178887367248535, 5.475679397583008, 5.772706031799316, 6.628698348999023, 11.849836349487305, 6.327720642089844, 6.2212419509887695, 9.69174575805664, 3.805253505706787, 5.85648250579834, 6.157398700714111, 5.804630756378174, 6.223820209503174, 5.483760833740234, 6.9516425132751465, 5.998373985290527, 6.939452171325684, 8.81452465057373, 7.209861755371094, 6.8203535079956055, 11.011581420898438, 7.6469645500183105, 6.994175434112549, 8.539463996887207, 5.374176979064941, 5.146164417266846, 10.648208618164062, 7.317821979522705, 11.228175163269043, 8.62564468383789, 6.389133930206299, 6.4552106857299805, 7.535287857055664, 5.938813209533691, 9.522833824157715, 5.541697978973389, 10.805549621582031, 5.9761738777160645, 6.431443214416504, 4.702307224273682, 5.724953651428223, 5.0400872230529785, 5.4837470054626465, 5.510393142700195, 5.910860538482666, 6.057715892791748, 7.953705310821533, 6.989546775817871, 7.0486650466918945, 4.552309513092041, 5.507052898406982, 7.248253345489502, 5.037345886230469, 5.861637592315674, 6.811707019805908, 5.249536991119385, 7.069285869598389, 7.194180965423584, 7.60745906829834, 11.232816696166992, 3.7070462703704834, 5.5193352699279785, 5.74083948135376, 8.033710479736328, 6.087047576904297, 4.990585803985596, 6.14635705947876, 5.886773109436035, 3.456676483154297, 8.91707992553711, 6.679522514343262, 6.727609634399414, 6.596091270446777, 10.517329216003418, 7.586736679077148, 12.57947826385498, 7.191145420074463, 11.733633995056152, 10.455533027648926, 7.070700645446777, 5.912024974822998, 9.564367294311523, 5.321970462799072, 6.5514326095581055, 8.560049057006836, 6.090928077697754, 4.693340301513672, 6.22813081741333, 8.535313606262207, 4.408324241638184]
Cosines similarity random samples
[0.8985607624053955, 0.6190158724784851, 0.6515976190567017, 0.6947641968727112, 0.7889790534973145, 0.6712957620620728, 0.8258826732635498, 0.922173798084259, 0.7602883577346802, 0.9232587814331055, 0.9215205311775208, 0.7086787819862366, 0.8807495832443237, 0.6464454531669617, 0.8120299577713013, 0.7813384532928467, 0.7238823175430298, 0.7640957832336426, 0.7285839319229126, 0.7657784223556519, 0.8285167217254639, 0.8327140212059021, 0.7044711112976074, 0.709808886051178, 0.7459479570388794, 0.8895080089569092, 0.8706942796707153, 0.5813288688659668, 0.7394722700119019, 0.7938061952590942, 0.8399409651756287, 0.6503301858901978, 0.7596406936645508, 0.6708402633666992, 0.7854878306388855, 0.6977978348731995, 0.645660400390625, 0.6782093048095703, 0.6611406803131104, 0.8622562885284424, 0.6249812841415405, 0.914394736289978, 0.5877196788787842, 0.7703536748886108, 0.27098196744918823, 0.1704825460910797, 0.8581339716911316, 0.51942378282547, 0.9050865173339844, 0.7525832653045654, 0.782111406326294, 0.907710075378418, 0.7425989508628845, 0.7631762027740479, 0.6970174908638, 0.7726396918296814, 0.8518502116203308, 0.8619194030761719, 0.8647708892822266, 0.8182259798049927, 0.6398059129714966, 0.8803319334983826, 0.8901695609092712, 0.6059888601303101, 0.7917449474334717, 0.8100415468215942, 0.7118228077888489, 0.7343345284461975, 0.5044383406639099, 0.671212911605835, 0.7432355880737305, -0.04269835352897644, 0.7318339347839355, 0.7652970552444458, 0.7055270075798035, 0.847398042678833, 0.8011858463287354, 0.6871883869171143, 0.7043564319610596, 0.9233666658401489, 0.7837235927581787, 0.7697674036026001, 0.6886678338050842, 0.25588589906692505, 0.8552619218826294, 0.7448654770851135, 0.5313206911087036, 0.5955841541290283, 0.8427279591560364, 0.9025151133537292, 0.8083369731903076, 0.6854478120803833, 0.02365995943546295, 0.8019070625305176, 0.7749645113945007, 0.8154276609420776, 0.6586782932281494, 0.6638381481170654, 0.717571496963501, 0.8941448926925659, 0.7884601950645447, 0.7325934171676636, 0.7342289686203003, 0.5989149808883667, 0.7625348567962646, -0.03729645162820816, 0.6885665655136108, 0.7329524159431458, 0.8820599317550659, 0.7455011606216431, 0.21242257952690125, -0.13231268525123596, 0.8154505491256714, 0.9097579717636108, 0.9095064401626587, 0.739128589630127, 0.6303824186325073, 0.8042336702346802, 0.6661356687545776, 0.5102680921554565, 0.6601862907409668, -0.06099609285593033, 0.8476314544677734, 0.8654863834381104, 0.7530103325843811, 0.7647934556007385, 0.791669487953186, 0.7409253120422363, 0.7867525815963745, 0.18231143057346344, 0.9427105784416199, 0.6399312019348145, 0.031096264719963074, 0.7598775029182434, 0.6690146327018738, 0.8862068057060242, 0.6918111443519592, 0.6784123778343201, 0.7930413484573364, 0.7684698104858398, 0.920859694480896, 0.8334215879440308, -0.07640957832336426, 0.718946635723114, 0.5348716974258423, 0.7758492231369019, 0.7695839405059814, 0.7625349760055542, 0.652066707611084, 0.6772792339324951, 0.63449627161026, 0.7685620784759521, 0.8233522176742554, 0.6860383749008179, 0.7769902944564819, 0.7712571024894714, 0.7453816533088684, 0.8298671245574951, 0.8154177069664001, 0.599618673324585, 0.6570250988006592, 0.8113095760345459, 0.8443831205368042, 0.6897962093353271, 0.14610150456428528, 0.7412520051002502, 0.8057484030723572, 0.8310610055923462, 0.6497837901115417, 0.8371336460113525, 0.8632230162620544, 0.5972946882247925, 0.5614209175109863, 0.6911748051643372, 0.7466049194335938, 0.7779775857925415, 0.8339383602142334, 0.5397501587867737, 0.6619778275489807, 0.35636043548583984, 0.6095388531684875, 0.7121399641036987, 0.6552443504333496, 0.15956294536590576, 0.8625434637069702, 0.5723426938056946, 0.8583628535270691, 0.905648946762085, 0.8812105655670166, 0.821025013923645, 0.60550856590271, 0.7931954860687256, 0.6341661214828491, 0.7209920883178711, 0.716094970703125, 0.8140302896499634, 0.7023181915283203, -0.4752589166164398, 0.7403934597969055, 0.6173930168151855, 0.6333400011062622, 0.7330271005630493, 0.7115260362625122, 0.8125531673431396, 0.6798330545425415, 0.7343554496765137, 0.6328432559967041, 0.5653657913208008, 0.5886661410331726, 0.5522527098655701, 0.7742919921875, 0.6997703313827515, 0.811427116394043, 0.697569727897644, 0.5333334803581238, 0.5183893442153931, 0.7559714317321777, 0.4840344190597534, 0.5823120474815369, 0.6171481609344482, 0.7718764543533325, 0.8107625842094421, 0.8588799238204956, 0.7713498473167419, 0.5478565096855164, 0.5080095529556274, 0.6763132810592651, 0.6400015950202942, 0.8042383790016174, -0.2102416455745697, 0.8456013798713684, 0.7447397708892822, 0.6403980255126953, 0.7935599088668823, 0.6064853072166443, 0.793256402015686, 0.8802615404129028, 0.5986036658287048, 0.8729507327079773, 0.6525254845619202, 0.7992146015167236, 0.6901065111160278, 0.39494237303733826, 0.8383086919784546, 0.6769309639930725, 0.7705477476119995, 0.738499641418457, 0.7085210084915161, 0.7731311321258545, 0.7696963548660278, 0.6870900988578796, 0.7457883358001709, 0.628777265548706, 0.618272602558136, 0.578122079372406, -0.10717307031154633, 0.4109923243522644, 0.8040388822555542, 0.764441728591919, 0.5997186303138733, 0.36946171522140503, 0.5745329856872559, 0.08609412610530853, 0.7017183303833008, 0.6894885301589966, 0.7424378991127014, 0.783860445022583, 0.33681362867355347, 0.8316437602043152, 0.47665709257125854, 0.8872271180152893, 0.7525008916854858, 0.6110429167747498, 0.5404482483863831, 0.7534435391426086, 0.1808689534664154, 0.7525621652603149, 0.7533533573150635, 0.5868473052978516, 0.6392775774002075, 0.7398693561553955, 0.6012953519821167, 0.5507644414901733, 0.06655094027519226, 0.7473527193069458, 0.6857774257659912, 0.07011061906814575, 0.5950164198875427, 0.833654522895813, 0.8137936592102051, 0.8967064023017883, 0.6526591181755066, 0.7095887064933777, 0.8617897033691406, 0.6252821683883667, 0.6612892150878906, 0.8656436800956726, 0.6259524822235107, 0.7648254632949829, 0.4978645443916321, 0.6469199657440186, 0.6663836240768433, 0.6484339237213135, 0.7272244691848755, 0.5737785696983337, 0.8033425807952881, 0.6163135766983032, 0.5731956362724304, 0.7754685878753662, 0.7053109407424927, 0.5659607648849487, 0.6446222066879272, 0.7159467935562134, 0.843359649181366, 0.3457391858100891, 0.7160874605178833, 0.6952606439590454, 0.8504312634468079, 0.7561615109443665, 0.6693724989891052, 0.8250498175621033, 0.550042450428009, 0.729225754737854, 0.43281644582748413, 0.7832827568054199, 0.6917355060577393, 0.6907063722610474, 0.6852933168411255, 0.652919590473175, 0.5587792992591858, 0.7618829607963562, 0.5542305707931519, 0.5462877154350281, 0.5962750911712646, 0.7166930437088013, 0.7022014856338501, -0.14814016222953796, 0.6373571753501892, 0.6889954209327698, 0.6502939462661743, 0.635894775390625, 0.5817024111747742, 0.6402522325515747, 0.7023545503616333, 0.66808021068573, 0.10885828733444214, 0.5733964443206787, 0.553917646408081, 0.5907114744186401, 0.7204582095146179, 0.12324545532464981, 0.662886917591095, 0.7046782970428467, 0.4346567392349243, 0.5791573524475098, 0.01956411637365818, 0.7250484228134155, 0.535390317440033, 0.7969719171524048, -0.011145420372486115, 0.770563006401062, 0.5816333889961243, 0.7138321995735168, 0.8595340251922607, 0.6994367837905884, 0.5377135276794434, 0.6969559192657471, 0.9176194667816162, 0.4738597869873047, 0.7566699981689453, 0.7097594141960144, 0.804031491279602, 0.6807003021240234, 0.7414842844009399, 0.6353951692581177, 0.7627596855163574, 0.24740451574325562, 0.005752794444561005, 0.5564839243888855, 0.0035423636436462402, 0.7757443189620972, 0.5909477472305298, 0.7041565179824829, 0.7409122586250305, 0.6858389377593994, 0.585618257522583, 0.7073836326599121, 0.7063348889350891, 0.5663659572601318, 0.7525045275688171, 0.7200133204460144, 0.7985259294509888, 0.6964465975761414, 0.5916919708251953, 0.5651268362998962, 0.6844067573547363, 0.6317707300186157, 0.7587158679962158, -0.006749197840690613, 0.7594271302223206, 0.5768061876296997, 0.03060123324394226, 0.39014577865600586, 0.5195497274398804, 0.7947989106178284, 0.4389984905719757, 0.58795166015625, 0.5328086614608765, -0.3811807632446289, 0.6984578371047974, 0.5599927306175232, 0.27301040291786194, 0.6305515170097351, 0.8703919053077698, 0.495280921459198, 0.08389827609062195, 0.8275611996650696, 0.5176120400428772, 0.7444990873336792, 0.7524534463882446, 0.510894775390625, 0.6484371423721313, 0.37351280450820923, 0.6986538171768188, 0.6753956079483032, 0.34724119305610657, 0.6855324506759644, 0.7943660020828247, 0.8439232707023621, 0.4743155241012573, 0.8065577149391174, 0.7577975988388062, 0.8407135605812073, 0.8574041128158569, 0.6606278419494629, 0.5504094362258911, 0.8848297595977783, 0.903817892074585, 0.518277108669281, 0.4577264189720154, -0.4101163148880005, 0.5294169187545776, 0.3489008843898773, 0.5082236528396606, 0.8003796339035034, 0.6893988847732544, -0.4162614941596985, 0.4465484619140625, 0.4705376625061035, -0.2198982536792755, 0.6156809329986572, 0.7372384667396545, 0.11265029013156891, 0.5534888505935669, 0.57989501953125, 0.40701818466186523, 0.7190037965774536, -0.07182537764310837, 0.8665260076522827, 0.7354788184165955, 0.3648611307144165, 0.7377680540084839, 0.6319044828414917, 0.5248894691467285, 0.8796349167823792, 0.2722025215625763, 0.6742936372756958, 0.48292455077171326, 0.6574256420135498, 0.8521857261657715, 0.5267269611358643, 0.5694555044174194, 0.5741682648658752, -0.028094826266169548, 0.40825432538986206, 0.06822817772626877, 0.4772951602935791, 0.819689154624939, 0.6648381948471069, 0.5250620245933533, 0.7445268034934998, 0.5092176198959351, 0.5127822756767273, 0.539025604724884, 0.54607754945755, 0.5407904386520386, 0.515514612197876, 0.4697457551956177, 0.5804347991943359, 0.49863433837890625, 0.7071841359138489, 0.7968888282775879, 0.6480711102485657, 0.5933709144592285, 0.5250566005706787, 0.5629590749740601, 0.6153169870376587, 0.5760381817817688, 0.7285850644111633, 0.6477737426757812, 0.806817889213562, 0.802191972732544, 0.7553013563156128, 0.8779734373092651, 0.19967415928840637, 0.6053963899612427, 0.854241132736206, 0.6907843351364136, 0.8752355575561523, 0.20790377259254456, 0.8692308068275452, 0.6803704500198364, 0.6760469675064087, 0.8053624629974365, 0.6455965042114258, 0.4406853914260864, -0.1569182127714157, 0.6445648670196533, 0.8450028896331787, 0.7529162764549255, 0.13904835283756256, 0.18689237534999847, 0.8320633172988892, 0.7849567532539368, 0.7307482957839966, 0.7582732439041138, 0.8398505449295044, -0.09750841557979584, 0.595058023929596, 0.7609125375747681, 0.5094602108001709, 0.5606381893157959, 0.7145158052444458, 0.8544965982437134, 0.8078673481941223, 0.691306471824646, 0.8903139233589172, 0.8038108348846436, 0.891624927520752, 0.8360898494720459, 0.7348726391792297, 0.8118053674697876, 0.9010491371154785, 0.7152850031852722, 0.7673224806785583, 0.5065991878509521, 0.6870837807655334, 0.7006992101669312, 0.5047157406806946, 0.9450045824050903, 0.7203366160392761, 0.8066258430480957, 0.8481093049049377, 0.8135193586349487, 0.8318849802017212, 0.7651238441467285, 0.14731256663799286, 0.5139826536178589, 0.6559807658195496, 0.7317567467689514, 0.8246392011642456, 0.7555245161056519, 0.7296673655509949, 0.791590690612793, 0.8226656317710876, 0.8253877758979797, 0.8614815473556519, 0.5400655269622803, 0.6459745168685913, 0.650094747543335, 0.8436295986175537, 0.8268426656723022, 0.809246301651001, 0.6218228340148926, 0.716552734375, 0.6746759414672852, 0.6531347036361694, 0.640636682510376, 0.773342490196228, 0.8005053997039795, 0.7446695566177368, 0.7119755148887634, 0.6807405948638916, 0.6916466951370239, 0.7188819646835327, -0.10209161788225174, 0.7819049954414368, 0.6436536312103271, 0.657423734664917, 0.7536482810974121, 0.8731558918952942, 0.8711957931518555, 0.7888201475143433, 0.7393956184387207, 0.6860588788986206, 0.6057429909706116, 0.22837409377098083, 0.9132611155509949, 0.7497180700302124, 0.705024003982544, 0.4859357476234436, 0.7877569198608398, 0.7546197175979614, 0.6494144201278687, 0.7363862991333008, 0.808889627456665, 0.8606029152870178, 0.6836094856262207, 0.5543983578681946, 0.7252323031425476, 0.7376829981803894, 0.8224363327026367, 0.2729492783546448, 0.7247075438499451, 0.7505612373352051, 0.7464104890823364, 0.863402783870697, 0.6536948084831238, 0.7034024596214294, 0.8825644254684448, 0.6745716333389282, 0.6807754039764404, 0.809442400932312, 0.7201035022735596, 0.6419033408164978, 0.8203319311141968, 0.6805852651596069, 0.8113042116165161, 0.42446088790893555, 0.900269091129303, 0.8003597855567932, 0.8451637625694275, 0.916607141494751, 0.8419345617294312, 0.9139150977134705, 0.8674474954605103, 0.21319781243801117, 0.7701976299285889, 0.7778831124305725, 0.7837609648704529, 0.7094898819923401, 0.8263880014419556, 0.7689861059188843, 0.7697108387947083, 0.7998642325401306, 0.8292640447616577, 0.6095494031906128, 0.7817217111587524, 0.6691925525665283, 0.7078737020492554, 0.8263721466064453, 0.753703236579895, 0.8475637435913086, 0.7621603608131409, 0.7717208862304688, 0.7958531379699707, 0.7208571434020996, 0.712150514125824, 0.6934261918067932, 0.6041003465652466, 0.6935008764266968, 0.8715522289276123, 0.8551207184791565, 0.4534381031990051, 0.8196709156036377, 0.8334746956825256, 0.7448537945747375, 0.7059532403945923, 0.7093703746795654, 0.8148598074913025, 0.7363318800926208, 0.7146900296211243, 0.8801105618476868, 0.7965806722640991, 0.7627664804458618, 0.7155243158340454, 0.5840196013450623, 0.7932324409484863, 0.6518571972846985, 0.768583357334137, 0.6620577573776245, 0.8197702765464783, 0.7026016116142273, 0.6339784860610962, 0.7886667251586914, 0.8626599907875061, 0.8799527883529663, 0.5894893407821655, 0.692551851272583, 0.6584490537643433, 0.6047487258911133, 0.7765253782272339, 0.6415157318115234, 0.7757435441017151, 0.7994866371154785, 0.7206826210021973, 0.8814632296562195, 0.8426421284675598, 0.7899184226989746, 0.8094274401664734, 0.720762312412262, 0.6801129579544067, 0.7760533094406128, 0.7276374697685242, 0.7556217312812805, 0.7031611204147339, 0.6833345890045166, 0.5945073366165161, 0.7221422791481018, 0.3662920594215393, 0.6627765893936157, 0.7193940281867981, 0.7286028265953064, 0.7398274540901184, -0.12222619354724884, 0.563707709312439, 0.8699527978897095, 0.3145921528339386, 0.5086661577224731, 0.864284336566925, 0.6235278844833374, 0.8046513199806213, 0.6402233839035034, 0.7438502311706543, 0.6678130626678467, 0.4992443919181824, 0.11122439801692963, 0.8844460248947144, 0.8504997491836548, 0.6904715299606323, 0.7282463312149048, 0.6968004703521729, 0.7884989976882935, 0.7704058289527893, 0.8435142636299133, 0.7130515575408936, 0.8583856821060181, 0.13290683925151825, 0.5724673271179199, 0.6589711904525757, 0.5520484447479248, 0.44369402527809143, 0.7129180431365967, 0.7358185052871704, 0.7492151260375977, 0.816186785697937, 0.8225682973861694, 0.693211555480957, 0.3695518970489502, -0.12780454754829407, -0.08590847253799438, 0.8086003661155701, -0.2952176332473755, 0.6909695863723755, -0.2913932204246521, 0.5594311356544495, 0.7708991169929504, 0.7715620398521423, 0.714298665523529, 0.44601136445999146, 0.840294361114502, -0.13043063879013062, 0.8535152077674866, -0.3503830134868622, 0.5669348835945129, 0.8805454969406128, 0.3882031738758087, 0.5821958780288696, 0.5734765529632568, -0.12410593032836914, 0.8100425004959106, 0.8121923208236694, -0.07486368715763092, 0.840579628944397, 0.8880908489227295, 0.8230478763580322, 0.7679219245910645, 0.7154526710510254, 0.4771134555339813, 0.7573614120483398, 0.4566251039505005, -0.14056149125099182, 0.7191261649131775, 0.8707866668701172, 0.6850293874740601, 0.7838886976242065, 0.32092908024787903, 0.7293477058410645, 0.6985335350036621, 0.7077289819717407, 0.6062847971916199, 0.409885048866272, -0.14695893228054047, 0.1483108103275299, 0.8541567921638489, 0.43177518248558044, 0.4465557932853699, 0.8348296284675598, 0.5414459705352783, 0.7512987852096558, 0.7604738473892212, 0.6096669435501099, 0.6015461683273315, 0.8601949214935303, 0.7197771072387695, 0.2505245804786682, 0.7196245789527893, 0.5925422310829163, 0.8329955339431763, 0.756576418876648, 0.6933387517929077, 0.6027705073356628, 0.8178342580795288, 0.7184479832649231, 0.7733886241912842, -0.4020764231681824, 0.4470667243003845, 0.7702570557594299, 0.8124896287918091, 0.8368045091629028, 0.8505136370658875, 0.7852256298065186, 0.5399656891822815, 0.8206508159637451, 0.7668927311897278, 0.8041346073150635, 0.7876520752906799, 0.6703101992607117, 0.3159162104129791, 0.6682782769203186, 0.8387104272842407, 0.5695146918296814, 0.8361387252807617, -0.24627360701560974, 0.8107448816299438, 0.8641868233680725, 0.10822397470474243, 0.8149282336235046, 0.9126812219619751, 0.8458377122879028, 0.09346440434455872, 0.7998015880584717, 0.8389914035797119, 0.5548712611198425, 0.7197188138961792, 0.8328551054000854, 0.8403996825218201, 0.7558221220970154, 0.7134413123130798, 0.8564566969871521, 0.5364137887954712, 0.692776083946228, 0.703407883644104, 0.7800106406211853, 0.7253431081771851, 0.7416086196899414, 0.4419790506362915, 0.198283851146698, 0.7687830924987793, -0.39270833134651184, 0.7585002183914185, 0.7035742998123169, 0.6427088975906372, 0.6886570453643799, 0.6047654151916504, 0.8052804470062256, 0.6127218008041382, 0.7062285542488098, 0.6430454254150391, -0.04596264660358429, 0.8285282850265503, 0.5892625451087952, 0.6928187012672424, 0.7359209060668945, 0.3749242424964905, 0.7625044584274292, 0.7385406494140625, 0.6877458691596985, 0.5306737422943115, 0.7028660774230957, 0.5142581462860107, 0.03953414410352707, 0.6635115742683411, 0.6377303600311279, 0.3678615391254425, 0.819252610206604, 0.80528324842453, 0.7561932802200317, 0.7897839546203613, 0.6636835336685181, 0.7783236503601074, 0.7485277652740479, 0.8234770894050598, 0.5621181726455688, 0.702617883682251, 0.6591691970825195, 0.4156455993652344, 0.18619568645954132, 0.5275449752807617, 0.8932725191116333, 0.7260419130325317, 0.6822631359100342, 0.4876980781555176, 0.682409405708313, 0.5638425350189209, 0.7309741973876953, 0.3004145622253418, 0.5665163397789001, 0.5908869504928589, 0.8393576145172119, 0.8040701150894165, 0.6273537874221802, 0.8285667896270752, 0.7552222013473511, 0.37642133235931396, 0.9137281179428101, 0.8181307315826416, 0.7691441178321838, 0.7338050603866577, 0.7841941118240356, 0.697406530380249, 0.8519187569618225, 0.7713645100593567, 0.8464000821113586, 0.6807123422622681, 0.5946926474571228, 0.8310059309005737, 0.7859342098236084, 0.7611186504364014, 0.5808184742927551, 0.7308199405670166, 0.8077338337898254, 0.8426533937454224, 0.6346567273139954, 0.5784541368484497, -0.21692833304405212, 0.6514267921447754, 0.7215349078178406, 0.6865785121917725, 0.5981076955795288, 0.7285242080688477, 0.7017906904220581, 0.48740333318710327, 0.8689427375793457, 0.1850791573524475, 0.8276854753494263, 0.7659163475036621, 0.6768807768821716, 0.5905312299728394, 0.0600811205804348, 0.8386839628219604, 0.8007096648216248, 0.7986713647842407, 0.45176389813423157, 0.8266273736953735, 0.7286477088928223, 0.6699065566062927, 0.8414438962936401, 0.8896794319152832, 0.8987159729003906, 0.39427196979522705, 0.816396951675415, 0.7354848384857178, 0.7796210050582886, 0.7487691640853882, 0.7488135099411011, 0.6937940120697021, 0.6463603377342224, 0.6446007490158081, 0.847379207611084, 0.7403948903083801, 0.7627211213111877, -0.2620426416397095, 0.6999801993370056, 0.6969799995422363, 0.7723698616027832, 0.8845833539962769, 0.7879616022109985, 0.7626179456710815, 0.5547018647193909, 0.7839661240577698, 0.3307245075702667, 0.6351818442344666, 0.6966545581817627, 0.7439859509468079, 0.49176257848739624, 0.7041808366775513, 0.8782896995544434, 0.8856101632118225, 0.6661022901535034, 0.7116187810897827, 0.8585587739944458, 0.6512796878814697, 0.7637424468994141, 0.7787164449691772, 0.39942553639411926, 0.2164183408021927, 0.013395152986049652, 0.8925015330314636, 0.8443884253501892, 0.9339441061019897, 0.8194939494132996, 0.5114998817443848, -0.12759916484355927, 0.726987361907959, 0.6426319479942322, 0.6308330297470093, 0.6835461854934692, -0.26351991295814514, 0.7751127481460571, 0.7092180848121643, 0.6578214168548584, 0.8395974636077881, 0.8639392852783203, 0.494451642036438, 0.6541743278503418, 0.7924376130104065, 0.590898334980011, 0.49949127435684204, 0.8554937243461609, 0.6598696708679199, 0.7447999715805054, 0.8801223039627075, 0.2746025025844574, 0.6851661205291748, 0.28091248869895935, 0.8116406202316284, 0.5787655115127563, 0.7029726505279541, 0.531715452671051, 0.69109046459198, 0.6333506107330322, 0.8534325957298279, 0.7210682034492493, 0.5639504790306091, 0.8719806671142578, 0.8011468052864075, 0.6517190933227539, 0.01578354835510254, 0.40463030338287354, -0.1042235940694809, 0.8011674284934998, 0.7745217084884644, -0.03992905467748642, 0.754567563533783, 0.6215829849243164, 0.7619679570198059, 0.5677881240844727, 0.7499568462371826, 0.6508420705795288, 0.5655356645584106, 0.8302206993103027, 0.7308205962181091, 0.7950363159179688, 0.4731215238571167, 0.6186082363128662, 0.6334091424942017, 0.6732703447341919, -0.23064731061458588, 0.8968184590339661, 0.4484208822250366, 0.6904323101043701, 0.7742891311645508, 0.828045129776001, 0.5252584218978882, 0.40993833541870117, 0.587416410446167, 0.49039655923843384, 0.38560542464256287, 0.6879043579101562, 0.45756614208221436, 0.883865237236023, 0.7512621879577637, 0.5840861797332764, 0.7463605403900146, 0.6565793752670288, 0.6552431583404541, 0.7460618615150452, 0.7799928188323975, 0.7614179849624634, 0.49077126383781433, 0.6304619312286377, 0.7174794673919678, 0.8642433881759644, 0.7802665829658508, 0.8469606637954712, 0.6053534746170044, 0.8746378421783447, 0.7180469632148743, 0.8250561952590942, -0.05217534303665161, 0.8500515818595886, 0.7879659533500671, 0.1949649453163147, 0.3887648582458496, 0.5583999752998352, 0.5606384873390198, 0.8159469366073608, 0.8023422360420227, 0.6118791103363037, 0.6169954538345337, 0.6898958086967468, 0.433603435754776, 0.7875484228134155, 0.6275032758712769, 0.6175481677055359, 0.6966089010238647, 0.6083049178123474, 0.43557053804397583, 0.21409404277801514, 0.8206570148468018, 0.8489665985107422, 0.047908514738082886, 0.10696355253458023, 0.479735791683197, 0.7217577695846558, 0.7202625274658203, 0.844592273235321, 0.9146637320518494, 0.6320494413375854, 0.5214114189147949, 0.7933300733566284, 0.8662150502204895, 0.6900914907455444, 0.7446491718292236, 0.7742600440979004, 0.7148047089576721, 0.8319573402404785, 0.7036559581756592, 0.6997399926185608, 0.6517906188964844, 0.71441650390625, 0.6096373200416565, 0.6826878190040588, 0.80610191822052, 0.7881258726119995, 0.3921584486961365, 0.6790025234222412, 0.698623776435852, 0.6649956703186035, 0.6289631128311157, 0.599507749080658, 0.8782408237457275, -0.48463013768196106, 0.817657470703125, 0.6240079998970032, 0.6788700819015503, 0.514566957950592, 0.8544623851776123, 0.8116617202758789, 0.699573278427124, 0.5909958481788635, 0.6353092193603516, 0.11360853910446167, 0.722801923751831, 0.5754743814468384, 0.8629749417304993, 0.693672776222229, 0.023871921002864838, 0.6639899015426636, 0.5242516398429871, 0.6721335649490356, 0.77047199010849, 0.4925021529197693, 0.8019667863845825, 0.8126622438430786, 0.7039090394973755, 0.7796472907066345, 0.6031544804573059, 0.7002614736557007, 0.632550835609436, 0.7499229907989502, 0.5193105340003967, 0.6913837194442749, 0.804036557674408, 0.4673457145690918, 0.8803899884223938, 0.15211646258831024, 0.49267148971557617, 0.7138320207595825, 0.2150699347257614, 0.5445874333381653, 0.7758549451828003, 0.9311990737915039, 0.7208137512207031, 0.5494608879089355, 0.552465558052063, 0.32604801654815674, 0.8609799146652222, 0.5927599668502808, 0.6957957744598389, 0.5912057161331177, 0.5882126092910767, 0.43834739923477173, 0.2780967652797699, -0.129367858171463, 0.7477356195449829, 0.6730272769927979, 0.6941460371017456, 0.7331737279891968, 0.7318595051765442, 0.7298552989959717, 0.7241485118865967, 0.777662456035614, 0.8519123196601868, 0.7265198230743408, 0.6421095728874207, 0.5564229488372803, 0.7304584980010986, 0.7124704718589783, 0.8480037450790405, 0.521395206451416, 0.7048863172531128, 0.46361273527145386, 0.8415015935897827, 0.7553191184997559, 0.7525925636291504, 0.37064123153686523, 0.430208295583725, 0.7797155976295471, 0.5935770869255066, 0.8298174738883972, 0.6479370594024658, 0.6580508947372437, 0.8085273504257202, 0.7061606645584106, 0.5291861295700073, 0.8169859647750854, 0.7779983282089233, 0.4813387989997864, 0.09865490347146988, 0.7545062303543091, 0.6636841297149658, 0.7300897240638733, 0.7118269205093384, 0.4758853614330292, 0.5633872747421265, 0.7176966071128845, 0.6683498024940491, 0.4181799292564392, 0.6736759543418884, 0.4504583179950714, 0.8180071711540222, 0.3475974500179291, 0.4597732722759247, 0.6871646046638489, 0.4127383828163147, 0.8540313839912415, 0.6096403002738953, 0.41546106338500977, 0.8092185258865356, 0.62441086769104, 0.7902560830116272, 0.7991784811019897, 0.7481208443641663, 0.7547000050544739, 0.697417676448822, 0.6037888526916504, 0.651329517364502, 0.8532280921936035, 0.6714562177658081, 0.6651182770729065, 0.8081585168838501, 0.6248764991760254, 0.8594961166381836, 0.8092011213302612, 0.5491403341293335, 0.8325080871582031, 0.6789805293083191, 0.7936344146728516, 0.7871941328048706, 0.06301137804985046, 0.812332272529602, 0.7026549577713013, 0.5802162885665894, 0.5317795872688293, 0.6732230186462402, 0.816332221031189, 0.8594201803207397, 0.6891899108886719, -0.11101049929857254, 0.7576348781585693, 0.8222169876098633, 0.4830396771430969, 0.750532329082489, 0.8303705453872681, 0.6475508213043213, 0.6084587574005127, 0.6763415336608887, 0.5260708332061768, 0.7808132767677307, 0.3878391981124878, 0.763364851474762, 0.7895504236221313, -0.10459832847118378, 0.6057555079460144, 0.4961780607700348, -0.033135540783405304, 0.6640538573265076, 0.5114117860794067, 0.6204526424407959, 0.8540253043174744, 0.6394806504249573, 0.8541179299354553, 0.8365262746810913, 0.7567996978759766, 0.702168345451355, 0.4098525047302246, 0.7305005788803101, 0.6853805780410767, 0.774593710899353, 0.8157092332839966, 0.6930604577064514, 0.06531684845685959, 0.7903374433517456, 0.7794559001922607, 0.7640130519866943, 0.752630352973938, 0.6648983955383301, 0.33363282680511475, 0.7649335265159607, 0.7565190196037292, 0.6792592406272888, 0.7000104188919067, 0.5568011999130249, 0.3072402775287628, 0.8350957632064819, 0.8063359260559082, 0.7892762422561646, 0.45091181993484497, 0.6388841867446899, 0.5466049909591675, 0.2247997522354126, 0.7869650721549988, -0.035518892109394073, 0.8518499732017517, 0.5001474022865295, 0.6644585728645325, 0.8531596660614014, 0.03572370857000351, 0.7520490288734436, 0.6754353642463684, 0.2831656336784363, 0.7787785530090332, 0.7239035964012146, 0.774467408657074, 0.827746570110321, 0.44754791259765625, 0.906370222568512, -0.3003568649291992, 0.7180613279342651, 0.6584320068359375, 0.7593429684638977, 0.7355961799621582, 0.715548038482666, 0.4334436357021332, -0.24981163442134857, 0.7250561714172363, 0.7439074516296387, -0.049248434603214264, 0.4139617085456848, 0.7431868314743042, 0.8074707984924316, 0.7506313323974609, 0.7816619873046875, 0.5277748703956604, 0.693996250629425, 0.6091721057891846, 0.4012587070465088, 0.6943454146385193, 0.6103208661079407, 0.6853167414665222, 0.0436897873878479, 0.44417625665664673, 0.839640736579895, 0.8824716806411743, 0.395170658826828, 0.7394683361053467, 0.708175778388977, 0.5487289428710938, 0.8232336044311523, -0.10878945142030716, 0.7565356492996216, 0.8155820965766907, -0.39507338404655457, 0.7534195184707642, 0.6549853086471558, 0.5607621669769287, 0.6149924993515015, 0.072290800511837, 0.43656399846076965, 0.5599795579910278, 0.5200944542884827, 0.6044193506240845, 0.8687427639961243, 0.7877787351608276, 0.6729186773300171, 0.7410199046134949, 0.7664524912834167, 0.5847752094268799, 0.7315099835395813, 0.8862485289573669, 0.7720266580581665, 0.7305678129196167, 0.4783821702003479, 0.6308726668357849, 0.8817798495292664, 0.12385328859090805, 0.7803909778594971, 0.288216769695282, 0.6584227085113525, 0.7371436357498169, 0.6112870573997498, 0.6116061210632324, 0.8936238884925842, 0.6937575936317444, 0.7967330813407898, 0.6855970025062561, 0.4849334955215454, 0.20191994309425354, 0.7304640412330627, 0.14421826601028442, 0.5554168224334717, 0.796987771987915, 0.7376947402954102, -0.09658455848693848, 0.6787959337234497, 0.7894518375396729, 0.8521372079849243, 0.8648991584777832, 0.7724392414093018, 0.35101062059402466, 0.5761337876319885, 0.6045725345611572, 0.8007943034172058, 0.8255114555358887, 0.5070635080337524, 0.7165404558181763, 0.719997763633728, 0.8972413539886475, 0.828575611114502, 0.6417126059532166, 0.69791579246521, 0.8129854202270508, 0.7628118395805359, 0.7404348254203796, 0.8918263912200928, 0.8632497787475586, 0.6247893571853638, 0.7472312450408936, 0.8538962602615356, 0.7237597703933716, 0.8192721605300903, 0.8910314440727234, 0.6521846652030945, 0.27562469244003296, 0.6295641660690308, 0.14206477999687195, 0.8206951022148132, 0.8490889668464661, 0.7552083730697632, 0.8648593425750732, 0.7851536870002747, 0.6392385959625244, 0.8671314716339111, 0.8452421426773071, 0.7941429018974304, 0.20868869125843048, 0.5999330282211304, 0.0775206983089447, 0.7809618711471558, -0.02266518771648407, 0.7816419005393982, 0.7509970664978027, 0.4665073752403259, 0.8664878606796265, 0.5313475131988525, 0.4739067554473877, 0.19838234782218933, 0.1675911545753479, 0.7527078986167908, 0.756826639175415, -0.5608445405960083, 0.6838406324386597, 0.7535923719406128, 0.7998008728027344, 0.8078532218933105, 0.6780816912651062, 0.745020866394043, 0.6933419704437256, 0.5411906242370605, 0.5320227146148682, 0.6827570796012878, 0.7612408995628357, 0.8836364150047302, 0.7777049541473389, 0.6710408329963684, 0.5168922543525696, 0.8267812728881836, 0.5041738152503967, -0.06483015418052673, -0.002316698431968689, 0.6801941990852356, -0.01771916076540947, -0.10129117965698242, 0.06897811591625214, 0.3289666175842285, 0.3312252163887024, 0.0473223552107811, -0.18034853041172028, 0.10941058397293091, 0.3276519775390625, 0.36946237087249756, 0.04802347719669342, 0.3908010721206665, 0.9144512414932251, 0.10642857849597931, -0.08464360237121582, 0.11881089210510254, 0.7322726249694824, 0.023775912821292877, 0.09877504408359528, 0.3418617248535156, 0.020788520574569702, 0.8264765739440918, 0.01802978664636612, 0.3992144763469696, 0.7555159330368042, 0.7236824631690979, -0.3498910069465637, 0.5694069266319275, -0.06020663306117058, 0.7578637599945068, 0.07193046063184738, 0.5674987435340881, -0.08223766088485718, 0.03318460285663605, -0.25156980752944946, 0.7990972399711609, -0.08062711358070374, 0.32342642545700073, 0.034102536737918854, 0.08434108644723892, -0.011767372488975525, 0.816718339920044, 0.4830056428909302, 0.33412599563598633, 0.6911868453025818, 0.7487381100654602, 0.8712676167488098, -0.07673010230064392, 0.7371338605880737, -0.07204800844192505, 0.795228123664856, -0.1404997706413269, 0.485400527715683, 0.07440900802612305, 0.1963362991809845, -0.05675487220287323, -0.0677657276391983, 0.2278376668691635, 0.7071411609649658, 0.17786124348640442, 0.7464725375175476, -0.24552933871746063, -0.20087000727653503, -0.06327539682388306, 0.654420793056488, 0.3998706340789795, 0.05795091390609741, 0.06493046134710312, 0.7463215589523315, 0.438434898853302, -0.03619919717311859, 0.2264079749584198, -0.06223702430725098, 0.5665673613548279, 0.5124397277832031, -0.09971633553504944, 0.7573923468589783, 0.2344105988740921, 0.07619820535182953, 0.6665286421775818, -0.034260571002960205, 0.539858341217041, -0.006091251969337463, 0.1167670488357544, 0.18965989351272583, 0.10552161186933517, 0.5109710693359375, 0.624760627746582, 0.04725778102874756, 0.13052047789096832, 0.1503329575061798, -0.08806777000427246, -0.000214405357837677, -0.008729841560125351, 0.7573227286338806, 0.3403967320919037, 0.027847662568092346, 0.6020649671554565, 0.9238444566726685, 0.5472482442855835, 0.5272648334503174, 0.513581395149231, 0.1329127550125122, 0.7680251002311707, 0.6461206674575806, 0.6907424330711365, 0.5951923727989197, 0.7485800385475159, 0.6965516209602356, 0.8456511497497559, 0.7719924449920654, 0.8976496458053589, 0.7769570350646973, 0.5971382260322571, 0.5872284770011902, 0.5849870443344116, 0.3209962248802185, 0.299728661775589, -0.05084504187107086, 0.8161214590072632, 0.7694835662841797, 0.7386494874954224, 0.48079293966293335, 0.7447742819786072, 0.6336475610733032, 0.41720306873321533, 0.29733455181121826, 0.641332745552063, 0.48882752656936646, 0.739554762840271, 0.7483768463134766, 0.8915257453918457, -0.025286436080932617, 0.6518155336380005, 0.6417436599731445, 0.7072999477386475, 0.586838960647583, 0.7248197793960571, 0.18840810656547546, 0.3281678557395935, 0.5978682041168213, 0.5498685240745544, 0.4456528127193451, 0.46387648582458496, 0.6955875158309937, 0.6554475426673889, 0.7346782684326172, 0.7362877130508423, 0.36205101013183594, 0.5487247705459595, 0.16645127534866333, 0.6525362730026245, 0.5525871515274048, 0.735701858997345, 0.6843602657318115, 0.851414680480957, 0.06952864676713943, 0.6249500513076782, 0.36743995547294617, 0.7215516567230225, 0.4417072832584381, 0.4671173691749573, 0.24445481598377228, 0.42183294892311096, 0.41410258412361145, 0.718340277671814, 0.3142688274383545, 0.6597670316696167, 0.7226927280426025, 0.7116233706474304, 0.8246462345123291, 0.6193172335624695, 0.7352863550186157, 0.6421589255332947, 0.716968297958374, -0.08760978281497955, 0.543371319770813, 0.7972532510757446, 0.7340133786201477, 0.48997312784194946, 0.4323922395706177, 0.7919435501098633, 0.5152091383934021, 0.48760589957237244, 0.763820469379425, 0.8724418878555298, 0.0008926168084144592, 0.7470513582229614, 0.721068263053894, 0.9085938334465027, 0.5961451530456543, 0.30227130651474, 0.7061364054679871, 0.8244481086730957, 0.14745253324508667, 0.8058417439460754, 0.5681686401367188, 0.25958219170570374, 0.08399077504873276, 0.7654001712799072, 0.7769662141799927, 0.8750514388084412, 0.6627424955368042, 0.8707106709480286, 0.165411114692688, 0.7527938485145569, 0.013893574476242065, 0.33347392082214355, 0.9283055663108826, 0.7354638576507568, 0.6480647921562195, 0.7746124267578125, 0.42499399185180664, -0.1063055545091629, 0.7794113159179688, 0.8020428419113159, 0.13662700355052948, 0.5503119230270386, 0.6948838829994202, 0.7896870374679565, 0.6246723532676697, 0.19656673073768616, 0.4935862123966217, 0.7846972346305847, 0.11274931579828262, 0.7662609815597534, 0.8227935433387756, 0.20863623917102814, 0.6229178309440613, 0.8399380445480347, 0.6505938768386841, 0.5090117454528809, 0.6648898720741272, 0.5464963912963867, 0.645004153251648, 0.5271837711334229, 0.6800287365913391, 0.641396701335907, 0.09318330138921738, 0.5903897285461426, 0.7590818405151367, 0.5291755795478821, 0.6212332248687744, 0.31114888191223145, 0.5734928846359253, 0.6313568353652954, 0.6978130340576172, 0.8164118528366089, 0.7170205116271973, 0.6159508228302002, 0.6182616949081421, 0.6401256322860718, 0.06481330841779709, 0.7851855158805847, 0.5143632888793945, 0.7108969688415527, 0.6447162628173828, 0.27775466442108154, 0.4417566657066345, 0.5146411657333374, 0.6526312828063965, -0.15634679794311523, 0.7693904638290405, 0.23605528473854065, 0.7125798463821411, 0.6619923710823059, 0.4851587414741516, 0.4861676096916199, 0.6242728233337402, 0.7686002254486084, 0.9140244722366333, 0.7632492780685425, 0.7247714996337891, 0.5090824365615845, -0.10719618201255798, 0.3664131760597229, 0.6449476480484009, 0.7109180688858032, 0.5539151430130005, 0.23191949725151062, 0.7883923649787903, -0.0029518641531467438, 0.5791974663734436, 0.6988881826400757, 0.23179636895656586, 0.6045109629631042, 0.6599938869476318, 0.5927756428718567, 0.526541531085968, 0.5436030626296997, 0.5509970188140869, 0.6267832517623901, 0.6316636800765991, 0.6526332497596741, 0.25465619564056396, 0.5117257237434387, 0.304124116897583, 0.7556507587432861, 0.40494129061698914, 0.5313643217086792, 0.899416983127594, 0.7140856385231018, 0.7938588261604309, 0.5828130841255188, 0.5399209260940552, -0.280551552772522, 0.5877900719642639, 0.7679374814033508, 0.6131634712219238, 0.8160381317138672, -0.24747157096862793, 0.9203037023544312, 0.8258448839187622, 0.7242676615715027, 0.6543469429016113, 0.594278872013092, 0.8568047285079956, 0.7675753831863403, 0.549125611782074, 0.805683434009552, 0.8647760152816772, 0.8178938627243042, 0.7638881802558899, 0.9096215963363647, 0.773178219795227, 0.8051902055740356, 0.7242469787597656, 0.6375497579574585, 0.6407793760299683, 0.7059961557388306, 0.7406934499740601, 0.815927267074585, 0.5206486582756042, 0.7400121092796326, 0.7569215893745422, 0.06842324137687683, -0.0053454190492630005, 0.4214077591896057, 0.8035203218460083, 0.6963229179382324, 0.41325822472572327, 0.6831808686256409, 0.8254227042198181, 0.22838233411312103, 0.544580340385437, 0.6750203371047974, 0.3598758578300476, 0.22398732602596283, 0.6164774298667908, 0.7368916273117065, 0.46879178285598755, 0.7096090316772461, 0.7416412830352783, 0.8684375286102295, 0.6453026533126831, 0.9438542723655701, 0.7756837010383606, 0.7296001315116882, 0.4101853370666504, 0.46128565073013306, 0.8483445644378662, 0.6219126582145691, 0.7944115996360779, 0.6944238543510437, 0.6601895093917847, 0.8542796969413757, 0.886379599571228, 0.7545464038848877, 0.5468217134475708, 0.4807332158088684, 0.7490336894989014, -0.30474379658699036, 0.5384507775306702, -0.19653987884521484, 0.856112003326416, 0.09777987003326416, 0.3752429485321045, 0.7635072469711304, 0.7074759006500244, 0.9182363748550415, 0.8698717355728149, 0.604934573173523, 0.7704097628593445, 0.4366477131843567, 0.9125890135765076, 0.5218893885612488, 0.5968031883239746, 0.6986621022224426, 0.8680002689361572, 0.7729843854904175, 0.656339168548584, 0.4699096083641052, 0.45368099212646484, 0.7155598402023315, -0.08269283920526505, 0.723741888999939, 0.8644176721572876, -0.21437221765518188, 0.795669436454773, 0.6518958806991577, 0.7733235955238342, 0.7530709505081177, 0.4507533311843872, 0.5400879979133606, 0.8191006779670715, 0.5796592235565186, 0.7801710367202759, 0.7797647714614868, 0.8069595098495483, 0.7856403589248657, 0.7030282020568848, -0.17105472087860107, 0.7401500940322876, 0.7467914819717407, 0.22151529788970947, 0.9115593433380127, 0.8015354871749878, 0.7496604323387146, 0.7788549661636353, 0.7394857406616211, 0.8045118451118469, 0.666351318359375, 0.7684202790260315, 0.7286351919174194, 0.3801555633544922, 0.6293749809265137, 0.6740167140960693, 0.09591104835271835, 0.584869384765625, 0.6545014381408691, 0.40323054790496826, 0.8165478706359863, 0.8358968496322632, 0.057378336787223816, 0.6097131967544556, -0.17775340378284454, 0.390872985124588, 0.7235357165336609, 0.7263308763504028, 0.6404136419296265, 0.7699277400970459, 0.31139957904815674, 0.8014171719551086, 0.1009891927242279, 0.7760982513427734, 0.7303019762039185, 0.8611900806427002, 0.7920137643814087, 0.8612509369850159, 0.8049919605255127, 0.8073303699493408, 0.770165205001831, 0.7889646291732788, 0.5085356831550598, 0.653389036655426, 0.649284839630127, 0.8699870705604553, 0.807193398475647, 0.6888319849967957, 0.8445926904678345, 0.7951790690422058, 0.675792932510376, 0.8431582450866699, 0.6479595303535461, 0.6268194913864136, 0.5702908039093018, -0.0992906466126442, 0.9202197194099426, 0.8260188698768616, 0.7838072776794434, 0.5468714237213135, 0.7528616189956665, 0.8420584797859192, 0.7462749481201172, 0.8009359836578369, 0.9282398819923401, 0.371681272983551, 0.6968321800231934, 0.7308330535888672, 0.7014627456665039, 0.08431421220302582, 0.5698750019073486, -0.3280743658542633, 0.629330575466156, -0.1930055469274521, 0.13468779623508453, 0.6430745124816895, 0.769183337688446, 0.21682654321193695, 0.8186290264129639, 0.7087206840515137, 0.3825567960739136, 0.7804075479507446, 0.8646773099899292, 0.7435413002967834, 0.3896062672138214, 0.8819500803947449]
