sample name: ['CN(C)c1ccc(NC(=O)Cn2c(=O)[nH]c(=O)c3ccccc32)cn1']
atom_index,distance,cosine_similarity
0,0.30019287109375,-0.025524914301931857
1,-0.141143798828125,0.011902641654014588
2,0.0190985107421875,-0.004049328444525599
3,-0.34197998046875,0.047307106591761114
4,-0.4484771728515625,0.07218187576159835
5,-0.063095703125,-0.005401360597461462
6,-0.334185791015625,0.08050709249451757
7,0.1532012939453125,-0.04349094446748495
8,0.237001953125,-0.035287994388490916
9,0.283111572265625,-0.03527819588780403
10,-0.24818939208984375,0.055280535109341146
11,0.069991455078125,-0.006671862155199051
12,-0.4740899658203125,0.07253718031570315
13,-0.45253173828125,0.08332912493497133
14,-0.9921463012695313,0.14214134376496076
15,-0.027901611328125,0.022151893377304076
16,0.181134033203125,-0.005239105932414532
17,-0.049783935546875,0.00196004007011652
18,-0.2358392333984375,0.03248872393742204
19,0.127216796875,0.005722201187163592
20,-0.662440185546875,0.11588477969169617

Sum of phi values for distance
-3.100856323242188
Sum of phi values for cosine similarity
0.582450832715258
Average distance random samples:
6.040731557891482
Average cosine similarity random samples:
0.2854129924647333
Distances random samples
[4.887338161468506, 5.9334492683410645, 6.493591785430908, 7.7795515060424805, 5.6337409019470215, 8.376188278198242, 5.9048261642456055, 7.524103164672852, 5.281095504760742, 5.643374919891357, 6.87855863571167, 4.569246768951416, 5.048235893249512, 5.990616321563721, 7.780441761016846, 6.421272277832031, 6.366598129272461, 4.5602946281433105, 5.4586286544799805, 5.88222074508667, 5.38433837890625, 4.46457052230835, 8.169321060180664, 5.605926513671875, 5.312582492828369, 5.453639507293701, 9.301441192626953, 4.365789413452148, 6.0813775062561035, 5.154155731201172, 6.658281326293945, 4.2694172859191895, 7.146121025085449, 5.162105083465576, 5.876699447631836, 5.236270904541016, 5.284211158752441, 5.8260416984558105, 5.590559959411621, 8.486016273498535, 8.504023551940918, 5.037961483001709, 5.810230255126953, 6.21846342086792, 8.381921768188477, 5.522038459777832, 7.583334445953369, 6.568511486053467, 5.064075946807861, 5.235777378082275, 7.251310348510742, 4.40395450592041, 10.483436584472656, 4.919856071472168, 5.815995216369629, 4.660358905792236, 6.191944599151611, 5.058769702911377, 6.894135475158691, 8.141868591308594, 7.575479984283447, 6.586963176727295, 7.027638912200928, 3.9929239749908447, 6.942508220672607, 9.031801223754883, 6.9410810470581055, 6.325560569763184, 7.447934627532959, 6.533243179321289, 8.293149948120117, 4.794305801391602, 7.576258659362793, 8.434532165527344, 7.9792890548706055, 6.550786018371582, 5.291178226470947, 7.147744655609131, 7.708189964294434, 10.124757766723633, 4.034000396728516, 4.28583288192749, 5.643372535705566, 4.753149509429932, 7.850852012634277, 4.5704426765441895, 6.773667335510254, 8.896292686462402, 4.810611248016357, 4.539487361907959, 5.3248701095581055, 6.624563217163086, 6.171685218811035, 4.6265177726745605, 6.263370513916016, 7.360630035400391, 4.883691310882568, 5.913113117218018, 5.633206367492676, 7.984302043914795, 6.5770721435546875, 4.577993392944336, 5.730916500091553, 6.01511812210083, 4.7105302810668945, 7.495031833648682, 6.376800060272217, 2.9923431873321533, 5.158035755157471, 4.586909770965576, 5.105408191680908, 7.457040786743164, 4.3061747550964355, 5.11992073059082, 9.170166969299316, 5.046075820922852, 4.819680213928223, 4.623856544494629, 7.6653733253479, 6.619811058044434, 5.142273902893066, 6.880751609802246, 2.2574260234832764, 6.417265892028809, 5.057764530181885, 6.784629821777344, 5.236351490020752, 5.379541397094727, 5.538362503051758, 5.255236625671387, 3.6381947994232178, 5.834623336791992, 8.397231101989746, 6.4181227684021, 5.263645172119141, 7.965057373046875, 6.98201322555542, 8.04307746887207, 3.8352091312408447, 5.120218753814697, 4.208607196807861, 4.860538482666016, 6.197048664093018, 4.236627101898193, 7.647703170776367, 6.401176929473877, 5.479843616485596, 5.6124677658081055, 6.340794563293457, 4.776413440704346, 6.991626262664795, 5.772385120391846, 3.947087287902832, 4.62970495223999, 5.2571821212768555, 4.621844291687012, 6.479447364807129, 3.806771993637085, 4.590904235839844, 6.400376796722412, 4.461681842803955, 4.828716278076172, 3.2514278888702393, 8.970663070678711, 8.701048851013184, 5.554153919219971, 7.125117301940918, 6.850987434387207, 8.07237434387207, 5.083409309387207, 5.166705131530762, 5.063179016113281, 4.996377468109131, 4.538736343383789, 5.430558681488037, 6.398801326751709, 4.921037197113037, 4.860151290893555, 7.43904447555542, 5.440526485443115, 5.060474395751953, 9.678394317626953, 5.019637107849121, 7.088637828826904, 4.857322692871094, 7.405905246734619, 5.89436149597168, 7.050509452819824, 7.449178695678711, 4.614163398742676, 8.490523338317871, 6.032558917999268, 5.984574317932129, 6.764670372009277, 5.234814643859863, 4.795029640197754, 4.702672481536865, 6.246529579162598, 5.1477532386779785, 4.113508224487305, 5.222586631774902, 7.6762495040893555, 3.937896490097046, 5.898386001586914, 8.666029930114746, 4.379671573638916, 4.358149528503418, 3.938977003097534, 4.7350382804870605, 5.488117218017578, 8.446966171264648, 4.3817901611328125, 6.14447546005249, 5.383694171905518, 6.692502975463867, 6.264820098876953, 4.556550979614258, 7.181257724761963, 5.067417144775391, 6.613948345184326, 6.480016231536865, 8.270390510559082, 7.658563613891602, 6.075772285461426, 7.017236232757568, 5.145146369934082, 4.982057571411133, 9.632511138916016, 11.084348678588867, 6.913259029388428, 6.647956371307373, 5.380580902099609, 8.414079666137695, 5.948207378387451, 7.18290376663208, 5.770230293273926, 6.40924072265625, 7.86922550201416, 7.667448997497559, 3.848505735397339, 6.3709821701049805, 7.184790134429932, 5.021622657775879, 4.494077205657959, 5.361677169799805, 6.288008213043213, 4.787616729736328, 6.199941158294678, 5.994296550750732, 5.648064136505127, 4.604190349578857, 5.228333950042725, 6.059972286224365, 4.485875129699707, 8.931591033935547, 5.208798408508301, 3.803729772567749, 5.7108259201049805, 4.158280849456787, 9.400749206542969, 4.709959030151367, 5.35189151763916, 7.27999210357666, 7.272822856903076, 5.983800411224365, 5.584087371826172, 3.9766733646392822, 4.140088081359863, 5.8887457847595215, 5.576259136199951, 6.118109226226807, 4.9854736328125, 5.415587425231934, 5.751968860626221, 5.863353252410889, 5.518523693084717, 5.419146537780762, 5.810393810272217, 7.487330913543701, 8.163240432739258, 7.3728346824646, 5.9110918045043945, 3.953795909881592, 6.4296793937683105, 8.646368026733398, 4.831213474273682, 8.369970321655273, 6.224266529083252, 6.374908447265625, 5.215320587158203, 5.776087284088135, 5.922000408172607, 4.5741658210754395, 5.501572132110596, 5.301291465759277, 7.0799760818481445, 6.804544925689697, 3.7559471130371094, 7.539957523345947, 4.079627513885498, 6.63308048248291, 5.504440784454346, 5.788746356964111, 6.122718811035156, 5.409069538116455, 3.971850872039795, 5.4015350341796875, 5.429846286773682, 6.810122489929199, 5.365650177001953, 5.387308120727539, 7.77854061126709, 5.3521881103515625, 4.941286087036133, 5.843891620635986, 8.467232704162598, 8.703415870666504, 4.862050533294678, 5.2798871994018555, 5.46481466293335, 8.616915702819824, 6.338364124298096, 6.707871437072754, 5.686924457550049, 5.428791046142578, 3.1459591388702393, 4.958481788635254, 4.7324934005737305, 6.46590518951416, 4.501068115234375, 5.146600723266602, 5.6893486976623535, 6.188661098480225, 9.221248626708984, 7.818507194519043, 8.690831184387207, 10.128311157226562, 4.544384479522705, 7.56960916519165, 5.5778937339782715, 4.341893196105957, 6.676526069641113, 5.430115699768066, 4.4646220207214355, 3.6405460834503174, 5.627223968505859, 4.182745456695557, 5.260339260101318, 6.516287803649902, 3.5526349544525146, 9.97929573059082, 6.135085582733154, 7.6464009284973145, 7.614422798156738, 8.108752250671387, 5.157206058502197, 5.225079536437988, 5.396337509155273, 7.920840263366699, 7.632543563842773, 4.528541088104248, 4.966312885284424, 9.622734069824219, 4.33096981048584, 5.177157878875732, 8.246660232543945, 4.139451503753662, 6.619946479797363, 7.698579788208008, 5.560959339141846, 8.144779205322266, 4.695784568786621, 4.777754783630371, 6.3617777824401855, 2.6161184310913086, 6.870675563812256, 8.251236915588379, 7.997619152069092, 3.7860827445983887, 5.0644683837890625, 4.4251532554626465, 5.1630330085754395, 5.146104335784912, 5.868101119995117, 5.379517078399658, 4.316623687744141, 7.492532730102539, 6.060272216796875, 6.038786888122559, 5.427642822265625, 5.101417064666748, 5.730869293212891, 4.6645050048828125, 13.005698204040527, 4.59052848815918, 7.562450885772705, 6.17780065536499, 8.798364639282227, 4.9973554611206055, 7.48843240737915, 6.365860939025879, 5.4535698890686035, 4.652657985687256, 7.9134063720703125, 7.210219383239746, 4.846245288848877, 7.25760555267334, 7.4733805656433105, 7.83710241317749, 5.531868934631348, 3.843369483947754, 5.241916656494141, 9.201452255249023, 7.618839263916016, 5.184426784515381, 6.271814823150635, 4.440898895263672, 6.781762599945068, 4.588608741760254, 6.186273097991943, 3.6126608848571777, 9.45384407043457, 5.928042411804199, 7.9339118003845215, 5.226618766784668, 5.748524188995361, 4.1980767250061035, 3.92647647857666, 5.663123607635498, 5.389467239379883, 5.8418378829956055, 4.947999477386475, 7.869017124176025, 5.323081970214844, 9.104107856750488, 5.7444281578063965, 4.339860439300537, 5.063757419586182, 6.053683757781982, 4.596680641174316, 9.171152114868164, 4.703696250915527, 9.2600736618042, 4.83970832824707, 8.72507381439209, 4.198208332061768, 7.841058254241943, 5.210643768310547, 3.959700584411621, 5.830179691314697, 5.717975616455078, 6.6248602867126465, 6.96874475479126, 6.76060152053833, 8.566062927246094, 6.810385704040527, 6.252793788909912, 6.263908386230469, 4.5902485847473145, 6.866303443908691, 8.79604434967041, 7.55726432800293, 5.718157768249512, 6.601870536804199, 5.380825042724609, 4.099517345428467, 9.381800651550293, 3.9835636615753174, 5.234111785888672, 5.698915481567383, 8.398815155029297, 3.88869571685791, 7.65695858001709, 8.946465492248535, 3.6734495162963867, 4.457342624664307, 6.452066898345947, 4.866965293884277, 6.182632923126221, 5.466706275939941, 4.759756565093994, 8.662562370300293, 8.165825843811035, 7.936580657958984, 5.686264514923096, 6.135066509246826, 5.813469409942627, 8.467636108398438, 6.623630046844482, 3.7334671020507812, 4.877579212188721, 4.570859909057617, 3.873962163925171, 9.776626586914062, 4.827056407928467, 6.435571670532227, 4.087176322937012, 4.274041175842285, 6.778972625732422, 8.977246284484863, 6.071653366088867, 6.08186149597168, 4.830491542816162, 4.738888263702393, 5.737608909606934, 3.699918031692505, 4.036316871643066, 7.272645473480225, 12.982102394104004, 6.668625354766846, 5.527880668640137, 5.1484599113464355, 5.098477363586426, 5.953795909881592, 6.717951774597168, 4.843857288360596, 4.240357398986816, 5.801866054534912, 3.8900346755981445, 7.558342933654785, 5.298014163970947, 2.350911855697632, 9.952648162841797, 6.638796329498291, 4.676501274108887, 4.100958347320557, 5.693173885345459, 6.1195387840271, 4.634479999542236, 6.343719959259033, 6.413815021514893, 5.472679615020752, 4.148629665374756, 6.868871212005615, 3.4645659923553467, 6.153329849243164, 5.449460029602051, 7.907467365264893, 7.645784854888916, 5.191497325897217, 4.466888904571533, 5.775445938110352, 9.488212585449219, 7.8891682624816895, 7.325529098510742, 6.183974266052246, 7.371436595916748, 6.716538906097412, 5.34733772277832, 5.649263858795166, 5.995408535003662, 4.0726165771484375, 6.354583740234375, 4.962753772735596, 6.5144429206848145, 7.47893762588501, 5.130932807922363, 5.972965717315674, 7.301719665527344, 4.398110389709473, 3.4465315341949463, 4.11719274520874, 5.824019432067871, 5.395477771759033, 8.929254531860352, 4.706774711608887, 6.733495712280273, 4.586950778961182, 5.906581878662109, 6.958018779754639, 3.666567325592041, 4.756968021392822, 4.921685218811035, 3.893920660018921, 4.872936725616455, 4.370329856872559, 6.6673264503479, 4.957706928253174, 7.885465621948242, 5.891197681427002, 6.843280792236328, 6.223670959472656, 4.218263149261475, 7.622564315795898, 4.581805229187012, 4.804759979248047, 7.095430374145508, 4.038595676422119, 6.596222877502441, 6.450198173522949, 11.639976501464844, 6.2071146965026855, 5.194864273071289, 6.101905822753906, 4.581552505493164, 6.454615592956543, 6.763090133666992, 10.600831985473633, 8.489235877990723, 6.5031609535217285, 8.793334007263184, 6.520199775695801, 6.286633491516113, 5.9849419593811035, 4.629810810089111, 5.15263557434082, 5.499776840209961, 6.839992523193359, 8.217484474182129, 6.708189010620117, 6.249236583709717, 5.05153751373291, 6.994262218475342, 6.876794338226318, 5.494354248046875, 4.835253715515137, 5.206479072570801, 5.7278265953063965, 6.046097755432129, 5.190519332885742, 9.328093528747559, 9.061748504638672, 6.627421855926514, 6.4024338722229, 5.507223606109619, 6.122326850891113, 7.000703811645508, 6.492056369781494, 6.467514514923096, 6.272575378417969, 5.947547435760498, 6.384056091308594, 4.538492202758789, 5.603900909423828, 7.872889518737793, 7.710943222045898, 7.439705848693848, 4.8319854736328125, 6.775721549987793, 4.639942169189453, 8.604151725769043, 8.629305839538574, 7.925534725189209, 8.553088188171387, 7.602518558502197, 5.9501729011535645, 4.936216831207275, 6.270078659057617, 5.835990905761719, 5.102945804595947, 8.412663459777832, 5.1314215660095215, 9.623433113098145, 8.004719734191895, 7.65053129196167, 5.00128173828125, 8.109079360961914, 5.906617641448975, 4.931680202484131, 7.129663467407227, 5.1949286460876465, 6.108414173126221, 5.147583484649658, 5.305135250091553, 5.094935417175293, 4.991696357727051, 5.2816643714904785, 5.269431114196777, 4.797497272491455, 5.511392116546631, 5.357245922088623, 5.885272026062012, 10.352895736694336, 3.962400197982788, 4.864480495452881, 7.062480926513672, 6.428903102874756, 4.957149982452393, 6.325648784637451, 5.376504421234131, 7.727590560913086, 8.054423332214355, 8.60371208190918, 7.002267837524414, 10.151762962341309, 4.548262119293213, 4.993523120880127, 6.641263008117676, 6.6609392166137695, 4.479371070861816, 5.5759782791137695, 5.542741298675537, 5.651161193847656, 6.423313140869141, 9.24466323852539, 4.778591632843018, 7.969356060028076, 5.579800128936768, 7.09501314163208, 7.8586883544921875, 7.1141510009765625, 7.437743663787842, 5.263556003570557, 6.245369911193848, 3.8776700496673584, 3.9227962493896484, 5.870235919952393, 6.706939697265625, 4.237715721130371, 4.507814407348633, 6.525787353515625, 5.195451736450195, 5.203620910644531, 4.95723819732666, 6.991893291473389, 5.095331192016602, 5.213867664337158, 6.076175212860107, 5.864421844482422, 5.144814491271973, 2.841564655303955, 5.235342025756836, 4.440948963165283, 5.63236141204834, 4.784304141998291, 4.470911026000977, 10.933389663696289, 5.336142063140869, 4.092078685760498, 5.814249515533447, 6.344814300537109, 5.903761386871338, 7.151306629180908, 6.32406759262085, 5.272238731384277, 5.78578519821167, 6.438158988952637, 6.159115314483643, 5.854304313659668, 4.041231155395508, 3.3324129581451416, 6.01198148727417, 5.562825679779053, 4.669881343841553, 4.748727321624756, 4.937297344207764, 4.228314399719238, 5.114020824432373, 5.367640018463135, 2.158576488494873, 6.96845006942749, 5.045539379119873, 4.755668640136719, 4.865968227386475, 5.377265453338623, 4.64298677444458, 5.305456638336182, 5.598296642303467, 5.2775139808654785, 7.149916172027588, 7.111262798309326, 6.1886725425720215, 6.060817241668701, 7.142130374908447, 4.181708335876465, 6.15488862991333, 6.42759370803833, 4.232243537902832, 5.952801704406738, 7.965205192565918, 5.394375324249268, 5.240460395812988, 3.9192521572113037, 4.195387363433838, 9.192483901977539, 4.672521114349365, 5.278356552124023, 4.56436824798584, 3.5940322875976562, 4.834412097930908, 5.609941005706787, 10.092098236083984, 4.286925315856934, 5.067924976348877, 8.298259735107422, 5.971011161804199, 8.967642784118652, 5.302369594573975, 5.5424723625183105, 8.517988204956055, 5.123346328735352, 4.371277332305908, 9.171469688415527, 7.19199275970459, 7.580421447753906, 7.788424491882324, 6.35799503326416, 6.038608074188232, 6.231647491455078, 8.298158645629883, 5.757527828216553, 7.349534511566162, 5.354779243469238, 3.8231544494628906, 5.271384239196777, 5.689151763916016, 6.211330413818359, 6.418177604675293, 4.938640117645264, 3.3763492107391357, 6.289708614349365, 7.91864013671875, 5.508904933929443, 8.296622276306152, 7.649216175079346, 4.013146877288818, 5.494751453399658, 5.80808162689209, 6.754878997802734, 4.71907377243042, 4.470048427581787, 6.91827917098999, 5.928398609161377, 4.895839214324951, 5.457761764526367, 8.222167015075684, 5.504152297973633, 9.948356628417969, 4.8495612144470215, 6.448352336883545, 8.949403762817383, 3.9282476902008057, 5.1290130615234375, 4.701935768127441, 5.421665668487549, 6.718494415283203, 4.815170764923096, 4.867767810821533, 6.178305625915527, 4.63861083984375, 6.035573959350586, 5.013476371765137, 7.156972885131836, 8.018974304199219, 7.979426860809326, 6.70371150970459, 5.142578601837158, 5.325999736785889, 7.329517841339111, 2.9924840927124023, 4.231163024902344, 6.328314304351807, 8.24434757232666, 6.168950080871582, 6.007501602172852, 5.201408386230469, 6.399784564971924, 4.004854679107666, 9.081907272338867, 4.873659610748291, 7.423093795776367, 5.681909561157227, 6.5317487716674805, 4.989549160003662, 4.935380935668945, 4.697259426116943, 6.075409889221191, 6.107385158538818, 5.878750324249268, 6.075483322143555, 5.951196670532227, 4.21456241607666, 8.781302452087402, 8.280529975891113, 6.437224864959717, 6.221132755279541, 7.591015815734863, 5.497811317443848, 5.337477684020996, 9.664134979248047, 4.20144510269165, 4.4539875984191895, 5.2461371421813965, 5.019018650054932, 4.002999305725098, 29.52405548095703, 8.49624252319336, 7.567633152008057, 4.597284317016602, 6.519131660461426, 7.274758815765381, 8.522150993347168, 4.715191841125488, 6.717123031616211, 7.5249857902526855, 5.400787830352783, 8.835631370544434, 7.942951679229736, 4.663104057312012, 3.700399398803711, 4.835548400878906, 4.893179416656494, 5.305898666381836, 6.380902290344238, 4.042503356933594, 5.508552551269531, 4.167226314544678, 4.879892349243164, 7.344757080078125, 4.871553421020508, 8.226278305053711, 3.167512893676758, 5.854159355163574, 5.105459213256836, 4.72641658782959, 4.99790620803833, 7.072364807128906, 9.033607482910156, 6.422245502471924, 3.0392212867736816, 8.298537254333496, 4.401696681976318, 5.3196330070495605, 7.3485283851623535, 5.660394191741943, 6.270920753479004, 6.777386665344238, 7.170250415802002, 9.167167663574219, 4.95360803604126, 4.385666847229004, 5.413675785064697, 8.071442604064941, 5.079216957092285, 9.406648635864258, 7.205064296722412, 7.209625720977783, 5.920323848724365, 4.327713966369629, 5.020636081695557, 5.177252769470215, 4.879415512084961, 6.256369590759277, 6.939877986907959, 9.032561302185059, 5.94303560256958, 5.125674724578857, 6.308013439178467, 6.3031134605407715, 5.787875652313232, 7.1568450927734375, 8.38896656036377, 3.9983971118927, 4.72787618637085, 6.734980583190918, 5.020524024963379, 5.609531879425049, 2.8085689544677734, 4.823530197143555, 4.079341411590576, 7.534915447235107, 4.975085258483887, 8.169158935546875, 6.8916335105896, 5.893874645233154, 5.367798805236816, 8.399868965148926, 5.040052890777588, 5.757212162017822, 5.896505355834961, 3.922168731689453, 4.428764820098877, 4.562969207763672, 6.456726551055908, 7.754260063171387, 8.168231964111328, 5.500191688537598, 5.2837653160095215, 5.683321475982666, 5.359616756439209, 7.119791030883789, 4.257875919342041, 4.96995735168457, 6.564505577087402, 3.660656690597534, 4.937537670135498, 4.777980327606201, 5.413261890411377, 7.112616539001465, 8.749584197998047, 5.351598739624023, 6.585158348083496, 2.596869707107544, 4.646875858306885, 5.193381309509277, 6.590715408325195, 4.900712966918945, 5.697373390197754, 7.019166946411133, 5.289302825927734, 3.9595422744750977, 8.726128578186035, 6.831130504608154, 4.816715240478516, 6.827643394470215, 5.513195037841797, 5.016774654388428, 7.746895790100098, 4.9523420333862305, 5.062900543212891, 7.1034255027771, 9.239522933959961, 6.507164001464844, 4.6082234382629395, 8.058524131774902, 5.339954376220703, 5.04286527633667, 9.090600967407227, 5.4663004875183105, 4.053941249847412, 8.204827308654785, 5.059474468231201, 5.503145217895508, 4.888819694519043, 4.121188163757324, 8.42504596710205, 4.2394328117370605, 6.533944129943848, 5.649953365325928, 8.259966850280762, 4.130805015563965, 6.284605026245117, 5.207098960876465, 7.302536487579346, 5.541996479034424, 3.9327995777130127, 6.558670997619629, 8.31136703491211, 7.674399375915527, 5.85980749130249, 6.368576526641846, 5.570456027984619, 7.9888153076171875, 5.964149475097656, 6.271056652069092, 4.36425256729126, 8.31056022644043, 8.588088989257812, 5.068004131317139, 5.945113658905029, 7.107512474060059, 6.41193962097168, 4.6776885986328125, 6.896034240722656, 6.5201287269592285, 4.760493278503418, 4.539741516113281, 3.6300740242004395, 7.402002811431885, 5.4365234375, 6.31334114074707, 6.896491527557373, 4.542727470397949, 6.811682224273682, 7.950578212738037, 9.05687141418457, 6.156358242034912, 5.307284832000732, 6.524277687072754, 4.816245079040527, 5.6164140701293945, 6.250794410705566, 7.710373878479004, 6.238584995269775, 5.88075065612793, 6.353250980377197, 10.950204849243164, 6.119184494018555, 6.820745944976807, 8.628608703613281, 7.718165874481201, 7.89662504196167, 7.444803237915039, 5.100795745849609, 7.116031646728516, 4.547611236572266, 4.111688613891602, 6.887196063995361, 7.941833972930908, 6.655155181884766, 5.97656774520874, 7.235988616943359, 5.7596049308776855, 6.373021125793457, 6.242981433868408, 5.017559051513672, 4.411597728729248, 4.636347770690918, 6.670876502990723, 5.845992088317871, 6.339463233947754, 5.134615898132324, 5.973104000091553, 6.050654411315918, 5.803896903991699, 5.955610752105713, 4.157414436340332, 4.6944780349731445, 2.7851173877716064, 5.70451021194458, 5.908193588256836, 5.405145645141602, 4.786104202270508, 7.953062057495117, 6.453201770782471, 5.37799596786499, 6.682704925537109, 7.683752536773682, 4.226305961608887, 5.0174431800842285, 4.047080039978027, 5.776621341705322, 7.037938117980957, 5.519393444061279, 3.8808977603912354, 5.66140604019165, 5.736755847930908, 5.6494340896606445, 5.239922046661377, 6.6220903396606445, 4.815387725830078, 5.76374626159668, 4.746233940124512, 8.38450813293457, 6.919675827026367, 6.682995319366455, 3.9910566806793213, 6.152694225311279, 5.398223876953125, 4.979842185974121, 5.19750452041626, 5.383192539215088, 6.336493968963623, 9.64474105834961, 9.334579467773438, 5.968643665313721, 5.73651123046875, 4.482271194458008, 3.986600875854492, 4.948676109313965, 5.051515102386475, 4.08897066116333, 6.50667142868042, 5.084834098815918, 4.479652404785156, 8.756900787353516, 7.415260314941406, 4.953754901885986, 4.8087286949157715, 5.310920715332031, 5.579330921173096, 8.915855407714844, 4.040009498596191, 6.972403049468994, 5.376084804534912, 6.193049907684326, 4.807656764984131, 5.058959484100342, 6.22329568862915, 4.481380462646484, 9.762706756591797, 7.061767578125, 6.835031986236572, 7.729671001434326, 5.556633472442627, 4.223189353942871, 4.886739730834961, 5.870639801025391, 6.866276264190674, 4.612157344818115, 4.7891740798950195, 6.764090538024902, 5.190400123596191, 7.7393670082092285, 6.9136247634887695, 5.623237609863281, 6.340582370758057, 7.97083854675293, 4.3767499923706055, 5.659129619598389, 5.6134209632873535, 7.251678466796875, 4.796000003814697, 5.613460540771484, 6.584563255310059, 7.156240940093994, 10.360962867736816, 8.278368949890137, 5.717258453369141, 5.513631820678711, 6.056039810180664, 4.872057914733887, 7.083755016326904, 4.620550155639648, 5.420415878295898, 4.599308013916016, 5.503554344177246, 6.24161958694458, 6.444574356079102, 4.470093250274658, 7.88551139831543, 7.432692050933838, 4.333706378936768, 6.82328462600708, 4.594702243804932, 7.762716770172119, 4.093197345733643, 6.21317720413208, 5.792532920837402, 4.68696928024292, 5.251311779022217, 7.594254970550537, 5.7607293128967285, 7.959708213806152, 4.8717851638793945, 6.172852516174316, 4.280285358428955, 5.121197700500488, 3.5560929775238037, 8.520621299743652, 4.217245101928711, 4.445708274841309, 5.466819763183594, 4.638129234313965, 6.017360687255859, 5.456585884094238, 4.819791316986084, 10.955089569091797, 5.429107666015625, 5.28650426864624, 6.252636432647705, 7.888457775115967, 9.433979034423828, 9.20907974243164, 5.70922327041626, 7.916739463806152, 6.078986167907715, 5.485004425048828, 4.983813285827637, 6.737189292907715, 5.225006580352783, 7.396226406097412, 8.082110404968262, 5.040785789489746, 6.27027702331543, 7.630685329437256, 5.488796234130859, 5.772244453430176, 4.775496482849121, 5.170238494873047, 4.321248531341553, 4.197258949279785, 6.067240238189697, 9.331777572631836, 6.069866180419922, 5.974166393280029, 4.359692096710205, 6.176300048828125, 8.19965648651123, 5.094245433807373, 6.081138610839844, 5.229276657104492, 7.582693099975586, 4.297723293304443, 5.06794548034668, 6.123643398284912, 5.153041362762451, 4.49061918258667, 5.2184157371521, 5.746701717376709, 8.080323219299316, 6.057852268218994, 8.149857521057129, 5.305418968200684, 4.740757942199707, 4.363560199737549, 6.470768451690674, 5.896002769470215, 7.807875633239746, 4.828948974609375, 5.919256687164307, 6.645179748535156, 5.025026321411133, 5.338992118835449, 6.7474517822265625, 6.285013675689697, 6.793717384338379, 4.994468688964844, 9.588451385498047, 6.202796936035156, 8.324873924255371, 5.677241325378418, 7.838990211486816, 4.9615654945373535, 6.798460483551025, 5.018418312072754, 6.751325607299805, 5.667199611663818, 5.314444065093994, 5.952245235443115, 3.6266074180603027, 7.801379203796387, 4.864525318145752, 5.822731018066406, 7.790153503417969, 7.435390472412109, 6.495503902435303, 4.829592704772949, 5.570208549499512, 5.977200984954834, 5.0096259117126465, 6.0793633460998535, 7.59532356262207, 5.810466289520264, 4.89548921585083, 9.700592994689941, 5.961459159851074, 5.971948623657227, 8.36174488067627, 4.55928373336792, 5.511690616607666, 5.472530841827393, 4.6685662269592285, 6.075631141662598, 4.641455173492432, 4.683295726776123, 8.359994888305664, 9.457513809204102, 5.859129428863525, 5.320499420166016, 5.563449382781982, 8.153138160705566, 6.727389812469482, 5.807671546936035, 5.104355812072754, 7.201564311981201, 6.773898124694824, 6.3105621337890625, 5.849366188049316, 4.390382766723633, 7.496826648712158, 7.785192012786865, 5.842915058135986, 7.474137306213379, 4.54008150100708, 7.876786231994629, 5.967004776000977, 4.121892929077148, 5.193902492523193, 5.927689552307129, 4.792383670806885, 5.66270637512207, 8.095891952514648, 5.011540412902832, 5.753001689910889, 3.5516579151153564, 6.156484603881836, 5.244795799255371, 5.162314414978027, 4.485641956329346, 7.620395660400391, 7.739591598510742, 8.633687973022461, 7.814213275909424, 6.926169395446777, 6.29853630065918, 7.0980730056762695, 9.487969398498535, 5.330415725708008, 5.065107822418213, 3.869894504547119, 8.1541109085083, 7.210882186889648, 6.161390781402588, 5.419850826263428, 3.4200947284698486, 7.198143005371094, 4.989932060241699, 4.545353889465332, 6.423896312713623, 7.455994129180908, 8.299121856689453, 7.607537746429443, 7.661922454833984, 9.205575942993164, 5.648782253265381, 8.36073112487793, 4.659499168395996, 4.139573097229004, 8.310453414916992, 4.838202476501465, 5.2051472663879395, 4.199878692626953, 5.725992202758789, 4.679317951202393, 6.999752998352051, 5.676004409790039, 5.326823711395264, 4.7603440284729, 5.4459919929504395, 5.329621315002441, 5.3700103759765625, 5.3958964347839355, 8.324893951416016, 5.76725959777832, 5.363149166107178, 4.874204158782959, 5.447134971618652, 4.926388740539551, 7.3638224601745605, 5.872135162353516, 6.219959259033203, 6.6290178298950195, 5.661867618560791, 8.208514213562012, 7.526454448699951, 3.7773258686065674, 7.055073261260986, 7.236690998077393, 4.679640293121338, 8.117877960205078, 10.129799842834473, 4.470411777496338, 5.174543380737305, 8.35130500793457, 3.8644015789031982, 9.391838073730469, 5.60787296295166, 7.504166126251221, 5.775969505310059, 7.94440221786499, 4.242814540863037, 7.04535436630249, 7.709179401397705, 12.002214431762695, 6.360202312469482, 5.646048545837402, 4.164734840393066, 5.795999526977539, 4.536060810089111, 4.924029350280762, 6.939615726470947, 5.5038161277771, 4.528651714324951, 4.958376407623291, 3.978729724884033, 8.521332740783691, 6.297182083129883, 4.06868839263916, 4.457937717437744, 5.848421573638916, 5.024325370788574, 5.036997318267822, 6.666996479034424, 6.838446617126465, 4.975072383880615, 6.492857933044434, 5.8685302734375, 7.846652984619141, 8.553585052490234, 5.138706207275391, 5.079306602478027, 5.827285289764404, 5.671357154846191, 6.34372615814209, 4.051348686218262, 4.653546333312988, 7.229997634887695, 5.760351181030273, 4.746842861175537, 5.127377033233643, 6.357148170471191, 7.816577911376953, 5.494775772094727, 5.021277904510498, 5.647728443145752, 9.203179359436035, 4.607036590576172, 4.313847541809082, 4.842178821563721, 6.780129909515381, 7.995121955871582, 5.606982231140137, 4.791316986083984, 8.322199821472168, 5.34701681137085, 5.49178409576416, 4.36819314956665, 6.714016437530518, 4.507596969604492, 6.85768985748291, 7.428664684295654, 5.449405670166016, 5.3586745262146, 3.3649396896362305, 8.792885780334473, 5.5394487380981445, 7.2296671867370605, 6.544252872467041, 7.444975852966309, 8.01823616027832, 4.9279985427856445, 4.006484508514404, 8.900050163269043, 4.213139057159424, 7.208500862121582, 6.4842376708984375, 6.894033432006836, 6.087927341461182, 4.356333255767822, 4.604190826416016, 5.406591892242432, 5.1986308097839355, 5.284085750579834, 4.750879764556885, 7.162759780883789, 4.969297885894775, 8.272716522216797, 6.162807464599609, 8.766276359558105, 2.9312093257904053, 10.410871505737305, 6.312110424041748, 7.227793216705322, 6.155678749084473, 5.818181991577148, 5.883762359619141, 4.905006408691406, 5.594236373901367, 5.975353717803955, 4.773965835571289, 7.431392669677734, 10.167824745178223, 5.78408670425415, 7.975390911102295, 6.0428972244262695, 5.311580657958984, 5.720340251922607, 2.9812681674957275, 6.613266468048096, 4.448899745941162, 5.852551460266113, 6.387953758239746, 6.131082534790039, 5.736158847808838, 6.760788917541504, 5.305983543395996, 6.1664509773254395, 7.593452453613281, 7.924535751342773, 6.460031032562256, 5.864985466003418, 8.194223403930664, 5.8886308670043945, 5.192223072052002, 5.8555989265441895, 6.231941223144531, 4.24246072769165, 3.509742021560669, 5.9888787269592285, 5.810781002044678, 5.663763999938965, 8.942413330078125, 3.5081427097320557, 7.2867350578308105, 6.272953987121582, 6.88070821762085, 6.915415287017822, 8.735943794250488, 4.685527324676514, 5.426279544830322, 7.274250507354736, 6.428384304046631, 7.357590675354004, 7.736595630645752, 8.419862747192383, 5.209164142608643, 6.634228229522705, 5.744290828704834, 7.065280914306641, 5.617356777191162, 7.5484137535095215, 3.90394926071167, 4.769506454467773, 7.638899803161621, 6.387899398803711, 5.840878486633301, 4.7870402336120605, 4.976059913635254, 5.193605422973633, 5.483536243438721, 3.840411901473999, 6.680558204650879, 5.427182197570801, 6.781191349029541, 7.24726676940918, 6.293478965759277, 8.303802490234375, 3.426470994949341, 5.919252872467041, 4.524964809417725, 4.561794757843018, 6.12326192855835, 7.285253524780273, 7.138944625854492, 6.230359077453613, 7.5998759269714355, 5.151557445526123, 4.0861711502075195, 8.146167755126953, 5.587486267089844, 4.818508148193359, 8.041492462158203, 5.475886821746826, 6.095926284790039, 5.373471736907959, 5.958268165588379, 5.968357086181641, 7.664220333099365, 6.193210124969482, 6.773420810699463, 5.181699752807617, 5.561371803283691, 7.082504749298096, 7.822900295257568, 5.652428150177002, 4.887260437011719, 6.554194927215576, 7.779053211212158, 7.079546928405762, 7.127631664276123, 5.669913291931152, 3.792630910873413, 3.2878150939941406, 10.228577613830566, 4.173697471618652, 5.945988655090332, 4.814774990081787, 5.30364465713501, 4.242260456085205, 6.237377643585205, 7.011752605438232, 5.043574810028076, 8.445281982421875, 4.658683776855469, 4.917657375335693, 4.791248798370361, 5.921917915344238, 10.233245849609375, 9.135178565979004, 6.670385837554932, 6.805278301239014, 5.746408939361572, 6.641224384307861, 8.322915077209473, 5.234123229980469, 7.332776069641113, 5.152288913726807, 3.975785970687866, 6.436273574829102, 7.36792516708374, 6.324269771575928, 6.011023044586182, 4.428455829620361, 4.889336109161377, 7.741746425628662, 8.11303997039795, 6.208410263061523, 9.386418342590332, 4.015811443328857, 3.8815574645996094, 5.1331095695495605, 5.111275672912598, 5.4551496505737305, 5.035904407501221, 6.092713356018066, 5.077609062194824, 5.348645210266113, 6.440682411193848, 5.47355318069458, 4.814718723297119, 6.101398468017578, 6.4068708419799805, 3.4258973598480225, 5.133266448974609, 7.554043292999268, 3.921631336212158, 6.073426246643066, 6.602010726928711, 6.104854583740234, 8.074899673461914, 5.576099395751953, 4.257152557373047, 5.728994846343994, 5.043880939483643, 2.7517178058624268, 7.740771770477295, 5.221610069274902, 5.256617069244385, 6.505746841430664, 4.3189377784729, 4.3883562088012695, 5.747406959533691, 5.376590728759766, 7.9580488204956055, 4.465860366821289, 7.34865140914917, 5.140529632568359, 4.345974922180176, 4.530786991119385, 5.998415946960449, 4.905955791473389, 8.869471549987793, 5.560483932495117, 6.428045272827148, 5.865241050720215, 5.893221855163574, 5.703224182128906, 4.067402362823486, 6.487200736999512, 4.541520118713379, 7.231914043426514, 5.400476455688477, 6.085124969482422, 6.1855878829956055, 5.469476222991943, 7.209842681884766, 5.047849178314209, 5.864086627960205, 7.578707218170166, 7.735358238220215, 6.633986473083496, 5.877871036529541, 6.7732744216918945, 4.0725789070129395, 4.442923069000244, 8.670214653015137, 7.322361946105957, 3.9100708961486816, 4.8718719482421875, 6.044686794281006, 4.797206401824951, 4.149545192718506, 8.715263366699219, 6.308355331420898, 4.969603061676025, 5.668797492980957, 3.9277594089508057, 3.793335437774658, 5.941155910491943, 5.784674644470215, 4.326976776123047, 7.324283599853516, 5.607606410980225, 5.195367336273193, 5.243815898895264, 7.889193534851074, 4.31905460357666, 7.89664363861084, 5.446409225463867, 4.137942314147949, 4.833651542663574, 7.825699329376221, 7.676029205322266, 4.7401227951049805, 5.098339080810547, 6.014120101928711, 8.802816390991211, 8.997760772705078, 6.787703037261963, 4.921415328979492, 4.125, 5.131843090057373, 4.050207614898682, 5.477518081665039, 4.73101282119751, 5.813004493713379, 6.013993740081787, 5.00259256362915, 4.156276226043701, 9.232240676879883, 5.6910881996154785, 5.644883632659912, 4.860315322875977, 5.833945274353027, 4.01734733581543, 3.9913673400878906, 4.415490627288818, 7.72672176361084, 4.552466869354248, 5.160374164581299, 5.832305908203125, 4.977170944213867, 5.422919750213623, 6.272415637969971, 5.19143009185791, 6.169932842254639, 7.675735950469971, 6.001883029937744, 3.237185001373291, 8.038354873657227, 4.455386161804199, 7.331667900085449, 5.380733489990234, 4.873438358306885, 3.415566921234131, 3.9684970378875732, 6.2312750816345215, 5.159756183624268, 7.840665340423584, 6.826735496520996, 3.779576063156128, 5.436886787414551, 4.505402565002441, 4.839542865753174, 4.2706403732299805, 6.055974006652832, 7.625796794891357, 3.7333643436431885, 5.060945510864258, 7.178705215454102, 7.421901702880859, 6.070510387420654, 6.631306171417236, 7.959748268127441, 6.584922790527344, 6.562633991241455, 5.774791717529297, 5.046745777130127, 5.211326599121094, 6.016119480133057, 5.265870094299316, 7.735864162445068, 5.6175031661987305, 7.559296607971191, 7.2687296867370605, 4.293107032775879, 6.333520889282227, 8.495410919189453, 6.813024520874023, 6.213313102722168, 3.766794443130493, 6.859543323516846, 4.727187633514404, 2.8134965896606445, 4.414139747619629, 4.834856033325195, 6.39289665222168, 4.454434871673584, 5.167468070983887, 6.204237937927246, 5.370004653930664, 8.283638000488281, 7.552108287811279, 5.722832679748535, 4.688297748565674, 5.457624912261963, 8.199554443359375, 6.895455837249756, 5.405977725982666, 2.4726202487945557, 5.547119617462158, 2.8758914470672607, 4.910865783691406, 6.7489447593688965, 5.32465934753418, 9.062400817871094, 6.790314674377441, 8.265865325927734, 5.150434494018555, 6.291126251220703, 3.3097918033599854, 5.407841682434082, 4.835094928741455, 6.122873783111572, 4.085621356964111, 5.847825527191162, 8.533382415771484, 7.144369602203369, 5.9848456382751465, 8.380772590637207, 6.844594478607178, 6.079390048980713, 7.483596324920654, 8.223493576049805, 4.840341567993164, 6.922606468200684, 5.973111629486084, 4.845930099487305, 4.711684703826904, 4.920616149902344, 6.538268089294434, 6.211933135986328, 6.693019866943359, 6.511260509490967, 6.975154399871826, 7.18320894241333, 4.584620952606201, 6.206754207611084, 5.505753517150879, 5.457951545715332, 5.988677978515625, 5.595066070556641, 5.1005024909973145, 8.604168891906738, 4.142527103424072, 8.358738899230957, 6.024393558502197, 6.81943416595459, 4.381805419921875, 5.600718975067139, 5.318258762359619, 3.9049365520477295, 5.7477006912231445, 3.967268705368042, 6.877277851104736, 5.420485973358154, 7.602099418640137, 8.711233139038086, 2.874628782272339, 6.976861000061035, 5.7956767082214355, 6.948547840118408, 4.116115570068359, 6.093935966491699, 6.36824893951416, 6.540371417999268, 8.578100204467773, 5.265649318695068, 4.909941673278809, 5.455522537231445, 5.490782737731934, 4.656495094299316, 4.888965606689453, 4.367189884185791, 5.752513408660889, 8.248515129089355, 5.038494110107422, 7.588896751403809, 5.220189094543457, 5.691641807556152, 8.371307373046875, 4.267983436584473, 5.488422393798828, 6.2571330070495605, 5.633461952209473, 7.188756465911865, 5.117241382598877, 5.710233211517334, 6.14717960357666, 7.904053211212158, 7.482673168182373, 6.121743679046631, 7.391263008117676, 4.8653950691223145, 6.224993705749512, 4.9977240562438965, 6.423117637634277, 6.590740203857422, 4.42482852935791, 4.892906665802002, 4.978249549865723, 6.683258056640625, 4.6481032371521, 5.870225429534912, 7.164320945739746, 7.639463901519775, 5.067862033843994, 4.833957672119141, 4.588906764984131, 6.624504566192627, 5.342376708984375, 5.23323392868042, 4.891456604003906, 4.4361138343811035, 3.7320475578308105, 5.291536808013916, 5.414252281188965, 6.536933422088623, 9.715034484863281, 5.448716163635254, 6.667545795440674, 4.465257167816162, 5.270184516906738, 4.9395365715026855, 5.466320514678955, 4.896282196044922, 4.967972755432129, 6.844344615936279, 5.638623237609863, 2.65788197517395, 5.9748125076293945, 7.23892879486084, 4.919837951660156, 7.123591423034668, 3.961592435836792, 8.653779029846191, 7.047585964202881, 6.085301876068115, 7.128195762634277, 5.194039344787598, 4.414792537689209, 4.858397483825684, 7.605642318725586, 6.913419246673584, 7.512880325317383, 5.433878421783447, 5.187603950500488, 9.320171356201172, 8.440079689025879, 5.851705551147461, 5.943300247192383, 7.442593097686768, 6.159407138824463, 7.247256278991699, 5.392467021942139, 3.7888402938842773, 5.222775936126709, 4.358170986175537, 4.058711051940918, 4.109746932983398, 6.3512163162231445, 4.909691333770752, 4.458211421966553, 6.279204368591309, 4.051181316375732, 5.714242935180664, 7.776646137237549, 6.36458158493042, 7.737927436828613, 7.2361273765563965, 5.57417106628418, 6.7923583984375, 4.992343902587891, 7.614622116088867, 4.876710891723633, 4.040037155151367, 7.507705211639404, 8.540760040283203, 3.4131805896759033, 6.730679035186768, 6.866738796234131, 6.931848526000977, 5.947014331817627, 5.077879428863525, 7.393832683563232, 5.340760231018066, 5.679478645324707, 6.551387310028076, 5.570003032684326, 9.949625015258789, 6.512297630310059, 7.995851516723633, 5.943332672119141, 6.802435398101807, 6.18002986907959, 6.250727653503418, 7.3110527992248535, 5.550828456878662, 5.418427467346191, 7.506226539611816, 4.869199752807617, 9.26384162902832, 6.810667514801025, 6.93055534362793, 5.243735313415527, 2.9522929191589355, 7.725434303283691, 4.672895431518555, 8.652783393859863, 5.395178318023682, 6.27216100692749, 4.028139591217041, 5.305965900421143, 5.170243740081787, 4.41710090637207, 7.763132572174072, 7.501623153686523, 4.170831680297852, 4.101799488067627, 6.639878273010254, 8.179762840270996, 4.328472137451172, 5.940884113311768, 9.375645637512207, 8.030598640441895, 5.38010311126709, 6.4203314781188965, 10.253912925720215, 5.009130954742432]
Cosines similarity random samples
[0.35888171195983887, 0.23907074332237244, 0.048072196543216705, -0.12206873297691345, 0.41819265484809875, -0.08521048724651337, 0.10985034704208374, 0.059205152094364166, 0.5082830190658569, 0.25930255651474, -0.10775774717330933, 0.6310665607452393, 0.43783122301101685, 0.13093212246894836, 0.19410771131515503, 0.0724494457244873, 0.33808863162994385, 0.5039671659469604, 0.3701295256614685, 0.299474835395813, 0.4746437072753906, 0.5618792772293091, -0.2613849639892578, 0.44525617361068726, 0.33452534675598145, 0.45905041694641113, -0.4133223295211792, 0.6047480702400208, 0.3766074478626251, 0.35457783937454224, 0.15104125440120697, 0.6502701044082642, -0.006006941199302673, 0.3907020092010498, 0.31787848472595215, 0.5620027780532837, 0.33732879161834717, 0.22013263404369354, 0.26916149258613586, 0.21552543342113495, -0.40014806389808655, 0.5413451790809631, 0.14775559306144714, 0.27088236808776855, -0.16079938411712646, 0.3591195344924927, -0.02002960443496704, -0.048705801367759705, 0.4837007522583008, 0.41905486583709717, -0.02592378854751587, 0.6180812120437622, -0.2999318838119507, 0.514223039150238, 0.33208614587783813, 0.6319766044616699, 0.2839627265930176, 0.5493360757827759, 0.2387133687734604, 0.19866101443767548, -0.031130939722061157, 0.1355755627155304, -0.11200178414583206, 0.7319231033325195, 0.06920750439167023, 0.06961502134799957, -0.3341374695301056, 0.35896074771881104, -0.11280408501625061, 0.12996405363082886, -0.26286250352859497, 0.5252453088760376, -0.04120286554098129, -0.044658858329057693, 0.018461432307958603, -0.12085746973752975, 0.39757969975471497, -0.002919822931289673, 0.07180401682853699, -0.08985108882188797, 0.6410832405090332, 0.5770760774612427, 0.20760969817638397, 0.55953049659729, 0.06975911557674408, 0.6172590851783752, 0.12352259457111359, -0.08272705972194672, 0.5375937223434448, 0.6449095010757446, 0.30736762285232544, 0.17152447998523712, 0.030204951763153076, 0.5130733251571655, 0.2852171063423157, -0.1743544340133667, 0.45938095450401306, 0.3193187713623047, 0.24472291767597198, -0.46357011795043945, 0.39474618434906006, 0.7491428256034851, 0.445231556892395, 0.31903594732284546, 0.47564664483070374, 0.4060387909412384, 0.2799297273159027, 0.8421510457992554, 0.5902348160743713, 0.5338205695152283, 0.46741509437561035, -0.29293298721313477, 0.5726339817047119, 0.32735154032707214, -0.19778789579868317, 0.5854003429412842, 0.6182178258895874, 0.6278767585754395, 0.02277316153049469, 0.18288353085517883, 0.4879804849624634, 0.31291741132736206, 0.9082722663879395, 0.3521473705768585, 0.48870158195495605, 0.14935392141342163, 0.5341360569000244, 0.33176830410957336, 0.3605254888534546, 0.33837267756462097, 0.6837092638015747, 0.47128355503082275, -0.15775197744369507, 0.30603325366973877, 0.5157263278961182, -0.17660105228424072, 0.07405509799718857, 0.03136303648352623, 0.7166218161582947, 0.5814732313156128, 0.633800745010376, 0.5516870617866516, 0.30678626894950867, 0.6035805940628052, 0.13771823048591614, 0.10958968102931976, 0.2801145315170288, 0.2036150097846985, 0.029875118285417557, 0.539442241191864, 0.4866335093975067, 0.34137752652168274, 0.6304826736450195, 0.48503148555755615, 0.21981215476989746, 0.638029932975769, 0.09697984158992767, 0.7153635025024414, 0.4506053328514099, 0.15458017587661743, 0.5500763654708862, 0.5276978611946106, 0.7934995889663696, -0.1318310797214508, -0.25434526801109314, 0.5380998849868774, -0.07630110532045364, 0.23705962300300598, -0.0010291002690792084, 0.6303300261497498, 0.6620173454284668, 0.5010539889335632, 0.3941226005554199, 0.4801143705844879, 0.2769341468811035, 0.17661046981811523, 0.6128652691841125, 0.4968371093273163, -0.22114305198192596, 0.594903826713562, 0.3055408000946045, -0.1681838184595108, 0.42130163311958313, -0.09066411852836609, 0.45413026213645935, 0.053520675748586655, 0.04751642793416977, 0.30477726459503174, 0.22225074470043182, 0.47392863035202026, -0.29682856798171997, 0.3597452640533447, 0.02071955054998398, 0.21920982003211975, 0.51155686378479, 0.4860462546348572, 0.5300624370574951, 0.07654780149459839, 0.508904218673706, 0.6344278454780579, 0.25625866651535034, -0.02635517716407776, 0.638565182685852, 0.25453269481658936, -0.2696438431739807, 0.6664390563964844, 0.543001115322113, 0.7649508714675903, 0.45865893363952637, 0.28602316975593567, -0.18216267228126526, 0.5652073621749878, 0.374932199716568, 0.33691591024398804, 0.23743347823619843, 0.3811250627040863, 0.5673284530639648, -0.05378926545381546, 0.2979411482810974, -0.16684819757938385, 0.41591858863830566, -0.02170427143573761, -0.31694528460502625, 0.057695597410202026, 0.3309980630874634, 0.2761087417602539, 0.50284343957901, -0.16218319535255432, -0.4717206060886383, 0.2567656934261322, -0.003437317907810211, 0.3583481013774872, -0.13363951444625854, 0.3453570306301117, 0.10185465216636658, 0.3418075442314148, 0.1759769469499588, -0.06399331986904144, -0.1753229796886444, 0.6924842000007629, 0.07374235987663269, -0.17488396167755127, 0.581920862197876, 0.595315158367157, 0.4237697124481201, -0.014531556516885757, 0.47309499979019165, 0.3861646056175232, 0.3154047131538391, 0.20365428924560547, 0.4666188359260559, 0.4665907025337219, 0.19205406308174133, 0.6132687926292419, 0.04774925857782364, 0.33547243475914, 0.7141278386116028, 0.3836512267589569, 0.7252874374389648, -0.03442564606666565, 0.5644937753677368, 0.2790030539035797, -0.2737652659416199, 0.10253171622753143, 0.29326677322387695, 0.31752774119377136, 0.7087974548339844, 0.6453328132629395, 0.3527681231498718, 0.2122267186641693, 0.2734209895133972, 0.5821373462677002, 0.3987891674041748, 0.4970521032810211, 0.18142007291316986, 0.47571852803230286, 0.18427997827529907, 0.2827654778957367, -0.1708582639694214, -0.252994179725647, 0.20478321611881256, 0.33749932050704956, 0.6317758560180664, 0.37457579374313354, -0.2686622738838196, 0.4843859076499939, 0.06167970970273018, 9.08784568309784e-05, 0.12186910212039948, 0.2765565812587738, 0.3231867551803589, 0.16768699884414673, 0.5494667291641235, 0.20547634363174438, 0.431012362241745, -0.055097371339797974, 0.24019990861415863, 0.7311842441558838, -0.17498931288719177, 0.6498574018478394, 0.37141644954681396, 0.30792155861854553, 0.49166351556777954, 0.42720019817352295, 0.5509840250015259, 0.602122962474823, 0.5556241273880005, 0.3592063784599304, -0.044493529945611954, 0.45838573575019836, 0.20536333322525024, 0.14597657322883606, 0.487636923789978, 0.581371545791626, 0.2006569504737854, 0.13638031482696533, -0.3613131046295166, 0.5173808336257935, 0.4081021547317505, 0.5283257961273193, 0.2393782138824463, 0.059797756373882294, 0.03840204328298569, 0.4275435209274292, 0.2580616772174835, 0.7970256209373474, 0.4326910972595215, 0.4630401134490967, 0.4118407666683197, 0.5954781770706177, 0.638239324092865, 0.4290508031845093, 0.4377819001674652, -0.05376633256673813, -0.10865506529808044, -0.09052427858114243, -0.23961812257766724, 0.4653863310813904, 0.2545006573200226, 0.33139273524284363, 0.599142849445343, -0.16730812191963196, 0.21125707030296326, 0.5583219528198242, 0.7249704003334045, 0.18876099586486816, 0.6169543266296387, 0.6009377837181091, 0.1633206307888031, 0.7336349487304688, -0.024736881256103516, 0.24212445318698883, 0.1566048264503479, 0.0017133578658103943, 0.048674508929252625, 0.6595506072044373, 0.3418571949005127, 0.5825674533843994, -0.3196255564689636, -0.14845824241638184, 0.4912790060043335, 0.5458756685256958, -0.14367884397506714, 0.6282035708427429, 0.45548874139785767, 0.31349146366119385, 0.605211615562439, 0.1101016253232956, 0.2684311866760254, 0.41205841302871704, 0.029849760234355927, 0.6009811758995056, 0.5595602989196777, 0.3347170948982239, 0.8682794570922852, 0.18317155539989471, 0.002525884658098221, 0.006858944892883301, 0.6783796548843384, 0.41275060176849365, 0.6037318706512451, 0.3663212060928345, 0.5480427742004395, 0.4867815375328064, 0.48637181520462036, 0.570453405380249, -0.1301896721124649, 0.278170108795166, 0.2980372905731201, 0.3744303286075592, 0.40126872062683105, 0.4545247554779053, 0.6911011934280396, -0.1623048186302185, 0.5202596187591553, -0.0014500133693218231, 0.028529495000839233, -0.013795018196105957, 0.43207311630249023, -0.019317686557769775, -0.10874157398939133, 0.328047513961792, 0.5370326638221741, -0.055172815918922424, -0.06783019751310349, 0.4225185513496399, -0.043790675699710846, 0.20621059834957123, -0.06679099053144455, 0.47695356607437134, 0.6528322696685791, 0.2581910490989685, -0.039750274270772934, 0.10604308545589447, 0.35123470425605774, 0.19111528992652893, 0.5734668374061584, 0.3851846158504486, 0.4936571717262268, 0.358811616897583, 0.6747786998748779, -0.12639403343200684, 0.25671958923339844, -0.16068868339061737, 0.348327100276947, 0.1547970026731491, 0.5959099531173706, 0.693575382232666, 0.37648847699165344, 0.23031920194625854, 0.35258835554122925, 0.661262035369873, -0.027808472514152527, 0.27301353216171265, -0.09377656877040863, 0.21299611032009125, 0.5934248566627502, 0.3728146255016327, 0.31828784942626953, 0.5590051412582397, 0.06760181486606598, 0.48621463775634766, -0.33257073163986206, 0.4809094965457916, 0.005292676389217377, 0.6404843330383301, 0.2367834895849228, 0.5536620616912842, 0.765434980392456, 0.17505890130996704, 0.3157395124435425, 0.4323265254497528, 0.023711267858743668, -0.1877915859222412, -0.36985671520233154, 0.225087970495224, 0.053735315799713135, 0.4451644718647003, 0.5157227516174316, 0.13900163769721985, -0.0041799843311309814, -0.14115050435066223, 0.341200053691864, -0.11788284778594971, 0.4575958549976349, 0.6697405576705933, -0.1026684045791626, 0.6561552286148071, 0.2755351662635803, 0.4486979842185974, -0.25363287329673767, 0.6784526109695435, -0.42771661281585693, -0.20481103658676147, 0.6784130334854126, 0.48020824790000916, 0.43922924995422363, 0.662198543548584, -0.07039345055818558, 0.42594388127326965, 0.4964268207550049, -0.23703764379024506, -0.08610351383686066, -0.36357033252716064, 0.3059643507003784, 0.3801441490650177, 0.42818474769592285, -0.1393505334854126, 0.19096621870994568, 0.6998718976974487, 0.4919550120830536, 0.6126072406768799, 0.7383850812911987, -0.2920744717121124, 0.4156104326248169, 0.08961044251918793, 0.6245350241661072, 0.5238195657730103, 0.39476555585861206, -0.2338094562292099, 0.44781917333602905, 0.0522424578666687, 0.46757352352142334, 0.5796425342559814, 0.2846744656562805, 0.6989542841911316, 0.6401416063308716, -0.09715677797794342, -0.4778938889503479, 0.19064608216285706, 0.48158472776412964, 0.5050766468048096, 0.4412795901298523, 0.13830462098121643, 0.021954506635665894, 0.46227192878723145, 0.6369723081588745, 0.14221027493476868, 0.6426891088485718, 0.2947863042354584, 0.40386903285980225, 0.8928930163383484, -0.0858384221792221, 0.36815977096557617, 0.5549587607383728, 0.6406880021095276, 0.49115413427352905, 0.4884681701660156, 0.6065272688865662, 0.35220810770988464, 0.0499052032828331, 0.522567093372345, 0.7177749872207642, 0.1484752744436264, 0.7577029466629028, 0.1374199390411377, 0.350460410118103, -0.08483349531888962, -0.038041338324546814, 0.4522773325443268, 0.5909181833267212, 0.37940675020217896, -0.5677605271339417, 0.35341379046440125, -0.05018076300621033, 0.02711474895477295, 0.22611820697784424, 0.2846181392669678, 0.3999118506908417, 0.39244818687438965, 0.07716194540262222, 0.649437665939331, 0.09419089555740356, 0.40927234292030334, -0.04372631758451462, 0.08728380501270294, 0.3032834231853485, 0.1866394579410553, 0.059679754078388214, 0.6888613104820251, 0.7262115478515625, 0.7792176008224487, 0.17654311656951904, 0.5628175735473633, -0.06569033116102219, 0.47234970331192017, 0.2626437842845917, 0.559107780456543, 0.2676199674606323, -0.15206710994243622, 0.7105233073234558, 0.4386805295944214, 0.49727296829223633, 0.6436734795570374, 0.4893348515033722, 0.6511351466178894, 0.06308922916650772, 0.39011138677597046, 0.22312748432159424, 0.4057424068450928, 0.1581457555294037, 0.24115872383117676, 0.639032244682312, 0.05303295701742172, 0.5186325311660767, 0.5169583559036255, -0.22751834988594055, 0.6528687477111816, 0.19955576956272125, 0.29111605882644653, -0.07304403185844421, 0.3014448285102844, 0.34217625856399536, 0.20683157444000244, 0.6588492393493652, 0.44861695170402527, -0.13469937443733215, -0.038172170519828796, 0.03562165051698685, 0.2681299149990082, -0.22375071048736572, -0.010124728083610535, 0.33873704075813293, 0.24708810448646545, 0.5691707134246826, 0.3384801149368286, 0.22515949606895447, -0.1336541473865509, 0.23366641998291016, 0.3270772099494934, 0.010139171034097672, 0.6221216320991516, -0.24463480710983276, 0.04946226626634598, 0.3929351270198822, 0.4747494161128998, 0.2735807001590729, 0.20342756807804108, 0.22024548053741455, 0.3884737491607666, 0.08746179938316345, -0.3806384801864624, 0.11400771141052246, -0.07184059917926788, 0.4412088096141815, 0.2209465503692627, 0.09393836557865143, 0.2845727801322937, 0.21674209833145142, 0.1694851815700531, 0.09459619224071503, 0.20225293934345245, 0.6606959104537964, 0.394458532333374, -0.0654623955488205, 0.30852705240249634, -0.15659105777740479, 0.5242083668708801, 0.005114613100886345, 0.5272611379623413, -0.2596079409122467, -0.10513988882303238, -0.09650491923093796, -0.3476429581642151, -0.4197797477245331, 0.41430696845054626, 0.41617804765701294, 0.013148114085197449, 0.38949838280677795, 0.35780274868011475, 0.13437026739120483, 0.49098116159439087, -0.46815764904022217, -0.0014345571398735046, -0.38586539030075073, 0.4215436577796936, -0.2968606650829315, 0.41240453720092773, 0.46797195076942444, -0.06860780715942383, 0.5152130126953125, 0.3848641514778137, 0.46883541345596313, 0.3484509587287903, 0.3354911208152771, 0.4959836006164551, 0.43004363775253296, 0.41649261116981506, 0.4473629891872406, 0.21113234758377075, 0.3824436068534851, 0.2744295001029968, -0.5798484086990356, 0.7328977584838867, 0.4555530548095703, -0.007919393479824066, 0.009180951863527298, 0.38859519362449646, 0.028226729482412338, 0.3972221612930298, 0.07591312378644943, 0.058447401970624924, -0.17472922801971436, 0.015938356518745422, -0.4006693363189697, 0.5307908654212952, 0.4725061058998108, 0.2663293778896332, -0.0035778358578681946, 0.4798980951309204, 0.4507208466529846, 0.4582352340221405, 0.35159239172935486, 0.20911389589309692, -0.5721374750137329, 0.5500698685646057, 0.24076662957668304, 0.3408723771572113, 0.06088966131210327, 0.03533313423395157, 0.13049355149269104, -0.2656453549861908, 0.47297224402427673, 0.2927935719490051, 0.700040876865387, 0.642694354057312, 0.3546953499317169, 0.1007823646068573, 0.6079840660095215, 0.5084967613220215, 0.23993746936321259, 0.5012130737304688, 0.4814368188381195, 0.5058118104934692, -0.07760877907276154, 0.4621071219444275, 0.5420129299163818, 0.18613889813423157, 0.3447072207927704, 0.2797035276889801, 0.8291295766830444, 0.3621591329574585, 0.563773512840271, 0.23293808102607727, 0.5636434555053711, 0.6591360569000244, -0.3700088858604431, 0.2625327706336975, 0.6259205341339111, 0.26753219962120056, 0.19369524717330933, 0.47575733065605164, -0.1446349322795868, 0.16562531888484955, 0.38450944423675537, 0.22387456893920898, 0.08575965464115143, 0.2896635830402374, 0.19001023471355438, 0.6755528450012207, 0.8040437698364258, 0.23123008012771606, 0.3407691419124603, 0.5408296585083008, 0.4068078100681305, 0.45200812816619873, 0.6532894968986511, 0.5618243217468262, 0.4838922619819641, 0.9027808308601379, -0.03618903085589409, 0.43392065167427063, 0.5761951804161072, 0.5760199427604675, 0.5237165689468384, 0.460143506526947, 0.39761799573898315, 0.4527888000011444, 0.4329369068145752, -0.08611765503883362, 0.15450015664100647, 0.46280941367149353, 0.41657596826553345, 0.04198786988854408, 0.6659846901893616, 0.25596338510513306, 0.45202940702438354, 0.6610727310180664, -0.01917615532875061, -0.23841071128845215, 0.26876914501190186, 0.42813050746917725, 0.6427547931671143, 0.606602668762207, -0.10599047690629959, 0.49762099981307983, 0.5372322797775269, 0.5586336851119995, 0.7141996026039124, 0.4746124744415283, 0.17713189125061035, -0.031394459307193756, 0.5919967889785767, 0.42020872235298157, 0.27952733635902405, 0.19787225127220154, -0.20374974608421326, 0.29274052381515503, 0.46628907322883606, -0.0757610946893692, 0.40366822481155396, 0.6382669806480408, -0.11103865504264832, -0.15267609059810638, 0.17776304483413696, -0.05606914684176445, 0.31651341915130615, 0.3137352168560028, 0.09676528722047806, -0.01564086228609085, 0.39728182554244995, -0.24213576316833496, 0.3328129053115845, 0.6920653581619263, 0.37919914722442627, 0.07637980580329895, 0.45935747027397156, 0.3956124782562256, 0.5359753370285034, 0.7946454286575317, -0.0635703057050705, -0.12786805629730225, 0.14669325947761536, -0.1799953728914261, -0.08773930370807648, 0.6424535512924194, 0.27197280526161194, 0.6107742786407471, 0.3356662392616272, 0.5558381080627441, 0.5944814085960388, 0.20095416903495789, 0.39349833130836487, 0.48488160967826843, 0.2766042947769165, -0.08948107808828354, 0.5146458148956299, -0.23118901252746582, 0.5933291912078857, -0.09023623913526535, -0.5086357593536377, 0.6297223567962646, 0.5737967491149902, 0.5195030570030212, 0.3349842429161072, 0.17059578001499176, 0.5211429595947266, 0.4832605719566345, 0.2581610083580017, 0.6253682374954224, 0.2498043179512024, 0.5353728532791138, -0.02287907525897026, 0.034427445381879807, 0.08479869365692139, -0.17302706837654114, 0.33758971095085144, 0.48421844840049744, -0.3311808109283447, 0.8211284875869751, 0.7236262559890747, 0.1744987517595291, 0.0822068601846695, 0.3587857782840729, 0.2696954011917114, 0.39941561222076416, 0.43889665603637695, 0.7324051856994629, -0.07793539762496948, 0.41072627902030945, -0.06396128237247467, 0.3483130633831024, 0.16521915793418884, 0.430464506149292, 0.4934007227420807, 0.5342404842376709, 0.3454985022544861, 0.08751252293586731, 0.11029355227947235, 0.23346015810966492, 0.36487510800361633, 0.70719975233078, -0.19245868921279907, -0.008510775864124298, -0.030667126178741455, 0.43847769498825073, -0.08302611112594604, 0.4280690550804138, 0.2977730929851532, -0.20647262036800385, 0.606898844242096, 0.49830177426338196, 0.5138734579086304, 0.536994218826294, 0.7071374654769897, 0.3753030002117157, -0.026788681745529175, -0.009185947477817535, 0.6104179620742798, 0.19578762352466583, -0.08224819600582123, -0.0731540322303772, 0.46951794624328613, 0.30986183881759644, -0.05610999837517738, 0.4680382311344147, -0.01733708381652832, 0.011399634182453156, 0.5319691300392151, 0.6792942881584167, 0.4543118178844452, 0.4712199568748474, 0.4970473051071167, -0.10545746237039566, 0.6573517322540283, 0.3897351026535034, 0.6866788864135742, 0.5838250517845154, 0.21076224744319916, 0.6018508672714233, -0.40462833642959595, 0.8031920194625854, 0.1790173500776291, 0.3898421823978424, 0.49896374344825745, 0.5158475637435913, 0.052224788814783096, -0.14688518643379211, 0.29131582379341125, 0.7957543134689331, 0.025453463196754456, 0.5117939114570618, 0.4340166449546814, 0.09128960967063904, 0.3980938792228699, 0.07628937810659409, -0.12487147003412247, 0.053858786821365356, -0.08782508969306946, 0.5502027273178101, 0.5303694009780884, 0.4618898630142212, 0.06162675470113754, 0.35796889662742615, -0.3042888343334198, -0.003057539463043213, -0.069186270236969, 0.0553002655506134, 0.5092097520828247, 0.47380489110946655, 0.37544938921928406, 0.4471021294593811, 0.4329562485218048, 0.1195795089006424, -0.08965297788381577, 0.3102915287017822, 0.5792608261108398, -0.04274824261665344, 0.5174230933189392, 0.11692535877227783, -0.3793139159679413, -0.38513490557670593, 0.7077031135559082, 0.5763018131256104, 0.18402042984962463, 0.4603143334388733, 0.510752260684967, 0.8189232349395752, 0.5426676273345947, 0.6802929639816284, 0.2624336779117584, 0.5416370034217834, 0.03730885684490204, 0.28533709049224854, 0.14844506978988647, 0.35337212681770325, -0.0030033141374588013, 0.6156383752822876, 0.1452542245388031, 0.31357747316360474, 0.6651734113693237, 0.5859793424606323, 0.5736234188079834, 0.21536749601364136, 0.17016735672950745, -0.035629697144031525, 0.4942092001438141, 0.4991561770439148, 0.26514503359794617, 0.4449194073677063, 0.3509017825126648, 0.6184003949165344, 0.3954797387123108, 0.2555280923843384, 0.7088318467140198, 0.6128764152526855, 0.4794624149799347, 0.3430417776107788, 0.12170261144638062, -0.18141406774520874, 0.5547438263893127, 0.24775813519954681, 0.8765827417373657, 0.7016943097114563, 0.5672991275787354, 0.22558480501174927, 0.5149314403533936, 0.307009220123291, 0.050565607845783234, 0.39806413650512695, 0.73415607213974, -0.04391367733478546, -0.08790343999862671, 0.5269558429718018, 0.1659526228904724, 0.21764281392097473, 0.41204750537872314, -0.020890846848487854, 0.48923060297966003, 0.45455753803253174, 0.22208017110824585, -0.3373136818408966, -0.0883931964635849, 0.5332752466201782, -0.05522635579109192, 0.34886634349823, 0.4741864800453186, -0.11544206738471985, 0.3378083109855652, 0.6115942597389221, 0.11968746781349182, 0.5395384430885315, 0.3559381365776062, 0.5585883855819702, 0.6687953472137451, 0.21092411875724792, 0.6158912777900696, 0.4337332248687744, 0.34960901737213135, -0.36588841676712036, 0.5832560062408447, 0.06294553726911545, 0.5304652452468872, 0.36308202147483826, 0.469227135181427, 0.7499590516090393, 0.15322279930114746, -0.1009528785943985, -0.3128940761089325, 0.07609418034553528, 0.23196054995059967, 0.3802468776702881, -0.37447720766067505, 0.047743842005729675, 0.2209741771221161, 0.6838359832763672, 0.03101518005132675, -0.1932295262813568, 0.44140106439590454, 0.2485351413488388, -0.12211810797452927, 0.3392963707447052, 0.4614390730857849, 0.1283891797065735, 0.21761852502822876, 0.4300572872161865, 0.6521193981170654, 0.7208608388900757, 0.45605069398880005, 0.4783339202404022, 0.3679296374320984, 0.12528127431869507, 0.5897397994995117, 0.20793333649635315, -0.05184168741106987, -0.24494044482707977, 0.10078689455986023, 0.3226014971733093, -0.1103573739528656, 0.6069353818893433, 0.3340723514556885, 0.3261772692203522, 0.1962888091802597, 0.15271387994289398, 0.36021333932876587, 0.2960180640220642, -0.42854857444763184, 0.03200998902320862, 0.25756219029426575, 0.12419278174638748, -0.03098098188638687, -0.13800910115242004, -0.2948361337184906, 0.4017256498336792, -0.06263993680477142, 0.5285956859588623, 0.6292669773101807, 0.14101791381835938, -0.21991349756717682, 0.2086593210697174, 0.19038531184196472, 0.2557832598686218, 0.34328749775886536, 0.4112558662891388, 0.3096238970756531, 0.3403419256210327, 0.5795973539352417, 0.5670827627182007, -0.13705013692378998, 0.18961548805236816, 0.013943597674369812, 0.33886200189590454, 0.21418628096580505, 0.45548614859580994, 0.2017149031162262, 0.33806657791137695, 0.6267173290252686, 0.6780805587768555, 0.858150839805603, 0.2584992051124573, 0.17329861223697662, 0.36488068103790283, 0.48733144998550415, 0.12723244726657867, 0.24179287254810333, 0.21790426969528198, 0.16179580986499786, 0.22050198912620544, 0.5197259187698364, 0.5129399299621582, 0.6632502675056458, 0.5206416845321655, -0.2569323778152466, 0.3395480513572693, 0.753046989440918, 0.15903416275978088, 0.5495485067367554, 0.23475225269794464, 0.5272812247276306, 0.11845569312572479, 0.6046593189239502, 0.19377732276916504, 0.5811929702758789, -0.2879236936569214, 0.349694162607193, 0.09651802480220795, 0.6636598110198975, 0.10024163872003555, 0.31583380699157715, 0.41274845600128174, 0.36425408720970154, 0.3839350938796997, 0.3204306960105896, -0.49616748094558716, -0.35507792234420776, 0.6347780823707581, 0.2311968207359314, 0.5977182388305664, 0.6166613698005676, 0.4318392276763916, 0.3415966033935547, 0.7093756198883057, -0.06101506948471069, 0.46018779277801514, 0.6081840991973877, -0.1573042869567871, -0.23442590236663818, 0.3849335312843323, 0.4045400321483612, 0.40872031450271606, 0.29949554800987244, -0.4293653964996338, 0.6774075031280518, 0.0882418230175972, 0.44261911511421204, 0.3271479606628418, 0.5199930667877197, 0.6900016069412231, 0.20557287335395813, 0.5986132621765137, -0.27730420231819153, 0.42094501852989197, 0.04642362892627716, 0.15361766517162323, 0.48983049392700195, 0.6694576144218445, 0.4264768958091736, 0.13440032303333282, -0.06329461932182312, 0.5341609716415405, 0.5826853513717651, -0.16309648752212524, 0.40032804012298584, -0.2968006134033203, -0.06670044362545013, 0.39953529834747314, -0.04652240872383118, -0.2695123553276062, 0.6540120840072632, 0.39117884635925293, 0.5577456951141357, 0.03399734944105148, 0.49133971333503723, 0.3073488473892212, 0.04069088026881218, 0.35248053073883057, -0.08348999172449112, 0.040385641157627106, 0.30433374643325806, 0.5295267105102539, 0.18960770964622498, 0.6000103950500488, 0.06639105081558228, 0.5689889192581177, 0.41817158460617065, 0.6190164089202881, 0.48248109221458435, 0.19936694204807281, 0.04741606116294861, 0.5795160531997681, 0.22638213634490967, 0.0436975434422493, 0.6407687664031982, -0.03877898305654526, 0.5893617868423462, 0.22998258471488953, 0.6534628868103027, 0.0692707896232605, 0.180591881275177, 0.498157799243927, 0.5333200693130493, -0.08446160703897476, 0.5036648511886597, 0.004053778946399689, 0.5042837262153625, -0.053979165852069855, 0.7441527843475342, 0.3243042230606079, 0.7363560199737549, 0.06061024218797684, 0.6135991811752319, 0.6231686472892761, 0.21998485922813416, 0.4858641028404236, 0.1747535616159439, 0.2502475678920746, 0.45631781220436096, -0.2809019088745117, 0.41400086879730225, 0.2927289605140686, -0.004285171627998352, -0.2953791618347168, -0.11433932185173035, -0.2906056344509125, 0.15115058422088623, -0.05554339289665222, 0.5208187103271484, 0.3104589581489563, 0.45722538232803345, 0.22849170863628387, 0.40675926208496094, -0.13235843181610107, -0.14082002639770508, 0.4451709985733032, 0.34389233589172363, -0.07271373271942139, 0.35323429107666016, 0.47203534841537476, 0.501052975654602, 0.34017783403396606, 0.6238695383071899, 0.6164947152137756, 0.439757764339447, -0.3262873589992523, 0.24057185649871826, 0.224929079413414, 0.5848685503005981, 0.1834520697593689, -0.3285110592842102, 0.49013552069664, 0.3354070782661438, 0.5439397096633911, 0.15946239233016968, 0.5546629428863525, 0.40817373991012573, 0.4267938733100891, 0.37612849473953247, 0.5275989770889282, 0.3194303512573242, 0.36722031235694885, -0.21563255786895752, 0.17724460363388062, -0.2859189510345459, 0.2676220238208771, 0.5033958554267883, 0.5602973699569702, 0.18610087037086487, 0.3857257068157196, -0.08087489008903503, 0.5447022914886475, 0.3295665979385376, 0.3039390444755554, 0.3621920943260193, 0.536293625831604, -0.07358196377754211, 0.37928590178489685, 0.2689921259880066, 0.4060024619102478, 0.11234994977712631, 0.015027418732643127, 0.03797757625579834, 0.39059287309646606, -0.003253340721130371, 0.5961822867393494, 0.19920724630355835, 0.3974606394767761, 0.33592087030410767, 0.20265202224254608, 0.36249294877052307, 0.299552857875824, 0.6934847831726074, -0.06094164028763771, 0.37032750248908997, 0.31048229336738586, 0.10240133106708527, 0.1286807805299759, -0.06375017762184143, 0.605663537979126, 0.5002545118331909, 0.43136587738990784, 0.5272191166877747, 0.18024761974811554, -0.017209425568580627, 0.35676029324531555, 0.49109718203544617, -0.09657961130142212, 0.5057471990585327, 0.3442310094833374, 0.005174450576305389, 0.6970377564430237, 0.42130666971206665, 0.1872919797897339, 0.6038582921028137, 0.14909185469150543, 0.46465635299682617, 0.46665966510772705, -0.2204204946756363, -0.10567203164100647, 0.40894418954849243, 0.6181723475456238, 0.39436933398246765, -0.2729499340057373, -0.21644754707813263, 0.33206573128700256, 0.5346882343292236, -0.021006643772125244, -0.02289177104830742, 0.17020708322525024, 0.35426443815231323, 0.6784965991973877, 0.20770098268985748, 0.04508315399289131, 0.4138275980949402, -0.03443821519613266, 0.5584582686424255, -0.2548042833805084, 0.307125449180603, 0.7205107808113098, 0.34780657291412354, 0.3402838706970215, 0.422812819480896, 0.3868255317211151, -0.07645091414451599, 0.33348098397254944, 0.34530848264694214, 0.7330102920532227, 0.24622689187526703, 0.4357806444168091, 0.2943243980407715, 0.6664513349533081, -0.24027344584465027, -0.19421237707138062, -0.055719949305057526, -0.11595886945724487, -0.045315615832805634, 0.44979238510131836, 0.2218502312898636, 0.13263872265815735, 0.25934794545173645, 0.4759103059768677, 0.6734732389450073, -0.0743769109249115, 0.28778839111328125, 0.2712406814098358, 0.35904112458229065, 0.7246742248535156, -0.19766004383563995, 0.5272578597068787, 0.6391060948371887, 0.023980651050806046, -0.10346576571464539, -0.23404443264007568, -0.11636418849229813, -0.047989681363105774, 0.03216484189033508, 0.21835090219974518, -0.15269097685813904, 0.6447317004203796, 0.6928045749664307, 0.07214188575744629, 0.4492208659648895, 0.3212825357913971, 0.5588148236274719, 0.2990363538265228, 0.4222891628742218, 0.2697264552116394, 0.3504292368888855, 0.27999168634414673, 0.4779549837112427, 0.45238691568374634, 0.33510661125183105, 0.2249159812927246, 0.506006121635437, 0.1998099982738495, 0.35419896245002747, 0.3431120216846466, 0.4565030038356781, 0.3879646062850952, 0.49647054076194763, 0.2043008804321289, 0.27374494075775146, 0.08907055109739304, -0.1373603343963623, 0.2899562120437622, -0.11013621091842651, 0.282287061214447, 0.6508349776268005, 0.22465942800045013, 0.12650293111801147, 0.5087146162986755, -0.1940510869026184, -0.03675026819109917, 0.6298354864120483, 0.503261923789978, -0.1614193320274353, 0.697364866733551, -0.17877423763275146, 0.4971005618572235, -0.42869246006011963, 0.34146279096603394, -0.04956181347370148, 0.6568541526794434, 0.1783878207206726, -0.15217840671539307, -0.5845901966094971, 0.17887701094150543, 0.2787957489490509, 0.591019332408905, 0.37409090995788574, 0.5351020693778992, 0.42315083742141724, 0.269478440284729, 0.22997117042541504, 0.5779343247413635, 0.3733048439025879, 0.7231706976890564, -0.17606879770755768, 0.15985146164894104, 0.6514018774032593, 0.7257064580917358, 0.23511995375156403, 0.39706552028656006, 0.3498256206512451, 0.16950257122516632, -0.29567769169807434, 0.4194110333919525, 0.03378264233469963, 0.5041511654853821, -0.07090974599123001, 0.07221605628728867, 0.6196926236152649, 0.4968101382255554, 0.11113481968641281, 0.36799365282058716, 0.1243501752614975, 0.6008045673370361, 0.45872870087623596, -0.22696474194526672, 0.1519373506307602, 0.413883775472641, 0.40531182289123535, 0.444014310836792, 0.11194112151861191, 0.318205863237381, 0.3866967558860779, 0.24078182876110077, -0.328715980052948, 0.45692646503448486, 0.6554044485092163, 0.6247549057006836, 0.1500168740749359, -0.10920827835798264, 0.4684852063655853, 0.49211177229881287, 0.1257314234972, 0.31588858366012573, 0.48724669218063354, 0.5816874504089355, -0.06164943054318428, 0.665095865726471, 0.19863824546337128, -0.009961457923054695, 0.5599450469017029, 0.22357526421546936, 0.7496860027313232, -0.0818432867527008, 0.3360957205295563, -0.04118344932794571, 0.03040202707052231, 0.3090284764766693, -0.021441511809825897, 0.6013640761375427, 0.6685084700584412, -0.21481133997440338, 0.5797020196914673, 0.055091604590415955, 0.043400488793849945, 0.15691906213760376, 0.2564229667186737, 0.5389560461044312, 0.4710514545440674, 0.2790912091732025, 0.45498543977737427, 0.6069366335868835, 0.4464394152164459, 0.31747642159461975, 0.49527889490127563, -0.061291541904211044, 0.23943601548671722, -0.3138778805732727, 0.8185730576515198, -0.1654474139213562, 0.16124962270259857, 0.08982278406620026, 0.3280377984046936, 0.14737942814826965, 0.4053158760070801, 0.42571449279785156, 0.2714880108833313, 0.07035748660564423, 0.48971861600875854, -0.010102413594722748, -0.35146617889404297, 0.40873315930366516, -0.335557758808136, 0.46775415539741516, 0.4381710886955261, 0.46317657828330994, 0.8171314001083374, 0.2880973815917969, 0.6957906484603882, 0.20471560955047607, 0.11789527535438538, 0.4394742250442505, 0.3407284617424011, 0.10467499494552612, 0.3669116199016571, 0.391801118850708, 0.2841455340385437, -0.276803582906723, 0.3031841516494751, 0.3413299322128296, -0.2857992649078369, 0.0786077231168747, 0.40730157494544983, 0.25374919176101685, 0.22889962792396545, 0.5958284139633179, 0.7378555536270142, 0.05583558976650238, 0.3045819401741028, 0.3351765275001526, -0.2894488275051117, 0.737339973449707, 0.23857571184635162, 0.43878185749053955, -0.03364204615354538, -0.00560658797621727, 0.20943142473697662, 0.606001615524292, 0.5265848636627197, 0.32656240463256836, 0.17130893468856812, 0.23712730407714844, -0.3144564628601074, -0.27719345688819885, 0.5133010149002075, 0.38844919204711914, 0.2010645568370819, -0.11448167264461517, 0.29970091581344604, -0.1404610276222229, 0.7175517678260803, 0.5211438536643982, -0.1420038342475891, -0.004950001835823059, 0.4485548138618469, 0.5783546566963196, 0.4550420641899109, 0.2758388817310333, 0.4374274015426636, 0.7772020101547241, 0.13859601318836212, 0.44963306188583374, -0.014988069422543049, 0.24335931241512299, 0.05954611301422119, 0.07880307734012604, 0.7464115619659424, 0.48128437995910645, 0.5747433304786682, 0.592703104019165, 0.2936580777168274, -0.2758437395095825, 0.12349735200405121, 0.323344886302948, -0.03505740314722061, 0.38174301385879517, 0.6625051498413086, -0.348371684551239, 0.42203277349472046, 0.6057979464530945, -0.003945529460906982, 0.2707822024822235, 0.14275425672531128, 0.46072566509246826, 0.12034658342599869, 0.1814844012260437, 0.008280336856842041, 0.3045946955680847, 0.12722216546535492, 0.5589066743850708, 0.5139502286911011, 0.1525053083896637, 0.3685268759727478, 0.2595062553882599, 0.47693896293640137, 0.031185179948806763, -0.006891623139381409, 0.16379708051681519, 0.26465022563934326, 0.33944573998451233, 0.6586422324180603, 0.7749113440513611, -0.15534231066703796, 0.7362848520278931, 0.07395285367965698, 0.7259284257888794, 0.3145943284034729, 0.6924484968185425, 0.12036782503128052, 0.004400163888931274, 0.45544296503067017, 0.0097007155418396, 0.49838364124298096, 0.5212875008583069, 0.6276354193687439, 0.45634257793426514, -0.21780259907245636, 0.1324187070131302, 0.3344481885433197, 0.3331102132797241, 0.15323148667812347, 0.29477015137672424, -0.19082915782928467, 0.23370470106601715, -0.13920503854751587, 0.44444137811660767, 0.7188720703125, 0.2333306223154068, 0.3336886465549469, 0.1583290547132492, 0.08232477307319641, 0.6679866313934326, 0.42652422189712524, -0.228056862950325, 0.04903654381632805, 0.3086877763271332, -0.06928734481334686, 0.6696262359619141, 0.7433491945266724, 0.39122331142425537, 0.6008056402206421, 0.2672913074493408, 0.39686867594718933, 0.19125896692276, 0.5362012386322021, 0.3371941149234772, 0.2893831133842468, 0.5573039054870605, 0.4407522678375244, 0.21901166439056396, 0.3622856140136719, 0.7325304746627808, 0.6261212825775146, 0.029569249600172043, 0.7702157497406006, 0.05489571392536163, 0.11436836421489716, 0.37234702706336975, 0.21744322776794434, 0.29406121373176575, 0.6384857892990112, 0.4461173415184021, 0.6504018902778625, 0.8268551230430603, 0.08029459416866302, 0.31747862696647644, 0.34279078245162964, 0.3624146282672882, 0.5875434279441833, 0.6003774404525757, 0.5348804593086243, 0.3345673978328705, -0.2663410007953644, 0.5520666837692261, -0.14796075224876404, 0.5037987232208252, 0.534550130367279, 0.6788203120231628, 0.2612546384334564, 0.4994339942932129, -0.15024444460868835, 0.32661518454551697, 0.3907618820667267, 0.45036888122558594, 0.27073073387145996, 0.26562270522117615, 0.6448118686676025, 0.28778690099716187, 0.6250501871109009, 0.19410982728004456, 0.4384513795375824, 0.19065529108047485, 0.13984914124011993, 0.416694313287735, -0.005306132137775421, 0.4424321949481964, 0.2869988679885864, 0.07830031216144562, -0.2560088038444519, 0.10417637974023819, 0.17229311168193817, 0.174748957157135, 0.6369173526763916, 0.5360643267631531, -0.2927570939064026, 0.04862205684185028, 0.6899021863937378, 0.5141880512237549, 0.27181681990623474, 0.460690975189209, 0.6583073139190674, -0.4703276753425598, 0.011977799236774445, 0.6635913848876953, 0.3857308328151703, 0.7178785800933838, 0.7059247493743896, 0.12132585793733597, 0.519491970539093, 0.6229375600814819, 0.2735249400138855, 0.45985087752342224, 0.44167637825012207, 0.255562424659729, -0.10823021084070206, 0.6198082566261292, -0.10236892849206924, 0.5884522795677185, 0.6610121130943298, 0.5578904151916504, 0.14256823062896729, -0.35794132947921753, 0.4537947475910187, 0.44100579619407654, 0.4649595618247986, 0.07002762705087662, -0.17706725001335144, 0.3268235921859741, 0.3534373641014099, 0.6902003884315491, 0.37460413575172424, 0.6897553205490112, 0.28449076414108276, 0.5910146236419678, 0.31454920768737793, -0.020471051335334778, 0.4737170338630676, 0.5961708426475525, -0.05953279137611389, 0.46627020835876465, 0.46132612228393555, 0.5160179138183594, 0.1592835783958435, 0.5995563268661499, 0.676550567150116, 0.6953608989715576, -0.13945555686950684, 0.5588364601135254, 0.4338691532611847, 0.2869916558265686, 0.34610873460769653, 0.3692678213119507, 0.1303098201751709, 0.28788813948631287, 0.08713467419147491, -0.13568109273910522, 0.14162848889827728, 0.8142871856689453, -0.2478809654712677, 0.5513371825218201, -0.2625000774860382, 0.2450321465730667, 0.4527944028377533, 0.8225592374801636, 0.6318307518959045, 0.1355687975883484, 0.6286686658859253, -0.3590935170650482, 0.31355196237564087, 0.7667502164840698, 0.4203130006790161, 0.6615069508552551, 0.4480484127998352, 0.6299526691436768, 0.407429575920105, -0.06424500793218613, 0.6864650249481201, 0.3955814242362976, 0.1562763899564743, -0.1965823769569397, 0.44726377725601196, 0.2192852795124054, -0.05270865932106972, 0.16704101860523224, -0.016893766820430756, 0.31303510069847107, 0.449542373418808, 0.5061927437782288, 0.25130167603492737, 0.4721999764442444, -0.1663362681865692, 0.3661312460899353, -0.25277748703956604, -0.013237513601779938, 0.6762587428092957, 0.07493407279253006, -0.14803935587406158, -0.1207783967256546, 0.4305126667022705, 0.6946210861206055, -0.20798319578170776, 0.5005541443824768, 0.8222150206565857, 0.6091285347938538, 0.5321941375732422, 0.0871705412864685, 0.6485016345977783, 0.45425066351890564, 0.2877490222454071, 0.5202292203903198, -0.21502834558486938, 0.09602782875299454, 0.4256342053413391, 0.5683501958847046, 0.1741425096988678, -0.1334206759929657, 0.01359541341662407, 0.5345710515975952, 0.8953097462654114, 0.37607869505882263, 0.8342170119285583, 0.5625981092453003, 0.035936955362558365, 0.5488071441650391, -0.15396355092525482, 0.2937748432159424, 0.0014383196830749512, 0.37921613454818726, 0.48773840069770813, 0.8101608753204346, 0.38601115345954895, 0.4848601520061493, 0.29331058263778687, 0.6582687497138977, 0.29710328578948975, -0.3024473190307617, 0.2063804417848587, 0.13433678448200226, -0.056070856750011444, -0.23909203708171844, 0.4106776714324951, -0.2056150734424591, 0.040896281599998474, 0.4713418483734131, 0.045909568667411804, 0.10026818513870239, 0.4026583433151245, 0.5529866218566895, 0.5005966424942017, 0.4103856086730957, 0.2777523398399353, -0.11561280488967896, 0.22745966911315918, 0.10691988468170166, 0.43947353959083557, 0.6607365608215332, 0.06604062020778656, 0.28781506419181824, 0.26509588956832886, 0.4705882966518402, 0.44043809175491333, 0.35594409704208374, -0.03653242439031601, 0.7692691087722778, -0.19463808834552765, 0.39740169048309326, -0.04745416343212128, 0.5648859739303589, 0.31354159116744995, 0.2475559264421463, 0.6955838203430176, 0.08231022208929062, 0.6328860521316528, 0.05008121207356453, 0.22842459380626678, 0.02656206674873829, -0.010012567043304443, 0.8283214569091797, 0.31640303134918213, 0.11808428913354874, 0.09179344028234482, 0.6828221678733826, 0.08661884069442749, 0.04945916682481766, 0.02050197124481201, -0.042783841490745544, 0.4699927568435669, 0.6386880874633789, 0.2869740426540375, 0.40252166986465454, 0.5254333019256592, 0.4423304498195648, 0.5670437812805176, 0.12957362830638885, -0.020295400172472, 0.5198824405670166, 0.1607869416475296, 0.47729626297950745, 0.3665138781070709, -0.261017382144928, 0.6622086763381958, 0.34940290451049805, 0.18680325150489807, 0.23890775442123413, 0.13240830600261688, 0.4817807376384735, 0.41560667753219604, 0.4892389178276062, 0.11437518149614334, -0.00630776584148407, 0.4771536588668823, -0.15233498811721802, 0.6049021482467651, 0.20747382938861847, 0.6652432680130005, 0.4480445384979248, 0.1467188596725464, 0.5377037525177002, 0.5744107961654663, 0.4497646689414978, 0.1830260455608368, 0.6003087759017944, 0.16161313652992249, 0.11806032061576843, 0.22106881439685822, 0.48786836862564087, 0.6566689014434814, 0.6109287738800049, 0.33069103956222534, 0.4718630611896515, 0.3107571303844452, 0.5538665056228638, 0.6690925359725952, 0.7542614936828613, 0.3948022127151489, 0.451107919216156, 0.21678179502487183, -0.303522527217865, 0.5356517434120178, -0.09754300117492676, 0.585839569568634, 0.48170730471611023, 0.39987990260124207, 0.2968119978904724, 0.38011837005615234, 0.5243589282035828, 0.08656199276447296, 0.17271959781646729, 0.8395202159881592, 0.2685449421405792, 0.20556677877902985, 0.3673933148384094, 0.014500066637992859, 0.6633278727531433, -0.056258752942085266, 0.055443741381168365, 0.32085373997688293, -0.06534970551729202, 0.28281673789024353, 0.5540519952774048, 0.5690032839775085, 0.14348210394382477, -0.022350288927555084, -0.18784373998641968, 0.3272276520729065, 0.5500802993774414, -0.21332858502864838, 0.04877248778939247, 0.5460859537124634, 0.12930621206760406, 0.12782299518585205, 0.11633802950382233, 0.07386535406112671, 0.4443126916885376, 0.7606151103973389, 0.5148203372955322, 0.5960989594459534, 0.6157997250556946, 0.6414440870285034, 0.12285468727350235, 0.3995482325553894, 0.5550507307052612, 0.11150791496038437, 0.6599324941635132, 0.2812081575393677, 0.023260749876499176, 0.461850106716156, -0.25121042132377625, 0.3352985084056854, 0.4860975742340088, 0.20742425322532654, 0.4388638734817505, -0.14794783294200897, 0.38297420740127563, 0.6278125643730164, 0.07862165570259094, -0.31139078736305237, 0.7696795463562012, 0.14180319011211395, -0.05929598957300186, -0.06525124609470367, 0.33916205167770386, 0.5975413918495178, 0.07675385475158691, 0.39778783917427063, 0.44631069898605347, 0.1413007378578186, 0.21959467232227325, -0.10101202875375748, 0.12740805745124817, -0.00623670220375061, 0.4541076421737671, 0.18933522701263428, 0.3071054220199585, 0.01428869366645813, 0.26009276509284973, 0.27331212162971497, 0.43097564578056335, -0.3592923581600189, 0.5607727766036987, 0.008480489253997803, 0.07413344830274582, 0.12609083950519562, 0.4592263102531433, 0.824715793132782, -0.35547885298728943, 0.5694931149482727, 0.16369029879570007, 0.4594559371471405, 0.2923528552055359, 0.6399216651916504, 0.6332535743713379, 0.5991998314857483, 0.5146352052688599, -0.2189936637878418, -0.0942450538277626, 0.6337724328041077, 0.6633014678955078, -0.08519198000431061, -0.2560855448246002, 0.5750895738601685, 0.13506671786308289, -0.04391396418213844, -0.18218223750591278, 0.3752267360687256, -0.10637637972831726, -0.3286447525024414, 0.411700963973999]
