sample name: ['Cc1ccc2nccc(C(=O)N3CCC[C@H](C(=O)c4cccc5ccccc45)C3)c2c1']
atom_index,distance,cosine_similarity
0,-0.129010009765625,-0.013462446182966232
1,-0.874730224609375,0.08249573577195406
2,-0.447669677734375,0.04610480919480324
3,-0.74462646484375,0.060267164669930935
4,-0.36923828125,0.04362869128584862
5,-0.335849609375,0.021316852420568466
6,-0.30645263671875,0.021929837316274643
7,-0.472154541015625,0.03867063902318477
8,0.7923095703125,-0.0702369700372219
9,0.16688720703125,-0.015357758775353432
10,-0.421546630859375,0.03619296826422214
11,-1.905611572265625,0.21286631144583226
12,-0.30389892578125,0.04626213993877173
13,0.219268798828125,0.001343514733016491
14,-1.637626953125,0.19478330615907907
15,0.17713623046875,0.02519541747868061
16,-0.432252197265625,0.05108694612979889
17,0.325242919921875,-0.011818144917488099
18,0.149112548828125,-0.01489180101081729
19,0.0875439453125,-0.009700298011302948
20,-0.1770068359375,0.03395720904693007
21,0.108853759765625,-0.002978263273835182
22,-0.609017333984375,0.07747154081240297

Sum of phi values for distance
-7.1403369140625
Sum of phi values for cosine similarity
0.855127401482314
Average distance random samples:
13.346397483245186
Average cosine similarity random samples:
0.19203545819036663
Distances random samples
[9.783734321594238, 16.093734741210938, 18.782833099365234, 16.007740020751953, 14.738861083984375, 12.501067161560059, 18.87921714782715, 12.760013580322266, 15.708497047424316, 10.448273658752441, 8.557493209838867, 16.689842224121094, 17.969724655151367, 13.382410049438477, 9.964903831481934, 8.243195533752441, 11.488892555236816, 13.545601844787598, 13.325129508972168, 17.58624267578125, 14.15316390991211, 9.084397315979004, 12.76407241821289, 6.9322991371154785, 11.31114387512207, 13.119677543640137, 9.673176765441895, 14.337499618530273, 8.39498233795166, 13.024576187133789, 8.288818359375, 16.59272575378418, 17.244483947753906, 16.63319206237793, 10.210685729980469, 12.673827171325684, 8.816187858581543, 10.223775863647461, 11.267559051513672, 9.069235801696777, 16.69031524658203, 8.095293045043945, 10.52940845489502, 14.339815139770508, 8.812786102294922, 10.680765151977539, 20.3481502532959, 11.925509452819824, 17.060216903686523, 17.124895095825195, 12.068948745727539, 16.147363662719727, 7.26784610748291, 19.837684631347656, 9.147994995117188, 18.703495025634766, 17.301979064941406, 11.897674560546875, 9.614256858825684, 17.442031860351562, 10.050955772399902, 10.734914779663086, 10.407770156860352, 12.9071683883667, 9.121967315673828, 10.305086135864258, 8.957801818847656, 13.39751148223877, 14.959044456481934, 16.973236083984375, 15.266414642333984, 13.15920639038086, 21.920398712158203, 18.57539939880371, 17.965486526489258, 18.719900131225586, 14.4422607421875, 9.302102088928223, 12.506340026855469, 13.245122909545898, 21.99838638305664, 10.20518970489502, 9.774435997009277, 17.890222549438477, 11.834271430969238, 11.007125854492188, 10.782700538635254, 15.92712688446045, 10.992998123168945, 13.099122047424316, 18.37375831604004, 9.663918495178223, 10.293959617614746, 9.21586799621582, 11.899507522583008, 6.841676235198975, 12.814356803894043, 17.019926071166992, 10.786343574523926, 11.12880802154541, 15.049629211425781, 17.845314025878906, 14.161115646362305, 12.197547912597656, 12.653233528137207, 10.536993980407715, 15.606972694396973, 10.744902610778809, 10.64688777923584, 13.67849349975586, 10.56348705291748, 11.71950912475586, 10.427577018737793, 10.340432167053223, 15.895247459411621, 16.27560806274414, 11.1839599609375, 20.795412063598633, 10.936267852783203, 11.097917556762695, 13.126819610595703, 19.951501846313477, 12.550081253051758, 14.069940567016602, 13.858760833740234, 14.830811500549316, 11.595784187316895, 11.245462417602539, 10.303324699401855, 16.188886642456055, 16.437572479248047, 14.98508358001709, 14.560148239135742, 19.116580963134766, 16.33625030517578, 16.097740173339844, 20.62820053100586, 10.390578269958496, 12.046235084533691, 13.984264373779297, 9.533721923828125, 15.849702835083008, 6.738595485687256, 12.8048677444458, 12.170780181884766, 9.419294357299805, 11.701644897460938, 10.364341735839844, 17.981725692749023, 8.504302024841309, 10.055545806884766, 8.696449279785156, 10.676307678222656, 19.138084411621094, 10.77154541015625, 11.781168937683105, 20.258665084838867, 8.102730751037598, 16.507144927978516, 12.327776908874512, 9.97167682647705, 20.888641357421875, 12.113114356994629, 11.228996276855469, 17.94960594177246, 10.405384063720703, 11.212844848632812, 7.816773414611816, 14.175455093383789, 9.476899147033691, 13.008398056030273, 14.97317886352539, 12.053651809692383, 16.027816772460938, 12.048063278198242, 9.031889915466309, 11.366519927978516, 11.480658531188965, 21.458309173583984, 10.876842498779297, 11.142250061035156, 13.076781272888184, 11.460819244384766, 17.160953521728516, 9.348402976989746, 21.795503616333008, 9.60046100616455, 14.0665864944458, 13.084770202636719, 19.557069778442383, 20.35626792907715, 9.161684036254883, 14.767335891723633, 11.055865287780762, 18.830625534057617, 14.079024314880371, 12.24586296081543, 11.03956413269043, 12.571051597595215, 8.306041717529297, 12.446571350097656, 11.822710990905762, 12.585909843444824, 8.280184745788574, 16.013771057128906, 15.291763305664062, 18.892776489257812, 11.455093383789062, 16.177799224853516, 11.506487846374512, 15.520557403564453, 12.294686317443848, 19.254039764404297, 14.262435913085938, 11.61357593536377, 16.19487190246582, 11.598691940307617, 12.445734024047852, 14.721270561218262, 10.341093063354492, 19.76235008239746, 9.328874588012695, 12.025816917419434, 10.15961742401123, 21.75043487548828, 14.163310050964355, 15.327973365783691, 16.002777099609375, 15.0104398727417, 22.2857666015625, 15.612605094909668, 9.929752349853516, 10.731868743896484, 19.92442512512207, 15.752612113952637, 20.237882614135742, 9.003358840942383, 11.019804000854492, 10.622774124145508, 9.893068313598633, 8.714054107666016, 8.569846153259277, 9.394791603088379, 11.15832233428955, 12.2829008102417, 8.902239799499512, 21.040111541748047, 13.487235069274902, 10.838274002075195, 8.974824905395508, 15.192939758300781, 21.567445755004883, 8.727157592773438, 11.761307716369629, 11.273370742797852, 13.893492698669434, 13.989056587219238, 14.64986801147461, 9.613067626953125, 10.543512344360352, 10.13988971710205, 8.333829879760742, 15.781044960021973, 12.824774742126465, 8.269432067871094, 9.162389755249023, 16.095096588134766, 15.840605735778809, 11.41978931427002, 10.935774803161621, 8.896748542785645, 10.261945724487305, 12.84819507598877, 9.364090919494629, 22.140888214111328, 10.958148956298828, 11.291199684143066, 10.073204040527344, 10.345126152038574, 10.791431427001953, 9.821483612060547, 20.382038116455078, 10.104288101196289, 9.91348648071289, 16.83427619934082, 7.939079761505127, 10.518426895141602, 17.673978805541992, 19.56398582458496, 10.015372276306152, 9.521620750427246, 20.637876510620117, 12.79167366027832, 16.298763275146484, 9.847883224487305, 13.419188499450684, 12.747954368591309, 19.01007843017578, 12.190393447875977, 8.54287338256836, 10.024104118347168, 8.308037757873535, 11.622300148010254, 10.491510391235352, 11.540886878967285, 14.767813682556152, 10.663217544555664, 18.229969024658203, 19.402700424194336, 10.011406898498535, 9.724041938781738, 18.891897201538086, 15.536022186279297, 11.50503158569336, 11.428879737854004, 8.484980583190918, 15.346869468688965, 10.126112937927246, 11.515398025512695, 20.43828773498535, 11.719616889953613, 12.631538391113281, 14.003421783447266, 12.970746040344238, 15.260168075561523, 17.711620330810547, 20.27734375, 10.57306957244873, 11.194441795349121, 13.095995903015137, 8.335668563842773, 19.21404457092285, 16.668094635009766, 6.896324634552002, 12.33257007598877, 9.146941184997559, 16.331317901611328, 15.070509910583496, 8.59557819366455, 10.824427604675293, 19.673904418945312, 20.816225051879883, 9.676753997802734, 21.345294952392578, 12.017967224121094, 9.777327537536621, 15.439855575561523, 16.535783767700195, 14.788060188293457, 14.96757984161377, 21.879133224487305, 19.53864097595215, 18.368309020996094, 10.670103073120117, 10.261685371398926, 8.851744651794434, 11.060929298400879, 9.038586616516113, 15.128786087036133, 7.981362819671631, 8.95989990234375, 14.719993591308594, 19.73202133178711, 12.198685646057129, 9.402129173278809, 10.447149276733398, 9.558581352233887, 8.645225524902344, 15.161669731140137, 8.881677627563477, 21.0732479095459, 9.202776908874512, 9.253673553466797, 13.143472671508789, 10.292338371276855, 19.256834030151367, 9.630509376525879, 14.371176719665527, 11.161654472351074, 6.476958274841309, 16.775741577148438, 9.341658592224121, 14.137603759765625, 11.253401756286621, 11.611430168151855, 13.011746406555176, 10.988334655761719, 11.444053649902344, 11.647805213928223, 11.015073776245117, 10.275113105773926, 13.462708473205566, 12.242913246154785, 11.556075096130371, 11.44184684753418, 9.692509651184082, 9.077357292175293, 18.496009826660156, 14.31729793548584, 16.551929473876953, 18.852373123168945, 11.125689506530762, 7.794230937957764, 13.625323295593262, 8.853276252746582, 9.790258407592773, 15.932097434997559, 10.370098114013672, 9.045916557312012, 8.673972129821777, 7.244017124176025, 10.927661895751953, 9.450434684753418, 11.088546752929688, 10.030939102172852, 20.863670349121094, 10.899307250976562, 10.560009956359863, 8.483885765075684, 12.017157554626465, 7.77532958984375, 8.84241771697998, 16.241788864135742, 9.268318176269531, 18.042081832885742, 10.426562309265137, 13.980804443359375, 16.094539642333984, 8.361538887023926, 12.131460189819336, 8.138442039489746, 17.798587799072266, 15.45500373840332, 9.939983367919922, 14.671449661254883, 11.350770950317383, 14.06644058227539, 17.572568893432617, 18.840097427368164, 13.149670600891113, 16.91373634338379, 12.450433731079102, 10.092863082885742, 10.099985122680664, 9.726102828979492, 13.062267303466797, 17.44366455078125, 11.150442123413086, 16.439605712890625, 18.15140151977539, 13.647039413452148, 20.042638778686523, 8.690518379211426, 16.84073829650879, 12.8976411819458, 10.324891090393066, 12.013762474060059, 17.54740333557129, 10.143592834472656, 10.672209739685059, 11.087811470031738, 11.418318748474121, 16.6011905670166, 13.253244400024414, 9.22640323638916, 22.14073944091797, 17.005069732666016, 8.36974811553955, 10.662230491638184, 15.631646156311035, 13.79091739654541, 21.38203239440918, 19.117311477661133, 20.037628173828125, 18.639631271362305, 12.071714401245117, 8.151209831237793, 10.710509300231934, 20.58519744873047, 13.902650833129883, 10.102473258972168, 10.586685180664062, 11.59055233001709, 14.679591178894043, 14.125629425048828, 18.894607543945312, 17.50089454650879, 13.600003242492676, 9.286601066589355, 20.31585693359375, 13.235454559326172, 10.370522499084473, 17.49320411682129, 10.784293174743652, 9.228691101074219, 10.618877410888672, 10.538939476013184, 12.645646095275879, 12.153346061706543, 13.136983871459961, 16.371435165405273, 9.891180038452148, 10.353480339050293, 20.783784866333008, 13.339706420898438, 11.231865882873535, 13.713998794555664, 14.330465316772461, 10.123480796813965, 8.716696739196777, 10.972254753112793, 17.357606887817383, 16.329078674316406, 10.222671508789062, 7.878352642059326, 7.2533488273620605, 9.4422607421875, 9.557461738586426, 12.782367706298828, 12.890009880065918, 16.026790618896484, 12.517271041870117, 12.83834171295166, 18.413480758666992, 11.356783866882324, 12.8300199508667, 11.114066123962402, 13.977737426757812, 18.984926223754883, 11.032086372375488, 9.930975914001465, 19.40395164489746, 19.644126892089844, 12.330121040344238, 12.161293983459473, 10.474270820617676, 11.955328941345215, 17.81867218017578, 12.054506301879883, 13.145273208618164, 10.489733695983887, 10.473146438598633, 12.39769458770752, 9.00429630279541, 11.667023658752441, 15.015735626220703, 15.29007625579834, 7.055164813995361, 15.45432186126709, 10.559612274169922, 7.921302318572998, 10.363999366760254, 11.770797729492188, 10.68014907836914, 10.36798095703125, 13.392391204833984, 8.313189506530762, 20.206966400146484, 21.0894832611084, 10.13782787322998, 10.587421417236328, 18.374343872070312, 15.25831413269043, 17.717445373535156, 9.479134559631348, 8.131209373474121, 12.231744766235352, 11.34721565246582, 18.02950096130371, 10.301552772521973, 19.665170669555664, 9.64810848236084, 9.596814155578613, 12.320670127868652, 13.018716812133789, 17.769845962524414, 15.108293533325195, 14.901664733886719, 16.829477310180664, 18.72320556640625, 8.863523483276367, 16.016494750976562, 12.27668285369873, 9.46103286743164, 10.0741548538208, 16.162147521972656, 11.73974895477295, 13.493873596191406, 9.197697639465332, 14.328152656555176, 19.63201332092285, 14.8092041015625, 7.6370930671691895, 13.591123580932617, 18.282451629638672, 13.307840347290039, 16.224708557128906, 9.949478149414062, 15.866572380065918, 18.310468673706055, 9.97163200378418, 11.635113716125488, 16.053922653198242, 11.912297248840332, 18.907154083251953, 9.289093017578125, 15.06822395324707, 17.66529083251953, 16.057218551635742, 8.847006797790527, 8.2426176071167, 11.772995948791504, 15.11607551574707, 15.336129188537598, 18.485687255859375, 10.434209823608398, 20.066757202148438, 9.232277870178223, 8.930891990661621, 8.454294204711914, 13.33376407623291, 14.29290771484375, 8.295027732849121, 11.245314598083496, 10.140180587768555, 9.112638473510742, 12.356242179870605, 12.067441940307617, 18.939170837402344, 8.25249195098877, 8.106826782226562, 9.823396682739258, 12.697200775146484, 13.266226768493652, 14.928727149963379, 10.484400749206543, 9.947660446166992, 16.94499397277832, 21.77756118774414, 11.213648796081543, 19.820884704589844, 11.249419212341309, 13.753284454345703, 12.318333625793457, 20.88669204711914, 11.374637603759766, 17.182720184326172, 8.915871620178223, 21.977191925048828, 12.035465240478516, 11.423955917358398, 11.369772911071777, 13.996299743652344, 11.431498527526855, 6.627974033355713, 16.748516082763672, 13.891983985900879, 17.442548751831055, 12.006821632385254, 15.642248153686523, 13.328021049499512, 10.398195266723633, 9.283036231994629, 15.927181243896484, 8.856032371520996, 19.63956069946289, 15.58134937286377, 13.95876407623291, 14.648031234741211, 11.370282173156738, 17.550189971923828, 13.835589408874512, 13.192246437072754, 14.043222427368164, 14.468801498413086, 19.569700241088867, 9.076756477355957, 13.695480346679688, 9.616828918457031, 15.667635917663574, 13.496808052062988, 13.26779556274414, 13.343592643737793, 12.043376922607422, 12.462536811828613, 15.964030265808105, 10.535909652709961, 9.553565979003906, 9.518471717834473, 14.483560562133789, 13.627629280090332, 12.942671775817871, 12.151461601257324, 12.274457931518555, 9.211730003356934, 8.212443351745605, 8.052359580993652, 15.478056907653809, 15.08070182800293, 9.070911407470703, 9.900788307189941, 17.285533905029297, 17.351205825805664, 18.43424415588379, 7.458795070648193, 13.496725082397461, 16.588619232177734, 16.522106170654297, 16.95482635498047, 19.965665817260742, 8.443838119506836, 19.977861404418945, 21.01312255859375, 10.505768775939941, 13.264894485473633, 12.212326049804688, 19.804201126098633, 10.850324630737305, 15.54653549194336, 12.443305015563965, 13.804749488830566, 15.02904987335205, 8.397453308105469, 13.177559852600098, 7.511806488037109, 14.685568809509277, 12.69433307647705, 10.27380657196045, 17.31446647644043, 12.212024688720703, 18.271907806396484, 21.459205627441406, 12.386580467224121, 16.295557022094727, 7.217578411102295, 11.842172622680664, 18.479782104492188, 10.940245628356934, 19.91191291809082, 14.437602043151855, 12.333256721496582, 18.953166961669922, 15.443026542663574, 17.291908264160156, 7.365174293518066, 11.632363319396973, 15.292973518371582, 12.60567855834961, 18.526832580566406, 10.673142433166504, 20.352453231811523, 13.771644592285156, 19.07696533203125, 11.303085327148438, 19.891843795776367, 9.144289016723633, 9.673108100891113, 19.61554718017578, 8.926654815673828, 10.124749183654785, 9.97834300994873, 9.665876388549805, 9.203463554382324, 18.794857025146484, 11.059700012207031, 12.017901420593262, 10.354410171508789, 17.199268341064453, 10.545381546020508, 9.70124340057373, 9.206819534301758, 20.17005729675293, 16.213438034057617, 10.757185935974121, 18.793493270874023, 9.630291938781738, 20.872665405273438, 11.335087776184082, 12.374760627746582, 8.356139183044434, 9.861735343933105, 20.810335159301758, 13.700222969055176, 8.672833442687988, 11.911288261413574, 18.648828506469727, 11.002126693725586, 12.011821746826172, 11.542498588562012, 10.420723915100098, 18.987966537475586, 21.075315475463867, 8.587759971618652, 10.12855339050293, 13.542028427124023, 18.40675926208496, 17.460363388061523, 18.774381637573242, 11.0712890625, 13.752177238464355, 15.701398849487305, 13.128782272338867, 9.695266723632812, 9.984238624572754, 12.412861824035645, 18.75450325012207, 11.960105895996094, 21.610815048217773, 27.938425064086914, 10.405304908752441, 17.103548049926758, 11.481125831604004, 16.17776107788086, 10.646799087524414, 9.273262977600098, 13.390796661376953, 10.032537460327148, 14.632312774658203, 8.400156021118164, 10.069601058959961, 10.236822128295898, 7.939253330230713, 13.560986518859863, 11.961551666259766, 13.127758979797363, 16.10781478881836, 11.039861679077148, 8.843456268310547, 9.922453880310059, 8.478837013244629, 8.647930145263672, 15.462693214416504, 11.797173500061035, 9.803742408752441, 12.493820190429688, 11.061745643615723, 11.080564498901367, 12.269258499145508, 14.267672538757324, 15.008090019226074, 10.9553804397583, 11.907670974731445, 9.789905548095703, 16.698593139648438, 10.923270225524902, 7.433465957641602, 10.93380069732666, 11.68166446685791, 13.552122116088867, 8.834447860717773, 13.831546783447266, 17.07894515991211, 13.582953453063965, 9.85776138305664, 12.560044288635254, 15.435437202453613, 13.299269676208496, 9.199153900146484, 10.726729393005371, 16.00904083251953, 12.192850112915039, 12.294791221618652, 11.713632583618164, 20.502294540405273, 11.375545501708984, 15.412924766540527, 7.858704566955566, 20.965709686279297, 8.308015823364258, 10.572487831115723, 9.413285255432129, 16.366085052490234, 15.180654525756836, 10.241708755493164, 11.914053916931152, 10.952850341796875, 10.319024085998535, 10.368127822875977, 22.21466636657715, 17.914926528930664, 14.094018936157227, 7.698659420013428, 12.653007507324219, 15.718900680541992, 10.99050235748291, 10.958026885986328, 22.543659210205078, 13.109404563903809, 8.198521614074707, 9.672975540161133, 10.004861831665039, 15.709757804870605, 12.525542259216309, 19.456531524658203, 12.458087921142578, 9.3235445022583, 10.154426574707031, 13.90798568725586, 11.798501014709473, 15.930932998657227, 21.380382537841797, 15.265604019165039, 15.26562786102295, 8.362588882446289, 8.271080017089844, 11.488255500793457, 13.027288436889648, 13.116730690002441, 19.42012596130371, 10.512197494506836, 9.057514190673828, 12.833813667297363, 9.232523918151855, 17.880556106567383, 11.176647186279297, 8.900041580200195, 8.068979263305664, 10.12376594543457, 16.44539451599121, 22.14655113220215, 9.54836654663086, 6.829677104949951, 15.399367332458496, 15.124485969543457, 14.630681991577148, 7.776825428009033, 20.25078582763672, 9.905839920043945, 16.675310134887695, 18.441396713256836, 17.378047943115234, 9.517315864562988, 11.004969596862793, 9.731636047363281, 10.11573600769043, 9.838019371032715, 8.170252799987793, 13.394180297851562, 13.102177619934082, 16.034343719482422, 20.30474853515625, 13.676594734191895, 12.074320793151855, 15.250317573547363, 12.398844718933105, 9.422943115234375, 10.27427864074707, 10.815903663635254, 9.32071590423584, 10.346763610839844, 9.658980369567871, 10.86552619934082, 16.059907913208008, 18.094160079956055, 9.722700119018555, 14.954496383666992, 16.75058364868164, 12.048611640930176, 10.258431434631348, 11.330244064331055, 9.874286651611328, 13.516520500183105, 18.22076416015625, 7.067311763763428, 18.494407653808594, 10.456818580627441, 13.961873054504395, 21.12741470336914, 11.589853286743164, 14.500813484191895, 9.051666259765625, 11.971539497375488, 10.010153770446777, 15.651530265808105, 9.674052238464355, 18.69899559020996, 11.749692916870117, 11.410280227661133, 21.17930030822754, 20.331058502197266, 9.88877010345459, 13.659346580505371, 11.263945579528809, 13.339943885803223, 12.37379264831543, 10.981541633605957, 9.18785572052002, 19.22549819946289, 11.517450332641602, 20.63789176940918, 12.96035099029541, 19.82550621032715, 16.370235443115234, 11.310750961303711, 9.11270809173584, 14.734979629516602, 16.437978744506836, 12.05817699432373, 9.027217864990234, 9.77620792388916, 18.63791847229004, 17.58372688293457, 13.58675765991211, 10.420005798339844, 17.96628761291504, 19.781156539916992, 17.520822525024414, 10.84963321685791, 15.59104061126709, 10.736847877502441, 20.655181884765625, 17.545021057128906, 15.798104286193848, 18.346282958984375, 10.501853942871094, 11.441189765930176, 8.5908784866333, 12.974235534667969, 12.297741889953613, 11.598611831665039, 15.608920097351074, 10.340739250183105, 18.986108779907227, 20.318038940429688, 12.691085815429688, 16.728046417236328, 12.18309211730957, 9.722073554992676, 15.46145248413086, 10.542454719543457, 13.836029052734375, 19.912982940673828, 16.260805130004883, 13.288860321044922, 21.429983139038086, 8.221932411193848, 16.919069290161133, 13.761373519897461, 7.473689079284668, 21.8956298828125, 9.550505638122559, 10.379462242126465, 11.190942764282227, 15.761320114135742, 14.148948669433594, 14.29738998413086, 14.294837951660156, 9.097569465637207, 13.398667335510254, 21.01470947265625, 16.471111297607422, 9.894182205200195, 10.069258689880371, 15.00214958190918, 19.570159912109375, 9.879326820373535, 11.00652027130127, 8.170705795288086, 18.14162254333496, 12.826587677001953, 10.169312477111816, 12.66703987121582, 16.856082916259766, 11.385307312011719, 16.482379913330078, 11.801505088806152, 13.662351608276367, 18.580970764160156, 14.449653625488281, 20.29389762878418, 7.997272491455078, 16.25326156616211, 15.930792808532715, 13.62779712677002, 7.979281425476074, 15.185042381286621, 12.434558868408203, 18.65296173095703, 14.71450138092041, 15.289217948913574, 8.249902725219727, 17.056787490844727, 10.379195213317871, 16.05156707763672, 12.384716033935547, 11.35755443572998, 9.2023286819458, 8.972148895263672, 9.62559700012207, 10.165968894958496, 21.04054832458496, 16.490026473999023, 13.918218612670898, 11.22728443145752, 12.865256309509277, 19.213829040527344, 13.601773262023926, 12.721789360046387, 9.47929859161377, 17.30389404296875, 12.24113655090332, 14.168831825256348, 13.132784843444824, 9.957267761230469, 14.06869888305664, 15.696791648864746, 20.182043075561523, 19.853673934936523, 10.361590385437012, 10.887263298034668, 19.257246017456055, 16.93624496459961, 15.500908851623535, 10.789083480834961, 18.572513580322266, 13.509834289550781, 14.307711601257324, 20.344158172607422, 12.235735893249512, 17.744752883911133, 16.957916259765625, 10.468960762023926, 15.338943481445312, 14.007354736328125, 9.138147354125977, 15.511947631835938, 20.853395462036133, 17.995153427124023, 18.1025390625, 9.430602073669434, 10.526815414428711, 13.462249755859375, 18.562299728393555, 18.845172882080078, 17.66695213317871, 18.959779739379883, 16.06353759765625, 10.32373332977295, 16.509666442871094, 8.738162994384766, 9.117546081542969, 18.74697494506836, 20.29888916015625, 14.051687240600586, 9.301886558532715, 21.99716567993164, 15.459835052490234, 10.76716423034668, 20.539737701416016, 6.789228916168213, 9.72967529296875, 20.1292667388916, 9.741802215576172, 9.859650611877441, 21.434412002563477, 13.312000274658203, 9.102635383605957, 8.225419044494629, 10.556991577148438, 9.089694023132324, 17.765392303466797, 20.403133392333984, 15.218181610107422, 15.271897315979004, 16.79844093322754, 10.379779815673828, 18.19829750061035, 17.47243309020996, 8.819513320922852, 17.567407608032227, 19.176176071166992, 11.733926773071289, 12.954890251159668, 18.916412353515625, 20.69964027404785, 9.823872566223145, 18.240615844726562, 9.51987075805664, 18.882064819335938, 20.423389434814453, 20.14076805114746, 11.920760154724121, 22.4446964263916, 19.69965171813965, 16.752685546875, 11.244784355163574, 12.137598991394043, 19.363441467285156, 17.380184173583984, 7.280981540679932, 15.108391761779785, 17.091106414794922, 15.11971664428711, 10.698049545288086, 11.455244064331055, 9.858177185058594, 13.078964233398438, 14.270171165466309, 13.980225563049316, 18.49319839477539, 17.53583526611328, 11.457472801208496, 12.206014633178711, 13.019021987915039, 8.633377075195312, 18.701011657714844, 11.318465232849121, 12.31102180480957, 8.054529190063477, 11.924477577209473, 9.747369766235352, 11.366487503051758, 13.151208877563477, 9.122864723205566, 13.924723625183105, 9.799059867858887, 8.989130020141602, 9.99983024597168, 14.433631896972656, 13.393633842468262, 10.551505088806152, 15.591428756713867, 19.23202133178711, 9.971203804016113, 15.321813583374023, 8.11182975769043, 12.763794898986816, 11.691019058227539, 14.227601051330566, 12.037830352783203, 9.31055736541748, 10.016414642333984, 14.075002670288086, 11.138171195983887, 10.149672508239746, 18.567811965942383, 15.077500343322754, 11.370953559875488, 11.77442455291748, 18.30721664428711, 15.045530319213867, 12.23837661743164, 10.304689407348633, 16.963645935058594, 9.791370391845703, 11.258543968200684, 11.92395305633545, 16.854007720947266, 18.55612564086914, 10.285005569458008, 17.600749969482422, 10.836418151855469, 11.050379753112793, 8.617125511169434, 9.995762825012207, 13.350285530090332, 13.052042007446289, 11.448731422424316, 12.27376937866211, 9.633094787597656, 7.847835540771484, 9.055034637451172, 10.775983810424805, 11.87588882446289, 19.49079704284668, 11.789624214172363, 11.185324668884277, 9.344947814941406, 11.66873836517334, 10.920557022094727, 20.70738410949707, 11.582032203674316, 11.344341278076172, 9.385014533996582, 17.619163513183594, 19.00391960144043, 21.603721618652344, 10.243452072143555, 7.321766376495361, 12.380281448364258, 15.545538902282715, 9.21631145477295, 10.161596298217773, 10.458681106567383, 19.222524642944336, 9.751225471496582, 8.0159912109375, 15.206218719482422, 15.707606315612793, 13.459259033203125, 12.114849090576172, 12.81119155883789, 8.947696685791016, 8.47299861907959, 13.019036293029785, 14.125975608825684, 12.01632308959961, 12.779594421386719, 9.85817813873291, 9.812994956970215, 9.510625839233398, 8.028450965881348, 13.992534637451172, 10.675578117370605, 16.647605895996094, 12.603619575500488, 7.510678291320801, 10.707571983337402, 9.924671173095703, 8.035176277160645, 8.992536544799805, 16.84400177001953, 11.328886032104492, 8.402326583862305, 17.30449104309082, 9.170389175415039, 22.16415023803711, 12.624467849731445, 10.825672149658203, 13.14385986328125, 18.074039459228516, 16.088966369628906, 11.539337158203125, 9.311083793640137, 16.16659927368164, 16.10982894897461, 11.623494148254395, 7.6502685546875, 11.576451301574707, 19.757688522338867, 12.351287841796875, 12.799939155578613, 13.933805465698242, 12.106297492980957, 10.271491050720215, 8.561046600341797, 15.303007125854492, 15.168731689453125, 11.037759780883789, 7.576953411102295, 18.867704391479492, 11.369904518127441, 9.932504653930664, 18.02102279663086, 12.213587760925293, 9.566308975219727, 16.071195602416992, 10.441579818725586, 9.448822975158691, 14.092723846435547, 19.072267532348633, 10.21157169342041, 15.993830680847168, 16.93381118774414, 13.9984769821167, 11.148417472839355, 8.094918251037598, 9.823023796081543, 12.366144180297852, 11.256352424621582, 13.224955558776855, 13.4942045211792, 10.545693397521973, 13.61716365814209, 10.057775497436523, 15.711478233337402, 19.48087501525879, 10.529064178466797, 13.803970336914062, 14.144384384155273, 15.906563758850098, 16.0355281829834, 14.880866050720215, 13.449888229370117, 11.373849868774414, 8.379349708557129, 13.703266143798828, 10.58138656616211, 12.702850341796875, 11.835208892822266, 18.170778274536133, 10.043960571289062, 13.575429916381836, 9.517056465148926, 12.882075309753418, 19.97601318359375, 10.417210578918457, 11.562440872192383, 17.233064651489258, 11.216630935668945, 9.979573249816895, 10.043815612792969, 10.961502075195312, 10.43758487701416, 13.631132125854492, 14.61197280883789, 11.4065523147583, 12.660430908203125, 15.502222061157227, 17.721691131591797, 7.884957790374756, 14.314325332641602, 21.035476684570312, 19.978899002075195, 14.82898998260498, 10.181323051452637, 12.36689567565918, 15.271181106567383, 14.924890518188477, 11.44580078125, 14.286080360412598, 10.692919731140137, 10.546756744384766, 15.19334602355957, 13.205320358276367, 14.365915298461914, 8.695854187011719, 17.381011962890625, 18.144468307495117, 12.850472450256348, 12.21212387084961, 9.761727333068848, 9.161053657531738, 13.98806381225586, 18.93033790588379, 9.469605445861816, 15.302855491638184, 14.58132553100586, 13.24111557006836, 10.83694076538086, 10.481688499450684, 10.609441757202148, 17.17732810974121, 18.029827117919922, 14.773695945739746, 9.673513412475586, 10.82104206085205, 19.66988182067871, 20.103242874145508, 10.630446434020996, 11.790230751037598, 17.222854614257812, 13.8912992477417, 10.028209686279297, 9.306571960449219, 19.585969924926758, 17.438817977905273, 15.321436882019043, 19.591650009155273, 9.957671165466309, 11.497102737426758, 10.79799747467041, 14.88266372680664, 10.014264106750488, 9.171972274780273, 22.809926986694336, 11.535575866699219, 17.921350479125977, 19.089405059814453, 16.468231201171875, 9.910194396972656, 13.379446983337402, 10.546507835388184, 12.682753562927246, 19.717754364013672, 17.593400955200195, 16.37173843383789, 13.259373664855957, 20.71364402770996, 12.294840812683105, 6.921380519866943, 9.116244316101074, 12.298436164855957, 18.78065299987793, 10.100342750549316, 13.719788551330566, 9.399139404296875, 9.010112762451172, 10.24931812286377, 13.540571212768555, 9.767613410949707, 9.824479103088379, 16.763261795043945, 12.579757690429688, 7.241219997406006, 12.067420959472656, 10.011674880981445, 12.056571960449219, 18.040735244750977, 11.601045608520508, 17.82936668395996, 14.633386611938477, 18.9739990234375, 10.786073684692383, 11.31289291381836, 14.363088607788086, 13.067129135131836, 10.068053245544434, 9.7975492477417, 13.589943885803223, 9.796833992004395, 8.173497200012207, 18.594966888427734, 12.877734184265137, 14.438095092773438, 16.559656143188477, 14.034825325012207, 11.842072486877441, 11.398392677307129, 10.392293930053711, 11.087997436523438, 11.369091033935547, 9.650860786437988, 15.65319538116455, 10.96855354309082, 17.509056091308594, 9.504249572753906, 9.711922645568848, 15.97709846496582, 8.434581756591797, 9.147619247436523, 18.012916564941406, 13.662008285522461, 18.36518096923828, 11.613663673400879, 12.364747047424316, 10.654645919799805, 9.001858711242676, 20.730676651000977, 11.709300994873047, 12.633207321166992, 17.097042083740234, 16.258773803710938, 17.723169326782227, 18.866374969482422, 16.093732833862305, 20.53706169128418, 11.177583694458008, 11.159667015075684, 9.822593688964844, 10.637032508850098, 18.29047203063965, 19.77861785888672, 11.052253723144531, 9.248509407043457, 9.509160995483398, 16.93781280517578, 17.298553466796875, 11.006179809570312, 8.334155082702637, 8.316012382507324, 19.673486709594727, 14.280303001403809, 14.058624267578125, 10.626312255859375, 19.184375762939453, 16.885459899902344, 15.979008674621582, 9.689238548278809, 10.361682891845703, 11.071259498596191, 18.563232421875, 18.014371871948242, 20.612598419189453, 20.40791130065918, 10.902496337890625, 15.883058547973633, 14.03515338897705, 13.321333885192871, 10.51303482055664, 7.724652290344238, 18.288118362426758, 12.188329696655273, 17.83246612548828, 7.721470832824707, 12.009588241577148, 8.567906379699707, 13.663241386413574, 17.87872314453125, 16.200912475585938, 9.15189266204834, 8.370322227478027, 16.353179931640625, 21.0255126953125, 10.373034477233887, 9.67131233215332, 13.721327781677246, 15.65695858001709, 16.953142166137695, 11.485220909118652, 11.680370330810547, 12.832569122314453, 9.016818046569824, 12.977545738220215, 17.5967960357666, 16.840320587158203, 14.141546249389648, 14.576460838317871, 14.371386528015137, 9.926630020141602, 16.295146942138672, 16.202180862426758, 13.6257963180542, 14.748588562011719, 9.347494125366211, 7.211081027984619, 11.380271911621094, 19.782949447631836, 14.725138664245605, 14.971336364746094, 12.362112045288086, 11.511295318603516, 12.48715591430664, 10.679210662841797, 12.526090621948242, 21.452098846435547, 13.545358657836914, 11.908590316772461, 15.853991508483887, 16.36566734313965, 9.9946928024292, 11.58563232421875, 10.768498420715332, 17.652223587036133, 11.83895206451416, 12.030159950256348, 12.928018569946289, 9.706027030944824, 17.26368522644043, 16.10259437561035, 23.70932388305664, 9.029984474182129, 12.913237571716309, 11.68593692779541, 20.53183364868164, 14.520855903625488, 12.859945297241211, 11.924860000610352, 11.614825248718262, 10.38413143157959, 14.4132661819458, 10.554595947265625, 13.11003589630127, 13.111233711242676, 8.842340469360352, 9.833579063415527, 11.391098022460938, 12.998530387878418, 10.696467399597168, 11.507957458496094, 12.665637969970703, 20.674814224243164, 10.166739463806152, 11.168580055236816, 9.894187927246094, 11.377721786499023, 12.016566276550293, 9.501238822937012, 11.372600555419922, 18.23837661743164, 11.85625171661377, 11.317164421081543, 12.320061683654785, 19.8149471282959, 9.053051948547363, 14.067928314208984, 12.317000389099121, 9.731215476989746, 13.095316886901855, 10.669814109802246, 14.14426040649414, 12.40506362915039, 9.962834358215332, 13.994553565979004, 17.217151641845703, 19.97484016418457, 8.63854694366455, 18.377182006835938, 16.6251277923584, 14.083106994628906, 12.89568042755127, 10.085708618164062, 9.027542114257812, 13.175637245178223, 18.767593383789062, 14.002116203308105, 9.606319427490234, 21.62965965270996, 21.11767578125, 12.469117164611816, 8.615588188171387, 13.983665466308594, 20.922304153442383, 8.895425796508789, 16.139389038085938, 11.067560195922852, 12.950310707092285, 14.503324508666992, 11.045219421386719, 16.423612594604492, 12.255786895751953, 13.766175270080566, 9.45025634765625, 10.633444786071777, 13.702449798583984, 14.312690734863281, 9.678230285644531, 9.679303169250488, 11.801637649536133, 10.561232566833496, 11.382668495178223, 17.97831916809082, 12.085569381713867, 12.923171043395996, 9.119812965393066, 17.907455444335938, 19.705604553222656, 19.33316421508789, 12.730864524841309, 8.258920669555664, 11.824141502380371, 10.945086479187012, 9.089503288269043, 10.95899772644043, 21.447078704833984, 22.562843322753906, 14.566975593566895, 9.647454261779785, 9.675310134887695, 22.2280216217041, 19.351272583007812, 16.424686431884766, 12.284987449645996, 12.999654769897461, 10.894268989562988, 12.54013729095459, 9.500732421875, 15.87696647644043, 12.062361717224121, 11.422324180603027, 21.36246109008789, 19.901803970336914, 11.73449420928955, 10.177818298339844, 19.885719299316406, 13.590033531188965, 14.465124130249023, 20.026132583618164, 9.825160026550293, 17.43625831604004, 8.147817611694336, 13.246806144714355, 13.099696159362793, 14.411675453186035, 17.31687355041504, 13.828988075256348, 12.016619682312012, 9.12820816040039, 18.351089477539062, 21.074867248535156, 14.250910758972168, 12.672825813293457, 17.377166748046875, 13.623845100402832, 19.67587661743164, 9.301186561584473, 13.638792991638184, 11.030718803405762, 18.956470489501953, 13.784100532531738, 9.403573036193848, 11.010568618774414, 21.615694046020508, 6.67284631729126, 10.100217819213867, 21.54618263244629, 10.271697044372559, 12.368807792663574, 15.550674438476562, 11.539196968078613, 17.545042037963867, 11.719766616821289, 9.658506393432617, 8.603311538696289, 13.227642059326172, 9.594902038574219, 10.516125679016113, 10.333850860595703, 10.24378490447998, 9.574373245239258, 10.128972053527832, 10.949601173400879, 9.378149032592773, 16.022199630737305, 11.562569618225098, 13.553937911987305, 13.925410270690918, 12.988070487976074, 19.87502098083496, 10.333639144897461, 12.552769660949707, 11.807232856750488, 12.0341157913208, 11.667476654052734, 9.69049072265625, 12.135833740234375, 20.74494743347168, 9.304285049438477, 9.957362174987793, 15.870641708374023, 11.481436729431152, 11.516575813293457, 13.508623123168945, 15.960761070251465, 10.544547080993652, 13.75167465209961, 11.984650611877441, 11.644791603088379, 11.70226001739502, 12.152925491333008, 10.326687812805176, 12.925735473632812, 10.904295921325684, 10.047951698303223, 18.38542366027832, 10.55869197845459, 9.902915000915527, 9.737833023071289, 18.878002166748047, 22.492313385009766, 8.592181205749512, 7.753002166748047, 17.37541961669922, 12.671011924743652, 10.091629028320312, 22.487592697143555, 20.457197189331055, 7.4097723960876465, 9.340503692626953, 10.31690502166748, 13.643636703491211, 14.060078620910645, 17.321760177612305, 19.885934829711914, 17.95126724243164, 16.498687744140625, 10.271709442138672, 19.235633850097656, 16.64830780029297, 22.15451431274414, 8.991718292236328, 12.375060081481934, 13.581628799438477, 12.485857963562012, 11.71163558959961, 9.267860412597656, 11.296112060546875, 18.260587692260742, 9.776890754699707, 20.467287063598633, 12.102709770202637, 8.66299057006836, 15.326028823852539, 12.743254661560059, 8.003313064575195, 14.542240142822266, 9.887612342834473, 7.693924903869629, 12.175853729248047, 9.68079948425293, 18.66141700744629, 12.496940612792969, 18.73185157775879, 23.014720916748047, 16.061511993408203, 8.020201683044434, 12.520466804504395, 20.529518127441406, 11.569689750671387, 12.26960277557373, 13.173439025878906, 10.003885269165039, 20.840030670166016, 13.283576965332031, 18.725629806518555, 8.850942611694336, 10.165255546569824, 11.315731048583984, 10.297935485839844, 12.717313766479492, 16.860328674316406, 18.227815628051758, 11.471983909606934, 14.010530471801758, 13.355097770690918, 11.835504531860352, 13.216626167297363, 11.069585800170898, 13.678255081176758, 11.870976448059082, 10.418723106384277, 9.098438262939453, 11.536981582641602, 10.84493637084961, 9.079777717590332, 12.45562744140625, 15.468598365783691, 19.567678451538086, 16.441608428955078, 10.030550003051758, 10.428658485412598, 14.728114128112793, 18.08860206604004, 10.043959617614746, 13.3350191116333, 11.591055870056152, 12.216597557067871, 13.724329948425293, 21.2943172454834, 10.227973937988281, 10.177542686462402, 9.318767547607422, 8.041706085205078, 8.849989891052246, 10.046880722045898, 8.768197059631348, 8.611871719360352, 9.866771697998047, 20.615299224853516, 8.481620788574219, 10.872885704040527, 10.179819107055664, 17.159971237182617, 10.211380004882812, 15.868715286254883, 12.042553901672363, 17.25575828552246, 16.88905906677246, 11.659546852111816, 10.912348747253418, 9.62862777709961, 16.77959632873535, 14.369955062866211, 12.757589340209961, 9.879809379577637, 14.35566520690918, 9.773507118225098, 13.395798683166504, 9.178430557250977, 10.417688369750977, 11.004505157470703, 13.891130447387695, 23.365209579467773, 9.11129093170166, 14.320558547973633, 16.5950984954834, 18.13364028930664, 11.916028022766113, 10.21562385559082, 9.008844375610352, 6.946482181549072, 16.695375442504883, 16.626583099365234, 18.195613861083984, 17.578977584838867, 11.810897827148438, 8.980294227600098, 11.31252670288086, 11.428988456726074, 13.8515043258667, 10.237624168395996, 13.17886734008789, 9.694493293762207, 17.642967224121094, 10.93579387664795, 7.266688823699951, 15.326554298400879, 14.829745292663574, 9.193849563598633, 17.563634872436523, 12.791055679321289, 23.01972007751465, 10.040640830993652, 13.212936401367188, 13.793283462524414, 14.569790840148926, 18.440444946289062, 10.743383407592773, 13.077249526977539, 17.717838287353516, 9.877232551574707, 13.626383781433105, 20.257793426513672, 14.297711372375488, 9.907770156860352, 10.53699779510498, 10.363923072814941, 10.464838027954102, 11.62353801727295, 10.942177772521973, 12.381574630737305, 9.912776947021484, 10.699250221252441, 17.796798706054688, 16.97487449645996, 17.651174545288086, 10.134421348571777, 13.768198013305664, 9.113090515136719, 13.436381340026855, 11.648825645446777, 11.306833267211914, 9.992354393005371, 8.509657859802246, 10.298664093017578, 21.05880355834961, 14.066852569580078, 12.43622875213623, 15.932760238647461, 10.160052299499512, 18.368173599243164, 8.763382911682129, 12.54684066772461, 18.72042465209961, 11.69904899597168, 13.894640922546387, 11.682059288024902, 14.481395721435547, 12.26321792602539, 13.760533332824707, 18.58892822265625, 18.058378219604492, 14.245796203613281, 18.478878021240234, 19.801658630371094, 18.167449951171875, 19.75598907470703, 14.863365173339844, 8.418817520141602, 8.914626121520996, 16.739336013793945, 14.061853408813477, 21.872665405273438, 16.506467819213867, 20.78989028930664, 10.01961612701416, 20.89937400817871, 18.47407341003418, 12.304422378540039, 19.024639129638672, 12.592422485351562, 12.031954765319824, 8.553203582763672, 8.729498863220215, 11.45256233215332, 15.415854454040527, 18.953874588012695, 9.726485252380371, 20.490381240844727, 7.9360432624816895, 12.245648384094238, 18.214677810668945, 12.003954887390137, 12.714654922485352, 16.64208984375, 16.79759979248047, 16.634435653686523, 14.368050575256348, 7.614303112030029, 9.271260261535645, 9.922588348388672, 13.905411720275879, 9.079590797424316, 18.134906768798828, 13.917723655700684, 9.002857208251953, 14.202810287475586, 13.194111824035645, 16.418716430664062, 16.360082626342773, 11.311827659606934, 13.1116304397583, 14.059076309204102, 9.064334869384766, 11.063045501708984, 13.795530319213867, 8.871474266052246, 16.006980895996094, 16.49370002746582, 13.766406059265137, 10.983757972717285, 14.978023529052734, 22.245546340942383, 9.632198333740234, 9.175171852111816, 18.686527252197266, 10.229227066040039, 20.15629768371582, 18.91985511779785, 17.168060302734375, 20.23724937438965, 18.772178649902344, 10.668935775756836, 12.580331802368164, 12.273282051086426, 16.42085075378418, 11.396188735961914, 9.96316909790039, 18.288497924804688, 12.312446594238281, 15.829225540161133, 20.09866714477539, 12.501980781555176, 10.236023902893066, 9.921167373657227, 9.397307395935059, 10.684699058532715, 20.246633529663086, 18.861326217651367, 12.332805633544922, 17.074295043945312, 10.006952285766602, 19.3885440826416, 12.070358276367188, 20.48814582824707, 15.920512199401855, 12.720904350280762, 9.868856430053711, 11.867643356323242, 16.746068954467773, 16.871227264404297, 9.543130874633789, 10.78085994720459, 17.660898208618164, 11.000701904296875, 9.087011337280273, 9.297569274902344, 9.629939079284668, 12.271282196044922, 13.472505569458008, 23.25408935546875, 10.869040489196777, 13.076711654663086, 16.711652755737305, 18.148714065551758, 13.510990142822266, 18.15949249267578, 21.265790939331055, 12.693735122680664, 11.333514213562012, 11.70271110534668, 10.522640228271484, 12.256705284118652, 14.095620155334473, 19.04711151123047, 16.314498901367188, 15.908260345458984, 14.42173957824707, 10.582626342773438, 17.727603912353516, 10.881746292114258, 9.54014778137207, 8.570563316345215, 17.183067321777344, 10.609513282775879, 9.21178913116455, 13.400611877441406, 10.914094924926758, 17.22078514099121, 11.897871971130371, 13.864294052124023, 14.945899963378906, 9.800406455993652, 9.68070125579834, 18.016298294067383, 15.302302360534668, 13.699163436889648, 14.117334365844727, 12.953274726867676, 10.430571556091309, 12.628443717956543, 15.565567016601562, 18.686195373535156, 23.347362518310547, 9.25793170928955, 11.803159713745117, 9.35646915435791, 17.446781158447266, 14.550490379333496, 15.090853691101074, 19.498332977294922, 10.33439826965332, 18.920814514160156, 11.39488410949707, 10.142252922058105, 14.740730285644531, 18.398456573486328, 13.258214950561523, 19.202009201049805, 14.017438888549805, 16.84218406677246, 16.688777923583984, 9.624717712402344, 7.963171005249023, 11.92281723022461, 13.639575958251953, 16.350391387939453, 16.363658905029297, 12.45971393585205, 9.904634475708008, 8.105890274047852, 11.38786792755127, 8.540982246398926, 17.851314544677734, 12.071809768676758, 12.22324275970459, 9.256675720214844, 10.152373313903809, 17.186635971069336, 20.47919273376465, 19.159334182739258, 14.485628128051758, 14.87142562866211, 8.572622299194336, 14.094667434692383, 11.288922309875488, 9.589681625366211, 13.989107131958008, 19.324087142944336, 10.452908515930176, 13.341070175170898, 18.345077514648438, 17.35740089416504, 13.211207389831543, 13.694580078125, 14.50541877746582, 19.114673614501953, 9.590455055236816, 17.252822875976562, 20.036489486694336, 13.714475631713867, 13.489755630493164, 16.574951171875, 14.205467224121094, 9.138455390930176, 13.475403785705566, 10.391992568969727, 20.02875518798828, 19.551408767700195, 10.770299911499023, 19.25895881652832, 10.128124237060547, 10.644582748413086, 11.950607299804688, 15.78609561920166, 18.745027542114258, 15.466896057128906, 7.623517036437988, 14.131306648254395, 10.374541282653809, 8.212199211120605, 13.860580444335938, 22.03300666809082, 8.753996849060059, 21.20729637145996, 9.309717178344727, 11.995697975158691, 21.15416717529297, 10.340852737426758, 8.33049201965332, 9.817365646362305, 14.477959632873535, 13.285134315490723, 10.647370338439941, 14.403572082519531, 9.453882217407227, 10.55147933959961, 14.64720630645752, 7.317384243011475, 11.418862342834473, 19.3802433013916, 12.158868789672852, 13.92648983001709, 9.932049751281738, 16.825057983398438, 10.962861061096191, 13.6470365524292, 12.751445770263672, 11.807801246643066, 10.917546272277832, 15.437019348144531, 16.852153778076172, 11.705097198486328, 14.22630500793457, 10.842240333557129, 10.29866886138916, 8.522481918334961, 13.879008293151855, 11.966336250305176, 10.516201972961426]
Cosines similarity random samples
[0.6364198327064514, -0.11797255277633667, -0.3722955882549286, -0.1460946500301361, 0.0436275452375412, 0.21491390466690063, -0.30426663160324097, 0.23677542805671692, -0.11184816062450409, 0.555280327796936, 0.6911299228668213, -0.4517018795013428, -0.1463596373796463, 0.14026319980621338, 0.6165304183959961, 0.7128254771232605, 0.611532986164093, 0.25168588757514954, 0.20821937918663025, -0.2850446105003357, 0.03996371105313301, 0.7620440721511841, 0.4159344732761383, 0.807664155960083, 0.49839991331100464, 0.2908729314804077, 0.6610037684440613, 0.15972571074962616, 0.7469193935394287, 0.10746067762374878, 0.7555081844329834, -0.29143083095550537, -0.40986132621765137, 0.02801872044801712, 0.5163355469703674, 0.2935355007648468, 0.7036664485931396, 0.5347979068756104, 0.45538216829299927, 0.689338207244873, -0.34384047985076904, 0.7386813163757324, 0.5308637619018555, -0.09331456571817398, 0.6812437176704407, 0.5139159560203552, -0.5111286640167236, 0.24306027591228485, -0.2452578842639923, -0.27218273282051086, 0.309468150138855, 0.038198743015527725, 0.7788180112838745, -0.632632851600647, 0.6657930612564087, -0.4926859140396118, -0.2258373349905014, 0.4752650260925293, 0.6337939500808716, -0.3287566006183624, 0.5509154796600342, 0.557464599609375, 0.5151088237762451, 0.15130597352981567, 0.6557726263999939, 0.5667569637298584, 0.6652140617370605, 0.40301308035850525, 0.06331370025873184, -0.1838112473487854, -0.2458188682794571, 0.24377253651618958, -0.5602318048477173, -0.21307972073554993, -0.22229650616645813, -0.28064996004104614, -0.12490709125995636, 0.6082022190093994, 0.24906152486801147, 0.2548876404762268, -0.5622506141662598, 0.5473690032958984, 0.5719594955444336, -0.28199711441993713, 0.48531538248062134, 0.5325543880462646, 0.44072437286376953, -0.37139642238616943, 0.4503299593925476, 0.3125855624675751, -0.5342888832092285, 0.6277177333831787, 0.7188364267349243, 0.6846181154251099, 0.435874879360199, 0.8080191612243652, 0.23413991928100586, -0.19011345505714417, 0.6046998500823975, 0.3725399076938629, 0.0048247650265693665, -0.2950580418109894, 0.1742427796125412, 0.18456614017486572, 0.34463292360305786, 0.6209602952003479, 0.11819778382778168, 0.45728617906570435, 0.5055474638938904, 0.3337770700454712, 0.5017921328544617, 0.39423805475234985, 0.5149096846580505, 0.5371631383895874, -0.1611187607049942, -0.29949522018432617, 0.43275946378707886, -0.5917089581489563, 0.43894559144973755, 0.4366616904735565, 0.31462568044662476, -0.5697100162506104, 0.3194624185562134, 0.009894941002130508, 0.10078097879886627, -0.1501360535621643, 0.4124499559402466, 0.43054863810539246, 0.4881041646003723, -0.10530412197113037, -0.17291465401649475, -0.1377677321434021, 0.022560089826583862, -0.2858894467353821, -0.3387729823589325, 0.0731312483549118, -0.5398251414299011, 0.6185718774795532, 0.44675391912460327, 0.27226561307907104, 0.5978671908378601, 0.044919420033693314, 0.8205772042274475, 0.2237684279680252, 0.2762262225151062, 0.6522768139839172, 0.45959872007369995, 0.5218665599822998, -0.49217259883880615, 0.6952649354934692, 0.5293598175048828, 0.7151712775230408, 0.5913896560668945, -0.4929348826408386, 0.7081807255744934, 0.4265190362930298, -0.5909087657928467, 0.7372832894325256, -0.14918449521064758, 0.271605908870697, 0.5468223094940186, -0.45515552163124084, 0.4291941523551941, 0.43821877241134644, -0.13043427467346191, 0.5333822965621948, 0.42691296339035034, 0.7604383826255798, 0.050814226269721985, 0.6571781635284424, 0.3552805185317993, 0.184349924325943, 0.35430341958999634, -0.06828108429908752, 0.22844690084457397, 0.6894556283950806, 0.42726588249206543, 0.4307247996330261, -0.6252656579017639, 0.6530025601387024, 0.47889479994773865, 0.3052982687950134, 0.34681951999664307, -0.3185650110244751, 0.6773998737335205, -0.483346551656723, 0.5756375789642334, 0.0951433926820755, 0.23330765962600708, -0.41265442967414856, -0.4606987237930298, 0.6596142053604126, 0.05203641578555107, 0.5145626068115234, -0.29593953490257263, 0.31585103273391724, 0.3146718740463257, 0.3935665190219879, 0.2682216465473175, 0.7236002683639526, 0.14924240112304688, 0.3332549035549164, 0.13292673230171204, 0.7309406995773315, -0.2327985316514969, 0.02324151247739792, -0.3762490153312683, 0.31436702609062195, -0.362209677696228, 0.3944440484046936, -0.2141970694065094, 0.24001367390155792, -0.5251914262771606, 0.15268374979496002, 0.40405505895614624, -0.19291260838508606, 0.3691876530647278, 0.1887342482805252, 0.11301255226135254, 0.6568764448165894, -0.5113668441772461, 0.6851282119750977, 0.43678250908851624, 0.577526867389679, -0.3701903820037842, 0.26897555589675903, 0.08304917812347412, -0.27467936277389526, -0.20857107639312744, -0.5252231955528259, -0.18827974796295166, 0.6196666955947876, 0.5110192894935608, -0.4233873784542084, -0.36091020703315735, -0.6051853895187378, 0.6752260327339172, 0.382353276014328, 0.4444587826728821, 0.6047516465187073, 0.7104429006576538, 0.6850363612174988, 0.6278166174888611, 0.48580440878868103, 0.2713184952735901, 0.6393669247627258, -0.48217833042144775, 0.3359224796295166, 0.5555084347724915, 0.6912519931793213, 0.07878037542104721, -0.6219965219497681, 0.6791409850120544, 0.2956237196922302, 0.4244891405105591, 0.1936706304550171, 0.0020701922476291656, 0.20150846242904663, 0.6085326671600342, 0.5000407099723816, 0.6002879738807678, 0.7205427885055542, -0.015651412308216095, 0.26966312527656555, 0.7053350806236267, 0.6565183401107788, -0.15860576927661896, -0.056178584694862366, 0.46332693099975586, 0.4217904210090637, 0.6702017784118652, 0.5806339979171753, 0.073038250207901, 0.6471390128135681, -0.5846068859100342, 0.5201965570449829, 0.3992305397987366, 0.561683177947998, 0.5387232303619385, 0.4192740321159363, 0.5846706032752991, -0.47373226284980774, 0.5989469289779663, 0.5558224320411682, -0.31155791878700256, 0.8048112392425537, 0.5268862843513489, -0.3072170615196228, -0.5087546110153198, 0.6420227885246277, 0.6946828961372375, -0.3628585636615753, 0.43390291929244995, -0.22865216434001923, 0.54172682762146, 0.22892563045024872, 0.43552646040916443, -0.6533965468406677, 0.3394920527935028, 0.7352333664894104, 0.6277475357055664, 0.7182203531265259, 0.3518926203250885, 0.6005789041519165, 0.4168465733528137, 0.005653110332787037, 0.4206218123435974, -0.4424803853034973, -0.5481809377670288, 0.603744626045227, 0.6488503217697144, -0.5659387707710266, 0.1776583045721054, 0.41023358702659607, 0.48593229055404663, 0.7235188484191895, -0.1458098292350769, 0.6217717528343201, 0.35749128460884094, -0.5015497207641602, 0.3366031348705292, 0.3176077604293823, 0.057906851172447205, 0.17890188097953796, -0.2573391795158386, -0.16526144742965698, -0.4551611840724945, 0.5676605701446533, 0.3700621724128723, 0.17802013456821442, 0.7368230223655701, -0.2511385977268219, -0.1542506217956543, 0.8073223233222961, 0.5243715047836304, 0.6910386681556702, 0.06698302924633026, -0.09685388207435608, 0.6848786473274231, 0.4750713109970093, -0.5675783753395081, -0.5067386627197266, 0.6191926598548889, -0.6120268702507019, 0.33926716446876526, 0.5631195902824402, 0.04689096659421921, 0.11285875737667084, 0.008371993899345398, 0.006797850131988525, -0.5326153039932251, -0.5871310234069824, -0.3218713104724884, 0.5491694808006287, 0.5799286365509033, 0.6555544137954712, 0.41556546092033386, 0.632750391960144, 0.011074304580688477, 0.7616389989852905, 0.6431844830513, 0.1849723756313324, -0.6150339841842651, 0.4829026460647583, 0.609527051448822, 0.5623425245285034, 0.5822039842605591, 0.7122417092323303, 0.10386193543672562, 0.6777056455612183, -0.5484710335731506, 0.7214494943618774, 0.6469355225563049, 0.21487359702587128, 0.5693917870521545, -0.4660443663597107, 0.6364566087722778, -0.0023336559534072876, 0.3813360035419464, 0.8319735527038574, -0.28547176718711853, 0.6455715298652649, 0.008970130234956741, 0.48803603649139404, 0.447111040353775, 0.2628876864910126, 0.5496419668197632, 0.34513059258461, 0.31436121463775635, 0.46858006715774536, 0.5883361101150513, 0.2630329430103302, 0.35422301292419434, 0.5998176336288452, 0.4380672574043274, 0.5973452925682068, 0.6536687612533569, -0.5272973775863647, 0.11373544484376907, -0.42621779441833496, -0.3465656042098999, 0.48292604088783264, 0.7701801061630249, -0.034173592925071716, 0.6690964698791504, 0.5958428382873535, -0.10390015691518784, 0.5770954489707947, 0.7338240742683411, 0.731640100479126, 0.7910603284835815, 0.48235753178596497, 0.619545578956604, 0.39716264605522156, 0.597770094871521, -0.5522292256355286, 0.3774339556694031, 0.4728720188140869, 0.6836816072463989, 0.23794075846672058, 0.7742041349411011, 0.6765265464782715, -0.2686039209365845, 0.6547367572784424, -0.3428744673728943, 0.5906612873077393, 0.16878704726696014, -0.34201544523239136, 0.7370048761367798, 0.18605965375900269, 0.7590281963348389, -0.2401655912399292, -0.10904161632061005, 0.6033641695976257, -0.10333447903394699, 0.44125184416770935, 0.21405187249183655, -0.26872947812080383, -0.55741286277771, 0.06394210457801819, -0.08607103675603867, 0.3537258207798004, 0.515273928642273, 0.5626943111419678, 0.5749035477638245, 0.3801764249801636, -0.2964218258857727, 0.3910815119743347, -0.286632776260376, -0.2978789806365967, 0.2478218972682953, -0.45133137702941895, 0.6720453500747681, -0.4462474286556244, 0.09343299269676208, 0.6119163632392883, 0.2803781032562256, -0.2633975148200989, 0.6065139770507812, 0.47078651189804077, 0.4457349181175232, 0.3551769256591797, -0.16781498491764069, 0.21044382452964783, 0.6625338196754456, -0.6135830283164978, -0.3021363615989685, 0.779000461101532, 0.6025183200836182, -0.18870161473751068, 0.10207128524780273, -0.5263386368751526, -0.5651581287384033, -0.5436844229698181, -0.4293093979358673, 0.36090171337127686, 0.7231462597846985, 0.5015589594841003, -0.42500609159469604, 0.17980608344078064, 0.4993073642253876, 0.4774783253669739, 0.3148964047431946, -0.09053892642259598, -0.15606902539730072, -0.19289050996303558, -0.4499599039554596, 0.17281599342823029, 0.664474606513977, -0.3646230101585388, 0.29155609011650085, 0.5746818780899048, -0.24644437432289124, 0.5008369088172913, 0.6577902436256409, 0.5721625089645386, 0.5206435918807983, 0.16798624396324158, 0.32449015974998474, 0.33376675844192505, -0.4270116090774536, 0.5599802136421204, 0.5453733205795288, -0.5642771124839783, 0.18213051557540894, 0.5142923593521118, 0.26644498109817505, -0.17558997869491577, 0.5951359272003174, 0.6708896160125732, 0.516165554523468, -0.3556205630302429, -0.10842767357826233, 0.5684726238250732, 0.7408719658851624, 0.8014469146728516, 0.6678644418716431, 0.6273313164710999, 0.4794175624847412, 0.19642049074172974, -0.40108540654182434, 0.19512750208377838, 0.08950182050466537, -0.6347376108169556, 0.42346060276031494, 0.2842174470424652, 0.38922882080078125, 0.2987368702888489, -0.39921772480010986, 0.4599718451499939, 0.6048372983932495, -0.4012812376022339, -0.39022576808929443, 0.38598331809043884, 0.41759684681892395, 0.5424370765686035, 0.3684249520301819, -0.29481637477874756, 0.42791038751602173, 0.3219941258430481, 0.6514108777046204, 0.49294203519821167, 0.5236160159111023, 0.64860999584198, 0.42884689569473267, -0.12901762127876282, -0.17416834831237793, 0.823880136013031, 0.026990368962287903, 0.49308639764785767, 0.7650904059410095, 0.49749648571014404, 0.3826930522918701, 0.5893311500549316, 0.6082612872123718, 0.4555662274360657, 0.7273281812667847, -0.40844812989234924, -0.37475883960723877, 0.6035985946655273, 0.46309956908226013, -0.4768710136413574, 0.11269741505384445, -0.34600067138671875, 0.6057606935501099, 0.7405366897583008, 0.2799415588378906, 0.4090205430984497, -0.2924472689628601, 0.467818945646286, -0.21785905957221985, 0.5834401845932007, 0.6106671094894409, 0.2355416864156723, 0.5070255398750305, -0.4957486391067505, -0.3161180019378662, 0.18149328231811523, -0.4366775453090668, -0.48034581542015076, 0.677325963973999, -0.18344742059707642, 0.25962257385253906, 0.6066011190414429, 0.5669503211975098, -0.31552135944366455, 0.2987673580646515, 0.29494723677635193, 0.667701244354248, 0.128042533993721, -0.3754742741584778, 0.4159431457519531, 0.7787854671478271, 0.12925274670124054, -0.5281824469566345, 0.18732479214668274, -0.054077595472335815, 0.5938382148742676, -0.24469178915023804, -0.48203057050704956, 0.6221044063568115, 0.4609104096889496, -0.3282260298728943, 0.4719754457473755, -0.6002880334854126, 0.6351689100265503, -0.05349066108465195, 0.0590946301817894, -0.23604567348957062, 0.6817182898521423, 0.749474287033081, 0.5954996347427368, 0.07162372022867203, -0.08289720118045807, -0.24113057553768158, 0.5352959036827087, -0.489044189453125, 0.6820669770240784, 0.714349627494812, 0.7159101366996765, 0.30240651965141296, -0.08390410244464874, 0.7914869785308838, 0.43648743629455566, 0.5293237566947937, 0.6221117377281189, 0.19664865732192993, 0.4510772228240967, -0.4875430166721344, 0.729345440864563, 0.7368854880332947, 0.5783145427703857, 0.2077741175889969, 0.1662749946117401, -0.013689287006855011, 0.5291647911071777, 0.6741729974746704, -0.39001989364624023, -0.5141454935073853, 0.4175308048725128, -0.48503097891807556, 0.38056445121765137, 0.2516719102859497, 0.33190613985061646, -0.3609890341758728, 0.4992450475692749, -0.05764434114098549, 0.6819275617599487, -0.6762679219245911, 0.4278721809387207, 0.5122225284576416, 0.4149032235145569, 0.01896730065345764, 0.3977833390235901, 0.8406498432159424, -0.3424876928329468, 0.24046477675437927, -0.23800913989543915, 0.43220242857933044, -0.023464038968086243, 0.08513977378606796, 0.5216664671897888, 0.6854970455169678, -0.47483646869659424, 0.68830406665802, -0.33682140707969666, -0.06288833916187286, -0.01605973392724991, -0.22383852303028107, 0.31481388211250305, -0.21750475466251373, 0.2116394191980362, 0.010378964245319366, 0.06696838140487671, 0.05725659430027008, -0.4636864960193634, 0.6524008512496948, 0.18450787663459778, 0.5615652799606323, 0.03562022000551224, 0.25944435596466064, -0.028856761753559113, 0.14193415641784668, 0.27013832330703735, 0.1628321409225464, -0.006951771676540375, 0.6186754703521729, 0.6841976642608643, 0.6631723046302795, 0.1668267846107483, 0.28166741132736206, 0.28763261437416077, 0.2778782546520233, 0.3679199814796448, 0.6477747559547424, 0.7079774141311646, 0.7297030687332153, 0.2226657271385193, -0.2502058744430542, 0.6801695823669434, 0.5878878831863403, -0.3107374310493469, -0.1457655131816864, -0.5769379734992981, 0.7767238020896912, 0.1724638193845749, -0.32759547233581543, -0.4597763419151306, -0.2758086621761322, -0.44409430027008057, 0.741237998008728, -0.5393638014793396, -0.47575855255126953, 0.5250368118286133, 0.2798250913619995, 0.4122817814350128, -0.49523094296455383, 0.4180910587310791, -0.18411919474601746, 0.4073835015296936, 0.09390603005886078, -0.10998979955911636, 0.723426103591919, 0.3422853350639343, 0.780985414981842, -0.07596990466117859, 0.11664139479398727, 0.5635462999343872, -0.43166303634643555, 0.41460153460502625, -0.44780758023262024, -0.4656845033168793, 0.3055369555950165, -0.3517964482307434, 0.7837375402450562, 0.40230822563171387, -0.22507119178771973, 0.400110125541687, -0.437440425157547, -0.13252168893814087, 0.23467330634593964, -0.3915960192680359, 0.21706274151802063, -0.2661207914352417, 0.7730187773704529, 0.34151795506477356, -0.22892248630523682, 0.37080755829811096, -0.4062027335166931, 0.5111168622970581, -0.5807403326034546, 0.20799827575683594, -0.39569076895713806, 0.43221208453178406, -0.47393620014190674, 0.6633257865905762, 0.5611552000045776, -0.4069674611091614, 0.6504203081130981, 0.6358071565628052, 0.5774205923080444, 0.5805995464324951, 0.6359689831733704, -0.2283422350883484, 0.3648156523704529, 0.3688203990459442, 0.5871897339820862, -0.3648054599761963, 0.5726585388183594, 0.5875076055526733, 0.607029914855957, -0.45570698380470276, -0.06768149137496948, 0.4674623906612396, -0.38154536485671997, 0.5942991971969604, -0.569024384021759, 0.3001086711883545, 0.42614322900772095, 0.7107047438621521, 0.6017612218856812, -0.46152523159980774, 0.11158498376607895, 0.6958130598068237, 0.20568600296974182, -0.37218499183654785, 0.491985559463501, 0.2570369839668274, 0.340130090713501, 0.4533090889453888, -0.43993479013442993, -0.3302183747291565, 0.7216963171958923, 0.5535067915916443, -0.0849761888384819, -0.30291447043418884, -0.13908101618289948, -0.422630250453949, 0.5606735944747925, -0.010135173797607422, -0.13000234961509705, 0.34124118089675903, 0.570669412612915, 0.5682753324508667, 0.3676861524581909, -0.5008717775344849, 0.33992934226989746, -0.5439484119415283, -0.5160610675811768, 0.518977165222168, -0.10148011147975922, 0.3634340167045593, -0.2363635003566742, 0.4241967499256134, 0.6125086545944214, 0.09578339755535126, 0.5597143769264221, -0.06097793206572533, 0.7084391117095947, 0.49487829208374023, 0.48451918363571167, 0.7378730177879333, 0.2957914173603058, 0.28665369749069214, 0.12416285276412964, -0.2545067369937897, 0.4449118375778198, 0.690723180770874, 0.563652515411377, 0.6824831962585449, 0.7117345333099365, -0.0744568407535553, 0.22334234416484833, 0.5919706225395203, 0.29799917340278625, 0.4630524814128876, 0.4447663128376007, 0.24749207496643066, -0.14099514484405518, 0.10712676495313644, 0.5454232692718506, 0.33506840467453003, 0.5884246826171875, -0.03551344573497772, 0.4450170695781708, 0.7683162689208984, 0.37513959407806396, 0.39896130561828613, 0.17944639921188354, 0.6567537784576416, 0.1959298849105835, -0.4085284471511841, 0.15286009013652802, 0.5357058644294739, 0.24705806374549866, -0.04856429621577263, 0.1711248755455017, 0.6216580271720886, 0.4266384243965149, -0.11188322305679321, 0.41785764694213867, 0.14973953366279602, 0.2741810083389282, -0.5353497266769409, 0.3327842950820923, -0.32475247979164124, 0.741991400718689, -0.5511987805366516, 0.7208690643310547, 0.4831819534301758, 0.5901998281478882, -0.29010629653930664, -0.255858838558197, 0.4912729263305664, 0.36657238006591797, 0.4627695381641388, 0.48740872740745544, 0.5291025042533875, -0.5422914028167725, -0.15093284845352173, -0.16827082633972168, 0.7494065761566162, 0.2947486937046051, -0.040643636137247086, 0.5399035215377808, 0.4924449622631073, -0.5690584182739258, 0.2867967486381531, 0.7172785997390747, 0.625474750995636, 0.5531448125839233, -0.31627124547958374, 0.25243422389030457, -0.2112177014350891, 0.2914237380027771, 0.6675885915756226, 0.5579968690872192, 0.03003685176372528, 0.3947952091693878, -0.418204128742218, -0.6312927603721619, -0.11543991416692734, -0.3027450442314148, 0.7300856113433838, 0.7126158475875854, 0.4860495626926422, 0.3266703486442566, 0.17719709873199463, -0.18545347452163696, 0.5068197846412659, 0.7118508815765381, 0.4037735164165497, 0.6152171492576599, -0.43647539615631104, 0.5125564336776733, 0.664404034614563, 0.7391018867492676, 0.5076513886451721, -0.1503661870956421, -0.5380789041519165, 0.7137249708175659, 0.8077585697174072, -0.22573044896125793, 0.13346287608146667, -0.0830603688955307, 0.7615533471107483, -0.43432390689849854, 0.6647496819496155, -0.31304460763931274, -0.3541010022163391, -0.16560187935829163, 0.6808660626411438, 0.6305661201477051, 0.644950270652771, 0.5322085618972778, 0.6646044254302979, 0.7088327407836914, 0.1670408546924591, 0.3044423460960388, -0.04100197181105614, -0.6178799867630005, 0.21342960000038147, 0.3118804395198822, 0.10024242848157883, 0.352872371673584, 0.682158887386322, 0.48954930901527405, 0.534794807434082, 0.7056893110275269, 0.6000555753707886, 0.5643274784088135, 0.41168081760406494, -0.3192821443080902, -0.34310778975486755, 0.5970693230628967, -0.09769001603126526, -0.45548731088638306, 0.5083441734313965, 0.528299868106842, 0.369986355304718, 0.6223544478416443, 0.10369232296943665, -0.25899404287338257, 0.8017781972885132, -0.3312883973121643, 0.4825584888458252, 0.38442903757095337, -0.4372628331184387, 0.49361273646354675, 0.0227087140083313, 0.6717270016670227, 0.39963585138320923, 0.5795617699623108, -0.06321822106838226, 0.5835536122322083, -0.508713960647583, 0.49449121952056885, 0.5245632529258728, -0.5340902805328369, -0.5405362844467163, 0.59581458568573, 0.4248958230018616, 0.5283514261245728, 0.06266766041517258, 0.48824000358581543, 0.43030834197998047, 0.6213904619216919, -0.3967878818511963, 0.4039480686187744, -0.38781726360321045, 0.21585875749588013, -0.21643990278244019, -0.04429365694522858, 0.41900330781936646, 0.677118718624115, -0.12470367550849915, -0.00011567771434783936, 0.4424789845943451, 0.6350858807563782, 0.6472010612487793, -0.6322308778762817, -0.24211326241493225, 0.2269408255815506, 0.475968599319458, -0.521161675453186, -0.43944692611694336, -0.433072566986084, 0.5761117935180664, 0.035995326936244965, 0.4964417815208435, -0.6354497671127319, -0.30639126896858215, -0.29111698269844055, -0.495053768157959, 0.46376165747642517, 0.4739179015159607, 0.7342922687530518, 0.2918126583099365, 0.19272616505622864, 0.399178147315979, -0.007843848317861557, 0.46980154514312744, -0.3363643288612366, -0.5239083766937256, 0.302906334400177, -0.12672968208789825, 0.4345517158508301, 0.631338894367218, -0.15570220351219177, 0.525208592414856, 0.060524046421051025, -0.6248968243598938, -0.252007395029068, 0.10583183169364929, -0.6551185846328735, 0.7168620824813843, -0.11269634962081909, 0.251679003238678, 0.7879928350448608, -0.6299277544021606, 0.6597246527671814, 0.5636372566223145, 0.46664562821388245, -0.3494676947593689, -0.12212501466274261, -0.05189023166894913, 0.12095746397972107, 0.6793632507324219, 0.28620973229408264, -0.5143073797225952, -0.2586686611175537, 0.5848008394241333, 0.5224830508232117, -0.01971128210425377, -0.43357378244400024, 0.5431604981422424, 0.44131749868392944, 0.7097594141960144, -0.38085877895355225, 0.1508530229330063, 0.5149235725402832, 0.31966811418533325, -0.2905813455581665, 0.3734548091888428, -0.35005390644073486, 0.571759819984436, -0.10969787836074829, -0.25529125332832336, -0.08581250160932541, -0.5138181447982788, 0.7232679128646851, -0.0383804515004158, -0.04563708230853081, 0.11030641198158264, 0.7390528321266174, 0.0256178081035614, 0.22245624661445618, -0.3492929935455322, -0.17200696468353271, -0.1936289519071579, 0.7200077772140503, -0.5309481620788574, 0.5005156993865967, -0.04365311563014984, 0.313737690448761, 0.507109522819519, 0.6610254049301147, 0.6442039608955383, 0.5728564262390137, 0.5164768695831299, -0.49895113706588745, -0.24383436143398285, 0.33602064847946167, 0.3519792854785919, 0.1317809522151947, -0.5043289661407471, 0.05853816121816635, 0.2720213830471039, 0.6613625288009644, -0.18691903352737427, 0.3095209002494812, 0.01341572031378746, 0.21646657586097717, 0.693107008934021, 0.08244618773460388, -0.19202250242233276, -0.6086660623550415, -0.5155823230743408, 0.600202739238739, 0.43809881806373596, -0.35127341747283936, -0.2646443247795105, -0.2692413330078125, 0.5087745189666748, -0.3228551745414734, 0.12306137382984161, 0.11967290937900543, -0.49758267402648926, 0.3904799520969391, -0.28014692664146423, -0.34870707988739014, 0.5630354881286621, -0.05852454900741577, 0.10181097686290741, 0.6407828330993652, 0.10333988815546036, -0.33207690715789795, -0.3534371256828308, -0.3519245386123657, 0.6156110763549805, 0.45744746923446655, 0.23742766678333282, -0.47078031301498413, -0.4902529716491699, -0.3103228807449341, -0.4196035861968994, -0.2660691440105438, 0.5858049392700195, -0.4392487406730652, 0.6807820796966553, 0.6660270690917969, -0.36652785539627075, -0.5311696529388428, 0.15787920355796814, 0.6325733661651611, -0.4324248433113098, -0.11013901233673096, 0.6011227369308472, -0.5424214601516724, 0.8103271722793579, 0.5631030797958374, -0.4541199207305908, 0.6727707386016846, 0.5408909916877747, -0.5513646602630615, 0.20381003618240356, 0.6271122694015503, 0.716292679309845, 0.4811471700668335, 0.6294390559196472, -0.17104363441467285, -0.44838494062423706, -0.012693643569946289, -0.17287537455558777, -0.3441542088985443, 0.504381537437439, -0.42200517654418945, -0.32289355993270874, 0.6731847524642944, -0.4530830979347229, -0.4800114631652832, 0.3412429094314575, 0.3379712700843811, -0.43520820140838623, -0.31753435730934143, 0.561504602432251, -0.34434637427330017, 0.5964070558547974, -0.4355682134628296, -0.5534298419952393, -0.42759162187576294, 0.30385494232177734, -0.6311526894569397, -0.4890175759792328, -0.19808842241764069, 0.441223680973053, 0.196647047996521, -0.5197712182998657, -0.20704832673072815, 0.7925814986228943, 0.02969963103532791, -0.37107545137405396, 0.3837083876132965, 0.4763558506965637, 0.32190439105033875, 0.5573867559432983, 0.13454224169254303, -0.08941846340894699, -0.03275613486766815, -0.4148445725440979, -0.4416195750236511, 0.30675429105758667, 0.2964971959590912, 0.2542420029640198, 0.6781362891197205, -0.3402175307273865, 0.3813145160675049, 0.17890772223472595, 0.724835216999054, 0.3668102025985718, 0.6139948964118958, 0.32981061935424805, 0.13014602661132812, 0.6398526430130005, 0.1272698938846588, 0.6373765468597412, 0.6995656490325928, 0.5485529899597168, -0.0044450052082538605, 0.15785324573516846, 0.48945891857147217, -0.145489901304245, -0.2787752151489258, 0.5454058051109314, -0.23739854991436005, 0.7667937278747559, 0.14817580580711365, 0.47623345255851746, -0.0917186439037323, 0.3015538454055786, 0.615746259689331, 0.5700272917747498, 0.025269344449043274, 0.5262828469276428, 0.5928201675415039, -0.3801818788051605, 0.16166351735591888, 0.3974192440509796, 0.4390003979206085, -0.17602099478244781, -0.0705474391579628, 0.4034007787704468, 0.5555421710014343, -0.4025386869907379, 0.5453593134880066, 0.44507765769958496, 0.2680968642234802, -0.09630522131919861, -0.4599863290786743, 0.5248332619667053, -0.35748884081840515, 0.5587441921234131, 0.42268961668014526, 0.6988568902015686, 0.5150280594825745, 0.1936299353837967, 0.1412639617919922, 0.3341662287712097, 0.28516775369644165, 0.6042037010192871, 0.7442705035209656, 0.7177226543426514, 0.44492918252944946, 0.2134421169757843, -0.6439725160598755, 0.29031112790107727, 0.48465099930763245, 0.6119685173034668, 0.48745280504226685, 0.52156662940979, -0.4637342691421509, 0.4569050371646881, 0.47267457842826843, 0.6455216407775879, -0.3934863209724426, -0.6304351091384888, -0.5478028059005737, 0.5296756625175476, 0.8044730424880981, 0.15218204259872437, -0.26319217681884766, 0.6129384636878967, 0.5683658123016357, 0.643750786781311, -0.2831853926181793, 0.6243728399276733, 0.7234379649162292, -0.19277262687683105, -0.1919708251953125, 0.3075951933860779, 0.4430462718009949, 0.26206398010253906, 0.655945897102356, 0.7338162064552307, 0.17854607105255127, 0.01170910894870758, 0.38258612155914307, 0.29526931047439575, 0.5409237742424011, 0.5952842235565186, 0.5978943705558777, 0.7308065891265869, 0.11860740184783936, 0.48138344287872314, -0.2309257984161377, 0.14825883507728577, 0.7772713303565979, 0.46775659918785095, 0.5656930804252625, 0.7361766695976257, 0.7181704044342041, -0.2113390564918518, 0.4433645009994507, 0.7177770137786865, -0.49371010065078735, 0.619173526763916, -0.7066870331764221, 0.14864963293075562, 0.4936988949775696, 0.19306477904319763, -0.4812091290950775, -0.30074211955070496, 0.32513776421546936, 0.6008678674697876, -0.23390716314315796, -0.2909105122089386, 0.4219000041484833, 0.7741314768791199, 0.35128253698349, -0.38046199083328247, 0.4810578525066376, 0.37236085534095764, 0.21884368360042572, 0.18143019080162048, 0.49364349246025085, 0.7021252512931824, -0.11856392025947571, -0.14318890869617462, 0.5049664378166199, 0.7841227054595947, -0.4636000990867615, 0.4832521975040436, 0.5552049875259399, -0.4567909836769104, 0.30516934394836426, 0.5923120975494385, -0.16893647611141205, 0.44445720314979553, 0.5974984169006348, 0.2898575961589813, -0.5710853338241577, 0.5493280291557312, 0.0022752592340111732, -0.2857867479324341, 0.5069388151168823, 0.5701550841331482, 0.7197163105010986, 0.5681546926498413, 0.4746285676956177, 0.4313710033893585, 0.13917171955108643, 0.05657793581485748, 0.5069369673728943, 0.023198794573545456, 0.685092568397522, -0.1482912003993988, -0.34711700677871704, 0.5001365542411804, 0.1985354870557785, 0.17866043746471405, -0.008765824139118195, -0.37194812297821045, 0.08008752763271332, 0.426666259765625, 0.3969883918762207, 0.7221478819847107, -0.07691945880651474, 0.47903865575790405, 0.1454814076423645, 0.3140622675418854, -0.22630542516708374, 0.5440439581871033, -0.023042354732751846, 0.5751644372940063, 0.15457585453987122, -0.5449967980384827, 0.5471658706665039, 0.35209956765174866, -0.3136259913444519, 0.5796384811401367, 0.5301326513290405, 0.5256150364875793, 0.4529598653316498, 0.5072782039642334, 0.1510501354932785, 0.01057090051472187, 0.4215027093887329, 0.2821008861064911, -0.24636369943618774, -0.30121761560440063, 0.7331644296646118, 0.04255378246307373, -0.5990219712257385, -0.4506641626358032, 0.16711650788784027, 0.5661447048187256, 0.31709998846054077, -0.07554346323013306, -0.12249898165464401, 0.5225136280059814, 0.09368444979190826, 0.5765768885612488, 0.4771775007247925, -0.1967053860425949, 0.5215402245521545, -0.08096934854984283, 0.6933557987213135, -0.5365353226661682, -0.22620970010757446, 0.18798355758190155, 0.2565937638282776, 0.5501550436019897, 0.6732805371284485, -0.06063699722290039, -0.3400169014930725, 0.6466659307479858, -0.010313361883163452, -0.1201033741235733, 0.2619965076446533, 0.4970088005065918, 0.515095591545105, 0.5914143919944763, -0.465109646320343, -0.38454359769821167, -0.2098717987537384, 0.6268417239189148, 0.47498342394828796, -0.4114435911178589, -0.6026738882064819, 0.5322134494781494, 0.42372095584869385, -0.24067085981369019, -0.012697950005531311, 0.5513882637023926, 0.7162774801254272, -0.44401365518569946, -0.2347976714372635, 0.008123163133859634, -0.5315290689468384, 0.6244454383850098, 0.4290114939212799, 0.4779171347618103, -0.02861987054347992, 0.5279072523117065, 0.6217746138572693, -0.5826307535171509, 0.4428812861442566, -0.32251638174057007, -0.25287556648254395, -0.17988340556621552, 0.5297392010688782, 0.15350660681724548, 0.4446963667869568, 0.2233363389968872, -0.4955627918243408, -0.3721664547920227, -0.12587586045265198, 0.2916768193244934, -0.6241562962532043, 0.3312629461288452, 0.8152638673782349, 0.6642491817474365, 0.3684452176094055, -0.46472519636154175, 0.6129336953163147, 0.06719093769788742, 0.6405382752418518, 0.730347752571106, 0.5321156978607178, -0.0619838684797287, 0.5919444561004639, 0.593019425868988, -0.29304736852645874, 0.32441961765289307, 0.7826531529426575, 0.21342407166957855, 0.5141845941543579, 0.3033733367919922, -0.5747807025909424, 0.601161777973175, -0.4258378744125366, -0.21232962608337402, -0.36389127373695374, 0.5935373306274414, 0.47170427441596985, 0.1165459007024765, 0.35982662439346313, 0.5969070792198181, 0.5954040288925171, 0.08943574130535126, 0.5817610025405884, 0.7276197671890259, -0.37047314643859863, 0.23328068852424622, 0.07866626977920532, -0.3494170606136322, -0.05137162655591965, 0.4705742597579956, 0.523872971534729, 0.5744733214378357, 0.5069511532783508, 0.5716778635978699, 0.6313727498054504, -0.05314019322395325, 0.5113926529884338, -0.3603018522262573, 0.658798098564148, 0.615045964717865, -0.2802712917327881, 0.7417221069335938, 0.6470454931259155, -0.5966947674751282, 0.2095431685447693, -0.6216873526573181, 0.5324949026107788, 0.38285109400749207, 0.5473410487174988, 0.6789113283157349, -0.47369396686553955, 0.39708375930786133, 0.35843539237976074, -0.5395757555961609, -0.30244380235671997, -0.33833473920822144, -0.2941071689128876, -0.32580479979515076, -0.3433426022529602, 0.4232068657875061, 0.3562139868736267, 0.5746134519577026, 0.5357348322868347, -0.5603204369544983, -0.5180703401565552, 0.40371984243392944, 0.6480320692062378, 0.6564525365829468, -0.3930257558822632, -0.4649481773376465, 0.39603912830352783, 0.6984606981277466, 0.7026369571685791, -0.179633229970932, 0.1101432666182518, 0.054304156452417374, 0.5737402439117432, -0.33263635635375977, -0.40115511417388916, -0.3803774118423462, 0.5848761796951294, 0.47566449642181396, 0.39582401514053345, -0.4072268307209015, -0.37507110834121704, -0.6050383448600769, -0.6614481210708618, 0.4787762761116028, -0.05337138473987579, 0.20924396812915802, 0.10906772315502167, 0.49568304419517517, 0.752162516117096, -0.4335007071495056, 0.43066340684890747, -0.26462218165397644, 0.747641921043396, 0.21245735883712769, 0.6725414991378784, 0.04774801805615425, -0.2714571952819824, -0.017002709209918976, 0.6805301308631897, 0.6979863047599792, -0.4308204650878906, -0.7200691103935242, 0.5068366527557373, 0.575613796710968, 0.07769569754600525, 0.009907793253660202, -0.37563735246658325, 0.3405216336250305, 0.443781316280365, 0.06313103437423706, 0.6755863428115845, 0.31274646520614624, -0.41912543773651123, -0.3377166986465454, 0.25481921434402466, -0.14243514835834503, -0.2001800388097763, 0.551010251045227, -0.041495658457279205, -0.23991557955741882, 0.174879252910614, 0.07020705193281174, 0.61231529712677, 0.7823386788368225, 0.4734566807746887, -0.6079993844032288, 0.060140885412693024, -0.17213428020477295, 0.19834044575691223, 0.5368822813034058, 0.4041405916213989, 0.41827690601348877, 0.18385910987854004, -0.6103663444519043, -0.09048141539096832, 0.4349549412727356, -0.21733734011650085, -0.38366568088531494, 0.6582103967666626, 0.5222810506820679, 0.5910102128982544, -0.155342236161232, 0.44948649406433105, 0.41856616735458374, 0.3666236400604248, 0.5576238036155701, -0.16414736211299896, -0.25154444575309753, -0.709735095500946, 0.6598093509674072, 0.06595572829246521, 0.4313594102859497, -0.4831739068031311, 0.39927977323532104, 0.10652226954698563, 0.3648330867290497, 0.42422980070114136, 0.5219773054122925, 0.0009243413805961609, 0.5697494745254517, 0.38833773136138916, 0.2868776023387909, 0.6569833755493164, 0.6397275924682617, 0.4221090078353882, 0.2040719985961914, 0.4610438346862793, 0.4225793778896332, 0.1497335433959961, -0.3030290901660919, 0.5719629526138306, 0.49601754546165466, 0.5744560956954956, 0.545130729675293, 0.2969006896018982, 0.6086597442626953, 0.4710827171802521, -0.43475911021232605, 0.38800889253616333, 0.3657923936843872, 0.41161420941352844, -0.3421492874622345, 0.6543440818786621, 0.03326311707496643, 0.35054779052734375, 0.6198360323905945, 0.09646250307559967, 0.4350115656852722, 0.14583250880241394, 0.32778072357177734, 0.5658469796180725, 0.07313942164182663, -0.3309806287288666, -0.3810058534145355, 0.672637939453125, -0.2316269725561142, -0.30833107233047485, 0.05657769739627838, 0.2958606779575348, 0.5742014646530151, 0.6733027696609497, 0.2318909615278244, -0.361820250749588, -0.04899568855762482, 0.6339041590690613, -0.5860739946365356, -0.4854673147201538, 0.24705377221107483, 0.6718299984931946, -0.03916841745376587, -0.5694803595542908, 0.6427619457244873, 0.06066100299358368, 0.5007819533348083, 0.3775462508201599, 0.15175938606262207, 0.38372576236724854, -0.32673537731170654, 0.21550258994102478, -0.027303412556648254, 0.6863623857498169, 0.5514334440231323, 0.03974093496799469, 0.16720816493034363, 0.6161457300186157, 0.5882211923599243, 0.501984715461731, 0.4387407898902893, 0.5044727921485901, -0.49477967619895935, 0.26193952560424805, 0.18134169280529022, 0.6495438814163208, -0.23364394903182983, -0.3498271703720093, -0.4353668987751007, 0.35474297404289246, 0.7154690027236938, 0.2817101776599884, 0.5612032413482666, 0.6353253722190857, 0.39035695791244507, -0.4749830365180969, -0.6270766258239746, 0.05325223505496979, 0.6336051225662231, 0.5940291881561279, -0.6271517276763916, -0.3533323109149933, -0.1282767355442047, 0.2751888632774353, 0.2267840951681137, 0.5740197896957397, 0.33251050114631653, 0.5821483135223389, -0.2418159544467926, 0.259235143661499, 0.32831043004989624, -0.5636721253395081, -0.48613807559013367, 0.2797771096229553, 0.5277155637741089, -0.5184284448623657, 0.10761231929063797, 0.0632992833852768, -0.4198775291442871, 0.5606690049171448, -0.0942462608218193, 0.7779221534729004, 0.2429613620042801, 0.1612553596496582, 0.07957326620817184, -0.3929285407066345, 0.11748738586902618, 0.21225886046886444, 0.624204158782959, -0.5765798091888428, -0.5584648847579956, 0.10914987325668335, 0.36606621742248535, -0.3121027946472168, 0.04369435831904411, -0.6018680334091187, 0.6426441669464111, 0.12555570900440216, 0.4415048360824585, -0.5417712926864624, 0.21909749507904053, 0.6037045121192932, 0.472625732421875, -0.5699930191040039, 0.8233329653739929, 0.5202401876449585, -0.6448668241500854, 0.5302191972732544, 0.439819872379303, -0.1988472193479538, 0.5271722078323364, -0.3474792242050171, 0.43369656801223755, 0.5716251134872437, 0.6775371432304382, 0.020502515137195587, 0.636827290058136, 0.51365065574646, 0.49059054255485535, 0.5541949272155762, 0.6060036420822144, 0.5139521360397339, 0.49620670080184937, 0.6358625292778015, -0.2911500334739685, 0.4214816093444824, 0.21074995398521423, 0.17448286712169647, 0.30461353063583374, -0.4180453419685364, 0.5045050978660583, 0.22509992122650146, 0.4063221216201782, 0.3741527497768402, 0.39765211939811707, 0.5854017734527588, 0.339385449886322, -0.5624452233314514, 0.6599113941192627, 0.5344852209091187, -0.3564807176589966, 0.3604275584220886, 0.38954609632492065, 0.03256438672542572, -0.2697714567184448, 0.5207291841506958, -0.050637487322092056, 0.3403887152671814, 0.3765459656715393, 0.2743522524833679, 0.31766337156295776, 0.5635125637054443, 0.2792001962661743, 0.5464015603065491, 0.6476658582687378, -0.48836028575897217, 0.5391013026237488, 0.5940331220626831, 0.5652554035186768, -0.5266623497009277, -0.26301059126853943, 0.6848270893096924, 0.777477502822876, -0.3068900406360626, 0.3416140079498291, 0.5243669152259827, -0.7592951059341431, -0.5322604179382324, 0.7902699708938599, 0.6522573232650757, 0.4936486482620239, -0.006233289837837219, -0.0756598711013794, -0.22027571499347687, -0.5056605935096741, -0.5075010061264038, 0.055897608399391174, 0.5777029991149902, -0.35024493932724, -0.1092739999294281, -0.6315270662307739, 0.7508121728897095, 0.2491234838962555, 0.14879852533340454, 0.25849926471710205, 0.45347368717193604, 0.6348955035209656, 0.4807978570461273, -0.3319052755832672, 0.5700205564498901, -0.5572282671928406, 0.3473285436630249, 0.691841721534729, -0.17234952747821808, 0.0485047921538353, 0.7261227965354919, 0.08555105328559875, 0.5750646591186523, 0.7594106197357178, 0.2928454875946045, 0.6467291116714478, -0.4647789001464844, 0.3657521605491638, -0.5685245990753174, -0.722391664981842, -0.05344190448522568, 0.7907742261886597, 0.25432834029197693, -0.5442819595336914, 0.35279470682144165, 0.29827880859375, 0.3936421275138855, 0.5422419309616089, -0.444657564163208, 0.20113921165466309, -0.38118040561676025, 0.6562631130218506, 0.5142576098442078, 0.39783090353012085, 0.5392259359359741, 0.21270343661308289, -0.3277958631515503, -0.48760250210762024, 0.42905378341674805, 0.02616998925805092, 0.2173212468624115, 0.4169532358646393, 0.17449362576007843, 0.4840066134929657, 0.0768621414899826, 0.29276058077812195, 0.5509630441665649, 0.629019021987915, 0.4426138401031494, 0.5711055994033813, 0.640394926071167, 0.28480371832847595, -0.35344529151916504, -0.5076114535331726, -0.16028626263141632, 0.5733788013458252, 0.5204635262489319, -0.1847585141658783, -0.2838630676269531, 0.5751785635948181, 0.08000074326992035, 0.44479483366012573, 0.25517016649246216, 0.18306660652160645, -0.553516149520874, 0.5756221413612366, 0.6580541133880615, 0.6287559270858765, 0.7389808297157288, 0.6673460006713867, 0.5824112892150879, 0.6927226185798645, 0.7425292134284973, 0.6081552505493164, -0.5303014516830444, 0.6849632263183594, 0.41008007526397705, 0.5789840817451477, -0.118875652551651, 0.6150753498077393, -0.1706148386001587, 0.4677754044532776, -0.34545570611953735, -0.214215487241745, 0.4827781915664673, 0.5185773968696594, 0.609343409538269, 0.02659357711672783, 0.31653445959091187, 0.3215296268463135, 0.5790999531745911, 0.10597214102745056, 0.629206657409668, 0.1807917058467865, 0.6397625207901001, 0.5063985586166382, 0.38254010677337646, 0.10482591390609741, -0.5961880683898926, 0.6333627700805664, -0.18694692850112915, -0.048436976969242096, -0.48522117733955383, 0.38924720883369446, 0.5627473592758179, 0.6492419242858887, 0.8127461075782776, -0.02486167848110199, -0.227277010679245, -0.46255505084991455, -0.1805085688829422, 0.4373871684074402, 0.6589025259017944, 0.3037698566913605, 0.3306396007537842, -0.01581273227930069, 0.49187731742858887, 0.11783700436353683, 0.5695624351501465, -0.33006930351257324, 0.6003696918487549, 0.7817496061325073, -0.009963834658265114, 0.003214772790670395, 0.674956738948822, -0.2442227154970169, 0.15776750445365906, -0.5427865386009216, 0.5512434840202332, 0.3340204954147339, 0.3057892918586731, 0.005292742513120174, -0.5040459036827087, 0.5740048289299011, 0.08519259095191956, -0.5617262125015259, 0.6082825660705566, -0.0784972757101059, -0.638563871383667, 0.18133948743343353, 0.5537706017494202, 0.487481027841568, 0.5961219072341919, 0.5409680604934692, 0.30708587169647217, 0.4212770462036133, 0.22230806946754456, 0.6769176125526428, 0.5688595771789551, -0.17051300406455994, -0.06301631033420563, -0.5097871422767639, 0.6373412609100342, 0.2109411358833313, 0.7336239218711853, -0.05403134971857071, 0.5720490217208862, 0.3429397940635681, 0.5547382235527039, 0.6870737075805664, 0.5524725914001465, -0.6174606084823608, -0.05052343010902405, 0.12522843480110168, -0.2860468626022339, 0.5569580793380737, -0.36291539669036865, 0.6971088647842407, 0.30599188804626465, -0.30121785402297974, 0.29706552624702454, 0.04390463978052139, 0.4655567407608032, 0.14707452058792114, 0.16646189987659454, 0.2333316206932068, -0.5769875645637512, -0.35313841700553894, 0.016254086047410965, -0.42368972301483154, -0.35492217540740967, -0.49106258153915405, -0.48771539330482483, -0.08410720527172089, 0.6865488886833191, 0.6542837619781494, -0.07730686664581299, 0.04164410009980202, -0.6585602760314941, -0.29180675745010376, -0.5030548572540283, 0.6007150411605835, -0.406206339597702, -0.11146283149719238, 0.3051936626434326, -0.5671286582946777, 0.36184805631637573, 0.433077871799469, 0.7039056420326233, 0.6753312349319458, 0.5265421867370605, 0.03749699145555496, -0.46221795678138733, 0.5584656596183777, -0.47255241870880127, 0.7368408441543579, 0.4923834800720215, -0.3766980767250061, 0.2549799680709839, 0.10257454216480255, -0.31203585863113403, -0.3569839596748352, -0.32411032915115356, -0.21822550892829895, 0.7627607583999634, 0.6963125467300415, 0.5787203311920166, -0.015315160155296326, 0.7309768795967102, -0.27205637097358704, 0.28723686933517456, 0.6546550989151001, 0.14083757996559143, 0.14904338121414185, -0.0048193857073783875, -0.14331382513046265, 0.5011472105979919, 0.31305092573165894, 0.287198543548584, 0.7104986906051636, 0.4365197420120239, 0.032024964690208435, 0.6857743263244629, -0.2734270691871643, -0.4161233603954315, 0.0958990752696991, 0.5119483470916748, 0.08677778393030167, -0.6441037654876709, 0.5820481181144714, 0.6398236751556396, -0.32094573974609375, 0.5381309986114502, -0.6052085757255554, -0.5391007661819458, -0.3447733521461487, -0.5737012624740601, -0.2161712646484375, 0.4777870774269104, 0.14520800113677979, 0.37661832571029663, -0.43271151185035706, 0.6019973754882812, 0.5821704864501953, -0.31758230924606323, 0.464234322309494, -0.1849401444196701, -0.5775869488716125, 0.45456942915916443, 0.6190115213394165, 0.5197123289108276, 0.6320875287055969, 0.48631179332733154, -0.35005274415016174, -0.48706796765327454, 0.30771419405937195, -0.5031114220619202, 0.6161712408065796, -0.5223297476768494, 0.3615446090698242, -0.41344189643859863, -0.024732783436775208, 0.13992145657539368, 0.5910182595252991, 0.3022737205028534, -0.0351460799574852, -0.17076680064201355, 0.6471144556999207, 0.48389914631843567, 0.038211461156606674, 0.513140082359314, 0.6392295360565186, 0.6725035905838013, 0.5792380571365356, 0.42663177847862244, 0.17410415410995483, -0.6672381162643433, 0.4710546135902405, 0.07672131061553955, -0.42115122079849243, -0.2557730972766876, 0.15665806829929352, -0.3194763660430908, -0.5438262224197388, 0.2842855155467987, 0.3062315285205841, 0.4384174644947052, 0.5519057512283325, 0.2342168092727661, 0.08754852414131165, -0.5133122205734253, -0.4217260479927063, 0.022331472486257553, -0.12853030860424042, 0.5066152811050415, -0.4465814530849457, 0.4876232445240021, 0.6762841939926147, 0.7264341115951538, -0.08389436453580856, 0.5514758825302124, 0.6206807494163513, 0.0493178516626358, 0.4859013557434082, -0.3169700801372528, 0.3193073868751526, -0.03250414878129959, 0.09965286403894424, 0.591659665107727, 0.5795300006866455, -0.4357008934020996, -0.3127237558364868, 0.10524098575115204, -0.07802785933017731, 0.23920771479606628, 0.5568171739578247, 0.4221339821815491, -0.15512444078922272, -0.3343384265899658, -0.5397771596908569, 0.6794478893280029, 0.31203630566596985, 0.6103376150131226, -0.09105447679758072, 0.08421209454536438, -0.018626227974891663, -0.3368135094642639, 0.5465303659439087, -0.47473809123039246, 0.3748053312301636, 0.517127513885498, 0.14234742522239685, -0.5038043856620789, 0.2664009928703308, -0.6287341713905334, 0.23688441514968872, -0.394344687461853, -0.28075969219207764, 0.5778480768203735, 0.7261183261871338, 0.2117089033126831, 0.22412517666816711, -0.31008249521255493, -0.15927371382713318, 0.2530277967453003, 0.6622540354728699, 0.7222761511802673, 0.38024628162384033, 0.7002388834953308, -0.3102671205997467, 0.3630450963973999, 0.38042569160461426, 0.6392709612846375, 0.5537494421005249, -0.23969584703445435, -0.4731460213661194, -0.48676636815071106, 0.18048858642578125, 0.056745268404483795, 0.6948350071907043, 0.05344773828983307, 0.6066747307777405, 0.5787924528121948, 0.3277004361152649, -0.4843674302101135, 0.6375908255577087, 0.3209945559501648, -0.430878221988678, -0.38028088212013245, 0.19486817717552185, 0.06643205881118774, 0.1415913701057434, -0.5604810118675232, 0.6003189086914062, -0.30269503593444824, -0.5273078680038452, -0.02805664762854576, 0.09803684800863266, -0.2506789267063141, -0.060237348079681396, 0.6283931732177734, 0.4352189898490906, 0.49357879161834717, -0.527195155620575, -0.17792373895645142, 0.4628251791000366, -0.432624876499176, 0.5141942501068115, 0.671245813369751, 0.35730957984924316, -0.0873754695057869, -0.5270566344261169, -0.21324284374713898, 0.7893571257591248, 0.04134366661310196, 0.4975181221961975, 0.7787996530532837, 0.07278625667095184, -0.4978242814540863, 0.6595026850700378, -0.4954526424407959, 0.6565293073654175, 0.4076123535633087, -0.5690577030181885, 0.5973933935165405, 0.716998815536499, 0.5940016508102417, 0.11742936819791794, 0.022282399237155914, 0.477131724357605, 0.11785811930894852, 0.6753954291343689, 0.5605698823928833, 0.03678854554891586, 0.8063623905181885, 0.44742125272750854, -0.5604952573776245, 0.330270916223526, 0.1659385859966278, 0.5679925680160522, -0.017004389315843582, 0.4323349595069885, 0.006363764405250549, 0.22155457735061646, 0.53764808177948, 0.4453369379043579, -0.22856417298316956, -0.11236557364463806, 0.2807424068450928, 0.26270824670791626, 0.5451302528381348, 0.5565726161003113, 0.6926192045211792, 0.1494661569595337, 0.3940821588039398, 0.5040253400802612]
