sample name: ['Cc1ccc(CCNC(=O)NCCc2csc(N3CCCC3)n2)c(C)c1']
atom_index,distance,cosine_similarity
0,-1.583642578125,0.15401299770455806
1,-0.879608154296875,0.09134741120040417
2,1.299251708984375,-0.10945195458829403
3,0.056087646484375,0.061961653139442206
4,0.04995361328125,-0.013274095356464385
5,1.0947900390625,-0.07676144532859325
6,-0.786168212890625,0.06936126871034504
7,-0.35329345703125,-0.0076682791858911515
8,-0.47472900390625,0.05303419735282659
9,-1.77529052734375,0.14295773174613713
10,1.092998046875,-0.09755828205496073
11,-0.57354736328125,0.07622460382059217
12,-0.091861572265625,0.05110389718785882
13,-0.195078125,0.014428869225084781
14,-0.358800048828125,0.033788068201392886
15,-0.912730712890625,0.07745494406670332
16,-0.17658203125,0.04019378043711185
17,-2.585736083984375,0.2101799925416708

Sum of phi values for distance
-7.15398681640625
Sum of phi values for cosine similarity
0.7713353588199243
Average distance random samples:
16.332540225717757
Average cosine similarity random samples:
0.0643452410146387
Distances random samples
[12.94129753112793, 19.31173324584961, 11.290492057800293, 21.27919578552246, 14.631987571716309, 16.125022888183594, 15.053979873657227, 14.360257148742676, 15.496109008789062, 19.257999420166016, 20.356292724609375, 18.837953567504883, 22.185365676879883, 10.737616539001465, 19.533540725708008, 15.433128356933594, 20.188371658325195, 17.04399871826172, 13.077754020690918, 18.17713737487793, 23.041492462158203, 8.786041259765625, 11.308250427246094, 10.937487602233887, 9.874869346618652, 12.233891487121582, 11.200590133666992, 10.481515884399414, 20.455610275268555, 13.282567977905273, 11.969765663146973, 18.661367416381836, 14.664904594421387, 14.875410079956055, 16.11305809020996, 11.28589916229248, 20.997568130493164, 17.858612060546875, 13.384210586547852, 15.268144607543945, 24.331541061401367, 19.434049606323242, 19.785722732543945, 24.122163772583008, 17.041587829589844, 14.288865089416504, 22.42593765258789, 10.823875427246094, 10.770500183105469, 16.492338180541992, 9.402063369750977, 16.969287872314453, 14.778210639953613, 16.902780532836914, 11.11966323852539, 19.261215209960938, 10.954842567443848, 19.347631454467773, 16.695178985595703, 9.87858772277832, 15.115015029907227, 18.572921752929688, 18.931089401245117, 10.698304176330566, 16.965435028076172, 17.950199127197266, 19.519704818725586, 11.077107429504395, 22.58611297607422, 16.600488662719727, 13.802258491516113, 10.245174407958984, 11.082021713256836, 24.431594848632812, 11.109143257141113, 17.58701515197754, 16.270320892333984, 22.772449493408203, 10.148056030273438, 16.710678100585938, 12.373807907104492, 21.29253387451172, 13.365867614746094, 10.364792823791504, 16.981719970703125, 25.214162826538086, 20.603412628173828, 18.028284072875977, 13.899943351745605, 21.06541633605957, 13.21532917022705, 17.969331741333008, 11.510688781738281, 11.557613372802734, 15.445530891418457, 10.199904441833496, 25.523454666137695, 15.232629776000977, 11.956496238708496, 11.950093269348145, 15.313008308410645, 22.086347579956055, 25.782102584838867, 15.414698600769043, 23.472686767578125, 18.04622459411621, 11.807856559753418, 19.984302520751953, 12.235196113586426, 18.816225051879883, 21.650999069213867, 11.43873405456543, 21.16634178161621, 21.658443450927734, 23.212505340576172, 16.8305721282959, 11.069929122924805, 19.89540672302246, 20.273691177368164, 16.038759231567383, 12.845901489257812, 11.137279510498047, 15.554317474365234, 19.67009162902832, 18.220483779907227, 22.1867733001709, 23.75139617919922, 19.13525390625, 11.901652336120605, 23.028188705444336, 11.514945030212402, 19.865699768066406, 10.585633277893066, 15.366101264953613, 13.48873519897461, 9.443229675292969, 14.512493133544922, 23.435317993164062, 21.492937088012695, 19.751445770263672, 22.796356201171875, 11.826752662658691, 17.6348819732666, 10.210144996643066, 21.825162887573242, 16.717010498046875, 16.28548812866211, 23.0521183013916, 20.49359130859375, 12.814654350280762, 9.35201644897461, 20.527143478393555, 20.506784439086914, 12.650508880615234, 20.8653564453125, 21.60848617553711, 19.59917449951172, 21.045970916748047, 17.920040130615234, 13.674846649169922, 20.71930503845215, 18.33843421936035, 13.05135440826416, 10.7706937789917, 12.598186492919922, 21.58254051208496, 10.612326622009277, 21.219552993774414, 12.093337059020996, 22.579965591430664, 16.405946731567383, 12.56930923461914, 11.961244583129883, 13.563398361206055, 18.376480102539062, 9.8162841796875, 21.937084197998047, 9.811928749084473, 13.082632064819336, 15.178279876708984, 15.168655395507812, 13.083351135253906, 17.87864112854004, 17.022098541259766, 21.70215606689453, 10.02556037902832, 10.6929349899292, 20.015352249145508, 24.653995513916016, 21.813302993774414, 8.236668586730957, 12.049604415893555, 19.416410446166992, 16.254409790039062, 13.14448070526123, 19.693864822387695, 11.604289054870605, 16.045438766479492, 8.923768997192383, 21.603757858276367, 22.23074722290039, 10.494873046875, 14.164535522460938, 10.489975929260254, 13.881247520446777, 21.403867721557617, 10.701796531677246, 22.280364990234375, 14.942151069641113, 10.728471755981445, 13.955413818359375, 18.456382751464844, 12.981639862060547, 14.172595024108887, 11.861196517944336, 9.423063278198242, 14.642374038696289, 11.841292381286621, 18.679231643676758, 7.693334102630615, 54.790855407714844, 11.563929557800293, 11.719301223754883, 21.073734283447266, 11.213691711425781, 23.003189086914062, 18.877361297607422, 11.348064422607422, 14.984685897827148, 11.06214714050293, 14.073797225952148, 21.536012649536133, 13.323864936828613, 19.124814987182617, 14.00292682647705, 12.819713592529297, 11.28956413269043, 10.243026733398438, 11.966645240783691, 12.404650688171387, 12.172992706298828, 8.070738792419434, 22.056976318359375, 9.562135696411133, 12.142407417297363, 12.239534378051758, 14.867777824401855, 17.10284996032715, 15.703292846679688, 10.146942138671875, 9.198080062866211, 9.445547103881836, 10.64967155456543, 10.070144653320312, 11.716429710388184, 12.966962814331055, 16.434484481811523, 12.887395858764648, 11.54903507232666, 11.78518295288086, 10.251203536987305, 9.432117462158203, 10.74242115020752, 18.298648834228516, 10.219069480895996, 10.499957084655762, 16.922077178955078, 21.411699295043945, 10.672784805297852, 11.368021011352539, 13.917359352111816, 23.05524253845215, 22.450275421142578, 19.10576629638672, 15.367378234863281, 11.524580955505371, 18.377981185913086, 12.617071151733398, 9.274873733520508, 11.277464866638184, 17.55194854736328, 9.470853805541992, 22.54743766784668, 13.227377891540527, 18.98515510559082, 7.720343589782715, 13.731436729431152, 10.015754699707031, 11.211784362792969, 12.326177597045898, 15.724481582641602, 17.71297836303711, 19.94049835205078, 15.032550811767578, 13.146080017089844, 8.787812232971191, 9.43548583984375, 13.154017448425293, 20.999372482299805, 19.14723777770996, 13.898422241210938, 11.380990028381348, 23.52657699584961, 18.87348175048828, 13.625319480895996, 17.99120330810547, 19.57737159729004, 10.986355781555176, 19.97081756591797, 13.706782341003418, 9.905587196350098, 9.057098388671875, 21.76943588256836, 22.625490188598633, 14.271435737609863, 21.347522735595703, 23.1151180267334, 23.67833137512207, 14.288533210754395, 9.782552719116211, 14.705825805664062, 21.319589614868164, 18.106679916381836, 9.522730827331543, 18.867589950561523, 10.63221263885498, 23.119739532470703, 21.931100845336914, 18.377758026123047, 11.720141410827637, 14.870872497558594, 18.340240478515625, 16.303768157958984, 11.306845664978027, 11.557400703430176, 14.02370834350586, 12.463905334472656, 16.299226760864258, 16.717283248901367, 11.003637313842773, 15.55735969543457, 18.057323455810547, 18.280311584472656, 10.130583763122559, 14.529489517211914, 19.649810791015625, 22.885988235473633, 15.187562942504883, 10.084175109863281, 13.137068748474121, 14.423746109008789, 12.99808406829834, 16.571962356567383, 13.900800704956055, 19.09662437438965, 13.483882904052734, 15.501932144165039, 18.506805419921875, 8.504193305969238, 14.517629623413086, 12.158270835876465, 22.38618278503418, 22.009069442749023, 10.65898323059082, 15.559321403503418, 16.067935943603516, 14.677708625793457, 10.100617408752441, 12.496145248413086, 14.256470680236816, 16.166656494140625, 23.39972496032715, 13.299245834350586, 19.940542221069336, 15.195460319519043, 21.71527671813965, 11.060483932495117, 24.352676391601562, 20.525083541870117, 22.129480361938477, 10.36092758178711, 12.920589447021484, 18.760574340820312, 18.299013137817383, 16.12090492248535, 21.757658004760742, 10.08531379699707, 22.72197151184082, 14.320577621459961, 21.200883865356445, 8.80530834197998, 20.76869010925293, 13.566733360290527, 9.296504020690918, 22.140043258666992, 14.750492095947266, 18.772886276245117, 25.14101791381836, 23.287586212158203, 15.39486026763916, 9.490689277648926, 19.016569137573242, 14.84011173248291, 21.867258071899414, 15.531009674072266, 10.722821235656738, 21.70885467529297, 12.704374313354492, 19.138824462890625, 12.182108879089355, 19.521400451660156, 23.406583786010742, 11.747027397155762, 20.110715866088867, 20.1886043548584, 13.567893981933594, 21.346174240112305, 19.42987632751465, 18.968318939208984, 11.292952537536621, 14.016974449157715, 10.243196487426758, 19.46854591369629, 11.058439254760742, 18.407663345336914, 22.120893478393555, 22.355470657348633, 24.077360153198242, 9.677582740783691, 19.405872344970703, 10.608110427856445, 13.084957122802734, 12.828119277954102, 18.98281478881836, 9.44487190246582, 19.876224517822266, 17.36135482788086, 18.654399871826172, 16.60700035095215, 14.571537017822266, 14.011710166931152, 19.95231819152832, 20.34834098815918, 10.420196533203125, 12.451589584350586, 20.09921646118164, 12.054792404174805, 12.312032699584961, 16.434736251831055, 15.491673469543457, 12.31992244720459, 21.365421295166016, 11.403997421264648, 11.808475494384766, 15.422440528869629, 14.1649751663208, 18.301326751708984, 18.5267333984375, 21.43001937866211, 17.710878372192383, 16.676374435424805, 23.18807029724121, 17.993362426757812, 23.198223114013672, 22.202035903930664, 15.483809471130371, 16.214216232299805, 25.701528549194336, 15.726922035217285, 9.551656723022461, 18.70417022705078, 16.128610610961914, 22.15973472595215, 20.35884666442871, 12.891754150390625, 13.010964393615723, 17.65569496154785, 20.855920791625977, 19.762601852416992, 21.474491119384766, 23.007549285888672, 10.815003395080566, 15.642250061035156, 18.075054168701172, 13.56381893157959, 12.292057991027832, 17.994497299194336, 8.415329933166504, 15.036745071411133, 14.50337028503418, 22.679197311401367, 12.64950180053711, 10.780020713806152, 20.782875061035156, 19.004657745361328, 12.410171508789062, 23.643049240112305, 22.135643005371094, 15.398427963256836, 19.740869522094727, 19.495527267456055, 11.987525939941406, 22.98944664001465, 10.256264686584473, 21.81843376159668, 9.828314781188965, 11.014431953430176, 10.201420783996582, 21.67171287536621, 19.415233612060547, 9.741366386413574, 21.586057662963867, 13.280556678771973, 16.74700355529785, 16.876262664794922, 12.370087623596191, 10.150036811828613, 11.6294527053833, 10.437921524047852, 11.79738998413086, 22.206022262573242, 9.041218757629395, 12.841692924499512, 20.104637145996094, 22.292930603027344, 19.343856811523438, 23.18035125732422, 14.384387969970703, 10.530320167541504, 11.907405853271484, 20.860572814941406, 10.927519798278809, 11.746418952941895, 10.788897514343262, 11.67918586730957, 20.46717643737793, 23.66488265991211, 15.727049827575684, 22.646425247192383, 16.28529167175293, 21.378934860229492, 20.516437530517578, 18.96849250793457, 16.687942504882812, 20.12906265258789, 22.410606384277344, 17.706253051757812, 19.644882202148438, 14.099995613098145, 16.484006881713867, 20.936281204223633, 18.079099655151367, 19.61015510559082, 21.219724655151367, 20.030723571777344, 25.18807029724121, 21.092159271240234, 19.158226013183594, 20.093149185180664, 11.00036334991455, 12.09482192993164, 24.90024757385254, 10.983744621276855, 25.168834686279297, 12.8448486328125, 16.736948013305664, 23.306549072265625, 18.917390823364258, 22.77935218811035, 11.42739486694336, 16.314130783081055, 10.840874671936035, 19.607919692993164, 13.583868980407715, 9.589369773864746, 21.992774963378906, 11.808526992797852, 21.994670867919922, 15.428929328918457, 20.353578567504883, 14.668562889099121, 22.853208541870117, 21.689407348632812, 16.755207061767578, 9.1177396774292, 12.386628150939941, 21.62864875793457, 16.088607788085938, 17.45499610900879, 16.280929565429688, 13.481942176818848, 13.931294441223145, 16.648239135742188, 7.071074962615967, 25.286333084106445, 21.12737274169922, 19.91105079650879, 12.298730850219727, 19.743165969848633, 25.020118713378906, 24.519792556762695, 20.98872184753418, 15.262642860412598, 20.715404510498047, 21.922754287719727, 11.779648780822754, 10.366286277770996, 22.38880729675293, 17.53388023376465, 22.28809356689453, 13.383659362792969, 10.22352123260498, 19.980398178100586, 21.301698684692383, 10.623781204223633, 9.189149856567383, 19.76285171508789, 13.404889106750488, 10.614253997802734, 10.642535209655762, 11.398179054260254, 13.863080024719238, 16.63170051574707, 20.241140365600586, 14.296222686767578, 15.639545440673828, 10.155106544494629, 12.346877098083496, 17.716388702392578, 13.602874755859375, 19.11717414855957, 10.219650268554688, 20.534015655517578, 9.736099243164062, 8.77894115447998, 20.925010681152344, 15.769079208374023, 16.747859954833984, 20.737661361694336, 18.345460891723633, 11.752277374267578, 21.74888801574707, 18.7893009185791, 15.808428764343262, 9.238139152526855, 13.905461311340332, 14.437135696411133, 10.633365631103516, 13.758650779724121, 22.103649139404297, 21.222497940063477, 14.544557571411133, 14.252156257629395, 11.129436492919922, 18.355283737182617, 20.538665771484375, 8.3839750289917, 12.046883583068848, 19.606740951538086, 19.641357421875, 14.742696762084961, 12.010828018188477, 23.824554443359375, 20.710102081298828, 21.94240379333496, 18.433303833007812, 8.96696662902832, 15.888091087341309, 13.208776473999023, 13.347569465637207, 23.639911651611328, 22.839595794677734, 19.421472549438477, 11.165823936462402, 22.163835525512695, 25.47907257080078, 20.35250473022461, 14.070168495178223, 12.778759002685547, 12.088830947875977, 15.259364128112793, 24.391681671142578, 12.314713478088379, 11.818374633789062, 15.837026596069336, 19.365684509277344, 17.412172317504883, 19.382022857666016, 15.295205116271973, 11.970206260681152, 15.202446937561035, 21.6424503326416, 12.599991798400879, 17.36102867126465, 8.755008697509766, 12.96644401550293, 11.16780948638916, 11.731234550476074, 13.525582313537598, 11.65687370300293, 11.953186988830566, 18.631694793701172, 22.644617080688477, 9.721003532409668, 13.997272491455078, 18.812267303466797, 20.113924026489258, 10.969979286193848, 12.77711009979248, 15.633801460266113, 22.42325782775879, 12.708608627319336, 10.266073226928711, 19.799579620361328, 16.639827728271484, 12.126153945922852, 10.362396240234375, 10.33560848236084, 18.182844161987305, 15.110692977905273, 15.498769760131836, 19.59092140197754, 22.349796295166016, 11.04267692565918, 17.706274032592773, 10.334100723266602, 20.02043342590332, 20.89531898498535, 21.093503952026367, 23.36893081665039, 10.132914543151855, 11.263669967651367, 11.230319023132324, 15.027239799499512, 24.383808135986328, 15.26524829864502, 10.430131912231445, 21.665470123291016, 19.23204803466797, 16.649433135986328, 21.86664581298828, 11.214681625366211, 10.881536483764648, 20.56846046447754, 10.530927658081055, 13.201408386230469, 12.417593955993652, 22.694910049438477, 14.117650032043457, 18.48359489440918, 11.572790145874023, 19.928924560546875, 15.844430923461914, 10.232738494873047, 17.299848556518555, 13.670598983764648, 21.987648010253906, 10.782013893127441, 9.44176959991455, 12.741487503051758, 17.62929916381836, 20.384700775146484, 10.85284423828125, 7.387373447418213, 13.830424308776855, 13.857995986938477, 16.023040771484375, 22.754404067993164, 20.474613189697266, 22.92474365234375, 13.837658882141113, 13.18555736541748, 13.288744926452637, 11.423857688903809, 20.56841278076172, 11.279845237731934, 22.14427947998047, 15.089262008666992, 21.616056442260742, 15.413962364196777, 17.01226234436035, 12.633081436157227, 15.534232139587402, 13.045560836791992, 13.663729667663574, 10.747642517089844, 15.556893348693848, 16.573684692382812, 8.968491554260254, 17.801271438598633, 12.962969779968262, 11.5508451461792, 13.242880821228027, 22.38532066345215, 16.879520416259766, 21.58774185180664, 21.548587799072266, 15.171483039855957, 19.513410568237305, 11.182478904724121, 22.001728057861328, 17.514780044555664, 16.13256072998047, 11.682490348815918, 14.5777587890625, 14.925480842590332, 17.699825286865234, 13.353178024291992, 22.81060218811035, 17.1522274017334, 10.940155029296875, 17.636011123657227, 13.873422622680664, 20.198286056518555, 9.817032814025879, 24.349870681762695, 11.491284370422363, 24.61244010925293, 26.07050132751465, 13.841444969177246, 21.443517684936523, 17.70870590209961, 12.700838088989258, 21.18178939819336, 21.095138549804688, 18.679136276245117, 23.097021102905273, 14.836374282836914, 20.935415267944336, 15.335588455200195, 10.801941871643066, 12.189208030700684, 12.530716896057129, 13.320550918579102, 17.264158248901367, 10.865187644958496, 10.182038307189941, 13.007868766784668, 14.174333572387695, 9.950926780700684, 10.888167381286621, 19.486604690551758, 14.909736633300781, 13.977855682373047, 18.968952178955078, 8.223246574401855, 12.487176895141602, 18.28135108947754, 15.633978843688965, 12.172733306884766, 23.43787956237793, 10.931419372558594, 21.6639404296875, 12.841705322265625, 23.70488929748535, 23.828720092773438, 8.629180908203125, 17.59864616394043, 21.584760665893555, 22.014467239379883, 22.120019912719727, 19.095579147338867, 19.123353958129883, 17.665451049804688, 16.33082389831543, 16.879051208496094, 21.48147964477539, 16.366329193115234, 19.75760269165039, 21.537561416625977, 17.91261100769043, 17.62883758544922, 13.885069847106934, 11.678455352783203, 23.228546142578125, 9.712177276611328, 18.8862361907959, 11.082536697387695, 17.024381637573242, 11.524250030517578, 20.54294776916504, 17.200153350830078, 22.183189392089844, 12.768965721130371, 20.624210357666016, 11.413199424743652, 20.890701293945312, 20.08942413330078, 16.66217041015625, 14.499225616455078, 18.27942657470703, 8.819809913635254, 19.552932739257812, 21.74543571472168, 12.86084270477295, 13.103233337402344, 15.48386287689209, 17.02484703063965, 11.26280689239502, 12.457650184631348, 13.882935523986816, 13.458610534667969, 14.391385078430176, 21.34781837463379, 12.08568000793457, 10.905644416809082, 13.397672653198242, 13.127100944519043, 14.778791427612305, 17.52467155456543, 20.110353469848633, 21.376235961914062, 11.99377155303955, 17.422306060791016, 21.10814094543457, 18.72745132446289, 15.572001457214355, 20.289026260375977, 14.182731628417969, 23.074371337890625, 13.379590034484863, 24.156126022338867, 21.200490951538086, 12.464462280273438, 18.653226852416992, 19.403270721435547, 23.76895523071289, 14.552887916564941, 9.374585151672363, 20.664073944091797, 9.625617980957031, 13.709342002868652, 22.2382755279541, 11.046798706054688, 16.41016960144043, 17.335941314697266, 10.691082000732422, 20.46874237060547, 14.20966911315918, 20.689050674438477, 17.73271369934082, 12.115951538085938, 20.68416976928711, 12.153749465942383, 20.587556838989258, 23.381500244140625, 21.07253646850586, 18.053709030151367, 11.227477073669434, 17.859994888305664, 24.872650146484375, 14.287299156188965, 21.134933471679688, 15.667878150939941, 15.785094261169434, 13.87201976776123, 21.232341766357422, 15.906347274780273, 13.886120796203613, 12.965755462646484, 24.938777923583984, 16.556528091430664, 21.89122772216797, 17.720216751098633, 17.548921585083008, 22.96668815612793, 22.77899169921875, 24.242759704589844, 20.781017303466797, 11.678930282592773, 23.612401962280273, 12.927891731262207, 16.72515106201172, 21.514223098754883, 12.561675071716309, 16.030960083007812, 13.191116333007812, 18.68865394592285, 17.44571876525879, 13.620210647583008, 12.960461616516113, 15.86737060546875, 12.201408386230469, 13.553110122680664, 23.093795776367188, 18.206989288330078, 17.503005981445312, 13.688562393188477, 9.731846809387207, 10.769571304321289, 12.608824729919434, 8.871512413024902, 16.92856216430664, 11.462054252624512, 16.49811363220215, 10.792560577392578, 21.40094566345215, 21.476158142089844, 13.537567138671875, 15.739109992980957, 17.437841415405273, 14.00935173034668, 11.85453987121582, 11.252551078796387, 11.953632354736328, 14.188249588012695, 11.3195161819458, 19.429702758789062, 11.786413192749023, 11.138755798339844, 21.520641326904297, 16.158000946044922, 20.258468627929688, 9.316879272460938, 13.212667465209961, 17.55877685546875, 16.487937927246094, 9.584327697753906, 19.61020851135254, 21.448928833007812, 9.256454467773438, 15.023151397705078, 21.45945930480957, 15.355579376220703, 13.037830352783203, 19.41408348083496, 10.783020973205566, 21.872364044189453, 9.747925758361816, 22.457805633544922, 23.060693740844727, 13.323880195617676, 21.227916717529297, 10.232340812683105, 21.56270408630371, 11.083741188049316, 18.98113250732422, 14.077284812927246, 16.780603408813477, 9.5734281539917, 12.890380859375, 17.79170036315918, 16.81978416442871, 17.215648651123047, 12.21760368347168, 9.9371919631958, 20.812211990356445, 11.400778770446777, 21.004304885864258, 11.40787410736084, 20.536930084228516, 10.440027236938477, 10.200414657592773, 10.03963851928711, 13.095198631286621, 10.728577613830566, 10.607256889343262, 11.900751113891602, 10.756867408752441, 11.993756294250488, 20.606964111328125, 16.44567108154297, 20.60447883605957, 22.098217010498047, 9.724851608276367, 18.666852951049805, 14.799372673034668, 12.535317420959473, 11.93764591217041, 17.20435333251953, 14.749505043029785, 12.930548667907715, 18.15465545654297, 10.644402503967285, 10.582873344421387, 21.57686424255371, 23.100473403930664, 12.867145538330078, 22.105920791625977, 19.429597854614258, 19.844640731811523, 20.982955932617188, 13.400300979614258, 8.68657112121582, 21.794675827026367, 9.406954765319824, 16.521377563476562, 11.828001976013184, 16.222314834594727, 18.117473602294922, 12.88578987121582, 17.857181549072266, 19.16206932067871, 19.955223083496094, 20.364925384521484, 16.797813415527344, 11.428727149963379, 10.626143455505371, 14.28271770477295, 11.694515228271484, 17.05710220336914, 9.95853328704834, 18.836883544921875, 22.88616943359375, 22.867496490478516, 16.79330825805664, 20.64680290222168, 17.545631408691406, 21.85808753967285, 20.100534439086914, 13.44963550567627, 22.353757858276367, 22.551034927368164, 10.750195503234863, 19.90526008605957, 18.621538162231445, 18.22376251220703, 18.54026222229004, 17.151817321777344, 11.371814727783203, 11.665719985961914, 11.467289924621582, 21.961692810058594, 10.929421424865723, 11.945362091064453, 13.297391891479492, 15.932794570922852, 16.85085678100586, 21.579744338989258, 21.853946685791016, 24.376806259155273, 18.976482391357422, 18.943572998046875, 12.644673347473145, 12.770533561706543, 13.980757713317871, 16.00238609313965, 21.412273406982422, 13.15382194519043, 13.097479820251465, 18.146635055541992, 6.824527263641357, 14.895411491394043, 20.45912742614746, 12.17587661743164, 17.412023544311523, 12.028191566467285, 12.062171936035156, 12.293886184692383, 20.391258239746094, 10.63716983795166, 21.845497131347656, 20.19529151916504, 19.560226440429688, 12.511056900024414, 11.099632263183594, 22.831926345825195, 12.345440864562988, 16.728675842285156, 10.421606063842773, 14.344189643859863, 20.61693572998047, 12.536273002624512, 12.373284339904785, 10.730096817016602, 13.516661643981934, 21.33454132080078, 20.545082092285156, 19.168956756591797, 21.22968101501465, 11.407135963439941, 12.911328315734863, 23.92816162109375, 21.114652633666992, 14.397085189819336, 12.866509437561035, 9.650989532470703, 16.209516525268555, 12.747631072998047, 16.509187698364258, 15.082531929016113, 21.172147750854492, 20.00967025756836, 8.96859073638916, 10.60696029663086, 21.618871688842773, 22.28209686279297, 15.950724601745605, 18.277851104736328, 12.92404842376709, 13.27457332611084, 14.309675216674805, 16.558547973632812, 23.9012393951416, 15.58674430847168, 24.557334899902344, 20.21250343322754, 13.742196083068848, 11.948330879211426, 14.990151405334473, 17.828540802001953, 10.231910705566406, 21.376554489135742, 13.576139450073242, 11.020052909851074, 20.493885040283203, 14.58747386932373, 22.57712173461914, 19.43691635131836, 14.299163818359375, 21.274105072021484, 19.592405319213867, 15.49642276763916, 23.428598403930664, 18.660537719726562, 11.455249786376953, 9.784337997436523, 22.615234375, 20.353376388549805, 19.579015731811523, 23.034133911132812, 18.91135597229004, 15.955554962158203, 13.644075393676758, 17.940536499023438, 15.628364562988281, 15.476768493652344, 15.2090425491333, 23.010557174682617, 13.560072898864746, 15.290303230285645, 16.680137634277344, 18.400449752807617, 25.4106502532959, 20.92733383178711, 21.032268524169922, 17.197803497314453, 12.109365463256836, 10.47812271118164, 22.5325870513916, 21.80641746520996, 21.902938842773438, 20.172880172729492, 20.504838943481445, 11.525243759155273, 20.014841079711914, 21.03742790222168, 21.260440826416016, 22.374460220336914, 20.409257888793945, 23.15302276611328, 17.697031021118164, 23.29999351501465, 18.064449310302734, 20.850122451782227, 19.983612060546875, 20.930347442626953, 12.705605506896973, 10.784428596496582, 18.1788387298584, 18.46615982055664, 13.283061027526855, 20.809968948364258, 17.317668914794922, 10.891583442687988, 19.93164825439453, 19.3456974029541, 11.693743705749512, 23.4453182220459, 15.94912338256836, 21.661291122436523, 17.647188186645508, 15.809697151184082, 10.457721710205078, 13.972461700439453, 25.302644729614258, 12.48105525970459, 13.422669410705566, 10.39157772064209, 11.54025936126709, 11.201257705688477, 11.114985466003418, 17.56104278564453, 21.767696380615234, 12.489750862121582, 21.978952407836914, 21.13727569580078, 12.22977352142334, 16.91504669189453, 23.914283752441406, 11.38229751586914, 10.711438179016113, 23.21038055419922, 13.118877410888672, 22.07610321044922, 20.0377140045166, 15.290642738342285, 18.418859481811523, 21.68599510192871, 24.095483779907227, 10.490158081054688, 24.037166595458984, 9.352765083312988, 8.875945091247559, 19.1107177734375, 16.927513122558594, 13.954703330993652, 12.884894371032715, 17.96051025390625, 23.689760208129883, 20.880706787109375, 12.457756996154785, 19.969364166259766, 16.693479537963867, 23.459735870361328, 18.604341506958008, 16.99781608581543, 18.29265594482422, 11.46704387664795, 20.909591674804688, 9.069759368896484, 10.492975234985352, 18.247554779052734, 23.15103530883789, 12.240772247314453, 11.957222938537598, 17.427148818969727, 20.053497314453125, 23.98896026611328, 16.077552795410156, 21.028255462646484, 15.335079193115234, 11.688371658325195, 10.061689376831055, 21.94458770751953, 10.747161865234375, 20.06560707092285, 23.505489349365234, 7.003246784210205, 23.295583724975586, 11.85818099975586, 14.412040710449219, 22.43284797668457, 10.442275047302246, 18.666095733642578, 20.458532333374023, 23.56296157836914, 23.666187286376953, 17.498016357421875, 11.56188678741455, 13.972527503967285, 11.596199035644531, 23.266273498535156, 16.47151756286621, 20.648818969726562, 19.953386306762695, 11.085203170776367, 9.480965614318848, 19.556589126586914, 15.756485939025879, 19.395437240600586, 22.367830276489258, 14.667962074279785, 11.413975715637207, 11.48531723022461, 20.254573822021484, 17.145244598388672, 19.59538459777832, 22.471637725830078, 19.958742141723633, 11.21353816986084, 19.600881576538086, 10.329917907714844, 15.785614967346191, 16.968862533569336, 18.809545516967773, 14.449784278869629, 21.739744186401367, 13.829465866088867, 16.766735076904297, 20.774877548217773, 15.297011375427246, 18.39311981201172, 18.522968292236328, 18.854022979736328, 18.346755981445312, 10.739496231079102, 23.979516983032227, 11.068156242370605, 21.118877410888672, 24.279510498046875, 19.79027557373047, 11.763734817504883, 8.5821533203125, 21.11362648010254, 11.00653076171875, 12.83326530456543, 17.565391540527344, 9.06647777557373, 21.478960037231445, 18.663345336914062, 23.27018165588379, 21.766353607177734, 9.87932014465332, 13.663692474365234, 11.200448036193848, 13.125713348388672, 19.97053337097168, 19.297775268554688, 16.989482879638672, 20.587596893310547, 11.85757064819336, 14.460946083068848, 18.3299560546875, 12.916703224182129, 18.358400344848633, 16.54427146911621, 12.072548866271973, 19.777969360351562, 13.823444366455078, 18.07016372680664, 16.029111862182617, 14.514333724975586, 19.709516525268555, 11.661622047424316, 10.997025489807129, 19.092527389526367, 18.046367645263672, 21.86191177368164, 10.383810997009277, 17.831815719604492, 13.229711532592773, 23.38532829284668, 10.50329303741455, 19.121362686157227, 15.090712547302246, 11.812873840332031, 17.703441619873047, 21.801746368408203, 17.64596176147461, 20.875694274902344, 19.273303985595703, 10.671204566955566, 11.032149314880371, 22.3065128326416, 18.006507873535156, 15.706822395324707, 20.729209899902344, 19.928665161132812, 21.795087814331055, 8.792473793029785, 23.90972137451172, 13.795575141906738, 14.662713050842285, 12.631967544555664, 22.347328186035156, 18.409088134765625, 19.776460647583008, 18.487855911254883, 21.409038543701172, 11.803326606750488, 13.929513931274414, 17.906665802001953, 17.652816772460938, 21.175687789916992, 9.568951606750488, 16.731597900390625, 13.884814262390137, 21.91738510131836, 14.012731552124023, 18.90503692626953, 13.578285217285156, 21.210081100463867, 14.410270690917969, 11.984416007995605, 22.422969818115234, 12.221569061279297, 14.612266540527344, 15.52680492401123, 22.477941513061523, 20.69162368774414, 22.507896423339844, 23.659381866455078, 11.472002983093262, 19.057022094726562, 22.14513397216797, 23.292577743530273, 22.512237548828125, 13.993053436279297, 20.93516731262207, 19.13705825805664, 16.762388229370117, 24.098705291748047, 9.808361053466797, 17.531858444213867, 21.01514434814453, 19.421367645263672, 10.229930877685547, 10.284737586975098, 16.125375747680664, 18.108919143676758, 15.09862232208252, 10.710001945495605, 19.39544105529785, 16.6844482421875, 10.299382209777832, 10.110163688659668, 13.58149528503418, 16.85393524169922, 19.396953582763672, 20.818891525268555, 18.30038833618164, 17.412961959838867, 23.259540557861328, 13.044751167297363, 18.698814392089844, 18.335359573364258, 19.055946350097656, 15.231860160827637, 12.316378593444824, 12.771797180175781, 14.920597076416016, 21.115320205688477, 14.41726016998291, 12.778630256652832, 18.471717834472656, 22.27898406982422, 19.88100242614746, 10.055014610290527, 21.9149112701416, 13.3849458694458, 20.80739974975586, 20.988981246948242, 11.210515975952148, 20.476655960083008, 10.74229907989502, 18.020366668701172, 21.923242568969727, 19.808439254760742, 18.48688507080078, 10.800620079040527, 16.14971160888672, 12.65208911895752, 22.07866859436035, 11.857521057128906, 16.544038772583008, 12.053032875061035, 17.719209671020508, 21.121810913085938, 19.48992919921875, 15.692728042602539, 19.947662353515625, 12.742683410644531, 17.539596557617188, 20.320234298706055, 15.835453033447266, 21.61597442626953, 21.65222930908203, 20.793153762817383, 11.878059387207031, 23.713422775268555, 21.690229415893555, 20.481199264526367, 9.651050567626953, 11.096054077148438, 19.803544998168945, 14.833245277404785, 22.686437606811523, 12.015233993530273, 10.537737846374512, 15.669198989868164, 23.8472957611084, 24.035608291625977, 11.316993713378906, 16.23851203918457, 16.3986873626709, 12.610517501831055, 11.145709037780762, 14.87404727935791, 12.731080055236816, 17.05441665649414, 10.394039154052734, 10.78116512298584, 14.988484382629395, 17.186216354370117, 14.830642700195312, 8.105061531066895, 14.871006965637207, 10.240840911865234, 22.43883514404297, 23.616985321044922, 9.728926658630371, 12.165231704711914, 20.48008918762207, 19.209400177001953, 19.666589736938477, 9.652910232543945, 8.688923835754395, 21.16092300415039, 10.010795593261719, 18.808835983276367, 14.036745071411133, 15.26453971862793, 18.580137252807617, 12.506759643554688, 11.023097038269043, 28.264806747436523, 10.078058242797852, 13.498870849609375, 20.194862365722656, 21.566938400268555, 11.864686012268066, 19.556203842163086, 18.691375732421875, 18.805879592895508, 10.076128005981445, 12.42553424835205, 12.241016387939453, 20.048202514648438, 21.628015518188477, 17.519515991210938, 9.083778381347656, 12.86794376373291, 17.41512107849121, 11.460734367370605, 9.932015419006348, 14.097085952758789, 18.11320686340332, 10.74267578125, 17.669160842895508, 15.108138084411621, 24.574710845947266, 23.34871482849121, 10.219825744628906, 13.96868896484375, 20.886106491088867, 10.414445877075195, 16.376205444335938, 8.719212532043457, 17.950176239013672, 15.686786651611328, 23.489377975463867, 14.048964500427246, 17.104488372802734, 12.345394134521484, 13.549660682678223, 13.764697074890137, 15.098132133483887, 14.892865180969238, 19.931074142456055, 16.921833038330078, 20.746688842773438, 14.774487495422363, 8.647149085998535, 19.414634704589844, 12.147826194763184, 20.33721923828125, 15.870579719543457, 21.10879135131836, 12.740436553955078, 11.865945816040039, 10.871382713317871, 9.95221996307373, 13.616783142089844, 12.079544067382812, 12.311104774475098, 10.357124328613281, 12.525537490844727, 16.788524627685547, 10.91543197631836, 13.455833435058594, 21.450130462646484, 11.996516227722168, 18.179401397705078, 20.238861083984375, 12.52361011505127, 17.44314193725586, 14.845884323120117, 23.683807373046875, 8.898107528686523, 10.93125057220459, 19.835786819458008, 12.520956993103027, 16.537214279174805, 9.907733917236328, 17.418956756591797, 13.136122703552246, 7.5558671951293945, 11.248298645019531, 11.955814361572266, 22.67746925354004, 10.986316680908203, 11.274723052978516, 17.588821411132812, 20.737377166748047, 13.77441692352295, 17.999677658081055, 16.671646118164062, 21.92152214050293, 7.653740882873535, 24.041587829589844, 10.316107749938965, 15.669268608093262, 14.482600212097168, 15.832613945007324, 9.441449165344238, 13.847929954528809, 28.535335540771484, 11.79891300201416, 17.57027816772461, 21.300304412841797, 15.949347496032715, 20.122724533081055, 11.853055953979492, 17.938823699951172, 14.485183715820312, 21.034263610839844, 14.2430419921875, 23.66802215576172, 22.030441284179688, 22.768383026123047, 13.710409164428711, 15.888608932495117, 9.800662994384766, 21.230636596679688, 21.808128356933594, 12.191658020019531, 10.356632232666016, 12.555388450622559, 14.495177268981934, 103.81548309326172, 11.881854057312012, 10.346489906311035, 11.443740844726562, 19.74197769165039, 11.523747444152832, 12.809147834777832, 14.550164222717285, 19.955745697021484, 10.283178329467773, 9.717310905456543, 23.985504150390625, 15.309883117675781, 10.077799797058105, 21.57595443725586, 7.727753639221191, 11.55420970916748, 20.35922622680664, 11.972932815551758, 10.760196685791016, 17.89472770690918, 23.07168197631836, 11.29842758178711, 23.363319396972656, 12.788528442382812, 12.98893928527832, 22.400875091552734, 10.394150733947754, 20.875375747680664, 18.5079345703125, 10.479710578918457, 20.037921905517578, 9.891393661499023, 9.556502342224121, 9.708012580871582, 21.69019889831543, 11.680309295654297, 17.032970428466797, 18.912599563598633, 11.71835994720459, 20.378284454345703, 17.69214630126953, 18.739103317260742, 15.095129013061523, 21.9835147857666, 23.695152282714844, 21.47128677368164, 23.805408477783203, 17.969711303710938, 21.860225677490234, 16.5646915435791, 19.44696044921875, 12.806790351867676, 11.812211036682129, 15.400248527526855, 10.095510482788086, 19.584352493286133, 21.918710708618164, 19.33208656311035, 14.603326797485352, 20.904325485229492, 10.496328353881836, 22.294313430786133, 20.66608428955078, 13.087133407592773, 21.302135467529297, 20.316829681396484, 23.016010284423828, 19.743450164794922, 20.509197235107422]
Cosines similarity random samples
[0.4304807782173157, -0.3639068603515625, 0.5278240442276001, -0.3288723826408386, 0.10249828547239304, 0.2805235981941223, 0.11547495424747467, 0.3139162063598633, 0.33815860748291016, -0.33559608459472656, -0.4772341549396515, -0.12310957908630371, -0.37213432788848877, 0.6093976497650146, -0.4682593047618866, -0.17009486258029938, -0.29410701990127563, 0.052454665303230286, 0.41581666469573975, -0.06692661345005035, -0.5162898302078247, 0.7253689765930176, 0.46733278036117554, 0.5581858158111572, 0.6315996646881104, 0.47009968757629395, 0.5391584634780884, 0.6278804540634155, -0.42029857635498047, 0.2928430438041687, 0.40108522772789, -0.34848713874816895, 0.21455569565296173, 0.2650328278541565, 0.2892094850540161, 0.5434884428977966, -0.6046935319900513, -0.09966591745615005, 0.4731304347515106, 0.3651443421840668, -0.40206608176231384, -0.5013027191162109, -0.4005795121192932, -0.7594184875488281, -0.04141093045473099, 0.3935350179672241, -0.37647944688796997, 0.5882862210273743, 0.6258991956710815, -0.11445137113332748, 0.721355676651001, -0.013663515448570251, 0.46268677711486816, 0.26307055354118347, 0.5473483800888062, -0.24527788162231445, 0.5637251138687134, -0.45307815074920654, -0.08939561247825623, 0.6459494829177856, 0.39793384075164795, -0.36925941705703735, -0.23295113444328308, 0.5574185252189636, 0.0788864865899086, -0.12462689727544785, -0.3893137574195862, 0.5571596622467041, -0.7235771417617798, -0.043486446142196655, 0.294961541891098, 0.6094478964805603, 0.5527933239936829, -0.34615471959114075, 0.5109044909477234, 0.02749955654144287, 0.1642472892999649, -0.5783166885375977, 0.6258397102355957, -0.1351071000099182, 0.3747255206108093, -0.6101441979408264, 0.34585827589035034, 0.6607826948165894, -0.004830271005630493, -0.5251370072364807, -0.4549052119255066, -0.22637784481048584, 0.39418137073516846, -0.383698046207428, 0.30118951201438904, 0.052120108157396317, 0.48343831300735474, 0.5252882838249207, 0.2980548143386841, 0.6303828954696655, -0.692955732345581, 0.16217128932476044, 0.47740405797958374, 0.570288896560669, 0.24221396446228027, -0.6483769416809082, -0.5426703095436096, 0.2520785331726074, -0.5815336108207703, -0.10925211757421494, 0.40403905510902405, -0.43862685561180115, 0.5109429359436035, 0.08665546029806137, -0.5289076566696167, 0.5144694447517395, -0.5075973272323608, -0.5525494813919067, -0.6191176176071167, -0.09337742626667023, 0.5729265213012695, -0.473836749792099, -0.46597760915756226, 0.19380855560302734, 0.29969725012779236, 0.5463576912879944, 0.08463159203529358, 0.00237240269780159, 0.17354078590869904, -0.5500527024269104, -0.6344095468521118, -0.49517977237701416, 0.43111497163772583, -0.5840095281600952, 0.496385395526886, -0.21651282906532288, 0.6081253290176392, 0.19975343346595764, 0.40537309646606445, 0.6899358630180359, 0.37257692217826843, -0.3884499669075012, -0.648700475692749, -0.43778127431869507, -0.50645911693573, 0.47285908460617065, -0.1841202676296234, 0.6323562264442444, -0.6058064103126526, 0.13011406362056732, 0.056767769157886505, -0.6008251905441284, -0.4569694995880127, 0.5123249292373657, 0.6869382262229919, -0.5245378613471985, -0.6137230396270752, 0.5214715003967285, -0.2172352373600006, -0.605599582195282, -0.3882896900177002, -0.5058944821357727, -0.1544710397720337, 0.24282842874526978, -0.3182811737060547, 0.0863024890422821, 0.3988461196422577, 0.5226752758026123, 0.5184717178344727, -0.5607542991638184, 0.649476170539856, -0.5596787333488464, 0.5466361045837402, -0.6483849883079529, 0.1362839639186859, 0.4008316099643707, 0.49387049674987793, 0.37782537937164307, -0.053868941962718964, 0.7064944505691528, -0.5257172584533691, 0.6734546422958374, 0.46082836389541626, 0.23557564616203308, 0.3141384720802307, 0.3997371196746826, -0.24790635704994202, -0.15134742856025696, -0.5908626914024353, 0.6505126953125, 0.570910632610321, -0.4922678470611572, -0.5865582823753357, -0.5700020790100098, 0.7608102560043335, 0.5118755102157593, -0.46565377712249756, 0.2785395681858063, 0.47231119871139526, -0.19668327271938324, 0.48993515968322754, 0.30188366770744324, 0.723284900188446, -0.63260418176651, -0.3915458917617798, 0.5973457098007202, 0.24378934502601624, 0.5512816905975342, 0.26082590222358704, -0.5034917593002319, 0.586691677570343, -0.40940573811531067, 0.20808488130569458, 0.5940078496932983, 0.2319563329219818, 0.06695546209812164, 0.44377535581588745, 0.34816253185272217, 0.472429096698761, 0.7029295563697815, 0.3580177128314972, 0.5021272897720337, -0.21748612821102142, 0.7944092750549316, -0.540771484375, 0.4970914125442505, 0.4289807677268982, -0.20671021938323975, 0.5293148159980774, -0.6372078657150269, -0.13405020534992218, 0.5012649297714233, 0.31772905588150024, 0.6126098036766052, 0.2597583532333374, -0.5948079228401184, 0.4368886947631836, -0.11466829478740692, 0.2665262222290039, 0.4674525856971741, 0.5456686019897461, 0.6262519955635071, 0.4748017489910126, 0.501556396484375, 0.44649723172187805, 0.7930810451507568, -0.5189265012741089, 0.6821823120117188, 0.419935405254364, 0.37731683254241943, 0.1636088490486145, -0.13558784127235413, 0.007348418235778809, 0.637144923210144, 0.7419168949127197, 0.7014337778091431, 0.5626519918441772, 0.6393576860427856, 0.5723916292190552, 0.41476863622665405, 0.03409770131111145, 0.5528441071510315, 0.5779241919517517, 0.46356117725372314, 0.5919184684753418, 0.6779614686965942, 0.5800186395645142, -0.3502937853336334, 0.6321998238563538, 0.5952072739601135, -0.06371191143989563, -0.6567378640174866, 0.5628787875175476, 0.4949829578399658, 0.40753766894340515, -0.6193819046020508, -0.45190131664276123, -0.2843276262283325, 0.05252412334084511, 0.4695761799812317, -0.21434083580970764, 0.3157666027545929, 0.6913286447525024, 0.5657457113265991, -0.3397573232650757, 0.6619299054145813, -0.5675145387649536, 0.40394431352615356, 0.07313989102840424, 0.7981476783752441, 0.47134795784950256, 0.6059471368789673, 0.5390884876251221, 0.43007493019104004, 0.19334129989147186, -0.24614058434963226, -0.4468799829483032, 0.33711931109428406, 0.3883909583091736, 0.7229837775230408, 0.7359738349914551, 0.3745202124118805, -0.245913565158844, -0.10414064675569534, 0.2780318856239319, 0.538517415523529, -0.5941280126571655, -0.13259540498256683, 0.3771495223045349, 0.028335846960544586, -0.4331187605857849, 0.5228211879730225, -0.5634092092514038, 0.29546862840652466, 0.6688517928123474, 0.7183796763420105, -0.46000877022743225, -0.6214022636413574, 0.15743154287338257, -0.625354528427124, -0.5843682289123535, -0.6741430163383484, 0.4542909562587738, 0.6340233087539673, 0.31469064950942993, -0.635798990726471, 0.18250252306461334, 0.7062246799468994, -0.17467260360717773, 0.5757108330726624, -0.6785821318626404, -0.5341043472290039, -0.22747942805290222, 0.5171108245849609, 0.2556607127189636, -0.14975187182426453, -0.10404959321022034, 0.5854464769363403, 0.517484188079834, 0.18029528856277466, 0.4686749279499054, 0.07223834097385406, 0.07740796357393265, 0.5813994407653809, 0.2444915473461151, -0.4043135941028595, -0.4104252755641937, 0.6267857551574707, 0.2357119917869568, -0.4821055829524994, -0.5919035077095032, 0.16339649260044098, 0.6533862352371216, 0.43794113397598267, 0.3259921669960022, 0.3144509494304657, 0.09616899490356445, 0.28942811489105225, -0.3175368010997772, 0.2916482090950012, 0.057590827345848083, -0.16720432043075562, 0.7550126314163208, 0.32370516657829285, 0.5481594800949097, -0.4704628884792328, -0.44574135541915894, 0.5760898590087891, 0.1967429518699646, 0.1710917055606842, 0.1660010665655136, 0.6020103096961975, 0.43028679490089417, 0.35391664505004883, 0.08213227987289429, -0.626096785068512, 0.31420138478279114, -0.23276269435882568, 0.1629008650779724, -0.5489391088485718, 0.5370559692382812, -0.69529128074646, -0.4886379837989807, -0.5792382955551147, 0.6170650124549866, 0.4009453058242798, -0.3722756803035736, -0.21462872624397278, 0.26564496755599976, -0.34175387024879456, 0.6031606197357178, -0.697935163974762, 0.3947067856788635, -0.66584312915802, 0.712553858757019, -0.4652518332004547, 0.4275778532028198, 0.6759729385375977, -0.6751048564910889, 0.15536949038505554, -0.00648847222328186, -0.7055801153182983, -0.5016992092132568, 0.1740141361951828, 0.6907176971435547, -0.3651656210422516, 0.2664119601249695, -0.4355526566505432, 0.11613486707210541, 0.543433666229248, -0.32297641038894653, 0.42136484384536743, -0.2055167853832245, 0.4309465289115906, -0.43882909417152405, -0.6965631246566772, 0.5131192207336426, -0.6154782176017761, -0.07545886188745499, 0.4836094379425049, -0.23182044923305511, -0.054102860391139984, -0.13214801251888275, 0.5297110676765442, 0.3158685564994812, 0.631510853767395, -0.3019668459892273, 0.5607243776321411, -0.019037138670682907, -0.608829140663147, -0.5321156978607178, -0.5964457392692566, 0.6441805362701416, -0.065560482442379, 0.6115951538085938, 0.3866947591304779, 0.4739992022514343, -0.2556113004684448, 0.6767555475234985, -0.541967511177063, 0.04328890144824982, -0.31150659918785095, -0.13580065965652466, 0.14095871150493622, 0.450655460357666, -0.3919770121574402, -0.5920278429985046, 0.6319151520729065, 0.43756386637687683, -0.1698141247034073, 0.5291146039962769, 0.5188661813735962, -0.024367477744817734, 0.12205295264720917, 0.48469078540802, -0.5143348574638367, 0.6384015679359436, 0.5045385360717773, 0.20020431280136108, 0.3034273087978363, 0.16359943151474, 0.09716469794511795, -0.6319628357887268, -0.04736250638961792, 0.1864199936389923, -0.6599883437156677, -0.21504244208335876, -0.5054028034210205, -0.49029257893562317, 0.0899750292301178, 0.09943099319934845, -0.6732622385025024, 0.15090413391590118, 0.6613883972167969, 0.024584874510765076, 0.0194475706666708, -0.5571070909500122, -0.4037863612174988, 0.42509758472442627, 0.423440545797348, 0.18138045072555542, -0.5394734144210815, -0.41691720485687256, -0.5819738507270813, -0.6990739107131958, 0.5793262720108032, 0.24507395923137665, -0.16017752885818481, 0.3209899067878723, 0.4547654986381531, -0.21097981929779053, 0.7405490875244141, 0.39600667357444763, 0.35084331035614014, -0.6279624104499817, 0.38469868898391724, 0.5092238187789917, -0.4939100742340088, -0.010483607649803162, 0.4344092011451721, -0.621445894241333, -0.6862150430679321, 0.13966739177703857, -0.37255704402923584, -0.318462073802948, 0.4463648796081543, -0.7213654518127441, 0.6421741247177124, -0.47837331891059875, 0.6738033294677734, 0.5994941592216492, 0.6088495850563049, -0.46950310468673706, -0.09433887153863907, 0.653211236000061, -0.542073667049408, 0.4618659019470215, 0.043515175580978394, 0.13773757219314575, 0.45774519443511963, 0.6275372505187988, 0.5882117748260498, 0.6141320466995239, 0.5907102823257446, -0.5569270849227905, 0.7283219695091248, 0.4299561679363251, -0.3604094982147217, -0.6674383878707886, -0.311474472284317, -0.6167804002761841, 0.40126293897628784, 0.5951528549194336, 0.49549993872642517, -0.44087427854537964, 0.5671151280403137, 0.6347329616546631, 0.5879396200180054, 0.49395501613616943, -0.40599143505096436, -0.6969252824783325, 0.24808864295482635, -0.4686175286769867, 0.0628434345126152, -0.6084814071655273, -0.5196465849876404, -0.11454737186431885, 0.22340555489063263, -0.41069355607032776, -0.5542976260185242, 0.06605956703424454, -0.2045499086380005, 0.4220019280910492, 0.22873267531394958, -0.23459601402282715, 0.027176633477211, -0.257598876953125, -0.4768485128879547, -0.17386652529239655, -0.5467570424079895, -0.6081511974334717, 0.059526070952415466, -0.5915058851242065, 0.6292592287063599, 0.49462172389030457, -0.7135721445083618, 0.5394936800003052, -0.7268654704093933, 0.5045586824417114, 0.17767274379730225, -0.6818623542785645, -0.1795465350151062, -0.5679323673248291, 0.5270500183105469, 0.06907424330711365, 0.5579826831817627, -0.08555273711681366, 0.2545059025287628, 0.6980839967727661, -0.6467351913452148, 0.5203877687454224, -0.5720666646957397, 0.4008113145828247, -0.4257306754589081, 0.2703588008880615, -0.6863715648651123, -0.5173616409301758, 0.3082173466682434, 0.6914858818054199, 0.42306479811668396, -0.3944474756717682, -0.014824196696281433, 0.05137445777654648, 0.031650468707084656, 0.4476099908351898, 0.3462265133857727, 0.03012900799512863, 0.8364760875701904, -0.7158827185630798, -0.09019400179386139, -0.3264504075050354, 0.41921430826187134, -0.5407805442810059, -0.7695403099060059, -0.59900963306427, -0.7014867067337036, 0.29389357566833496, -0.5652257204055786, -0.6829129457473755, 0.503299355506897, 0.6527881622314453, -0.608604907989502, 0.15913349390029907, -0.5541658401489258, 0.43504399061203003, 0.6317362785339355, -0.37996706366539, -0.4731125831604004, 0.6178605556488037, 0.7220492362976074, -0.4697023928165436, 0.25972989201545715, 0.6099804639816284, 0.6356597542762756, 0.5245027542114258, 0.3280358910560608, 0.07200850546360016, -0.5166749358177185, 0.389208048582077, 0.14258717000484467, 0.6241476535797119, 0.5136340260505676, -0.26037824153900146, 0.3999863266944885, -0.4184102416038513, 0.6330274343490601, 0.03974907845258713, 0.6736103296279907, 0.7344802618026733, -0.36737748980522156, 0.1283433884382248, 0.12778382003307343, -0.6100864410400391, -0.47371065616607666, 0.5252230167388916, -0.5386663675308228, -0.10594169795513153, 0.03557579964399338, 0.6813230514526367, 0.2845994830131531, 0.37462830543518066, 0.5881773233413696, 0.3192076086997986, -0.5387077331542969, -0.494905561208725, 0.3419124484062195, 0.26738327741622925, 0.5271106362342834, -0.028339151293039322, -0.33759206533432007, 0.7716104984283447, 0.6349297761917114, -0.3623450994491577, -0.478045791387558, 0.28295189142227173, 0.5555331707000732, -0.6143010854721069, -0.3748670518398285, -0.5477242469787598, -0.0952657014131546, 0.7175258994102478, 0.11725449562072754, 0.3835655450820923, 0.407232403755188, -0.7069352865219116, -0.6236152052879333, -0.37321823835372925, 0.5740967392921448, -0.5098214149475098, -0.46424394845962524, -0.3585833013057709, 0.4091842770576477, 0.43399518728256226, 0.47368675470352173, 0.4060988128185272, -0.356052428483963, 0.5205093622207642, 0.4907849431037903, 0.13686874508857727, -0.13386204838752747, -0.035677067935466766, 0.05818861722946167, 0.17956143617630005, 0.5736777782440186, 0.1494235247373581, -0.5310814380645752, 0.3398720622062683, 0.18970343470573425, 0.7220960855484009, 0.45226186513900757, 0.5604901909828186, 0.5288355350494385, 0.31165820360183716, 0.6082711219787598, 0.5149558782577515, -0.25575894117355347, -0.5631723403930664, 0.6559640169143677, 0.17799784243106842, -0.24826768040657043, -0.5169126391410828, 0.566062331199646, 0.3750714957714081, 0.007423383183777332, -0.6481336951255798, 0.5161793231964111, 0.6688748598098755, -0.4132472276687622, -0.10712888836860657, 0.4715593755245209, 0.6262579560279846, 0.6349254250526428, -0.29831740260124207, 0.20490598678588867, 0.23604145646095276, -0.4143453538417816, -0.2678871750831604, 0.5641794800758362, -0.017739012837409973, 0.6472575664520264, -0.08373203873634338, -0.6015532612800598, -0.43898794054985046, -0.7094360589981079, 0.6295006275177002, 0.6693982481956482, 0.5018562078475952, 0.24875956773757935, -0.6878003478050232, 0.3334813714027405, 0.6039341688156128, -0.6720528602600098, -0.23126497864723206, 0.2426602840423584, -0.5100588202476501, 0.7196612358093262, 0.5813912749290466, -0.3381565809249878, 0.5765448808670044, 0.3588189482688904, 0.41759830713272095, -0.5872530937194824, 0.3143516778945923, -0.39889824390411377, 0.498002290725708, -0.25993454456329346, 0.2024230659008026, 0.5872230529785156, 0.13946126401424408, 0.3380758762359619, -0.618244469165802, 0.5449654459953308, 0.6641102433204651, 0.4710759222507477, 0.2027662992477417, -0.5739352703094482, 0.5894244313240051, 0.8157031536102295, 0.4461790919303894, 0.34313926100730896, 0.2088012397289276, -0.6457173824310303, -0.4486784338951111, -0.6299476623535156, 0.42870450019836426, 0.3793901801109314, 0.345028281211853, 0.5743544101715088, -0.4726618230342865, 0.6057537794113159, -0.4796597957611084, 0.15211686491966248, -0.43010374903678894, 0.2684434652328491, 0.1136474683880806, 0.4194906949996948, 0.06994882225990295, 0.3773702383041382, 0.33037009835243225, 0.620598316192627, 0.2665150761604309, 0.17270366847515106, 0.74679034948349, -0.06663437187671661, 0.4403797388076782, 0.576561689376831, 0.5162315368652344, -0.678273618221283, 0.20512637495994568, -0.5774326324462891, -0.21037064492702484, 0.26463374495506287, -0.3374617397785187, 0.529103696346283, -0.4315982162952423, 0.006528690457344055, 0.21898294985294342, 0.49386903643608093, 0.32256290316581726, 0.4599699378013611, 0.09722900390625, 0.3915531635284424, -0.4806631803512573, 0.15377545356750488, 0.5795344114303589, 0.16427700221538544, 0.3267357349395752, 0.14289531111717224, 0.6369577646255493, -0.6751412153244019, 0.5414888858795166, -0.6401382684707642, -0.7437238693237305, 0.4939606189727783, -0.3910922408103943, 0.02138458751142025, 0.4939846694469452, -0.5019415616989136, -0.42506709694862366, -0.12200625985860825, -0.6703850626945496, 0.15909443795681, -0.5468108057975769, 0.1693277657032013, 0.5902225375175476, 0.42747780680656433, 0.4511794447898865, 0.3936792016029358, -0.002948727458715439, 0.5938613414764404, 0.6404083371162415, 0.43403252959251404, 0.45643603801727295, 0.6785331964492798, 0.5717918872833252, -0.008756730705499649, 0.20520275831222534, 0.2728469669818878, -0.20706242322921753, 0.7673856019973755, 0.4814068078994751, -0.04453885927796364, 0.2414354383945465, 0.4536067843437195, -0.6231986284255981, 0.6085886359214783, -0.6276681423187256, 0.46818825602531433, -0.6642816066741943, -0.646480143070221, 0.7417511940002441, 0.09785401821136475, -0.6101392507553101, -0.5895929336547852, -0.7073103189468384, -0.4216885268688202, 0.0491277351975441, -0.14857660233974457, 0.3565676510334015, 0.12980477511882782, -0.5623033046722412, 0.07571698725223541, -0.1577272266149521, -0.5833143591880798, 0.08403651416301727, -0.0313238650560379, 0.37696072459220886, 0.47315457463264465, -0.6706592440605164, 0.6648347973823547, -0.3866156339645386, 0.5718993544578552, -0.09631670266389847, 0.5660109519958496, -0.4653306007385254, -0.05356360226869583, -0.2611801028251648, 0.4371943771839142, -0.5017463564872742, 0.49355512857437134, -0.6190130710601807, -0.5228649377822876, 0.3309057950973511, 0.26001182198524475, 0.0749756246805191, 0.7449235320091248, -0.1380486637353897, -0.5880377292633057, 0.4104501008987427, 0.3543887734413147, 0.31494200229644775, 0.36802929639816284, 0.5391392707824707, 0.39719197154045105, 0.32949700951576233, 0.3857755661010742, 0.22591182589530945, -0.5262141227722168, 0.38935258984565735, 0.5574543476104736, 0.45653772354125977, 0.3707500994205475, 0.23051334917545319, -0.07783925533294678, -0.5109124779701233, -0.4070321321487427, 0.4763569235801697, 0.09854841232299805, -0.603309690952301, 0.1191525086760521, 0.04466965049505234, -0.5373529195785522, 0.15947097539901733, -0.5877252817153931, 0.47449153661727905, -0.6348777413368225, -0.6528822183609009, 0.40487489104270935, -0.22591587901115417, -0.2763643264770508, -0.660658597946167, 0.3146478235721588, 0.6745133399963379, -0.4514572322368622, 0.6664584875106812, 0.3797406256198883, -0.6161117553710938, 0.5454630851745605, 0.12851782143115997, -0.0029420796781778336, 0.6078292727470398, -0.4759267270565033, 0.3534570634365082, -0.40348803997039795, -0.005029646679759026, 0.5066580772399902, -0.5018060207366943, 0.3961354196071625, -0.46490126848220825, -0.7572935819625854, -0.3220512866973877, -0.1593446135520935, 0.5587138533592224, -0.16123086214065552, -0.7067660689353943, 0.1228712722659111, -0.49368923902511597, 0.2657102048397064, 0.08984653651714325, 0.21631142497062683, -0.21904611587524414, 0.18144474923610687, 0.06258875876665115, 0.43514132499694824, -0.6170797348022461, 0.06720322370529175, -0.6329973936080933, 0.14513327181339264, 0.021214880049228668, -0.6831445693969727, -0.46649640798568726, -0.6065942049026489, -0.46475470066070557, 0.48928073048591614, -0.6218701601028442, 0.39603251218795776, 0.057209569960832596, -0.6073828339576721, 0.43762534856796265, 0.13458891212940216, 0.31406691670417786, 0.17958326637744904, -0.04928480461239815, 0.43381327390670776, 0.3940182328224182, 0.12940965592861176, 0.5025726556777954, 0.4058287441730499, -0.5037076473236084, -0.18701061606407166, -0.2677088975906372, 0.3351733088493347, 0.6688287854194641, 0.5621755123138428, 0.5166727304458618, 0.7099184989929199, 0.08912169933319092, 0.5644359588623047, 0.2376532256603241, 0.5668078064918518, -0.5562851428985596, -0.4796730875968933, 0.42631953954696655, 0.08372551947832108, -0.037365786731243134, 0.3895249664783478, 0.5163677334785461, 0.5171105861663818, 0.4365433156490326, 0.26597875356674194, 0.5918087959289551, -0.22310113906860352, 0.5117872953414917, 0.5570367574691772, -0.5851334929466248, 0.19274334609508514, -0.6440072059631348, 0.6921647787094116, 0.32622700929641724, -0.24453537166118622, 0.05250309780240059, 0.6871776580810547, -0.5416190028190613, -0.3942432999610901, 0.7047849893569946, 0.13209432363510132, -0.4573097229003906, 0.32451331615448, 0.511309027671814, -0.22620677947998047, 0.6150331497192383, -0.46482259035110474, 0.6561638116836548, -0.37239935994148254, -0.5842732191085815, 0.3842839002609253, -0.3567204177379608, 0.6203808784484863, -0.5611132383346558, 0.5449486374855042, -0.3053409457206726, 0.3348936438560486, 0.18659251928329468, 0.6941860914230347, 0.45422065258026123, -0.20557373762130737, -0.16535887122154236, -0.15485574305057526, 0.5118906497955322, 0.6723655462265015, -0.12973326444625854, 0.5246516466140747, -0.311424195766449, 0.5448706150054932, -0.5506532192230225, 0.6261461973190308, 0.6392436027526855, 0.6456031799316406, 0.4003002643585205, 0.6283014416694641, 0.5866687893867493, 0.47377634048461914, 0.592027485370636, 0.5334420800209045, -0.27066314220428467, -0.23311376571655273, -0.5732533931732178, -0.618887186050415, 0.6621965169906616, -0.3493778109550476, 0.3774244487285614, 0.4577886462211609, 0.5535879135131836, 0.07863796502351761, 0.2920755445957184, 0.3636935353279114, 0.08486959338188171, 0.5870612859725952, 0.6208734512329102, -0.5867717862129211, -0.5913771390914917, 0.46657681465148926, -0.48844003677368164, -0.3149873614311218, -0.3370613157749176, -0.7034785747528076, 0.36267051100730896, 0.7286885976791382, -0.5576344728469849, 0.6991459131240845, 0.14834672212600708, 0.46641790866851807, -0.09259465336799622, -0.19920167326927185, 0.3053997755050659, -0.3702152967453003, -0.45640620589256287, -0.4245118200778961, -0.5747898817062378, 0.05637452378869057, 0.48741671442985535, 0.6146945953369141, 0.34227073192596436, 0.4807713031768799, 0.17961236834526062, 0.6409556865692139, -0.2013634443283081, -0.6336640119552612, -0.5496648550033569, 0.03215473145246506, -0.5437867641448975, 0.033969130367040634, -0.5710853338241577, -0.509340226650238, 0.48186764121055603, -0.6398410797119141, -0.589218020439148, 0.5667647123336792, -0.1563994288444519, -0.18501995503902435, -0.31625688076019287, -0.3805679678916931, 0.10306384414434433, 0.613292932510376, 0.5379878878593445, 0.49668341875076294, -0.6353052854537964, 0.578801155090332, 0.5105125308036804, 0.36507219076156616, 0.09766977280378342, -0.02353110909461975, -0.5993385314941406, -0.604204535484314, -0.4023452699184418, -0.28073182702064514, -0.10783442109823227, 0.5772630572319031, 0.5206838846206665, 0.33750659227371216, 0.15638592839241028, -0.32307833433151245, 0.4202917516231537, 0.4615587890148163, -0.3543792963027954, 0.8444684743881226, 0.15279386937618256, -0.5656732320785522, 0.4536440372467041, -0.2625219225883484, 0.5126123428344727, 0.46788355708122253, 0.44412553310394287, -0.4864857792854309, 0.6162519454956055, -0.6227203607559204, -0.5979031324386597, -0.4479997158050537, 0.5201225876808167, 0.5818203091621399, -0.6440409421920776, 0.5493617057800293, 0.11119017004966736, 0.6504043340682983, 0.19581803679466248, -0.5942330360412598, 0.40284979343414307, 0.4545970559120178, 0.6328291893005371, 0.39406582713127136, -0.38363873958587646, -0.4686184525489807, 0.15593746304512024, -0.5603128671646118, 0.5065747499465942, 0.4807978868484497, -0.7164431810379028, -0.6336154937744141, 0.3305346369743347, 0.42442551255226135, 0.672825813293457, 0.29737600684165955, 0.43865805864334106, -0.1816685050725937, 0.02970954403281212, -0.6760785579681396, -0.5284481048583984, 0.7357021570205688, 0.6305579543113708, -0.47314003109931946, -0.6155859231948853, 0.15529558062553406, -0.18256470561027527, 0.4265367388725281, 0.4257163107395172, 0.2691626250743866, 0.062228742986917496, -0.640815258026123, 0.15020322799682617, -0.6609864830970764, -0.5751071572303772, 0.38484448194503784, 0.5536851286888123, -0.08380259573459625, -0.09250029921531677, 0.5948015451431274, -0.7001361846923828, 0.22409473359584808, 0.5495378375053406, -0.5590925812721252, 0.3956834077835083, -0.6205270290374756, -0.12665504217147827, 0.20939317345619202, -0.5710476040840149, -0.33007001876831055, 0.12102687358856201, -0.648636519908905, -0.46676504611968994, 0.5735267400741577, 0.6679069995880127, -0.6158746480941772, -0.40038371086120605, -0.19015201926231384, -0.5384782552719116, -0.6001732349395752, 0.30109113454818726, 0.2633746266365051, -0.4883224070072174, 0.0662137120962143, 0.06902189552783966, 0.2613172233104706, -0.5576673150062561, 0.23500919342041016, 0.011820025742053986, 0.0368974506855011, -0.26808100938796997, -0.7000374794006348, -0.23756876587867737, -0.3617846369743347, 0.08679405599832535, 0.5136374831199646, 0.5909310579299927, -0.6767759919166565, -0.4734727144241333, -0.5110043883323669, -0.05124173313379288, -0.2527334690093994, 0.5180171132087708, -0.44869449734687805, -0.6122114658355713, -0.5143373608589172, -0.4351634681224823, -0.24571150541305542, -0.7178232669830322, -0.23323608934879303, -0.6422873139381409, -0.016544997692108154, -0.5873198509216309, -0.135923832654953, -0.34307894110679626, 0.25703638792037964, 0.5985120534896851, 0.00486413761973381, -0.4093431532382965, 0.2758781909942627, -0.588901937007904, 0.00017249956727027893, 0.5353811979293823, -0.4083562195301056, -0.49075809121131897, 0.4690467417240143, -0.5684298872947693, 0.1680958867073059, -0.4966774582862854, 0.09279457479715347, 0.132193922996521, 0.6174641847610474, 0.23058786988258362, -0.746923565864563, 0.36781901121139526, 0.2555416524410248, 0.5982413291931152, 0.4636767506599426, 0.5204483270645142, 0.5514194965362549, 0.012633861973881721, -0.683290421962738, 0.5231907963752747, -0.6408296823501587, -0.6179038286209106, 0.4592602550983429, -0.14520996809005737, -0.6664287447929382, 0.5539654493331909, 0.6015076637268066, -0.616697371006012, 0.317659854888916, -0.26589980721473694, -0.3144703507423401, 0.2627556025981903, -0.13843636214733124, -0.4454292058944702, -0.6215015649795532, 0.6468440890312195, -0.8151495456695557, 0.6931628584861755, 0.7327969670295715, -0.17241832613945007, 0.23397202789783478, 0.4331568777561188, 0.5083708763122559, -0.01899443194270134, -0.5411285161972046, -0.5282187461853027, 0.5052347183227539, -0.45810240507125854, 0.09741664677858353, -0.7014976739883423, -0.23890583217144012, 0.0447884164750576, -0.18950746953487396, 0.62602299451828, -0.6128942966461182, 0.6974279284477234, 0.5689873695373535, -0.34067302942276, -0.6049885749816895, 0.40525466203689575, 0.5539383292198181, 0.01202794536948204, -0.16458751261234283, -0.4574461579322815, 0.16110730171203613, -0.5506319999694824, 0.21681706607341766, 0.5549271702766418, 0.6516087055206299, -0.5416256785392761, 0.5999425649642944, -0.06446737051010132, -0.5339004993438721, 0.8299128413200378, -0.5805334448814392, 0.5236638188362122, 0.3193955421447754, -0.5672599077224731, 0.6028658151626587, -0.15269790589809418, -0.15444821119308472, -0.6916654109954834, -0.6236939430236816, 0.1683228760957718, 0.4345420300960541, 0.3319740891456604, 0.5395815372467041, -0.5276751518249512, 0.03754928708076477, -0.4942772686481476, -0.2010153979063034, 0.556626558303833, 0.6535024642944336, 0.026856131851673126, 0.02693873830139637, -0.29627525806427, -0.6557260751724243, 0.42141205072402954, 0.6366177201271057, 0.529451310634613, -0.608422040939331, -0.19304867088794708, -0.3923463523387909, -0.5776519775390625, -0.3618871569633484, 0.5619362592697144, -0.04331100732088089, 0.6411724090576172, 0.058904070407152176, 0.10247771441936493, -0.31538182497024536, 0.23553144931793213, -0.5847367644309998, 0.25252488255500793, 0.1971444934606552, -0.5566843748092651, 0.19079448282718658, -0.22513559460639954, -0.11733322590589523, -0.08463552594184875, 0.10775043070316315, 0.6124153733253479, -0.5647035837173462, 0.5676124095916748, -0.48027303814888, -0.5985136032104492, -0.4647396504878998, 0.502324104309082, 0.7280328869819641, -0.5747708082199097, 0.600029706954956, 0.49043723940849304, -0.14289045333862305, 0.7241338491439819, -0.33560556173324585, -0.0491928793489933, -0.6828198432922363, -0.5318056344985962, 0.657006025314331, 0.3669247627258301, 0.6053566336631775, 0.4496147632598877, -0.2006531059741974, -0.052953533828258514, -0.1804627925157547, -0.4331137239933014, 0.5108507871627808, 0.1993187665939331, -0.2635243535041809, 0.40242257714271545, -0.502741813659668, 0.1973978728055954, 0.4885493516921997, -0.4849478006362915, 0.39189577102661133, -0.2770042419433594, 0.21234804391860962, 0.43837711215019226, -0.391322523355484, 0.5537019371986389, 0.5862259864807129, -0.20157787203788757, -0.05960959941148758, -0.5341217517852783, 0.6412410736083984, -0.40709149837493896, 0.33902329206466675, -0.6730135679244995, 0.6008530855178833, -0.2639777660369873, 0.2730368971824646, 0.4933418333530426, -0.17673221230506897, -0.5516855716705322, 0.06850166618824005, -0.4671818017959595, -0.5026370286941528, 0.5791211128234863, 0.5775523781776428, -0.6188998818397522, -0.11840014904737473, 0.06353195011615753, -0.386613130569458, -0.07268819212913513, -0.6568536758422852, 0.7267588376998901, -0.7558084726333618, 0.3649709224700928, 0.41383033990859985, 0.3575761616230011, -0.6622951030731201, -0.045168325304985046, -0.2758057117462158, -0.2519792318344116, -0.5398546457290649, 0.5211865901947021, 0.24049699306488037, 0.131492480635643, 0.12928736209869385, -0.5041242837905884, 0.698350191116333, 0.2965041995048523, 0.36603671312332153, -0.4351513385772705, 0.22737735509872437, 0.02361098863184452, 0.41447681188583374, -0.38922205567359924, 0.2839471101760864, 0.45267701148986816, -0.4560547173023224, 0.4956717789173126, 0.37973833084106445, 0.26306477189064026, -0.5711153149604797, -0.49786680936813354, -0.6420803070068359, -0.6758413314819336, 0.5674344301223755, -0.13959474861621857, -0.5625921487808228, -0.7056527137756348, -0.5201483368873596, 0.30187344551086426, -0.658406674861908, -0.07192455977201462, -0.09885340183973312, -0.6789385080337524, 0.6753572225570679, -0.03617389500141144, -0.508520245552063, -0.029039233922958374, 0.6207414865493774, 0.5990936756134033, 0.041401155292987823, -0.0060839224606752396, 0.44081351161003113, 0.5726353526115417, -0.5456756949424744, 0.1610541194677353, 0.620372474193573, 0.6739242672920227, 0.35642480850219727, 0.10618095844984055, -0.4382510483264923, -0.05358443409204483, -0.0018440168350934982, 0.09671202301979065, -0.5931487083435059, 0.44425463676452637, -0.2758806049823761, -0.25731027126312256, -0.24719581007957458, 0.4205244779586792, 0.4791737198829651, 0.4895249009132385, 0.304196834564209, -0.45983004570007324, 0.08804751932621002, 0.4580593705177307, -0.4579634964466095, -0.5673962235450745, -0.10912540555000305, 0.6690415740013123, -0.5204998254776001, 0.5314589738845825, -0.5953450202941895, -0.5415592193603516, 0.49252545833587646, -0.23508206009864807, 0.6053823828697205, 0.16917076706886292, -0.35139280557632446, -0.3540661036968231, -0.19070450961589813, 0.6340358257293701, 0.05591808632016182, 0.4924311339855194, -0.5488556027412415, 0.5884628891944885, 0.14301744103431702, 0.4896765947341919, -0.023244544863700867, -0.5995752811431885, -0.2770978808403015, 0.17146475613117218, -0.08896540105342865, 0.4083445072174072, -0.1883079707622528, -0.3185499906539917, 0.319379061460495, -0.6374930143356323, -0.5876917839050293, -0.6368931531906128, 0.5038454532623291, -0.5934252738952637, -0.5524641275405884, -0.5911248326301575, 0.6579846739768982, 0.5666069984436035, -0.5065152049064636, 0.2996358871459961, -0.5796806812286377, 0.5582224130630493, 0.5740737915039062, 0.28463423252105713, -0.6843180656433105, -0.7107874155044556, 0.54559725522995, 0.33895343542099, 0.11091118305921555, 0.48649531602859497, 0.6189402341842651, 0.35444310307502747, 0.40326476097106934, 0.11856085807085037, 0.55939781665802, 0.6296459436416626, 0.29611068964004517, -0.12241087108850479, 0.40384653210639954, 0.7644768357276917, 0.39558932185173035, 0.5856409072875977, -0.6080862283706665, -0.6570218801498413, 0.646550178527832, 0.43065083026885986, -0.45997732877731323, -0.1457173079252243, -0.4942237436771393, 0.6508786082267761, 0.753275990486145, -0.31633493304252625, 0.6116116642951965, -0.475047767162323, 0.04014119505882263, 0.09602038562297821, -0.3925796151161194, 0.4600116014480591, 0.5631833076477051, 0.2493729293346405, 0.5974137783050537, 0.22615158557891846, -0.5002373456954956, -0.6166650056838989, 0.5306380987167358, -0.472907155752182, -0.06541237235069275, -0.3440888524055481, 0.6693628430366516, 0.42597463726997375, 0.48960816860198975, -0.41364169120788574, -0.3169559836387634, -0.08422639966011047, 0.695016622543335, 0.42327040433883667, 0.02339830808341503, 0.5222264528274536, 0.6452993154525757, 0.4229608476161957, -0.0298517644405365, 0.5580443143844604, 0.013892268761992455, 0.21196000277996063, -0.6077430844306946, -0.6595920920372009, 0.6545761823654175, 0.3122769594192505, -0.4686118960380554, 0.6056122183799744, 0.12089227139949799, 0.726682186126709, -0.15196093916893005, 0.18151581287384033, -0.6730589866638184, 0.44219958782196045, 0.2955516576766968, 0.5034452676773071, 0.13686320185661316, 0.22883184254169464, 0.2521339952945709, 0.46720024943351746, -0.3324293792247772, 0.1060858815908432, -0.26768866181373596, 0.26062288880348206, 0.7265595197677612, -0.21102026104927063, 0.3801751434803009, -0.31402337551116943, 0.2923666834831238, -0.2835621237754822, 0.5357540249824524, 0.4852294921875, 0.5750437378883362, 0.6499616503715515, 0.42530202865600586, 0.4926093816757202, 0.4507789611816406, 0.6308795809745789, 0.5185301303863525, 0.2074587047100067, 0.6320430040359497, 0.3021913766860962, -0.6166912317276001, 0.4328762888908386, -0.2873116731643677, -0.22350892424583435, 0.4650208353996277, 0.09746605157852173, 0.32625478506088257, -0.5836607813835144, 0.7360349893569946, 0.5663669109344482, -0.3589732050895691, 0.46190279722213745, 0.19821028411388397, 0.646452009677887, 0.09142820537090302, 0.3438197672367096, 0.8234653472900391, 0.5200493335723877, 0.45715615153312683, -0.6095227599143982, 0.5389625430107117, 0.5231081247329712, -0.36508888006210327, -0.31153973937034607, 0.38359320163726807, -0.1074037253856659, 0.07073615491390228, -0.289425790309906, 0.792826771736145, -0.5306439399719238, 0.6147564649581909, 0.1522020399570465, 0.3299155533313751, 0.24943000078201294, 0.6683235168457031, 0.40662384033203125, 0.5959534049034119, 0.49157169461250305, 0.20394068956375122, -0.26829013228416443, 0.35273733735084534, -0.4186405837535858, 0.44066178798675537, 0.1533735990524292, 0.2883336544036865, -0.43034660816192627, 0.34172385931015015, -0.6806450486183167, -0.5875287055969238, -0.6090157628059387, 0.39405471086502075, 0.34323039650917053, 0.6736819744110107, -0.6228545904159546, -0.5657871961593628, 0.5381749868392944, 0.6001507043838501, 0.4703778028488159, 0.3350038528442383, -0.5483344793319702, 0.4961715042591095, 0.6166828870773315, 0.4959421455860138, -0.03411006182432175, 0.5215783715248108, 0.31692397594451904, 0.3123461604118347, -0.4896154999732971, 0.6122084259986877, 0.6656489372253418, -0.48733124136924744, 0.19510290026664734, 0.6882311105728149, -0.6603149175643921, 0.7937406301498413, 0.6093320846557617, -0.527249276638031, 0.5246015191078186, 0.6221659779548645, 0.08898378908634186, -0.602977991104126, 0.5406581163406372, -0.6355277299880981, 0.41882020235061646, 0.4100717008113861, -0.549314558506012, 0.6505650281906128, -0.531186580657959, -0.4050583243370056, 0.5869792103767395, -0.2551219165325165, 0.664402186870575, 0.6554560661315918, 0.662436306476593, -0.5796613693237305, 0.5141546726226807, 0.3019668757915497, -0.48184067010879517, 0.493872731924057, -0.3945644497871399, 0.08074605464935303, -0.25824257731437683, 0.28464823961257935, -0.5154941082000732, -0.605902910232544, -0.5846407413482666, -0.5699619054794312, -0.08531773090362549, -0.626727283000946, -0.01318686455488205, -0.06336662173271179, 0.4811282157897949, 0.5040503740310669, 0.2700248658657074, 0.5995159149169922, -0.04601750150322914, -0.4914186894893646, -0.219260573387146, 0.3170076012611389, -0.43156498670578003, 0.6051761507987976, -0.7021921873092651, -0.5501999258995056, 0.41716063022613525, -0.1160438284277916, -0.10989423096179962, -0.5316312313079834, -0.3059837818145752, -0.3540050983428955]
