sample name: ['Cc1ccc(CCNC(=O)NCCc2csc(N3CCCC3)n2)c(C)c1']
atom_index,distance,cosine_similarity
0,-0.97138427734375,0.1418229676783085
1,-0.67281494140625,0.07001260183751583
2,-0.019798583984375,-0.017508748890832065
3,-0.46205078125,0.10541121568530798
4,-0.1342333984375,0.03158827800303698
5,0.4675390625,-0.035137147903442384
6,0.074564208984375,-0.03680071223527193
7,-1.266229248046875,0.11181845931336283
8,-0.311617431640625,0.0299701370857656
9,-1.92559326171875,0.20455363370478152
10,0.570880126953125,-0.019843518137931823
11,-1.166336669921875,0.1305990843847394
12,-0.517791748046875,0.09447392577305436
13,-0.803037109375,0.0457334404066205
14,-1.14903564453125,0.09494492718949914
15,-0.108360595703125,0.0005475297570228576
16,0.5093017578125,-0.019218999966979025
17,-0.705933837890625,0.06204659011214972
18,-0.837161865234375,0.06638215001672507

Sum of phi values for distance
-9.429094238281248
Sum of phi values for cosine similarity
1.0613958138134332
Average distance random samples:
14.346223355845401
Average cosine similarity random samples:
0.06793874901670374
Distances random samples
[10.515920639038086, 16.85382652282715, 12.807367324829102, 10.981294631958008, 22.590349197387695, 15.660870552062988, 15.082777976989746, 16.601207733154297, 18.041471481323242, 9.277460098266602, 11.98070240020752, 19.514110565185547, 17.391693115234375, 9.53037166595459, 16.684371948242188, 6.369925022125244, 18.60829734802246, 12.34636402130127, 16.85910987854004, 11.58702564239502, 18.879236221313477, 18.34961700439453, 20.108234405517578, 10.430273056030273, 21.111000061035156, 20.126964569091797, 9.458174705505371, 10.970592498779297, 7.542917251586914, 14.60286808013916, 10.739178657531738, 18.25572967529297, 13.243582725524902, 7.596372127532959, 8.012343406677246, 10.826028823852539, 9.354124069213867, 20.508737564086914, 17.789093017578125, 17.99597930908203, 9.196504592895508, 14.942569732666016, 10.00864315032959, 19.526424407958984, 9.910588264465332, 8.326767921447754, 17.637956619262695, 17.83639907836914, 15.311431884765625, 18.628360748291016, 17.721792221069336, 15.924575805664062, 10.646028518676758, 10.082271575927734, 19.59947395324707, 9.215643882751465, 14.260128021240234, 10.293880462646484, 9.656965255737305, 19.811094284057617, 10.671338081359863, 13.502938270568848, 17.97064781188965, 19.36189079284668, 19.842512130737305, 12.238856315612793, 11.530965805053711, 18.665721893310547, 19.7908992767334, 8.188760757446289, 16.173826217651367, 19.85740852355957, 14.563518524169922, 14.308143615722656, 15.092473983764648, 10.077089309692383, 11.859541893005371, 15.045882225036621, 11.811225891113281, 15.938313484191895, 10.976754188537598, 16.844308853149414, 14.424967765808105, 20.631393432617188, 19.47983741760254, 20.101991653442383, 16.640043258666992, 16.66429328918457, 20.924217224121094, 21.268484115600586, 9.433319091796875, 11.793664932250977, 20.2188663482666, 19.868520736694336, 8.682531356811523, 11.160343170166016, 16.887067794799805, 10.012312889099121, 15.539716720581055, 22.19390296936035, 10.323101997375488, 13.92475414276123, 15.355927467346191, 17.352249145507812, 10.389426231384277, 14.3633394241333, 9.955948829650879, 19.55474281311035, 20.16365623474121, 21.171056747436523, 18.132654190063477, 15.347935676574707, 11.758500099182129, 14.047018051147461, 14.949928283691406, 13.617441177368164, 11.01557445526123, 17.683013916015625, 9.218755722045898, 8.443719863891602, 16.209688186645508, 19.052156448364258, 18.810657501220703, 14.747124671936035, 18.100818634033203, 20.334287643432617, 8.029723167419434, 14.51494026184082, 22.519874572753906, 19.530540466308594, 18.096834182739258, 11.185827255249023, 17.976665496826172, 11.447249412536621, 10.928085327148438, 13.247735023498535, 14.421782493591309, 14.653960227966309, 20.752925872802734, 18.722606658935547, 14.036027908325195, 10.166688919067383, 14.541650772094727, 19.426244735717773, 19.894969940185547, 20.52069664001465, 9.623048782348633, 19.142118453979492, 20.18326759338379, 19.23890495300293, 11.057290077209473, 15.806191444396973, 16.796669006347656, 20.767772674560547, 10.101470947265625, 18.95466423034668, 17.83257293701172, 9.000308990478516, 8.436147689819336, 20.61211395263672, 13.062568664550781, 15.49876880645752, 10.901630401611328, 10.73464298248291, 8.86483097076416, 12.354904174804688, 17.56396484375, 18.242252349853516, 18.730972290039062, 21.048877716064453, 15.859634399414062, 13.750093460083008, 13.792228698730469, 9.437826156616211, 19.563182830810547, 9.058615684509277, 8.243228912353516, 17.740591049194336, 11.72499942779541, 19.504009246826172, 21.07284927368164, 15.610215187072754, 11.471179008483887, 20.04831886291504, 11.429546356201172, 18.621021270751953, 19.781646728515625, 12.862677574157715, 9.142857551574707, 18.429094314575195, 21.019563674926758, 19.78464126586914, 20.463342666625977, 18.05128288269043, 17.247642517089844, 9.099390029907227, 11.405033111572266, 18.643003463745117, 16.42223358154297, 13.992155075073242, 16.140336990356445, 21.003982543945312, 12.636574745178223, 18.990463256835938, 16.880632400512695, 19.14449119567871, 9.261937141418457, 11.643508911132812, 18.326417922973633, 18.76231575012207, 16.62948989868164, 13.190248489379883, 13.672382354736328, 9.347821235656738, 14.04248046875, 18.683591842651367, 13.299017906188965, 19.881994247436523, 11.45836353302002, 8.935544967651367, 10.594178199768066, 14.811104774475098, 18.636159896850586, 18.08942985534668, 11.106449127197266, 13.78248119354248, 9.634605407714844, 11.388923645019531, 15.43057632446289, 11.900506973266602, 12.979056358337402, 19.34087371826172, 8.713927268981934, 16.247852325439453, 17.311946868896484, 16.863622665405273, 11.778118133544922, 13.891986846923828, 11.527624130249023, 17.316455841064453, 21.476930618286133, 18.039188385009766, 12.407953262329102, 13.579839706420898, 20.141788482666016, 19.598453521728516, 9.902798652648926, 13.554413795471191, 14.513590812683105, 15.058923721313477, 12.973102569580078, 16.230388641357422, 12.002233505249023, 11.900201797485352, 12.910295486450195, 9.897194862365723, 10.3577880859375, 15.515941619873047, 9.14189624786377, 14.044500350952148, 13.443439483642578, 17.468902587890625, 17.60614585876465, 14.454116821289062, 11.702269554138184, 10.145196914672852, 12.775289535522461, 8.74638557434082, 19.048925399780273, 8.759648323059082, 14.766027450561523, 11.633194923400879, 9.37881088256836, 18.085689544677734, 15.089513778686523, 12.628009796142578, 11.731697082519531, 11.885730743408203, 14.947275161743164, 16.313230514526367, 16.68056297302246, 9.444541931152344, 12.660113334655762, 11.70283317565918, 7.613767147064209, 12.773946762084961, 10.865769386291504, 13.15628719329834, 8.010308265686035, 18.460338592529297, 10.290006637573242, 18.507421493530273, 19.60700798034668, 8.798494338989258, 14.084364891052246, 12.465120315551758, 7.622109889984131, 18.759723663330078, 10.846564292907715, 8.239526748657227, 11.3128662109375, 18.50241470336914, 8.726449966430664, 8.849611282348633, 21.20355796813965, 7.358752727508545, 9.203042984008789, 11.838483810424805, 17.76328468322754, 15.225258827209473, 18.774215698242188, 11.465031623840332, 21.278261184692383, 19.922130584716797, 9.909382820129395, 9.009607315063477, 19.8275146484375, 12.360129356384277, 15.510401725769043, 20.45599937438965, 19.0094051361084, 18.76493263244629, 15.604968070983887, 10.693283081054688, 14.022709846496582, 18.539615631103516, 10.409344673156738, 19.809417724609375, 11.17624282836914, 16.211933135986328, 12.545736312866211, 21.76712417602539, 11.780191421508789, 8.844696998596191, 6.79960298538208, 17.241928100585938, 18.590576171875, 13.110361099243164, 15.30606746673584, 16.703737258911133, 21.06372833251953, 11.574226379394531, 19.630285263061523, 18.692092895507812, 20.17304801940918, 17.430999755859375, 16.709989547729492, 14.867244720458984, 17.282604217529297, 19.046476364135742, 10.296086311340332, 8.712061882019043, 11.546262741088867, 9.075905799865723, 14.404988288879395, 21.3983154296875, 21.337785720825195, 14.677735328674316, 9.072866439819336, 17.074962615966797, 18.12998390197754, 19.96091651916504, 9.124323844909668, 7.9053263664245605, 15.911890983581543, 8.992877960205078, 8.873446464538574, 10.363186836242676, 18.444683074951172, 13.448431015014648, 11.038360595703125, 17.95647430419922, 7.990053653717041, 17.053916931152344, 8.400040626525879, 15.091656684875488, 10.239041328430176, 8.656693458557129, 18.138103485107422, 20.457481384277344, 15.482316017150879, 14.08479118347168, 19.678558349609375, 10.757049560546875, 7.620060443878174, 20.78662109375, 19.498262405395508, 15.082256317138672, 18.630733489990234, 9.627903938293457, 15.180537223815918, 19.747573852539062, 8.650643348693848, 10.430253028869629, 16.45362663269043, 20.95634651184082, 7.984907150268555, 8.965327262878418, 15.160539627075195, 10.271151542663574, 15.686644554138184, 10.123067855834961, 14.21451473236084, 11.472872734069824, 13.431211471557617, 15.220352172851562, 20.081199645996094, 10.421308517456055, 18.622013092041016, 10.04937744140625, 8.986515998840332, 9.280550003051758, 21.060443878173828, 17.869089126586914, 8.876781463623047, 17.416549682617188, 8.965096473693848, 12.905725479125977, 16.00265121459961, 18.914554595947266, 20.840740203857422, 8.751827239990234, 17.788009643554688, 10.345712661743164, 10.754223823547363, 10.236854553222656, 7.894386291503906, 10.47860050201416, 10.308289527893066, 18.23174285888672, 12.51406478881836, 13.884357452392578, 10.409442901611328, 21.70809555053711, 18.103925704956055, 10.172319412231445, 17.701641082763672, 9.271714210510254, 14.73766803741455, 17.26729965209961, 9.022778511047363, 21.15114974975586, 11.964637756347656, 9.46664047241211, 7.41514253616333, 11.91283893585205, 11.323029518127441, 19.569440841674805, 8.102330207824707, 9.601998329162598, 14.16635513305664, 12.08236026763916, 18.97199821472168, 9.10312557220459, 8.877273559570312, 16.125818252563477, 19.071439743041992, 11.583196640014648, 11.537237167358398, 21.651432037353516, 8.079771041870117, 15.241742134094238, 10.345528602600098, 17.232858657836914, 22.486135482788086, 6.867486476898193, 14.738958358764648, 18.928817749023438, 13.313939094543457, 16.6555233001709, 20.27303695678711, 9.351751327514648, 11.88444995880127, 17.675092697143555, 20.92103385925293, 20.719247817993164, 8.316636085510254, 8.855143547058105, 12.085354804992676, 16.629695892333984, 9.04479694366455, 17.561161041259766, 17.535282135009766, 14.824688911437988, 11.845072746276855, 12.976318359375, 12.486319541931152, 13.964366912841797, 17.136837005615234, 10.562028884887695, 13.188188552856445, 10.890738487243652, 20.849260330200195, 15.353355407714844, 9.140328407287598, 9.552074432373047, 15.579875946044922, 9.22617244720459, 19.32764434814453, 13.944668769836426, 21.230016708374023, 19.289997100830078, 7.594106197357178, 11.35977840423584, 10.958906173706055, 13.400172233581543, 9.310212135314941, 11.180829048156738, 10.453341484069824, 19.462987899780273, 18.832780838012695, 15.132678031921387, 16.577133178710938, 8.616933822631836, 10.801493644714355, 13.521185874938965, 13.315402030944824, 15.207087516784668, 13.777229309082031, 19.82548713684082, 20.703601837158203, 19.851016998291016, 18.889263153076172, 9.557440757751465, 10.412580490112305, 18.454721450805664, 14.673603057861328, 18.217443466186523, 21.040374755859375, 16.726537704467773, 8.460896492004395, 18.70691680908203, 9.326104164123535, 18.037382125854492, 13.061758995056152, 18.171598434448242, 7.863110542297363, 10.677114486694336, 15.547561645507812, 8.735742568969727, 15.192177772521973, 17.199567794799805, 19.73084831237793, 10.289422035217285, 16.2111759185791, 16.401357650756836, 18.985836029052734, 14.553301811218262, 12.219476699829102, 13.910940170288086, 19.465869903564453, 19.653573989868164, 13.936029434204102, 19.00485610961914, 9.706463813781738, 15.757200241088867, 19.533414840698242, 21.506444931030273, 10.029143333435059, 15.1225004196167, 11.195762634277344, 19.180559158325195, 10.229267120361328, 11.640162467956543, 10.80343246459961, 19.5203857421875, 19.848421096801758, 11.282743453979492, 9.934566497802734, 18.298248291015625, 10.394796371459961, 17.273983001708984, 21.52150535583496, 9.119009017944336, 13.459124565124512, 12.396904945373535, 12.389588356018066, 13.679710388183594, 20.137237548828125, 9.054557800292969, 9.69153118133545, 17.514883041381836, 8.532551765441895, 10.840752601623535, 9.289146423339844, 14.241781234741211, 11.916655540466309, 10.371004104614258, 7.460362911224365, 21.103839874267578, 10.045373916625977, 19.16522979736328, 8.517784118652344, 11.567656517028809, 15.570874214172363, 14.253692626953125, 19.245519638061523, 10.179614067077637, 19.809097290039062, 9.477224349975586, 18.127805709838867, 18.141403198242188, 8.903616905212402, 12.302708625793457, 9.16263484954834, 8.454580307006836, 20.07431411743164, 18.591577529907227, 15.709396362304688, 19.364225387573242, 18.628110885620117, 19.893526077270508, 14.831541061401367, 21.29443359375, 17.164453506469727, 13.00661849975586, 14.775273323059082, 17.685256958007812, 8.775242805480957, 9.050773620605469, 15.55551528930664, 13.05948257446289, 15.747920989990234, 15.23044204711914, 17.319978713989258, 9.719298362731934, 11.41040325164795, 22.7992000579834, 9.750052452087402, 16.390480041503906, 8.08377742767334, 10.610998153686523, 17.17612075805664, 20.20418930053711, 12.31835651397705, 20.370906829833984, 14.348129272460938, 19.711772918701172, 9.429423332214355, 13.251578330993652, 11.877653121948242, 21.28801727294922, 9.759119033813477, 17.662139892578125, 12.54982852935791, 7.366674423217773, 20.763587951660156, 13.616363525390625, 18.067861557006836, 18.496713638305664, 14.863017082214355, 14.755735397338867, 10.485940933227539, 10.958322525024414, 19.775699615478516, 21.487586975097656, 11.136191368103027, 17.938995361328125, 10.872523307800293, 19.990530014038086, 9.259469032287598, 12.862654685974121, 11.260641098022461, 11.197901725769043, 11.974785804748535, 19.814424514770508, 17.518962860107422, 16.838972091674805, 11.80647087097168, 14.390636444091797, 17.88939094543457, 10.999788284301758, 15.03321647644043, 8.585015296936035, 9.71887493133545, 8.829039573669434, 10.30319881439209, 19.236021041870117, 14.161773681640625, 19.483592987060547, 8.806591033935547, 13.128122329711914, 20.079105377197266, 19.009986877441406, 21.43267059326172, 12.478921890258789, 10.630463600158691, 11.803579330444336, 19.13579750061035, 20.27469825744629, 10.87104320526123, 14.932700157165527, 19.158946990966797, 16.645105361938477, 11.883463859558105, 19.558963775634766, 17.995798110961914, 19.360836029052734, 7.15527868270874, 14.793558120727539, 9.240880012512207, 14.397392272949219, 16.575326919555664, 14.852824211120605, 7.792735576629639, 7.341687202453613, 18.399320602416992, 13.543832778930664, 13.075730323791504, 13.562209129333496, 19.46363067626953, 10.955204010009766, 8.432214736938477, 8.22671127319336, 10.466376304626465, 18.63928985595703, 10.633259773254395, 10.963135719299316, 14.256698608398438, 11.909263610839844, 21.352195739746094, 8.586536407470703, 18.05371856689453, 19.94853973388672, 14.156828880310059, 13.075782775878906, 21.064695358276367, 11.40415096282959, 15.664999008178711, 14.728732109069824, 18.70754623413086, 11.05930233001709, 12.836223602294922, 10.445199012756348, 7.520916938781738, 18.06502342224121, 9.267793655395508, 19.665218353271484, 20.48113441467285, 16.12915802001953, 15.513175964355469, 10.191978454589844, 8.3646240234375, 16.789670944213867, 13.926353454589844, 10.074999809265137, 19.712684631347656, 9.470085144042969, 18.42745018005371, 9.78128719329834, 11.747177124023438, 17.386093139648438, 15.917915344238281, 12.561190605163574, 17.201318740844727, 19.75290298461914, 19.81787109375, 18.82221221923828, 8.915990829467773, 13.065387725830078, 6.116612434387207, 19.557523727416992, 18.694351196289062, 10.83252239227295, 15.654600143432617, 23.15541648864746, 7.984455585479736, 20.5631046295166, 11.992025375366211, 12.146197319030762, 13.593538284301758, 9.903376579284668, 9.331938743591309, 13.131948471069336, 19.925830841064453, 10.420692443847656, 7.678833961486816, 10.075119018554688, 9.864828109741211, 13.65286922454834, 20.12356185913086, 7.005558013916016, 9.737032890319824, 21.283842086791992, 17.448509216308594, 10.073323249816895, 19.77722930908203, 9.16171646118164, 10.53172779083252, 8.82114315032959, 15.801616668701172, 9.071391105651855, 16.079235076904297, 17.68526840209961, 10.956655502319336, 15.96379280090332, 12.952582359313965, 14.857861518859863, 18.65580177307129, 15.436121940612793, 19.073057174682617, 13.561103820800781, 11.652520179748535, 14.066497802734375, 16.09906005859375, 9.78281021118164, 16.952552795410156, 20.404739379882812, 8.173697471618652, 7.5504302978515625, 18.890317916870117, 14.341708183288574, 19.983190536499023, 19.586841583251953, 12.344950675964355, 13.594788551330566, 11.892383575439453, 17.17452049255371, 19.736478805541992, 11.980834007263184, 12.734329223632812, 18.64508628845215, 22.996479034423828, 13.268020629882812, 14.137654304504395, 11.974197387695312, 18.441022872924805, 9.563770294189453, 11.599751472473145, 19.96583366394043, 17.042531967163086, 7.478851795196533, 10.358158111572266, 10.624361038208008, 11.032691955566406, 10.022994041442871, 17.379331588745117, 19.18930435180664, 7.9115495681762695, 18.83667755126953, 14.06475830078125, 16.30809211730957, 9.543000221252441, 10.638261795043945, 11.040006637573242, 12.067549705505371, 12.617462158203125, 17.8131160736084, 11.456926345825195, 11.149454116821289, 17.242300033569336, 10.567774772644043, 14.436802864074707, 12.143648147583008, 17.260759353637695, 18.492036819458008, 8.137831687927246, 20.330278396606445, 21.92865562438965, 15.343025207519531, 16.96767234802246, 7.011911869049072, 16.2423038482666, 11.387227058410645, 18.23800277709961, 12.940269470214844, 14.728900909423828, 23.054655075073242, 16.264856338500977, 12.294675827026367, 12.16602897644043, 17.07546615600586, 13.51606559753418, 15.944907188415527, 9.8982572555542, 20.503183364868164, 11.59737491607666, 9.042048454284668, 18.522794723510742, 14.678858757019043, 6.335328102111816, 20.159957885742188, 9.83028507232666, 9.43901538848877, 12.388516426086426, 13.421592712402344, 14.573559761047363, 19.214733123779297, 17.727190017700195, 18.498336791992188, 14.71771240234375, 9.334108352661133, 17.885698318481445, 20.045581817626953, 18.749958038330078, 7.248672962188721, 18.39228630065918, 18.031728744506836, 12.069416999816895, 19.004940032958984, 22.449941635131836, 18.340354919433594, 20.090726852416992, 11.46428108215332, 20.09537696838379, 16.719188690185547, 12.279029846191406, 18.809871673583984, 12.324321746826172, 14.914877891540527, 9.17302417755127, 18.381216049194336, 9.029571533203125, 15.618906021118164, 12.084528923034668, 10.07012939453125, 12.507606506347656, 17.403810501098633, 16.676258087158203, 10.645824432373047, 13.03779125213623, 16.39211082458496, 14.245779991149902, 15.120899200439453, 19.820659637451172, 8.435564041137695, 11.888908386230469, 9.388771057128906, 12.78355884552002, 10.910382270812988, 19.31413459777832, 13.040740966796875, 19.261396408081055, 18.13805389404297, 10.054521560668945, 20.385971069335938, 9.868962287902832, 19.15008544921875, 10.56167984008789, 20.17516326904297, 11.360801696777344, 11.72758960723877, 8.568811416625977, 10.64952564239502, 7.682955265045166, 19.05582618713379, 7.6947503089904785, 17.816394805908203, 8.988130569458008, 17.81939125061035, 19.426515579223633, 9.15086555480957, 19.336585998535156, 8.858657836914062, 12.832301139831543, 10.692031860351562, 21.820667266845703, 13.76659870147705, 9.643776893615723, 21.236297607421875, 9.170257568359375, 9.474839210510254, 15.891321182250977, 17.95353889465332, 18.85085678100586, 9.47423267364502, 11.066095352172852, 18.057907104492188, 13.960339546203613, 16.83346176147461, 10.83232593536377, 20.702842712402344, 15.582741737365723, 7.714801788330078, 17.846113204956055, 10.237768173217773, 8.043917655944824, 9.088404655456543, 15.824959754943848, 10.569329261779785, 8.932108879089355, 9.766234397888184, 14.818757057189941, 11.503314971923828, 20.704410552978516, 8.934788703918457, 10.299659729003906, 18.81755256652832, 17.81661605834961, 11.593082427978516, 12.438718795776367, 15.245079040527344, 17.27682113647461, 12.71033000946045, 13.747624397277832, 9.161916732788086, 19.93804168701172, 8.67971420288086, 15.241724967956543, 10.108806610107422, 21.293004989624023, 18.055782318115234, 17.878408432006836, 7.120232105255127, 10.774995803833008, 10.722206115722656, 17.93720054626465, 10.189143180847168, 11.85881233215332, 15.487306594848633, 9.026578903198242, 13.501396179199219, 10.527580261230469, 11.98344612121582, 9.613489151000977, 15.806817054748535, 9.38570499420166, 9.302542686462402, 19.916399002075195, 9.558365821838379, 14.571537017822266, 13.394811630249023, 6.922242164611816, 10.890020370483398, 12.342090606689453, 7.7922515869140625, 7.564135551452637, 7.561048984527588, 17.08785629272461, 10.213118553161621, 9.321893692016602, 9.728727340698242, 7.577427387237549, 17.821491241455078, 19.82794952392578, 17.7049617767334, 10.648722648620605, 18.97426414489746, 12.22057819366455, 19.074527740478516, 13.172139167785645, 17.93718147277832, 12.464911460876465, 10.085436820983887, 8.63107681274414, 8.96039867401123, 12.39863395690918, 9.910144805908203, 8.779772758483887, 9.436568260192871, 13.16810131072998, 8.822968482971191, 10.979264259338379, 16.67481231689453, 10.598499298095703, 20.231456756591797, 19.155181884765625, 12.305551528930664, 11.597990989685059, 16.809656143188477, 19.67782211303711, 10.103297233581543, 18.165081024169922, 8.210400581359863, 15.105045318603516, 7.992323398590088, 19.883974075317383, 9.061988830566406, 9.124889373779297, 12.756414413452148, 17.125858306884766, 16.01109504699707, 19.765846252441406, 14.3364896774292, 8.975095748901367, 8.72976016998291, 16.061595916748047, 10.64942741394043, 19.415067672729492, 20.5142879486084, 10.90597915649414, 11.170598030090332, 10.275469779968262, 15.704384803771973, 10.756765365600586, 11.152687072753906, 9.08863353729248, 10.146981239318848, 20.030654907226562, 19.250940322875977, 10.66431713104248, 11.513659477233887, 13.098467826843262, 8.749984741210938, 20.188486099243164, 16.691192626953125, 14.590553283691406, 20.501985549926758, 8.979826927185059, 9.822907447814941, 19.186540603637695, 9.745397567749023, 11.559962272644043, 11.959859848022461, 16.28129005432129, 8.830345153808594, 11.962381362915039, 9.296070098876953, 13.4852294921875, 20.894227981567383, 9.96644115447998, 19.288049697875977, 8.37977123260498, 16.043256759643555, 13.460641860961914, 18.41197395324707, 11.945481300354004, 18.947059631347656, 21.964269638061523, 12.802779197692871, 21.569379806518555, 9.69449520111084, 21.997343063354492, 19.045177459716797, 9.501479148864746, 17.991077423095703, 12.68492603302002, 14.000101089477539, 8.635696411132812, 12.688566207885742, 18.28916358947754, 18.533512115478516, 7.999326705932617, 11.369401931762695, 19.20404624938965, 9.764389038085938, 9.600549697875977, 17.61376953125, 15.466404914855957, 10.1896333694458, 18.1000919342041, 21.988975524902344, 10.41584587097168, 21.169153213500977, 10.096063613891602, 10.605834007263184, 13.829834938049316, 8.805891036987305, 8.855507850646973, 9.21071720123291, 7.687991142272949, 18.660144805908203, 7.719052314758301, 16.106971740722656, 18.443695068359375, 17.002548217773438, 8.868465423583984, 18.70664405822754, 21.185152053833008, 18.099651336669922, 14.687496185302734, 17.570789337158203, 9.0769624710083, 10.828678131103516, 10.990195274353027, 20.00905418395996, 12.436766624450684, 10.537261962890625, 10.24272346496582, 19.684982299804688, 19.02042579650879, 9.084370613098145, 18.92563819885254, 18.96101188659668, 12.250231742858887, 12.934158325195312, 9.519989967346191, 10.561004638671875, 20.21649169921875, 19.3067569732666, 11.139049530029297, 19.61102294921875, 10.039852142333984, 10.805593490600586, 19.3453369140625, 12.743268966674805, 17.394563674926758, 20.206573486328125, 19.604158401489258, 12.224044799804688, 16.37024688720703, 18.361513137817383, 20.446805953979492, 9.782439231872559, 17.393020629882812, 7.672764301300049, 17.01340675354004, 17.999101638793945, 9.592510223388672, 18.489595413208008, 9.389653205871582, 21.255352020263672, 14.369175910949707, 10.824847221374512, 17.05255889892578, 18.02310562133789, 11.714686393737793, 12.795440673828125, 13.564837455749512, 9.376145362854004, 15.790528297424316, 10.505245208740234, 14.086012840270996, 14.011797904968262, 10.059410095214844, 12.094118118286133, 14.433746337890625, 11.491272926330566, 13.745271682739258, 11.277998924255371, 13.060309410095215, 18.46772003173828, 18.07064437866211, 14.620390892028809, 15.186942100524902, 13.84660530090332, 17.310047149658203, 17.45789909362793, 19.74897575378418, 7.825169086456299, 7.6629719734191895, 14.32608699798584, 11.982015609741211, 12.950055122375488, 17.91672134399414, 8.986496925354004, 18.216793060302734, 14.467575073242188, 21.597108840942383, 21.657573699951172, 8.479277610778809, 8.454049110412598, 20.52350425720215, 21.280359268188477, 13.770869255065918, 16.621126174926758, 11.1120023727417, 19.091398239135742, 8.609809875488281, 8.147150993347168, 19.083066940307617, 11.114066123962402, 13.806706428527832, 16.66654396057129, 17.414140701293945, 14.855018615722656, 18.69057846069336, 13.014219284057617, 18.237144470214844, 10.05998706817627, 7.725944519042969, 8.667608261108398, 9.262682914733887, 13.967937469482422, 16.580787658691406, 12.544021606445312, 16.517290115356445, 11.992486953735352, 19.171846389770508, 15.91099739074707, 18.63742446899414, 14.433384895324707, 14.643940925598145, 11.494462013244629, 16.78582191467285, 9.374213218688965, 17.86343765258789, 19.22869110107422, 11.136731147766113, 9.95670223236084, 15.816154479980469, 8.88002872467041, 18.44717025756836, 18.621370315551758, 18.21099853515625, 17.560874938964844, 8.792350769042969, 15.32772159576416, 19.985044479370117, 10.691500663757324, 8.613139152526855, 18.31355094909668, 18.74913787841797, 17.756546020507812, 14.909798622131348, 20.91787338256836, 18.770954132080078, 8.48139762878418, 11.013832092285156, 18.60114288330078, 13.564047813415527, 8.952183723449707, 13.284455299377441, 20.434040069580078, 12.591435432434082, 20.81325340270996, 9.22152042388916, 19.594314575195312, 21.109262466430664, 11.607476234436035, 16.132535934448242, 9.819356918334961, 20.027677536010742, 18.68668556213379, 21.434507369995117, 9.793259620666504, 16.49516487121582, 12.712209701538086, 7.447565078735352, 15.493423461914062, 19.026491165161133, 9.154448509216309, 15.5161771774292, 19.914806365966797, 19.698040008544922, 14.683683395385742, 16.837949752807617, 17.955371856689453, 12.57278823852539, 16.806781768798828, 11.602581977844238, 14.420580863952637, 9.43105411529541, 20.490365982055664, 10.547065734863281, 20.690242767333984, 12.829395294189453, 13.752902030944824, 19.63747215270996, 12.978742599487305, 17.126903533935547, 15.60141372680664, 11.488489151000977, 15.793224334716797, 17.98511505126953, 16.9446964263916, 20.806272506713867, 12.317768096923828, 18.990161895751953, 21.227294921875, 19.89838409423828, 13.894060134887695, 7.442665100097656, 21.644895553588867, 18.914213180541992, 20.259233474731445, 18.91551399230957, 9.985937118530273, 22.058956146240234, 10.555168151855469, 8.016426086425781, 20.439516067504883, 16.581558227539062, 9.57024097442627, 19.4545955657959, 13.070931434631348, 14.538980484008789, 12.646227836608887, 20.730913162231445, 11.485124588012695, 19.60346794128418, 14.878607749938965, 16.67560386657715, 19.3326473236084, 19.082263946533203, 15.530784606933594, 14.714811325073242, 17.17559814453125, 16.50387191772461, 14.063976287841797, 16.767314910888672, 12.50444221496582, 7.626971244812012, 15.112488746643066, 17.485387802124023, 16.228384017944336, 14.923453330993652, 8.837360382080078, 11.866782188415527, 13.309231758117676, 8.427109718322754, 7.384929656982422, 8.58560848236084, 17.160043716430664, 9.708601951599121, 14.07143783569336, 17.202083587646484, 10.973180770874023, 17.193647384643555, 8.129287719726562, 16.93561363220215, 18.898263931274414, 20.25876808166504, 11.371922492980957, 11.532693862915039, 20.305208206176758, 16.1008243560791, 20.465316772460938, 10.627955436706543, 27.01149559020996, 17.50608253479004, 18.74645233154297, 9.863386154174805, 9.788557052612305, 9.627861976623535, 19.797121047973633, 20.204288482666016, 9.088580131530762, 18.6134090423584, 17.40935707092285, 9.628040313720703, 20.125099182128906, 11.738425254821777, 18.836994171142578, 22.819406509399414, 21.793670654296875, 9.000699996948242, 7.88114595413208, 14.126565933227539, 15.4144868850708, 8.954773902893066, 12.40688705444336, 9.136869430541992, 15.08095932006836, 10.275520324707031, 13.85813045501709, 8.94139289855957, 21.443361282348633, 12.417985916137695, 20.543413162231445, 9.736398696899414, 22.808048248291016, 17.6839599609375, 9.414655685424805, 19.630474090576172, 20.163894653320312, 9.71777057647705, 19.501239776611328, 10.75499439239502, 18.568117141723633, 8.602519035339355, 9.859169006347656, 20.291868209838867, 11.134822845458984, 19.273767471313477, 8.695843696594238, 14.56355094909668, 20.508380889892578, 11.547658920288086, 8.836153984069824, 13.236572265625, 16.237058639526367, 12.67508602142334, 9.66312313079834, 15.669474601745605, 20.3862361907959, 8.221500396728516, 16.352294921875, 19.802318572998047, 10.050437927246094, 12.026034355163574, 20.258865356445312, 14.679682731628418, 7.739500045776367, 12.043951034545898, 9.222321510314941, 18.908220291137695, 11.445404052734375, 12.970357894897461, 15.918509483337402, 8.690789222717285, 13.224939346313477, 17.52931785583496, 20.00551986694336, 9.257590293884277, 13.65491771697998, 20.007246017456055, 11.843809127807617, 10.51309871673584, 20.5354061126709, 19.44194793701172, 19.06569480895996, 14.740094184875488, 10.543309211730957, 9.743024826049805, 12.121184349060059, 17.94243621826172, 10.172112464904785, 11.501646995544434, 10.38650894165039, 9.996164321899414, 11.967289924621582, 8.596233367919922, 18.4500675201416, 16.578651428222656, 8.495232582092285, 17.757780075073242, 11.643980979919434, 10.37873363494873, 21.668766021728516, 12.062162399291992, 11.977217674255371, 8.872798919677734, 7.047961235046387, 14.192715644836426, 15.131659507751465, 7.697079181671143, 18.040254592895508, 15.129680633544922, 21.258859634399414, 14.09311294555664, 15.191227912902832, 16.97958755493164, 19.703161239624023, 8.147313117980957, 14.828673362731934, 14.250516891479492, 10.651571273803711, 19.410024642944336, 18.49928092956543, 11.42579174041748, 8.17813491821289, 11.258261680603027, 20.506229400634766, 10.67611312866211, 11.488853454589844, 12.051838874816895, 12.196184158325195, 14.862640380859375, 18.221057891845703, 13.045845031738281, 13.529613494873047, 8.496254920959473, 13.828348159790039, 8.160672187805176, 12.74980640411377, 11.639339447021484, 9.589198112487793, 11.801132202148438, 18.730634689331055, 12.253826141357422, 18.227764129638672, 15.792373657226562, 11.053511619567871, 19.724212646484375, 19.12140464782715, 10.82832145690918, 20.29465103149414, 9.924708366394043, 21.04430389404297, 10.788901329040527, 7.7868194580078125, 18.007957458496094, 9.913846969604492, 18.357730865478516, 9.902497291564941, 14.69691276550293, 7.702451705932617, 18.579936981201172, 21.366594314575195, 18.291831970214844, 16.79498863220215, 12.182537078857422, 8.682585716247559, 18.78118324279785, 15.512757301330566, 10.63698959350586, 19.54674530029297, 7.337942123413086, 9.43403434753418, 10.198713302612305, 10.424063682556152, 21.230688095092773, 9.324068069458008, 18.75922966003418, 15.186710357666016, 9.553945541381836, 11.296186447143555, 15.822614669799805, 21.531095504760742, 17.226886749267578, 16.35423469543457, 20.1653995513916, 10.926865577697754, 19.353212356567383, 19.12557029724121, 9.312122344970703, 17.842491149902344, 15.421783447265625, 12.58956241607666, 12.796592712402344, 18.105480194091797, 10.909894943237305, 13.072884559631348, 12.212194442749023, 19.840442657470703, 7.150694847106934, 7.947638988494873, 19.426050186157227, 14.526455879211426, 9.779810905456543, 14.151788711547852, 16.968891143798828, 9.572283744812012, 15.290849685668945, 13.091629981994629, 10.567840576171875, 14.715043067932129, 15.022136688232422, 11.772562980651855, 17.50909423828125, 11.216909408569336, 15.789841651916504, 8.356886863708496, 10.2946138381958, 7.543966770172119, 8.235333442687988, 10.999809265136719, 18.105148315429688, 11.26865291595459, 9.611720085144043, 11.06710147857666, 18.8143367767334, 18.219478607177734, 18.64458656311035, 11.505268096923828, 8.140246391296387, 18.619121551513672, 13.793044090270996, 29.0245361328125, 12.510944366455078, 11.9259672164917, 23.211946487426758, 20.493467330932617, 18.90996551513672, 22.90557098388672, 22.101341247558594, 9.004107475280762, 7.885771751403809, 20.94955062866211, 15.516190528869629, 9.622527122497559, 11.736703872680664, 7.953078269958496, 19.468673706054688, 7.247638702392578, 19.98998260498047, 19.129926681518555, 15.62841510772705, 19.235755920410156, 7.373500347137451, 20.274322509765625, 14.543200492858887, 16.3692626953125, 14.90346622467041, 9.04045295715332, 18.241146087646484, 21.11653709411621, 17.849010467529297, 10.60849666595459, 7.932932376861572, 10.263680458068848, 15.544299125671387, 8.111475944519043, 8.57180118560791, 10.49412727355957, 10.120491981506348, 16.87439727783203, 18.98804473876953, 9.797242164611816, 12.473567008972168, 14.28781795501709, 11.941330909729004, 15.168456077575684, 7.930189609527588, 13.28183364868164, 10.5748872756958, 8.575048446655273, 13.639283180236816, 10.498544692993164, 8.645556449890137, 17.657855987548828, 11.905166625976562, 20.30967903137207, 17.170265197753906, 15.613146781921387, 11.026845932006836, 8.075897216796875, 10.257331848144531, 16.13235092163086, 7.428976535797119, 15.216484069824219, 12.175918579101562, 18.852977752685547, 10.312314987182617, 12.681001663208008, 12.713438987731934, 21.660429000854492, 10.767740249633789, 17.927387237548828, 12.817181587219238, 19.701717376708984, 20.05730438232422, 14.48979377746582, 7.819859981536865, 20.186233520507812, 13.778566360473633, 21.35188865661621, 11.270604133605957, 12.040699005126953, 8.779250144958496, 20.89519691467285, 12.858159065246582, 14.83700180053711, 21.200298309326172, 12.42968463897705, 19.511186599731445, 16.425058364868164, 16.06113052368164, 10.30694580078125, 9.968595504760742, 20.16385269165039, 13.542365074157715, 12.1373872756958, 17.04886817932129, 11.458900451660156, 19.169185638427734, 9.697327613830566, 18.52347183227539, 21.76399803161621, 11.746946334838867, 13.352059364318848, 8.566731452941895, 10.062122344970703, 15.69605827331543, 13.75690746307373, 15.49879264831543, 9.157708168029785, 12.987383842468262, 13.910603523254395, 9.0202054977417, 21.983169555664062, 11.880918502807617, 20.0839900970459, 8.76401138305664, 21.06117820739746, 19.830368041992188, 19.63286781311035, 11.481800079345703, 14.814786911010742, 22.828195571899414, 15.12380313873291, 15.380634307861328, 10.374368667602539, 10.438860893249512, 19.415578842163086, 14.440585136413574, 12.198250770568848, 14.71084213256836, 14.321796417236328, 15.84766960144043, 19.017845153808594, 9.924224853515625, 18.50347137451172, 11.041823387145996, 10.46064281463623, 8.436700820922852, 20.2008113861084, 17.780513763427734, 9.456780433654785, 7.4092230796813965, 20.08647918701172, 12.628527641296387, 21.77088737487793, 19.434186935424805, 16.17742156982422, 13.892050743103027, 18.3106632232666, 12.225692749023438, 9.996758460998535, 17.142553329467773, 12.165979385375977, 10.619710922241211, 14.29118824005127, 11.68743896484375, 11.6046724319458, 15.494674682617188, 11.61629581451416, 19.130098342895508, 10.561935424804688, 15.897919654846191, 8.953094482421875, 10.690126419067383, 11.371047019958496, 17.23154640197754, 16.290494918823242, 11.099444389343262, 11.523270606994629, 13.567696571350098, 18.031648635864258, 19.668941497802734, 20.66619300842285, 11.168891906738281, 6.495182514190674, 12.010905265808105, 11.800716400146484, 17.328556060791016, 16.76067352294922, 14.363141059875488, 11.44795036315918, 11.97154712677002, 16.74452018737793, 17.504491806030273, 13.162739753723145, 18.131114959716797, 21.52048683166504, 21.117107391357422, 20.509817123413086, 19.991369247436523, 8.500353813171387, 12.283035278320312, 18.686891555786133, 13.31316089630127, 19.427019119262695, 11.060843467712402, 20.562782287597656, 17.2391300201416, 14.753307342529297, 20.06874656677246, 19.863630294799805, 17.315645217895508, 12.763258934020996, 14.696170806884766, 20.025279998779297, 18.458934783935547, 8.799511909484863, 11.472393035888672, 9.057039260864258, 20.084365844726562, 20.24494171142578, 8.339284896850586, 11.53936767578125, 18.206174850463867, 19.495832443237305, 14.269556999206543, 19.216903686523438, 10.433313369750977, 6.832047939300537, 8.721994400024414, 18.246564865112305, 12.536707878112793, 17.94447135925293, 9.810042381286621, 7.927636623382568, 18.611692428588867, 9.320501327514648, 8.415783882141113, 16.335641860961914, 11.513368606567383, 21.273334503173828, 9.823612213134766, 20.001876831054688, 18.010906219482422, 7.573489665985107, 14.299455642700195, 11.515398025512695, 9.736844062805176, 10.447027206420898, 13.667559623718262, 21.77798843383789, 11.693192481994629, 12.570646286010742, 9.172465324401855, 12.802643775939941, 16.338647842407227, 17.740177154541016, 19.803298950195312, 12.063529968261719, 10.616467475891113, 10.73288631439209, 19.329946517944336, 12.196211814880371, 13.335436820983887, 19.377864837646484, 31.652250289916992, 18.891887664794922, 15.743193626403809, 10.84432601928711, 8.026275634765625, 11.918521881103516]
Cosines similarity random samples
[0.5258857011795044, -0.03629673272371292, 0.3001548647880554, 0.35661375522613525, -0.745071291923523, -0.14110398292541504, -0.005941998213529587, -0.0230364091694355, -0.3189169466495514, 0.5967192649841309, 0.42685139179229736, -0.6558587551116943, -0.3240721821784973, 0.5622704029083252, -0.35838648676872253, 0.8273127675056458, -0.2350045144557953, 0.493793785572052, -0.3038150668144226, 0.2946314811706543, -0.5799727439880371, -0.5238725543022156, -0.6338465213775635, 0.6171391010284424, -0.6982852220535278, -0.7310707569122314, 0.5933895111083984, 0.4796544313430786, 0.7627644538879395, 0.09086437523365021, 0.4599280059337616, -0.17287734150886536, 0.38049423694610596, 0.7647801041603088, 0.7075518369674683, 0.47430577874183655, 0.6886317729949951, -0.49912455677986145, -0.3477672040462494, -0.3329031765460968, 0.6625843048095703, 0.01739117130637169, 0.5100947022438049, -0.5184499025344849, 0.5886464715003967, 0.6972509622573853, -0.48049187660217285, -0.4684208035469055, 0.07742681354284286, -0.5746749043464661, -0.3665273189544678, -0.3291468024253845, 0.44430088996887207, 0.5892510414123535, -0.6239614486694336, 0.621489942073822, 0.21307474374771118, 0.5253788232803345, 0.5930763483047485, -0.577560305595398, 0.47723400592803955, 0.3473820686340332, -0.5813393592834473, -0.6129153966903687, -0.7770782709121704, 0.25629544258117676, 0.44368046522140503, -0.5549356937408447, -0.6240843534469604, 0.6979364156723022, -0.25120866298675537, -0.7135342359542847, 0.12753380835056305, 0.2406037151813507, 0.09404408186674118, 0.5691317915916443, 0.3788084387779236, 0.10388515889644623, 0.3575148284435272, 0.06378311663866043, 0.5025531053543091, -0.33795520663261414, 0.00703081488609314, -0.5404456853866577, -0.6464716196060181, -0.512157142162323, -0.33584529161453247, -0.1434365212917328, -0.6962530612945557, -0.7555944323539734, 0.6334118843078613, 0.5147935748100281, -0.4847540855407715, -0.7689392566680908, 0.6532450318336487, 0.45340317487716675, -0.3048754930496216, 0.5282682776451111, 0.1923210471868515, -0.5947666168212891, 0.5691533088684082, 0.08875522762537003, -0.02388593554496765, -0.46928244829177856, 0.4613538384437561, 0.1810169219970703, 0.5156567096710205, -0.6288955211639404, -0.574709415435791, -0.7520512938499451, -0.46027952432632446, 0.08346576243638992, 0.49265700578689575, 0.027026373893022537, 0.05632805824279785, 0.19878226518630981, 0.44015148282051086, -0.19518640637397766, 0.6082926988601685, 0.6745268106460571, -0.005516652017831802, -0.3716089129447937, -0.5095707178115845, -0.022947143763303757, -0.5211039781570435, -0.7405693531036377, 0.7233265042304993, 0.0903327688574791, -0.739750862121582, -0.41984638571739197, -0.626844048500061, 0.3704167306423187, -0.5485087633132935, 0.4294348955154419, 0.44311994314193726, 0.4465985894203186, -0.1321474313735962, 0.09345812350511551, -0.5692549347877502, -0.5448976755142212, 0.18504101037979126, 0.5668619275093079, 0.17578092217445374, -0.4365646243095398, -0.6718735694885254, -0.7256741523742676, 0.6182490587234497, -0.4594232439994812, -0.6265125870704651, -0.6552224159240723, 0.374496728181839, -0.23003947734832764, -0.22382761538028717, -0.7713134288787842, 0.49442073702812195, -0.608606219291687, -0.26553162932395935, 0.6295332908630371, 0.6882678270339966, -0.5946364402770996, 0.05927364528179169, -0.009012741968035698, 0.4588988125324249, 0.48194828629493713, 0.7081056833267212, 0.43324655294418335, -0.340084969997406, -0.6676032543182373, -0.3570592403411865, -0.6768114566802979, -0.133645161986351, -0.013426683843135834, 0.06689566373825073, 0.5517755746841431, -0.4108598530292511, 0.6689040660858154, 0.7119055390357971, -0.07973094284534454, 0.46570390462875366, -0.03917468339204788, -0.6001365780830383, 0.01672940142452717, 0.3875884413719177, -0.48423996567726135, 0.41709691286087036, -0.5171905755996704, -0.5446527004241943, 0.17415262758731842, 0.6040785908699036, -0.5473154187202454, -0.7323399186134338, -0.5982570648193359, -0.4049763083457947, -0.5021783113479614, -0.3442949652671814, 0.6687695980072021, 0.28483086824417114, -0.20189142227172852, 0.14811977744102478, 0.04521937295794487, -0.2914438247680664, -0.547244668006897, 0.21971085667610168, -0.6415722370147705, -0.2901783585548401, -0.5505359172821045, 0.6288162469863892, 0.3738948404788971, -0.4290567636489868, -0.5640263557434082, -0.41766980290412903, 0.09421851485967636, 0.1553814709186554, 0.5931508541107178, 0.04737538844347, -0.5182851552963257, 0.46043509244918823, -0.40116965770721436, 0.3667263686656952, 0.689769983291626, 0.5206378698348999, -0.20672091841697693, -0.5893603563308716, -0.28249624371528625, 0.49480336904525757, 0.27539730072021484, 0.6124244928359985, 0.5480455160140991, 0.09520956873893738, 0.5172914266586304, 0.2120930254459381, -0.4556944966316223, 0.6832398176193237, -0.24306778609752655, -0.5320611000061035, -0.3881085216999054, 0.30377084016799927, -0.17178606986999512, 0.5557423233985901, -0.34757912158966064, -0.7256957292556763, -0.36340808868408203, 0.199124276638031, 0.19575701653957367, -0.471759170293808, -0.6485146284103394, 0.5473116040229797, 0.15628474950790405, 0.11733677983283997, 0.11189742386341095, 0.2386128008365631, 0.022671811282634735, 0.37054339051246643, 0.39549821615219116, 0.16662909090518951, 0.57196044921875, 0.5769214630126953, -0.04564404860138893, 0.6299111247062683, 0.14097943902015686, 0.3194548785686493, -0.4891829788684845, -0.576434850692749, 0.07943358272314072, 0.4068700671195984, 0.6271753907203674, 0.42351192235946655, 0.6347192525863647, -0.05691821128129959, 0.6446020007133484, 0.08417045325040817, 0.4679741859436035, 0.6558403968811035, -0.540596604347229, 0.04583555832505226, 0.10925015807151794, 0.4627636671066284, 0.4129374921321869, 0.02544686570763588, -0.1931510716676712, -0.3853810727596283, 0.6607393026351929, 0.27140337228775024, 0.2653766870498657, 0.7408958673477173, 0.2848406434059143, 0.5241636037826538, 0.22908808290958405, 0.7071071863174438, -0.5505658388137817, 0.41673460602760315, -0.4711763858795166, -0.6248043775558472, 0.6454997062683105, 0.29987308382987976, 0.040684014558792114, 0.7365710735321045, -0.21065601706504822, 0.5512745976448059, 0.7265568375587463, 0.49622970819473267, -0.5527462959289551, 0.6925704479217529, 0.6264811754226685, -0.6180893182754517, 0.786476731300354, 0.5908641219139099, 0.4132942259311676, -0.45303165912628174, -0.28262680768966675, -0.6232417821884155, 0.27760910987854004, -0.6952953934669495, -0.5121176242828369, 0.5318276882171631, 0.6014390587806702, -0.6815527677536011, 0.36441004276275635, 0.1492016613483429, -0.6136618256568909, -0.3396545648574829, -0.5257391929626465, -0.10501106083393097, 0.4344595670700073, -0.17736631631851196, -0.4781952500343323, 0.5213889479637146, -0.7358964681625366, 0.38140666484832764, -0.17800171673297882, 0.25261956453323364, -0.6725562810897827, 0.4024517238140106, 0.6577467918395996, 0.7973368763923645, -0.34968823194503784, -0.5040757656097412, 0.31370025873184204, 0.0025516673922538757, -0.10591170191764832, -0.7320194840431213, 0.44974082708358765, -0.48205339908599854, -0.5136300921440125, -0.6535533666610718, -0.39467185735702515, -0.3064778447151184, 0.011217638850212097, -0.38610386848449707, -0.5565889477729797, 0.5102646350860596, 0.6431393027305603, 0.3697930574417114, 0.631170928478241, 0.015256110578775406, -0.7809683084487915, -0.6704158782958984, 0.0416797399520874, 0.6292620897293091, -0.2692312002182007, -0.22811007499694824, -0.741301417350769, 0.5900623798370361, 0.7569746971130371, -0.205889031291008, 0.6279814839363098, 0.6731333136558533, 0.5076494812965393, -0.3145662844181061, 0.18082308769226074, 0.440916508436203, -0.5379526615142822, 0.706296443939209, -0.37681084871292114, 0.6906200647354126, -0.2485075294971466, 0.48214906454086304, 0.6797618865966797, -0.3399193286895752, -0.560783863067627, -0.011696014553308487, 0.18224740028381348, -0.29030197858810425, 0.5158747434616089, 0.7410780191421509, -0.4596191942691803, -0.6121678352355957, 0.09960776567459106, -0.4878174960613251, 0.6184167861938477, -0.25595706701278687, -0.6725170612335205, 0.6463230848312378, 0.5463725328445435, -0.33589673042297363, -0.5536078214645386, 0.7202275395393372, 0.6568382382392883, -0.3873582184314728, 0.5241703391075134, 0.1804707944393158, 0.5485056638717651, -0.08945231884717941, 0.3863949775695801, 0.2943563461303711, 0.06046286225318909, -0.6523730754852295, 0.5825263261795044, -0.2609741985797882, 0.5401526689529419, 0.6389907002449036, 0.6084375381469727, -0.5957599878311157, -0.5481879711151123, 0.682425856590271, -0.4895879030227661, 0.6604208946228027, 0.20126116275787354, 0.03523834049701691, -0.607570469379425, -0.6572666168212891, 0.6492916345596313, -0.23173163831233978, 0.6058197021484375, 0.4984704852104187, 0.49385038018226624, 0.7148066759109497, 0.48817020654678345, 0.45687633752822876, -0.6041642427444458, 0.3381197154521942, 0.24999582767486572, 0.47877997159957886, -0.7492626309394836, -0.4035666286945343, 0.583984911441803, -0.16781894862651825, 0.5794603824615479, -0.03376367688179016, -0.13443486392498016, 0.6252819299697876, -0.753514289855957, 0.3863750100135803, 0.5955458879470825, 0.7528325915336609, 0.4142071008682251, 0.4274275302886963, -0.4128713607788086, 0.7175272107124329, 0.5523951053619385, 0.2862192988395691, 0.4356687664985657, -0.6517934799194336, 0.6232448816299438, 0.643272876739502, -0.35951492190361023, -0.36761969327926636, 0.40426644682884216, 0.5057076811790466, -0.7607762813568115, 0.699944019317627, -0.035321466624736786, 0.5293028950691223, -0.15943589806556702, -0.6885627508163452, 0.7928847074508667, 0.10665826499462128, -0.2820529043674469, 0.2844710350036621, -0.1826193630695343, -0.6699820160865784, 0.5683602094650269, 0.43595314025878906, -0.2627760171890259, -0.6720514297485352, -0.632521390914917, 0.7211081981658936, 0.662581205368042, 0.20582282543182373, -0.13946253061294556, 0.6239458918571472, -0.4589754343032837, -0.558460533618927, 0.04452493041753769, 0.2222001701593399, 0.36605146527290344, 0.2035040706396103, 0.3292511999607086, 0.03879047930240631, 0.44609206914901733, 0.28883862495422363, 0.42269864678382874, -0.6358808875083923, 0.0832768976688385, 0.645267903804779, 0.656212329864502, -0.10902354121208191, 0.6510117650032043, -0.5431047677993774, 0.33768847584724426, -0.6813451051712036, -0.4470653533935547, 0.7481405735015869, 0.4078736901283264, 0.5102225542068481, 0.34424054622650146, 0.678479790687561, 0.43069207668304443, 0.5487351417541504, -0.508568286895752, -0.6093670725822449, 0.1590164303779602, -0.137747123837471, 0.6758987903594971, 0.5264033079147339, 0.06158969923853874, 0.24146918952465057, 0.1523902714252472, 0.22201010584831238, -0.4152229130268097, -0.6227107048034668, -0.6842511296272278, -0.5651981830596924, 0.622785747051239, 0.5057427883148193, -0.44337040185928345, -0.2228657752275467, -0.32981061935424805, -0.6312726140022278, -0.40171730518341064, 0.6968361735343933, -0.5601757764816284, 0.6040569543838501, -0.2475939393043518, 0.27671945095062256, -0.08416645228862762, 0.7176463007926941, 0.5421625971794128, 0.044552743434906006, 0.6422612071037292, 0.03563052415847778, -0.40214675664901733, -0.6093858480453491, 0.5413360595703125, 0.06582702696323395, -0.12947195768356323, -0.4885454773902893, -0.00039861537516117096, 0.20860698819160461, 0.048730574548244476, -0.5732297897338867, -0.7415800094604492, 0.1479302942752838, -0.35801661014556885, 0.662830114364624, -0.35401660203933716, -0.5567808151245117, -0.6668543815612793, 0.5625542998313904, 0.21391722559928894, 0.5460178852081299, -0.45143431425094604, 0.549223780632019, 0.5505375862121582, 0.618393063545227, -0.5714062452316284, -0.7014186382293701, 0.3912618160247803, 0.5755107998847961, -0.23927894234657288, 0.5939325094223022, -0.19354210793972015, -0.7720378637313843, 0.6518862247467041, 0.45564472675323486, 0.3843667805194855, 0.5167486071586609, 0.3146105408668518, -0.6387499570846558, 0.6589541435241699, 0.6464570760726929, -0.23766332864761353, 0.6987754106521606, 0.5053737163543701, 0.5970751047134399, -0.019197791814804077, 0.4453152120113373, 0.6105315685272217, 0.7673771381378174, -0.39188888669013977, 0.523306667804718, -0.5147144794464111, 0.6671903729438782, 0.22237670421600342, 0.12302704900503159, 0.010759374126791954, -0.47720298171043396, 0.49808090925216675, -0.5752124786376953, 0.5773584246635437, -0.5010805130004883, -0.5720306634902954, 0.634115993976593, 0.19059264659881592, 0.6118378639221191, 0.6837770938873291, -0.628715455532074, -0.5881410241127014, 0.017951086163520813, -0.6720068454742432, -0.6742960214614868, -0.5611358284950256, 0.37457215785980225, -0.7880875468254089, -0.24380967020988464, 0.2693128287792206, 0.07364405691623688, -0.41629859805107117, 0.6838953495025635, 0.6064990758895874, 0.25485384464263916, 0.18085229396820068, -0.23337993025779724, -0.07530741393566132, 0.06407564133405685, 0.514128565788269, 0.4769066572189331, -0.6587902307510376, 0.577034592628479, -0.2816829979419708, 0.6995728015899658, 0.556252121925354, -0.182051882147789, -0.5635080337524414, 0.2411639392375946, -0.6357090473175049, 0.16056741774082184, -0.6330237984657288, 0.6566480398178101, 0.26797154545783997, 0.4544743299484253, -0.7512904405593872, 0.6246447563171387, -0.2488829791545868, 0.4515060782432556, 0.7566707134246826, -0.5815680027008057, 0.3368549644947052, -0.2550240159034729, -0.6246668696403503, 0.20376591384410858, 0.12506631016731262, 0.617125391960144, 0.5048564076423645, -0.3340347111225128, -0.6764000058174133, 0.45970964431762695, -0.36199742555618286, 0.4839079976081848, -0.7102298736572266, 0.6309753656387329, 0.2625987231731415, 0.41797226667404175, 0.48711097240448, 0.4354691207408905, -0.5617225170135498, -0.44884002208709717, -0.4855054020881653, 0.529700517654419, 0.1374695897102356, -0.6215184330940247, 0.4704028367996216, -0.11410561203956604, 0.6697164177894592, 0.5668815970420837, 0.6518359184265137, 0.517201840877533, -0.6107292175292969, 0.31849178671836853, -0.6399238109588623, 0.6554128527641296, 0.3138485550880432, -0.4883965253829956, -0.3343413472175598, -0.6226416826248169, 0.4923079311847687, 0.5415314435958862, 0.27824506163597107, -0.5683270692825317, -0.6476153135299683, 0.463417112827301, -0.08917555958032608, -0.6027981042861938, -0.5423543453216553, 0.38759756088256836, -0.3529092073440552, -0.43083807826042175, -0.44167011976242065, 0.7867472171783447, 0.21020343899726868, 0.6203535795211792, -0.09295038133859634, 0.05753449350595474, -0.0981597900390625, 0.762474536895752, 0.7601242065429688, -0.2986006736755371, 0.10739576071500778, 0.32944706082344055, 0.004298262298107147, -0.6599917411804199, 0.5031349062919617, 0.663219690322876, 0.6903074979782104, 0.5072431564331055, -0.5626981854438782, 0.5278748869895935, 0.5103446245193481, 0.04830840229988098, 0.4512268900871277, -0.37832337617874146, 0.649674654006958, -0.1380581259727478, -0.5422736406326294, 0.08427214622497559, 0.2398504763841629, -0.6837797164916992, 0.4582200050354004, -0.02304772473871708, -0.23926180601119995, -0.39539068937301636, 0.4651767611503601, 0.3057551383972168, 0.48398345708847046, 0.7517331838607788, -0.27364104986190796, 0.6057826280593872, -0.4620622992515564, -0.6133403778076172, -0.11635693162679672, -0.03054209053516388, 0.44919151067733765, 0.6945264935493469, -0.14846190810203552, 0.3653372526168823, 0.5848411321640015, -0.3527555465698242, 0.5802885293960571, -0.6036878824234009, 0.5646182298660278, 0.3814951479434967, -0.10060300678014755, -0.18620729446411133, 0.45956355333328247, -0.16779372096061707, -0.6312779188156128, -0.6316254138946533, -0.6212712526321411, 0.6655505895614624, 0.38254082202911377, 0.8482900261878967, -0.5403493642807007, -0.5130892992019653, 0.528521716594696, 0.1534222811460495, -0.6870447397232056, 0.7221097946166992, -0.4815301299095154, 0.39002370834350586, 0.39767855405807495, 0.3124645948410034, 0.5391296744346619, 0.6036151647567749, 0.4213165044784546, -0.6331121921539307, 0.622035026550293, 0.7365808486938477, 0.5099866986274719, 0.5421851873397827, 0.23671673238277435, -0.7298930883407593, 0.796023964881897, 0.5892733335494995, -0.7065830826759338, -0.49871009588241577, 0.5283535718917847, -0.5913881063461304, 0.6102920770645142, 0.5313108563423157, 0.6381151676177979, -0.04642803966999054, 0.649864673614502, -0.0098123699426651, -0.39057493209838867, 0.6022213697433472, -0.2374495267868042, 0.2892865538597107, -0.1781514436006546, -0.5938565135002136, -0.01840909570455551, -0.6165804266929626, 0.4087856113910675, 0.44349202513694763, -0.039323385804891586, 0.09680099040269852, 0.5850144028663635, -0.1637001931667328, -0.7185489535331726, 0.7074349522590637, 0.7609879970550537, -0.4763834476470947, 0.07772226631641388, -0.4918521046638489, -0.6181317567825317, 0.25288286805152893, 0.2576160430908203, 0.5005308389663696, -0.32961520552635193, -0.5287962555885315, 0.4716441035270691, 0.16713638603687286, -0.42770615220069885, -0.6281800270080566, 0.32850033044815063, 0.2960887551307678, 0.32395219802856445, -0.6000952124595642, 0.6623722910881042, 0.40781888365745544, -0.3623259365558624, -0.1516498476266861, 0.7744530439376831, 0.527266263961792, 0.5462340712547302, 0.5097939372062683, 0.506032407283783, -0.13307316601276398, -0.6113929152488708, 0.7530427575111389, -0.3265645503997803, 0.17328733205795288, 0.07614714652299881, 0.594975471496582, 0.48926350474357605, 0.5079280734062195, 0.5198519229888916, 0.2817552983760834, -0.5141259431838989, 0.3253994584083557, 0.3244568705558777, -0.5785955786705017, 0.5083186626434326, 0.025174494832754135, 0.5555626153945923, -0.24104467034339905, -0.524531900882721, 0.7036413550376892, -0.724159836769104, -0.7316733002662659, -0.019727038219571114, -0.48015886545181274, 0.7920933961868286, -0.024543020874261856, 0.423154354095459, -0.523422122001648, 0.22020886838436127, 0.2063782513141632, -0.7878625988960266, -0.09235194325447083, 0.2930420935153961, 0.3339821398258209, -0.38182759284973145, 0.34287405014038086, 0.10105226933956146, 0.6217658519744873, -0.6132382154464722, 0.44292116165161133, 0.6419629454612732, -0.37587571144104004, 0.2179049849510193, 0.8279881477355957, -0.5694957375526428, 0.6123216152191162, 0.5872368216514587, 0.46161770820617676, 0.30042141675949097, 0.06744438409805298, -0.5357966423034668, -0.46001100540161133, -0.5346510410308838, 0.09579581767320633, 0.6161104440689087, -0.37241095304489136, -0.660535454750061, -0.5127950310707092, 0.7655357718467712, -0.3810219168663025, -0.5700976848602295, 0.37187254428863525, -0.48093852400779724, -0.75787353515625, -0.6187995076179504, -0.633562445640564, 0.49087050557136536, -0.6822454333305359, -0.07944051176309586, 0.22329775989055634, -0.388011634349823, 0.5457941293716431, -0.010148867964744568, 0.6055690050125122, -0.4836827218532562, 0.6608180999755859, -0.04072398692369461, 0.33734744787216187, 0.5810469388961792, 0.2890024781227112, -0.4897506535053253, -0.34430333971977234, 0.5496726632118225, 0.3072577118873596, -0.23374591767787933, -0.1450093686580658, 0.11959619075059891, -0.5664234161376953, 0.7035326957702637, 0.36440229415893555, 0.6752208471298218, 0.3271090090274811, 0.3734776973724365, -0.6035287380218506, 0.08980411291122437, -0.4806196689605713, -0.6713773012161255, 0.5415176153182983, -0.5625399351119995, 0.5648735761642456, -0.38164564967155457, 0.5227134227752686, -0.6334810256958008, 0.47968393564224243, 0.3973177671432495, 0.6795757412910461, 0.5234180688858032, 0.7362043857574463, -0.4914636015892029, 0.7648634910583496, -0.528122067451477, 0.6232603192329407, -0.2812187075614929, -0.5596295595169067, 0.6591873168945312, -0.7311156392097473, 0.6685711145401001, 0.2883157730102539, 0.5253714323043823, -0.70330810546875, 0.13711173832416534, 0.5243818759918213, -0.7397089600563049, 0.5864725112915039, 0.5969406366348267, -0.40562573075294495, -0.5675331354141235, -0.5239388346672058, 0.6002604961395264, 0.3812520503997803, -0.4700176417827606, 0.029725953936576843, -0.2381487786769867, 0.5244900584220886, -0.5960865616798401, 0.23790401220321655, 0.7367769479751587, -0.17994025349617004, 0.5482420325279236, 0.7403541803359985, 0.6598843336105347, -0.2076016217470169, 0.44772496819496155, 0.6655237674713135, 0.6254665851593018, 0.13777956366539001, 0.5146859288215637, -0.7556490898132324, 0.6142289042472839, 0.4777122437953949, -0.5559199452400208, -0.6662576198577881, 0.33645787835121155, 0.3795349597930908, 0.08687862753868103, -0.2642678916454315, 0.16923946142196655, 0.3049789071083069, 0.6077476143836975, -0.6538884043693542, 0.70258629322052, 0.14726704359054565, 0.5769022703170776, -0.6646741628646851, -0.28096258640289307, -0.331521213054657, 0.787212610244751, 0.5043385624885559, 0.40427613258361816, -0.554779052734375, 0.5846901535987854, 0.37010204792022705, -0.04505343362689018, 0.6093159914016724, 0.30649256706237793, 0.6011157035827637, 0.27717193961143494, 0.5760908722877502, -0.02179582417011261, 0.5919283628463745, 0.6183597445487976, -0.6471256613731384, 0.625351071357727, 0.023452311754226685, 0.29879140853881836, 0.7957313060760498, 0.4287336468696594, 0.353956013917923, 0.7341550588607788, 0.7417738437652588, 0.7422475814819336, -0.18790303170681, 0.45274466276168823, 0.7367634177207947, 0.5309610366821289, 0.7428238391876221, -0.4762636423110962, -0.6304956078529358, -0.2880684733390808, 0.37327641248703003, -0.5736343264579773, 0.266878217458725, -0.5727607011795044, 0.3305048644542694, -0.47625336050987244, 0.35014429688453674, 0.5838196873664856, 0.6626594066619873, 0.6379883289337158, 0.2548888921737671, 0.5648543834686279, 0.660483717918396, 0.5641878247261047, 0.31546175479888916, 0.6882440447807312, 0.5574012994766235, -0.19649115204811096, 0.43160998821258545, -0.7109366655349731, -0.6297472715377808, 0.36293482780456543, 0.35549187660217285, -0.2902016341686249, -0.6484978199005127, 0.5084778070449829, -0.2972843647003174, 0.6896570920944214, 0.20439311861991882, 0.7092412710189819, -0.7281011343002319, 0.6243056058883667, 0.6189910769462585, 0.06766477227210999, -0.35440346598625183, -0.1155572310090065, -0.6388092041015625, 0.19549915194511414, 0.6413164734840393, 0.670142412185669, -0.24625539779663086, 0.5147914886474609, -0.7021229863166809, -0.7174537181854248, 0.3236299753189087, 0.5193992853164673, 0.5111205577850342, -0.4309004843235016, 0.4547187089920044, 0.464073121547699, 0.5990840196609497, 0.5568176507949829, -0.2312246710062027, -0.23827576637268066, 0.46927767992019653, 0.4560622572898865, 0.1933305263519287, 0.659866452217102, -0.581052839756012, 0.08970920741558075, 0.005542851984500885, -0.574128270149231, 0.6666254997253418, 0.6099880337715149, -0.636222243309021, 0.6128778457641602, 0.4908476769924164, 0.30654025077819824, 0.20879054069519043, 0.6895931363105774, 0.39338934421539307, 0.630361795425415, -0.04170382022857666, -0.7395910024642944, 0.5822516679763794, -0.592467725276947, 0.6852021217346191, 0.004502110183238983, 0.2782910168170929, -0.48557084798812866, 0.3964138925075531, -0.3339417576789856, -0.6022303104400635, 0.15789979696273804, -0.692562460899353, 0.5794243216514587, -0.7013325095176697, -0.5066974759101868, 0.5904685258865356, -0.5312148332595825, 0.3879687190055847, 0.249879390001297, 0.671157956123352, 0.4310421049594879, -0.6021497249603271, -0.4878789186477661, 0.7298489809036255, 0.46107983589172363, -0.5396013855934143, 0.603609561920166, 0.5323545932769775, -0.5304287672042847, -0.07893837988376617, 0.5393924117088318, -0.3750430941581726, -0.7172807455062866, 0.5962368845939636, -0.6540736556053162, 0.5770626068115234, 0.48627969622612, 0.11765862256288528, 0.6435801386833191, 0.6657854318618774, 0.5904364585876465, 0.7408658862113953, -0.2685856521129608, 0.7359488010406494, 0.1380297839641571, -0.5656365752220154, -0.4550272226333618, 0.6291495561599731, -0.37870121002197266, -0.7240711450576782, -0.13744515180587769, 0.06268595904111862, -0.4512505531311035, 0.6363767385482788, 0.45392030477523804, 0.5023038387298584, -0.7306187152862549, 0.21125759184360504, 0.5187474489212036, 0.5524067282676697, -0.524092972278595, -0.47174230217933655, 0.6583917140960693, -0.5256445407867432, -0.5972015261650085, 0.35823553800582886, 0.29258018732070923, 0.663830578327179, 0.46608418226242065, -0.6086229681968689, -0.34510937333106995, 0.41927671432495117, -0.6035301685333252, 0.5754863023757935, 0.49821168184280396, -0.6128604412078857, 0.22861839830875397, -0.14566132426261902, -0.6719484329223633, -0.6286321878433228, 0.4070843458175659, -0.15412484109401703, -0.5814726948738098, -0.6593559980392456, 0.5195915699005127, -0.3464326858520508, 0.7328623533248901, -0.12021352350711823, -0.43462029099464417, 0.640795111656189, -0.5553990006446838, 0.6288907527923584, -0.5720286965370178, 0.19599339365959167, 0.5255232453346252, -0.2570994198322296, -0.2932392358779907, 0.3347432613372803, 0.25823211669921875, 0.20499077439308167, 0.6013764142990112, 0.0511883869767189, 0.47701364755630493, 0.18586741387844086, 0.06547272205352783, 0.5725403428077698, 0.4103963077068329, 0.31523558497428894, 0.45061200857162476, 0.07097886502742767, 0.36216920614242554, 0.03495402634143829, -0.3411346673965454, -0.5795131921768188, 0.21961840987205505, -0.009413599967956543, 0.20989292860031128, -0.36671721935272217, -0.44619908928871155, -0.6339531540870667, 0.7239909768104553, 0.742428183555603, 0.008065469563007355, 0.42724549770355225, 0.32492709159851074, -0.17026357352733612, 0.6666377186775208, -0.359336793422699, 0.15834864974021912, -0.6405314207077026, -0.7548395395278931, 0.6874483227729797, 0.664710283279419, -0.47672224044799805, -0.7295325398445129, 0.24347376823425293, -0.05316237360239029, 0.3749762773513794, -0.6028413772583008, 0.6508345007896423, 0.6922402381896973, -0.23462776839733124, 0.43541330099105835, 0.17215609550476074, -0.016241464763879776, -0.5408768057823181, -0.2352396696805954, -0.6387783288955688, 0.2739849090576172, -0.5414466261863708, 0.5277165174484253, 0.7282827496528625, 0.644687831401825, 0.6137833595275879, 0.09363009035587311, -0.14484038949012756, 0.36113476753234863, -0.2906354069709778, 0.3597463071346283, -0.5835505723953247, -0.2527432143688202, -0.2772561311721802, 0.14681538939476013, 0.1541675627231598, 0.39781302213668823, -0.1797610968351364, 0.5814219117164612, -0.3438395857810974, -0.5925533175468445, 0.30643975734710693, 0.48708730936050415, -0.24103009700775146, 0.6329947710037231, -0.482745885848999, -0.5276392102241516, -0.6302792429924011, -0.27876758575439453, 0.647146463394165, -0.05296839773654938, -0.7186932563781738, 0.49867016077041626, 0.6884758472442627, -0.3058116137981415, -0.46956518292427063, -0.2800237238407135, -0.031200643628835678, -0.7433582544326782, -0.208648219704628, 0.6693040132522583, 0.46722275018692017, -0.538589358329773, 0.10907725989818573, 0.7360227108001709, 0.17548763751983643, -0.5154436826705933, 0.1932525336742401, -0.4086020588874817, 0.5918904542922974, -0.4836832284927368, -0.6377353668212891, 0.5360829830169678, 0.025617267936468124, 0.5121493339538574, -0.5566343069076538, -0.5190478563308716, -0.6930493116378784, 0.5747577548027039, 0.1017799973487854, 0.31347960233688354, 0.7504844665527344, -0.2777766287326813, -0.7101486921310425, 0.6012639999389648, 0.06350979208946228, -0.4412708878517151, -0.6259981393814087, 0.0014117807149887085, 0.05476143956184387, -0.06774386763572693, 0.31058448553085327, -0.348116934299469, 0.4323151409626007, 0.09838081896305084, 0.6333138942718506, -0.5459870100021362, 0.4699174761772156, -0.6369753479957581, 0.41735783219337463, 0.3972548246383667, -0.7499517202377319, 0.18249785900115967, -0.21742981672286987, -0.1868668794631958, 0.554556667804718, -0.2933386564254761, -0.03966733068227768, -0.19416174292564392, -0.6899495124816895, 0.3027368485927582, -0.5395382642745972, -0.5610046982765198, -0.26998722553253174, 0.1483844816684723, 0.7705737352371216, -0.5940327644348145, -0.40609410405158997, -0.6921454668045044, -0.4527501165866852, 0.5671204924583435, -0.7002860307693481, 0.4588897228240967, 0.7184129953384399, -0.6622687578201294, -0.05891425907611847, 0.6268109083175659, -0.3644212782382965, 0.3258914053440094, 0.2952544391155243, 0.4264489412307739, -0.6855430006980896, 0.3811073303222656, -0.6707528829574585, -0.026474405080080032, -0.07159857451915741, -0.2131178379058838, -0.5597836971282959, -0.22870910167694092, 0.10353530198335648, -0.06853470206260681, -0.10411758720874786, 0.2637518048286438, -0.6035372614860535, 0.25428035855293274, 0.7584575414657593, -0.25027692317962646, -0.27029699087142944, -0.18525448441505432, 0.1856745183467865, 0.6736685037612915, 0.4042397439479828, 0.30541306734085083, 0.7054542303085327, 0.7647576928138733, 0.6840322017669678, 0.028493545949459076, 0.6067550182342529, 0.2691842317581177, -0.5493919253349304, 0.503709614276886, -0.5085717439651489, 0.7138170003890991, -0.05408383905887604, -0.5964902639389038, -0.5886358022689819, 0.3662896752357483, 0.4024522602558136, -0.5650593042373657, -0.0053702425211668015, -0.73175448179245, 0.5237314105033875, -0.6394364237785339, -0.4266560673713684, -0.33213531970977783, 0.5451206564903259, 0.5633010864257812, 0.6217862963676453, -0.5648870468139648, -0.42076441645622253, 0.6483182907104492, -0.5607025027275085, -0.27931147813796997, 0.5874378681182861, -0.5245067477226257, 0.4966776371002197, -0.6182109713554382, -0.666319727897644, -0.6166340112686157, 0.6731120944023132, 0.7153528928756714, 0.3661946654319763, -0.41079145669937134, 0.6988841891288757, 0.19035375118255615, 0.63221275806427, -0.29481691122055054, 0.5191699266433716, 0.06514523923397064, 0.6614084839820862, -0.6370172500610352, 0.5310307741165161, -0.6230526566505432, 0.6041906476020813, -0.49551430344581604, -0.4225732386112213, 0.5603445768356323, -0.6290460824966431, -0.4931553602218628, 0.5423600673675537, -0.5652552247047424, 0.46522754430770874, -0.46876001358032227, 0.7001320123672485, 0.5567944645881653, -0.7105419635772705, 0.4158130884170532, -0.6177942156791687, 0.6809147596359253, 0.15953432023525238, -0.7010441422462463, 0.4337537884712219, 0.6421743631362915, 0.11367654800415039, 0.05218494310975075, 0.03586684167385101, 0.584956169128418, -0.09117427468299866, -0.7057073712348938, 0.6839301586151123, -0.12134036421775818, -0.5112014412879944, 0.551074743270874, 0.19702720642089844, -0.612800121307373, 0.16272956132888794, 0.7455114126205444, 0.2838137745857239, 0.6455287933349609, -0.5634880661964417, 0.4279116988182068, 0.33434218168258667, -0.07327180355787277, 0.6730366945266724, 0.30570176243782043, -0.30237939953804016, -0.6943708658218384, 0.6245204210281372, 0.19282075762748718, -0.6622307896614075, 0.483571857213974, 0.5273318290710449, -0.7283056378364563, -0.562552809715271, -0.6133338212966919, 0.0599939338862896, 0.45815572142601013, 0.6087356209754944, 0.322464257478714, -0.063717320561409, 0.4835083782672882, 0.36248359084129333, 0.578547477722168, 0.5574994087219238, 0.3311474323272705, 0.6608290672302246, -0.5684287548065186, -0.07679953426122665, 0.6763608455657959, -0.3736516833305359, 0.409370481967926, 0.47860267758369446, -0.7072861194610596, 0.3484690189361572, 0.38485223054885864, 0.6335932016372681, 0.7896430492401123, 0.03936261683702469, -0.15375515818595886, 0.7388427257537842, -0.3207719922065735, -0.19560065865516663, -0.400135338306427, 0.09759754687547684, 0.3228079080581665, -0.1851305216550827, -0.6381545066833496, 0.7146590948104858, 0.031059276312589645, 0.3736165761947632, 0.5208784937858582, -0.5174482464790344, -0.5223709940910339, 0.4063315689563751, 0.7200790047645569, 0.35364842414855957, -0.6396666765213013, 0.5513712763786316, 0.45312851667404175, 0.33462148904800415, 0.3042813539505005, 0.0911814495921135, -0.4244656562805176, 0.4156588017940521, 0.08306415379047394, 0.7110950350761414, 0.10017137974500656, 0.7098308801651001, 0.2720259130001068, 0.3577567934989929, 0.6400377750396729, 0.4998137354850769, -0.28196102380752563, 0.34115689992904663, -0.42595142126083374, -0.03709474951028824, 0.3081398904323578, -0.4931873679161072, -0.2363140881061554, 0.5060891509056091, -0.6428085565567017, 0.5452880263328552, -0.6160368323326111, 0.5483309030532837, 0.7375338673591614, -0.28386443853378296, 0.6145530939102173, -0.6267414093017578, 0.4930291175842285, 0.11230045557022095, 0.7360540628433228, -0.4160694479942322, -0.7297795414924622, -0.46015816926956177, -0.19740092754364014, 0.435249000787735, 0.6647184491157532, -0.4987320899963379, 0.14307266473770142, 0.4898976683616638, -0.6115515232086182, 0.7597916722297668, 0.5701535940170288, 0.5295142531394958, 0.5107909440994263, -0.6774984002113342, 0.5765759348869324, -0.41585350036621094, -0.13633057475090027, 0.5708935856819153, 0.406343936920166, -0.12718984484672546, -0.7569791078567505, -0.27189499139785767, -0.2535972595214844, -0.7197585701942444, 0.5328899621963501, -0.6518051028251648, -0.5864019393920898, 0.6395851969718933, -0.2853847146034241, 0.19131967425346375, 0.3154168725013733, 0.3172784447669983, -0.5590797662734985, 0.4177132844924927, 0.20096328854560852, 0.3217424154281616, -0.6530072093009949, 0.7728262543678284, 0.7226452827453613, -0.5204638242721558, 0.08336495608091354, 0.5703374147415161, 0.10925106704235077, -0.26956889033317566, 0.5880069732666016, 0.13169682025909424, 0.23780375719070435, 0.5027622580528259, -0.10503451526165009, -0.22312508523464203, 0.45568451285362244, -0.021205220371484756, 0.4632006287574768, 0.08870233595371246, 0.6870685815811157, 0.4838603138923645, 0.7467045783996582, 0.684202253818512, 0.4285154342651367, -0.5636520385742188, 0.3936389088630676, 0.645774245262146, 0.5125690698623657, -0.39247316122055054, -0.33878037333488464, -0.43001115322113037, 0.369989812374115, 0.6980224847793579, -0.5554554462432861, 0.09369813650846481, -0.7272323369979858, 0.2783518433570862, 0.428297221660614, -0.7631723284721375, -0.6681766510009766, -0.5321509838104248, -0.7416290044784546, -0.7570797204971313, 0.6147572994232178, 0.7291477918624878, -0.5204898715019226, 0.02056790143251419, 0.5923334956169128, 0.4542960226535797, 0.7222638726234436, -0.5926218032836914, 0.7656877040863037, -0.6709067821502686, -0.5741982460021973, 0.09661857783794403, -0.5414177179336548, 0.7937953472137451, -0.6788756847381592, -0.20376372337341309, -0.34344613552093506, 0.14724326133728027, 0.6584791541099548, -0.3927168846130371, -0.7223771810531616, -0.6490479111671448, 0.44587719440460205, 0.7108144760131836, 0.5237519145011902, -0.018958985805511475, 0.7026503086090088, 0.6868485808372498, 0.4953852891921997, 0.5408048629760742, -0.5122652053833008, -0.4275839328765869, 0.5469895601272583, 0.19492162764072418, 0.16167479753494263, 0.4116995632648468, -0.10716996341943741, 0.7461714744567871, 0.19393198192119598, 0.49824753403663635, 0.6512622833251953, 0.15249067544937134, 0.4888465702533722, 0.6422926187515259, -0.5020923614501953, 0.479227215051651, -0.5288403034210205, -0.24598439037799835, -0.2963746190071106, 0.5149508714675903, 0.6972251534461975, 0.5117416381835938, -0.20492446422576904, 0.7525438070297241, -0.07087370753288269, 0.5381375551223755, -0.19196578860282898, 0.5387768745422363, 0.4466294050216675, 0.3150293529033661, -0.625572919845581, 0.5150198936462402, -0.2725338339805603, 0.3515649139881134, -0.6553210020065308, -0.6440911293029785, 0.2604231834411621, 0.729419469833374, -0.6984184980392456, 0.1806507259607315, -0.6107448935508728, 0.4654407799243927, 0.5261436700820923, 0.6736739277839661, -0.7526757717132568, 0.15303552150726318, 0.04706820473074913, -0.6460570096969604, 0.4679942727088928, -0.5456556081771851, -0.0987861379981041, -0.3395271897315979, 0.4852338135242462, 0.5841180086135864, -0.6779552102088928, 0.4085010290145874, 0.4818997383117676, -0.021511606872081757, 0.361875981092453, -0.6058998107910156, 0.5727900862693787, -0.5621581077575684, -0.5581110715866089, 0.40480488538742065, 0.3011476993560791, 0.7055214047431946, 0.5627478957176208, -0.2021278440952301, 0.08054011315107346, -0.0063486248254776, 0.6760636568069458, 0.3167652487754822, 0.13435588777065277, 0.6019288897514343, -0.678167462348938, 0.472484827041626, -0.7213510274887085, 0.6509778499603271, -0.7185891270637512, -0.3272995054721832, -0.5903418660163879, 0.5166088938713074, 0.13355064392089844, -0.7267058491706848, 0.029692620038986206, 0.16256427764892578, 0.48150357604026794, 0.49323827028274536, -0.5735310316085815, 0.23756223917007446, 0.3157307505607605, 0.08473214507102966, 0.11289843916893005, -0.036587391048669815, -0.6691457033157349, 0.6159719228744507, -0.5620095729827881, 0.5139518976211548, 0.5258616209030151, 0.6886483430862427, -0.6297686100006104, -0.2643471956253052, 0.6768661737442017, 0.783846378326416, -0.6799978017807007, 0.003529287874698639, -0.6592682600021362, -0.5903589725494385, 0.1739155799150467, 0.31980642676353455, -0.34985145926475525, 0.4421025514602661, 0.5448451042175293, -0.39876264333724976, 0.29694920778274536, 0.4470311999320984, 0.32599908113479614, 0.44080543518066406, 0.23751217126846313, 0.18261577188968658, 0.4103836417198181, -0.36308062076568604, 0.5809822678565979, -0.3438851833343506, 0.6711955070495605, 0.4674355685710907, 0.5056212544441223, -0.07567408680915833, -0.3125421106815338, 0.5303040146827698, 0.4631640315055847, 0.25593245029449463, -0.5672942399978638, -0.643338680267334, -0.7066361904144287, 0.5115167498588562, 0.8215027451515198, 0.49634647369384766, 0.3533409535884857, -0.5680885910987854, -0.26865288615226746, 0.1326858252286911, 0.3372443616390228, 0.46392127871513367, -0.17509284615516663, -0.46906259655952454, 0.08059005439281464, -0.5309803485870361, -0.6051807403564453, -0.7424015402793884, -0.6025040745735168, -0.6729821562767029, 0.6990722417831421, 0.41851726174354553, -0.24888168275356293, 0.27363330125808716, -0.43346357345581055, 0.4247135818004608, -0.7256713509559631, -0.08050388842821121, 0.032682158052921295, -0.4534539580345154, -0.6180753707885742, -0.12557126581668854, 0.3677130937576294, -0.030910611152648926, -0.6278278827667236, -0.5044726133346558, 0.6857557892799377, 0.39893150329589844, 0.6650946140289307, -0.6300626397132874, -0.6744953393936157, 0.7297343015670776, 0.48658257722854614, -0.3446882367134094, -0.3698660135269165, 0.12898387014865875, -0.45731091499328613, 0.6329101324081421, 0.8037145137786865, 0.6604855060577393, -0.5701354742050171, 0.34801527857780457, -0.562592625617981, 0.567753791809082, 0.7502104640007019, -0.6232454776763916, 0.646862804889679, 0.6655513048171997, -0.17066159844398499, 0.37776798009872437, -0.6950281858444214, 0.6022237539291382, -0.608115553855896, -0.20279675722122192, 0.7560495138168335, 0.15506339073181152, 0.4769219756126404, 0.5764789581298828, 0.5655289888381958, 0.3139142394065857, -0.6564858555793762, 0.25258487462997437, 0.41943931579589844, 0.6699770092964172, 0.3732379674911499, -0.02300950139760971, -0.2696796953678131, -0.5957903861999512, 0.33754822611808777, 0.4707568287849426, 0.5653326511383057, -0.635292112827301, 0.5031453371047974, 0.3294075131416321, -0.5601690411567688, -0.5010594129562378, -0.44446003437042236, -0.004081282764673233, 0.44640615582466125, 0.7401090860366821, 0.39602136611938477]
