sample name: ['CCc1ccccc1NC(=O)C(=O)NC[C@H](C)C[C@@H](C)O']
atom_index,distance,cosine_similarity
0,-0.099346923828125,0.019195680357515812
1,-0.281905517578125,0.04090354723855853
2,-0.061751708984375,0.012405493315309286
3,0.1005157470703125,-0.019791538156569005
4,-0.1429742431640625,0.027446888904087245
5,0.0208294677734375,-0.016911374889314174
6,-0.0778936767578125,0.012197037115693093
7,0.371348876953125,-0.07198957620188594
8,-0.12673583984375,0.016482013715431093
9,0.06881103515625,-0.013794863484799863
10,-0.0550079345703125,0.007942501939833164
11,0.0340582275390625,-0.018785599526017903
12,-0.2434619140625,0.03303205464035273
13,0.0156640625,-0.016710172053426505
14,-0.02260498046875,-0.004880526307970285

Sum of phi values for distance
-0.500455322265625
Sum of phi values for cosine similarity
0.006741566606797286
Average distance random samples:
6.90456598218282
Average cosine similarity random samples:
0.24980648438756664
Distances random samples
[7.45147180557251, 6.5808539390563965, 8.240151405334473, 5.64304780960083, 3.51711368560791, 6.964573383331299, 8.639898300170898, 6.716533184051514, 6.4797539710998535, 8.149697303771973, 6.921032905578613, 7.5764312744140625, 7.221357345581055, 7.708418369293213, 7.2082390785217285, 6.17685604095459, 7.27339506149292, 8.415285110473633, 6.263652801513672, 7.571957111358643, 6.664707183837891, 7.417057037353516, 7.0310468673706055, 5.699584007263184, 5.171829700469971, 7.221859455108643, 7.932555675506592, 7.422420501708984, 4.422879695892334, 7.540616512298584, 7.539283275604248, 6.536203384399414, 6.993467330932617, 6.26441764831543, 5.346045970916748, 6.825047016143799, 7.048122882843018, 4.37912130355835, 6.131245136260986, 7.339688777923584, 6.303896427154541, 5.920863628387451, 8.332634925842285, 7.506913185119629, 8.516141891479492, 7.4510111808776855, 6.800869941711426, 7.383228778839111, 5.700576305389404, 7.660425186157227, 6.470454216003418, 6.207339286804199, 7.722451210021973, 7.307371616363525, 5.423694133758545, 5.148266315460205, 6.01062536239624, 6.634121894836426, 6.4166340827941895, 6.339181423187256, 12.053180694580078, 4.7222089767456055, 7.963788032531738, 5.22177267074585, 5.228471755981445, 8.392317771911621, 7.142139911651611, 4.713400840759277, 6.871616363525391, 6.718040943145752, 7.894587993621826, 8.671460151672363, 8.543744087219238, 7.167768478393555, 8.001920700073242, 7.274892807006836, 6.628573417663574, 7.367795467376709, 7.6203203201293945, 7.859002590179443, 7.297271728515625, 7.285656929016113, 7.5149736404418945, 7.285021781921387, 7.681431293487549, 6.193604946136475, 7.684578895568848, 8.04914665222168, 7.658854007720947, 7.945981979370117, 7.356668949127197, 7.299383640289307, 7.453369140625, 7.111146926879883, 7.052896022796631, 7.177656650543213, 4.41244649887085, 6.022567272186279, 6.039853096008301, 9.173888206481934, 5.80131721496582, 7.664098739624023, 5.283283233642578, 7.787083625793457, 7.68554162979126, 4.721780300140381, 6.694263458251953, 8.728240966796875, 7.705321788787842, 6.87874174118042, 4.791421413421631, 5.758829593658447, 3.9720077514648438, 7.374201774597168, 8.614821434020996, 6.48607063293457, 6.630006790161133, 7.430097579956055, 5.104811191558838, 7.613319396972656, 7.605067253112793, 7.011163234710693, 7.775986194610596, 6.586714744567871, 7.533140182495117, 7.245542049407959, 7.984033584594727, 7.815872669219971, 6.96267032623291, 7.849285125732422, 7.220569610595703, 5.236496925354004, 6.542417049407959, 6.87396240234375, 7.936954975128174, 8.955167770385742, 7.192346096038818, 8.539045333862305, 7.98029899597168, 5.050128936767578, 7.120469570159912, 5.664688587188721, 7.667138576507568, 6.1808624267578125, 5.381540775299072, 6.3169684410095215, 7.203853607177734, 8.046515464782715, 7.960063457489014, 4.3853278160095215, 9.465479850769043, 7.451845169067383, 7.962958335876465, 6.672875881195068, 6.374508857727051, 6.29411506652832, 7.267557621002197, 6.363495349884033, 5.723948001861572, 7.451617240905762, 7.250079154968262, 6.398727893829346, 7.582727432250977, 6.502516746520996, 8.558821678161621, 7.479278564453125, 8.198527336120605, 5.957632064819336, 5.278170585632324, 7.079055309295654, 7.628620624542236, 8.399468421936035, 4.784379959106445, 5.236896514892578, 7.276574611663818, 7.442239761352539, 6.6664628982543945, 6.722234725952148, 7.565412521362305, 6.6598687171936035, 2.617722988128662, 5.902577877044678, 7.796523094177246, 7.1632819175720215, 5.203152656555176, 6.088530540466309, 8.119146347045898, 7.152182102203369, 7.568521022796631, 6.735942363739014, 6.7517290115356445, 6.472471237182617, 7.983401298522949, 8.571669578552246, 3.7701895236968994, 6.748865604400635, 7.892404079437256, 6.2030205726623535, 5.7650861740112305, 7.26225471496582, 6.6088547706604, 6.089186191558838, 7.561265468597412, 7.819828510284424, 6.943541049957275, 5.145689487457275, 7.193822383880615, 6.09446382522583, 6.630078315734863, 7.339832782745361, 7.500441551208496, 6.327456951141357, 5.760097026824951, 6.418569087982178, 7.028478622436523, 7.15920352935791, 6.536242961883545, 6.8627848625183105, 7.4045538902282715, 4.776113986968994, 7.013103008270264, 7.092617988586426, 6.520514488220215, 6.3508195877075195, 6.0646820068359375, 5.776949882507324, 8.959431648254395, 6.003933429718018, 6.342897415161133, 6.0863142013549805, 11.619828224182129, 8.425771713256836, 4.940908908843994, 7.98967981338501, 7.7858991622924805, 5.179899215698242, 7.606899261474609, 6.304649829864502, 6.664846897125244, 5.682041168212891, 5.293109893798828, 9.146599769592285, 11.027669906616211, 7.809189319610596, 6.489084243774414, 5.799986362457275, 5.955166339874268, 7.024101257324219, 7.127826690673828, 6.649372100830078, 7.904140472412109, 7.370328903198242, 8.21885871887207, 7.495423793792725, 6.585417747497559, 4.763950347900391, 12.995620727539062, 6.5460686683654785, 7.362577438354492, 8.061646461486816, 6.0237908363342285, 6.066887855529785, 7.848794460296631, 7.2358598709106445, 6.767112731933594, 7.525283336639404, 7.868923187255859, 6.771485805511475, 6.270423412322998, 9.384902000427246, 7.022843837738037, 7.346923828125, 6.298974990844727, 6.930107593536377, 6.974879741668701, 6.022541522979736, 6.576864719390869, 6.413790225982666, 6.365570068359375, 4.525295257568359, 6.541440486907959, 6.427377223968506, 8.394766807556152, 7.246392250061035, 8.940449714660645, 7.5931396484375, 7.81241512298584, 6.767359733581543, 5.503446578979492, 7.090965747833252, 7.346488952636719, 6.99241304397583, 7.086946487426758, 6.8729376792907715, 6.743058204650879, 7.481627464294434, 7.209789276123047, 10.439352989196777, 6.583611011505127, 7.9551825523376465, 4.401752471923828, 6.273458003997803, 8.243743896484375, 10.533191680908203, 9.255829811096191, 8.152852058410645, 8.127153396606445, 8.820246696472168, 7.225098609924316, 6.252877235412598, 6.67602014541626, 6.499502182006836, 7.345037460327148, 7.857212543487549, 7.697906017303467, 7.205009460449219, 7.406135559082031, 6.611174583435059, 7.249090671539307, 8.256747245788574, 5.852401256561279, 6.684615612030029, 6.6050190925598145, 6.537528991699219, 7.769343852996826, 6.900241851806641, 7.437649726867676, 5.542176246643066, 7.683988094329834, 7.201535224914551, 7.609786510467529, 6.019836902618408, 7.837806701660156, 7.481766700744629, 6.103837013244629, 7.872354984283447, 8.657852172851562, 5.361380577087402, 7.922708511352539, 4.4381866455078125, 5.112547874450684, 7.212953567504883, 7.916577339172363, 6.314345359802246, 6.685250759124756, 6.582677841186523, 7.578612327575684, 6.666130065917969, 5.504543304443359, 7.008220672607422, 5.880136489868164, 5.865577697753906, 5.873981952667236, 7.294909954071045, 5.619292259216309, 7.899560451507568, 7.6675825119018555, 5.148963928222656, 5.555941581726074, 7.535672664642334, 6.836320400238037, 8.121185302734375, 7.385932922363281, 5.803605556488037, 7.832993030548096, 7.808852195739746, 5.876135349273682, 3.9747729301452637, 6.415158748626709, 7.467496395111084, 4.782597064971924, 7.376509189605713, 5.717618465423584, 7.406839370727539, 6.516526222229004, 7.083650588989258, 6.012692928314209, 6.6325201988220215, 6.760457515716553, 5.803130149841309, 5.716675281524658, 7.636971473693848, 6.574692726135254, 6.1815595626831055, 5.1054911613464355, 6.613632678985596, 6.325291633605957, 6.6357831954956055, 5.341846466064453, 6.495256423950195, 7.816625595092773, 5.521364688873291, 7.097049236297607, 3.8511297702789307, 7.126003742218018, 7.788051128387451, 7.4261579513549805, 7.94765043258667, 8.21169376373291, 6.423759460449219, 6.060663223266602, 8.455202102661133, 7.984727382659912, 5.024198055267334, 7.493518829345703, 7.929287910461426, 8.061137199401855, 8.86708927154541, 7.581487655639648, 8.409449577331543, 7.922040939331055, 7.362517833709717, 6.089338302612305, 7.747831344604492, 6.125057220458984, 6.42241096496582, 6.075238227844238, 7.738539695739746, 7.955543041229248, 6.358387470245361, 5.736930847167969, 5.854076862335205, 5.464285850524902, 5.881078243255615, 7.440517425537109, 7.518891334533691, 6.443574905395508, 7.30891752243042, 7.862943649291992, 6.7283172607421875, 6.81919527053833, 6.293088436126709, 7.865981578826904, 5.355332374572754, 7.352989196777344, 6.178502559661865, 6.131320476531982, 6.311920642852783, 5.72028112411499, 6.212193012237549, 6.527817726135254, 5.162222385406494, 6.971976280212402, 5.445619106292725, 5.318043231964111, 5.904012680053711, 7.022648334503174, 7.130735397338867, 6.7836079597473145, 7.4898881912231445, 7.754279613494873, 7.5754570960998535, 6.294619083404541, 7.445268154144287, 7.505899906158447, 7.514587879180908, 6.489508628845215, 7.049363136291504, 7.246964454650879, 9.248428344726562, 5.9138875007629395, 7.8234076499938965, 7.049253940582275, 6.086894989013672, 5.136138916015625, 7.7578887939453125, 7.370238304138184, 7.137300491333008, 9.604738235473633, 7.791855335235596, 7.96882438659668, 8.44080638885498, 7.608736991882324, 7.93798828125, 6.830064296722412, 8.900450706481934, 7.049183368682861, 6.004776477813721, 7.192561149597168, 6.422280311584473, 6.73817777633667, 7.554063320159912, 7.073605060577393, 4.8320231437683105, 4.8911848068237305, 6.167443752288818, 8.325183868408203, 6.829472541809082, 7.550092697143555, 6.785706043243408, 4.766755104064941, 6.823215007781982, 7.707789897918701, 6.893012523651123, 6.2830705642700195, 9.782774925231934, 7.3214874267578125, 7.732235431671143, 7.001176834106445, 5.862634658813477, 5.033804893493652, 6.572962760925293, 6.487672328948975, 7.209415912628174, 6.707934379577637, 7.435777187347412, 7.2205305099487305, 8.398582458496094, 8.175201416015625, 7.143630027770996, 6.950875759124756, 7.920656204223633, 7.355566501617432, 7.002277374267578, 5.439042091369629, 5.767516136169434, 6.9003400802612305, 6.794180393218994, 7.752535820007324, 8.448288917541504, 7.463318347930908, 5.8801984786987305, 6.755852222442627, 7.587494373321533, 6.1933913230896, 8.0581636428833, 7.638041019439697, 7.148183822631836, 5.609009265899658, 7.648899078369141, 5.0821123123168945, 7.076718330383301, 6.001978874206543, 6.5886549949646, 7.760739803314209, 6.7740068435668945, 7.266369342803955, 10.491894721984863, 7.61689567565918, 8.4828462600708, 6.845536708831787, 5.570310115814209, 5.4543962478637695, 7.138101577758789, 6.2631683349609375, 7.030704498291016, 6.7682366371154785, 7.164405822753906, 7.682259559631348, 7.037325382232666, 5.942407608032227, 6.31999397277832, 6.961592197418213, 7.5515618324279785, 5.323070049285889, 4.778046607971191, 4.793370246887207, 6.881978511810303, 6.970820903778076, 8.669441223144531, 8.34210205078125, 7.372246742248535, 6.518857955932617, 7.63440465927124, 5.20913028717041, 7.339630603790283, 7.525546073913574, 5.877813339233398, 7.863399982452393, 7.068814754486084, 7.067590713500977, 7.687557697296143, 7.733510971069336, 7.189218997955322, 4.869391918182373, 7.101249694824219, 8.574707984924316, 8.122293472290039, 5.301086902618408, 7.574054718017578, 6.4326910972595215, 6.806504249572754, 7.435369491577148, 7.6347198486328125, 6.845103740692139, 6.6973772048950195, 8.250510215759277, 6.964991569519043, 6.310510158538818, 7.248598098754883, 6.51776647567749, 6.840054988861084, 6.925332546234131, 6.307039260864258, 7.152437210083008, 7.265317916870117, 7.254099369049072, 7.344306468963623, 8.967455863952637, 7.209181308746338, 4.664121150970459, 7.453872203826904, 4.2353129386901855, 7.670131683349609, 5.486242771148682, 8.689496040344238, 7.473354339599609, 7.568807125091553, 7.2299418449401855, 8.338202476501465, 8.647890090942383, 5.59690523147583, 7.868342876434326, 8.34522533416748, 7.425477981567383, 10.206274032592773, 4.188199996948242, 7.4621381759643555, 7.844130039215088, 6.054413318634033, 7.10476016998291, 6.089089393615723, 7.134310245513916, 6.802002906799316, 6.838271617889404, 5.999234199523926, 5.563321590423584, 6.783847808837891, 6.508774280548096, 5.812872409820557, 7.680647850036621, 8.261222839355469, 6.7365641593933105, 7.1421356201171875, 7.199780464172363, 5.613545894622803, 8.426186561584473, 6.897468090057373, 7.6147780418396, 4.534282207489014, 5.8660430908203125, 8.073495864868164, 6.641678333282471, 5.4609527587890625, 10.019891738891602, 7.0545148849487305, 7.432424068450928, 8.227873802185059, 4.933619976043701, 5.541773796081543, 6.701717376708984, 8.031837463378906, 5.8756608963012695, 8.57236385345459, 8.106990814208984, 7.258742809295654, 7.7801971435546875, 5.909238815307617, 4.552532196044922, 8.42630386352539, 6.316884994506836, 6.087769985198975, 5.135482311248779, 7.482883453369141, 7.74545955657959, 6.138989448547363, 5.142026424407959, 5.942771911621094, 8.231673240661621, 5.62382173538208, 7.184272289276123, 6.337131977081299, 6.298347473144531, 7.605304718017578, 5.820821285247803, 5.745301246643066, 5.812368869781494, 4.325811386108398, 7.627803325653076, 7.4526519775390625, 5.2576775550842285, 5.7437744140625, 8.65499210357666, 7.611542224884033, 9.410442352294922, 4.76819372177124, 6.913090229034424, 7.353560924530029, 6.092180252075195, 7.024494171142578, 6.220181941986084, 8.521088600158691, 6.603221416473389, 6.234031677246094, 6.281408309936523, 6.9365620613098145, 6.890236854553223, 7.898627758026123, 7.534879684448242, 4.931548118591309, 7.337276935577393, 7.483048439025879, 6.7549967765808105, 5.06237268447876, 7.624030113220215, 7.82589054107666, 6.809201717376709, 7.814858913421631, 5.464875221252441, 6.5662522315979, 9.005236625671387, 5.633169651031494, 5.495100498199463, 7.738027095794678, 5.280068397521973, 8.147738456726074, 8.16146183013916, 5.846329689025879, 7.651727676391602, 7.599301338195801, 4.211947441101074, 6.3950090408325195, 6.10759162902832, 8.35390853881836, 6.355562210083008, 7.044517993927002, 7.54314661026001, 6.052416801452637, 8.163939476013184, 6.693048477172852, 7.723697185516357, 6.690782070159912, 5.740794658660889, 6.21060037612915, 7.201823711395264, 6.988446235656738, 7.20274543762207, 5.683413982391357, 6.264537334442139, 7.885542392730713, 7.095157146453857, 7.463181495666504, 5.011310577392578, 7.581109046936035, 6.837310314178467, 5.199814319610596, 8.186201095581055, 6.453563213348389, 7.4688239097595215, 8.042909622192383, 7.6733622550964355, 7.265253067016602, 7.76195764541626, 6.069117069244385, 6.92478609085083, 7.0984344482421875, 7.725081920623779, 6.921711444854736, 6.65359354019165, 7.858954906463623, 7.5396857261657715, 7.2918701171875, 7.359623432159424, 7.054049491882324, 6.700494766235352, 7.028504848480225, 7.815982341766357, 6.509896755218506, 6.408930778503418, 5.211311340332031, 5.7215423583984375, 8.165733337402344, 7.842895030975342, 4.360154628753662, 5.381485462188721, 7.204527378082275, 7.457406520843506, 10.793739318847656, 6.2640790939331055, 6.136335372924805, 7.293315887451172, 7.787240505218506, 8.319954872131348, 5.576749324798584, 7.222136974334717, 6.629576206207275, 8.177881240844727, 8.74234390258789, 7.487663269042969, 6.125462055206299, 7.497713565826416, 5.086470603942871, 5.1680803298950195, 5.30159330368042, 5.612865447998047, 6.450588703155518, 7.51766300201416, 7.486062526702881, 6.791379451751709, 7.351762771606445, 7.195174217224121, 6.76528787612915, 6.074000358581543, 5.360534191131592, 6.711206912994385, 7.646266937255859, 5.993992328643799, 8.687553405761719, 7.530771255493164, 7.17886209487915, 7.31252908706665, 6.1267242431640625, 7.592257976531982, 6.27546501159668, 5.8571696281433105, 8.276041030883789, 6.660939693450928, 7.706981182098389, 7.99380350112915, 7.075417518615723, 6.814583778381348, 6.24467134475708, 7.319695949554443, 7.7927985191345215, 7.968830108642578, 6.740095615386963, 7.2210493087768555, 7.545656204223633, 7.3002824783325195, 7.0161590576171875, 6.108695030212402, 6.813008785247803, 6.7405266761779785, 6.9973273277282715, 7.176168441772461, 4.9430670738220215, 5.348684310913086, 7.486762046813965, 7.474722862243652, 6.436775207519531, 8.162467956542969, 5.515207290649414, 5.503877639770508, 6.925177097320557, 8.064186096191406, 8.009971618652344, 7.128889083862305, 6.049370288848877, 5.651509761810303, 7.129928112030029, 6.859517574310303, 6.701547622680664, 7.307256698608398, 6.449317932128906, 8.082022666931152, 8.127787590026855, 8.471518516540527, 6.400704383850098, 7.3257975578308105, 7.2733049392700195, 7.7795796394348145, 7.040907382965088, 8.369913101196289, 7.1243367195129395, 6.45874547958374, 5.5979108810424805, 6.220865726470947, 6.649551868438721, 7.114524841308594, 8.417806625366211, 8.224791526794434, 7.017541408538818, 5.540058135986328, 7.008737564086914, 6.58085823059082, 5.400056838989258, 7.352897644042969, 3.7236804962158203, 6.963302135467529, 7.175571441650391, 6.0363383293151855, 8.170486450195312, 7.793428421020508, 6.5742645263671875, 5.114348888397217, 7.4339470863342285, 7.204250335693359, 6.355842590332031, 4.53338623046875, 5.826965808868408, 6.772165775299072, 6.724668502807617, 6.592162132263184, 7.98136043548584, 5.961109161376953, 6.443760395050049, 8.310955047607422, 7.691438674926758, 5.750609397888184, 5.933598518371582, 6.078700065612793, 6.052183628082275, 7.242574691772461, 10.679922103881836, 6.379993438720703, 7.489115238189697, 8.154047966003418, 6.868845462799072, 6.807823181152344, 5.594173908233643, 5.967131614685059, 5.914124488830566, 6.905460834503174, 6.234239101409912, 8.206750869750977, 6.444520473480225, 6.2003607749938965, 6.670900344848633, 6.807679176330566, 5.499634742736816, 7.318629264831543, 8.330964088439941, 6.791907787322998, 7.219031810760498, 4.755521774291992, 6.687858581542969, 6.2659077644348145, 5.699182987213135, 7.31749963760376, 7.080652713775635, 7.407169342041016, 4.342554092407227, 6.536940574645996, 8.3024263381958, 7.194289207458496, 6.280449390411377, 6.058133602142334, 6.568657398223877, 6.57456636428833, 7.333404541015625, 7.1462321281433105, 6.9937262535095215, 6.474173069000244, 7.415371417999268, 6.522716999053955, 6.024980545043945, 6.201038360595703, 7.6933183670043945, 7.217949867248535, 6.668553352355957, 5.058200359344482, 5.9910712242126465, 7.457550525665283, 7.8940653800964355, 11.271675109863281, 8.180957794189453, 6.379324913024902, 7.063046455383301, 7.3575334548950195, 5.975924968719482, 8.079187393188477, 7.9957756996154785, 6.9504876136779785, 6.662825584411621, 5.7488112449646, 6.583983421325684, 7.81014347076416, 5.719466209411621, 7.324179649353027, 7.059019088745117, 7.398324966430664, 7.711136341094971, 7.200403213500977, 6.803943634033203, 7.270054340362549, 7.992198944091797, 5.126632213592529, 6.72572660446167, 6.8156514167785645, 6.617095947265625, 7.2291107177734375, 6.354517459869385, 7.550065040588379, 6.351685523986816, 6.077348709106445, 7.859537601470947, 6.5849609375, 5.470162868499756, 7.08128547668457, 6.8891167640686035, 6.356660842895508, 6.439051628112793, 5.475461959838867, 6.740784645080566, 4.368492126464844, 5.827718734741211, 6.654919147491455, 8.876504898071289, 7.020646095275879, 7.985033988952637, 6.014070987701416, 7.9614338874816895, 5.685492992401123, 8.028925895690918, 7.234412670135498, 4.583757400512695, 6.3204450607299805, 6.874713897705078, 6.7396016120910645, 5.662132740020752, 6.273916244506836, 6.232875347137451, 6.949917316436768, 5.536535263061523, 7.017572402954102, 6.203522682189941, 7.936676502227783, 5.583784580230713, 7.501460552215576, 7.004045009613037, 7.236937046051025, 4.25626277923584, 8.419112205505371, 7.193181991577148, 7.43171501159668, 6.652057647705078, 7.06137228012085, 7.4494218826293945, 6.85876989364624, 4.391690254211426, 5.49671745300293, 6.818700313568115, 6.280132293701172, 7.338055610656738, 6.075374603271484, 6.903182029724121, 7.607972621917725, 6.878079891204834, 6.520541191101074, 5.443856716156006, 7.991792678833008, 8.424654006958008, 4.283874034881592, 4.746169090270996, 7.276464939117432, 7.637156963348389, 6.980077266693115, 7.037461757659912, 4.134982585906982, 8.066640853881836, 8.074064254760742, 8.149468421936035, 7.030700206756592, 6.92473840713501, 6.628586292266846, 8.555752754211426, 7.986620903015137, 7.423377990722656, 7.894587516784668, 6.993892669677734, 5.691322326660156, 7.598074913024902, 5.861902713775635, 7.551248550415039, 5.1885762214660645, 6.949869155883789, 6.568680763244629, 9.2118558883667, 6.586679935455322, 7.0037102699279785, 6.670663833618164, 5.51839017868042, 6.9927978515625, 7.64260196685791, 7.265997409820557, 7.5789313316345215, 7.754837989807129, 8.44752025604248, 7.655700206756592, 7.53598690032959, 5.941676139831543, 7.172669410705566, 11.633171081542969, 6.724471092224121, 7.996021270751953, 6.688713073730469, 6.065659999847412, 6.899805068969727, 7.895377159118652, 6.2689290046691895, 7.786483287811279, 7.491971969604492, 8.180400848388672, 6.902842044830322, 6.265655994415283, 7.137170791625977, 7.976113319396973, 5.76027250289917, 7.295448303222656, 7.596097946166992, 6.2573628425598145, 7.884920120239258, 5.891246795654297, 6.115183353424072, 8.332318305969238, 6.211938381195068, 7.062159061431885, 11.950654029846191, 4.594211101531982, 7.382917404174805, 6.7875566482543945, 7.651608943939209, 6.455129623413086, 6.555090427398682, 4.13847541809082, 6.573367118835449, 7.646618843078613, 4.693230152130127, 7.762111663818359, 6.605324745178223, 5.206241130828857, 7.742125988006592, 6.253519535064697, 6.949945449829102, 6.9984283447265625, 5.7483954429626465, 6.680917739868164, 6.865895748138428, 6.277548313140869, 5.504549503326416, 5.739315032958984, 5.647976875305176, 6.657158851623535, 5.5015459060668945, 6.839165210723877, 7.1961870193481445, 8.085368156433105, 7.338423728942871, 8.948308944702148, 7.565625190734863, 6.74880313873291, 6.944600582122803, 6.351513385772705, 4.422741413116455, 4.935476303100586, 6.861509799957275, 6.299807548522949, 6.386077404022217, 5.62719202041626, 7.84994649887085, 6.491390705108643, 5.884435176849365, 4.708434581756592, 7.541174411773682, 7.706696510314941, 5.56630802154541, 7.198836803436279, 8.09277629852295, 7.919162273406982, 5.5130510330200195, 7.598966598510742, 5.0644731521606445, 7.044980049133301, 6.489601135253906, 7.160835266113281, 5.467803001403809, 9.35866928100586, 5.915707588195801, 7.589127540588379, 6.840212345123291, 6.146923542022705, 5.485367774963379, 7.823740482330322, 7.752905368804932, 8.357903480529785, 8.981600761413574, 7.1670823097229, 7.597574710845947, 4.516310214996338, 8.173001289367676, 5.837430477142334, 7.317869186401367, 6.942657470703125, 5.7680134773254395, 6.897581100463867, 6.616184234619141, 6.213816165924072, 5.8188605308532715, 7.577288627624512, 5.737921237945557, 6.567400932312012, 5.1606950759887695, 6.989009857177734, 7.568969249725342, 8.566429138183594, 6.014058589935303, 7.63499641418457, 7.322433948516846, 6.110856056213379, 6.729770660400391, 8.325222969055176, 7.630666732788086, 9.033437728881836, 6.964946746826172, 8.089608192443848, 7.536284446716309, 7.79417610168457, 6.126452445983887, 6.025871276855469, 7.373273849487305, 7.15647029876709, 7.003476619720459, 7.437147617340088, 7.127251625061035, 6.872043132781982, 7.08060359954834, 6.023308753967285, 8.071868896484375, 8.97433090209961, 6.818178176879883, 8.158470153808594, 7.378784656524658, 6.809606075286865, 6.35129976272583, 5.822248458862305, 5.037961959838867, 5.96881628036499, 5.773256301879883, 3.700835943222046, 7.010926723480225, 6.431758880615234, 6.493345737457275, 7.810431003570557, 7.325366497039795, 7.3891096115112305, 6.308496475219727, 5.937171459197998, 8.30412769317627, 6.6993632316589355, 6.366363048553467, 6.098787307739258, 5.0815205574035645, 5.329676151275635, 4.935156345367432, 9.145549774169922, 7.334031105041504, 5.544039726257324, 6.910983085632324, 7.6284308433532715, 7.747035503387451, 6.079974174499512, 6.993594169616699, 9.0110502243042, 9.114983558654785, 5.827189922332764, 6.54016637802124, 8.297552108764648, 5.524257183074951, 4.717343807220459, 7.6079792976379395, 6.63979959487915, 7.925591945648193, 5.734002590179443, 7.0696492195129395, 7.435852527618408, 4.2588019371032715, 7.172726631164551, 7.472685813903809, 6.7071146965026855, 7.592896938323975, 7.185450553894043, 4.820564270019531, 6.019822597503662, 5.984716415405273, 9.156846046447754, 7.757680416107178, 7.582098007202148, 6.814350605010986, 6.856186866760254, 7.501312732696533, 6.769169807434082, 7.765973091125488, 8.727304458618164, 5.132562637329102, 6.767099857330322, 6.4805989265441895, 3.244297981262207, 7.981963634490967, 7.394550800323486, 5.321918487548828, 6.782034873962402, 6.623692035675049, 6.902228832244873, 7.761528491973877, 7.019906520843506, 7.274106025695801, 7.7605133056640625, 7.273777961730957, 6.6048502922058105, 6.069567680358887, 6.138269424438477, 7.509817600250244, 7.788473606109619, 7.387353897094727, 7.653543472290039, 5.410290718078613, 9.230436325073242, 6.6554975509643555, 8.175883293151855, 3.573439598083496, 7.8788347244262695, 7.481593132019043, 7.150906085968018, 6.945489406585693, 7.338271617889404, 6.540465831756592, 6.9142255783081055, 6.618112564086914, 7.027612686157227, 8.06163215637207, 6.586733818054199, 7.231989860534668, 8.348417282104492, 6.194424629211426, 6.570241451263428, 8.050553321838379, 5.52936315536499, 5.654917240142822, 6.58299446105957, 6.3649821281433105, 7.133324146270752, 5.445737361907959, 6.263559341430664, 6.756650447845459, 8.017807960510254, 5.452181816101074, 5.96536922454834, 7.282711982727051, 6.551538944244385, 7.3622612953186035, 5.815858364105225, 7.416243076324463, 5.484062194824219, 6.984353542327881, 7.2503461837768555, 6.522534370422363, 6.931824207305908, 7.050839900970459, 5.06857967376709, 7.965991973876953, 4.720813274383545, 6.866358757019043, 7.440667629241943, 5.515383243560791, 5.6981282234191895, 6.804558753967285, 7.169992446899414, 7.073877811431885, 6.82982873916626, 8.316571235656738, 7.9716386795043945, 7.273770332336426, 7.033231735229492, 5.865212917327881, 6.8030314445495605, 7.29652738571167, 6.557044506072998, 8.090508460998535, 6.843960285186768, 7.527313709259033, 6.989949703216553, 8.643162727355957, 7.662795066833496, 7.0562424659729, 5.538910865783691, 8.35318660736084, 6.38250732421875, 9.37735652923584, 7.580873489379883, 6.973451137542725, 9.511845588684082, 6.92002534866333, 8.173344612121582, 6.907019138336182, 7.9219560623168945, 7.4550323486328125, 7.616611003875732, 8.219261169433594, 4.200484752655029, 7.1106367111206055, 7.366714000701904, 8.070109367370605, 5.678042888641357, 5.929725646972656, 7.787331581115723, 6.6550068855285645, 7.192037582397461, 7.505715847015381, 6.610403537750244, 6.8145294189453125, 7.595803737640381, 7.064593315124512, 5.970477104187012, 6.311283111572266, 5.936408519744873, 6.83540678024292, 7.388776779174805, 7.166304588317871, 8.18955135345459, 11.986041069030762, 7.7235307693481445, 7.506443023681641, 5.8823137283325195, 6.615123748779297, 8.024785995483398, 6.234049320220947, 5.230127811431885, 6.757934093475342, 7.486245155334473, 6.710021018981934, 7.227095127105713, 7.7994561195373535, 6.989640712738037, 7.182496547698975, 4.8882317543029785, 5.864016532897949, 8.42867374420166, 7.4556684494018555, 5.731914043426514, 5.686276912689209, 5.962759494781494, 7.576644420623779, 7.419980049133301, 6.882477283477783, 8.692641258239746, 6.702134609222412, 7.725295543670654, 7.075954437255859, 6.477819442749023, 6.926167011260986, 6.499009132385254, 5.56386661529541, 8.05585765838623, 8.547123908996582, 7.203032493591309, 5.664558410644531, 5.862499237060547, 7.190450191497803, 7.589507102966309, 5.997122764587402, 5.684831142425537, 9.014297485351562, 6.599215030670166, 6.670956134796143, 7.384155750274658, 6.452731609344482, 10.311416625976562, 4.957249164581299, 6.129698753356934, 6.800870895385742, 5.629481792449951, 6.439104080200195, 7.125300407409668, 6.655132293701172, 6.730529308319092, 7.768137454986572, 7.35078763961792, 8.436596870422363, 9.159075736999512, 7.452625274658203, 7.075489044189453, 7.534526348114014, 6.677116870880127, 7.060572624206543, 7.3200883865356445, 7.496327877044678, 6.587761878967285, 7.366211414337158, 6.190757751464844, 5.935591697692871, 7.362411975860596, 6.168962478637695, 5.448829174041748, 6.9957594871521, 6.8303399085998535, 8.961664199829102, 8.246573448181152, 7.562944412231445, 6.721128940582275, 5.583641052246094, 7.456323146820068, 3.840200185775757, 5.366342544555664, 7.604750156402588, 7.559457778930664, 6.015602111816406, 5.10954475402832, 7.550264358520508, 7.578109264373779, 5.957840442657471]
Cosines similarity random samples
[0.4814130663871765, 0.46862155199050903, 0.020793460309505463, 0.4888305068016052, 0.7742483615875244, 0.16414695978164673, 0.15164712071418762, 0.20932208001613617, 0.23268306255340576, 0.0004750490188598633, 0.09389571845531464, 0.09628363698720932, 0.18518416583538055, 0.07378178834915161, 0.185670405626297, 0.4647831916809082, 0.25285574793815613, -0.21083475649356842, 0.4204021990299225, 0.1077999621629715, 0.4804953336715698, 0.1336311399936676, 0.20103271305561066, 0.4194486737251282, 0.6021143198013306, 0.0996791273355484, -0.14256586134433746, 0.480612188577652, 0.6425769925117493, 0.12856653332710266, 0.12694285809993744, 0.3524000942707062, 0.23064027726650238, 0.31505924463272095, 0.5331535339355469, 0.1786063313484192, 0.14196419715881348, 0.6658453941345215, 0.409336656332016, 0.08491829037666321, 0.29381102323532104, 0.6056883335113525, 0.31865328550338745, -0.024456404149532318, 0.32251089811325073, 0.249757319688797, 0.2533191442489624, 0.26049622893333435, 0.4599166512489319, 0.0709199607372284, 0.27521029114723206, 0.38131606578826904, 0.3486604690551758, 0.20258742570877075, 0.49642181396484375, 0.6285369396209717, 0.364471971988678, 0.5025039911270142, 0.23951497673988342, 0.4023899734020233, -0.23378336429595947, 0.5941376090049744, -0.07590257376432419, 0.5217370986938477, 0.557060956954956, 0.28195294737815857, 0.22489669919013977, 0.6456841826438904, 0.15188561379909515, 0.179038405418396, -0.0788346379995346, -0.1040114164352417, 0.27437716722488403, 0.15464597940444946, 0.3072047829627991, 0.35450950264930725, 0.19103556871414185, 0.055565785616636276, -0.06326405704021454, -0.10577760636806488, 0.140288308262825, 0.10382682085037231, 0.12727294862270355, 0.18102942407131195, 0.1892843395471573, 0.3740045130252838, -0.03191223740577698, 0.2757697105407715, 0.10197313129901886, 0.0843925029039383, 0.07034920901060104, 0.3022972345352173, 0.1584089696407318, 0.29396742582321167, 0.13959816098213196, 0.2618812918663025, 0.7005045413970947, 0.43234390020370483, 0.4528908133506775, -0.13951376080513, 0.3574267029762268, 0.06935006380081177, 0.5223610401153564, -0.003342047333717346, -0.020542576909065247, 0.5836336612701416, 0.2888866662979126, -0.08271783590316772, 0.055439338088035583, 0.219681516289711, 0.6284474730491638, 0.41396117210388184, 0.7191034555435181, 0.2160063534975052, -0.28422561287879944, 0.243993878364563, 0.3605228066444397, 0.05786878615617752, 0.5950672626495361, 0.08267836272716522, -0.014372512698173523, 0.101624496281147, 0.12694382667541504, 0.3474317789077759, 0.07511894404888153, 0.1567077934741974, 0.10802239179611206, 0.13203713297843933, 0.12279845029115677, -0.04566033184528351, 0.3885490894317627, 0.6103048920631409, 0.31229090690612793, 0.1449812948703766, 0.10438569635152817, -0.10417494177818298, 0.43079668283462524, -0.04223480448126793, 0.09976314008235931, 0.5430517792701721, 0.279340535402298, 0.44895362854003906, -0.0776323527097702, 0.23483923077583313, 0.48811525106430054, 0.5546690225601196, 0.12000465393066406, 0.35038673877716064, 0.02283121645450592, 0.6530462503433228, -0.24023567140102386, 0.42816099524497986, -0.07617698609828949, 0.20196190476417542, 0.34713053703308105, 0.35063081979751587, 0.17821143567562103, 0.2645067572593689, 0.4181399941444397, 0.05560069531202316, 0.16141459345817566, 0.25784239172935486, 0.48711585998535156, 0.3221876919269562, -0.172756627202034, 0.12258146703243256, -0.10964076966047287, 0.39071929454803467, 0.4791024327278137, 0.13626635074615479, -0.035943612456321716, 0.3430885076522827, 0.633421778678894, 0.5496985912322998, 0.10709989070892334, 0.019014541059732437, 0.32458993792533875, 0.2737439274787903, 0.28931403160095215, 0.3115226626396179, 0.8797034025192261, 0.4241639971733093, -0.042771633714437485, 0.16517415642738342, 0.5404424667358398, 0.4577074646949768, -0.17897823452949524, 0.16807931661605835, -0.030293021351099014, 0.20862756669521332, 0.22709941864013672, 0.3933342397212982, 0.003684505820274353, 0.01987207680940628, 0.770134687423706, 0.2646169662475586, -0.023882851004600525, 0.36135154962539673, 0.4323996305465698, 0.1393113136291504, 0.30834096670150757, 0.3481478989124298, 0.45988792181015015, 0.0014797896146774292, 0.17894434928894043, 0.55052250623703, 0.06760524213314056, 0.3986285924911499, 0.1883639693260193, 0.35988330841064453, 0.23677745461463928, 0.5815104246139526, 0.3946167826652527, 0.2910614609718323, 0.09631384909152985, 0.07740671932697296, 0.28036993741989136, 0.25590360164642334, 0.06085417792201042, 0.6569861173629761, 0.1419389247894287, 0.14938437938690186, 0.3592689335346222, 0.2764582633972168, 0.3341345191001892, 0.4187312126159668, -0.2688917815685272, 0.3439364433288574, 0.4560083746910095, 0.5150766372680664, -0.08977077901363373, 0.2509303092956543, 0.5493561029434204, -0.02722284197807312, 0.03083525225520134, 0.5164387226104736, 0.30458295345306396, 0.4212339222431183, 0.2596164345741272, 0.4987124502658844, 0.6132454872131348, -0.036333173513412476, -0.13826890289783478, -0.04652748256921768, 0.21772661805152893, 0.4635624587535858, 0.6315478086471558, 0.34386733174324036, 0.28925418853759766, 0.31949347257614136, 0.1131608858704567, 0.03474610298871994, -0.10039786249399185, 0.035028353333473206, 0.4261897802352905, 0.5891335010528564, -0.329549640417099, 0.38410115242004395, 0.3094705045223236, 0.17936971783638, 0.4371107220649719, 0.4600445032119751, 0.015262722969055176, 0.09824086725711823, 0.19962435960769653, 0.13771671056747437, -0.029631037265062332, 0.23312965035438538, 0.49004024267196655, -0.17715610563755035, 0.16192744672298431, 0.07813303917646408, 0.26569491624832153, 0.2723892033100128, 0.20582351088523865, 0.41950321197509766, 0.19654065370559692, 0.3656023144721985, 0.3627238869667053, 0.6849725246429443, 0.27350562810897827, 0.2164653241634369, 0.13097764551639557, 0.24128878116607666, 0.03218521177768707, 0.13553358614444733, 0.20453067123889923, 0.27718713879585266, 0.475117951631546, 0.16283123195171356, 0.0800313651561737, 0.1079409196972847, 0.2302057445049286, 0.22589486837387085, 0.1652562916278839, 0.1287507712841034, 0.23234973847866058, -0.042349644005298615, 0.2277057021856308, 0.20516550540924072, 0.6620011329650879, 0.27291902899742126, -0.1264611780643463, -0.2691945731639862, -0.2005344033241272, -0.055967286229133606, 0.3708338737487793, 0.16700460016727448, 0.17803555727005005, 0.4038057029247284, 0.36581239104270935, 0.27027058601379395, 0.315060019493103, 0.32472920417785645, -0.033237114548683167, 0.14896702766418457, 0.1040833592414856, 0.20707844197750092, 0.20962297916412354, 0.010073293000459671, 0.459317684173584, 0.22861510515213013, 0.2693883180618286, 0.2114993780851364, -0.028118237853050232, 0.22916291654109955, 0.10696706175804138, 0.483156681060791, -0.034578513354063034, 0.1826791763305664, -0.08260297775268555, 0.35873186588287354, 0.314335435628891, 0.0506618358194828, 0.37150025367736816, 0.11246006935834885, 0.2659376263618469, 0.5227829217910767, 0.2851092219352722, 0.690736711025238, 0.520571768283844, 0.1577863246202469, 0.14420029520988464, 0.48830264806747437, 0.16786207258701324, 0.28906893730163574, 0.41098591685295105, 0.42482948303222656, 0.5279710292816162, 0.0807134360074997, 0.3894187808036804, 0.5863287448883057, 0.3376893997192383, 0.15596014261245728, 0.4154590666294098, -0.10437681525945663, 0.06916645169258118, 0.5143595933914185, 0.4792173504829407, 0.4249044954776764, 0.15446989238262177, -0.10146903991699219, 0.12829816341400146, 0.48549821972846985, 0.021911967545747757, 0.39537739753723145, 0.4251936674118042, 0.7195640206336975, 0.3268682658672333, 0.46336886286735535, 0.5659033060073853, 0.1402277946472168, 0.4156029224395752, 0.019371196627616882, 0.27150630950927734, 0.20199629664421082, 0.3892223536968231, 0.21611052751541138, 0.18976116180419922, 0.39407455921173096, 0.4510651230812073, 0.3507460355758667, 0.2150917798280716, 0.5267965793609619, 0.6155333518981934, 0.3835700750350952, 0.33893969655036926, 0.2311466783285141, 0.5010250806808472, 0.4361966848373413, -0.06606180965900421, 0.5279359221458435, 0.1740006059408188, 0.7698279619216919, 0.010119803249835968, 0.3182043731212616, 0.03517048805952072, 0.016132846474647522, -0.10245290398597717, 0.3915078639984131, 0.4097987413406372, 0.23956580460071564, -0.12639391422271729, 0.6025422811508179, -0.034456536173820496, 0.05277783423662186, 0.4274841845035553, 0.01983848214149475, -0.02354661375284195, -0.28428035974502563, 0.26336565613746643, 0.3500829041004181, 0.36020219326019287, 0.22393670678138733, 0.35916781425476074, 0.27913016080856323, 0.516030490398407, -0.14413157105445862, -0.011101007461547852, 0.286851704120636, 0.4388597309589386, 0.40877166390419006, 0.47697651386260986, 0.36382508277893066, 0.18072041869163513, 0.045286718755960464, 0.2375200092792511, 0.20454710721969604, -0.11547906696796417, 0.21570459008216858, 0.2427438348531723, 0.4830416738986969, 0.2898005247116089, 0.47133445739746094, 0.04310936480760574, 0.39075374603271484, 0.30647847056388855, 0.34673064947128296, 0.5741720795631409, 0.32111209630966187, 0.28831806778907776, 0.5083472728729248, 0.10255935043096542, 0.534592866897583, 0.5220597386360168, 0.36869537830352783, 0.2427847981452942, 0.17957764863967896, 0.1601034700870514, 0.03972794860601425, 0.03902919590473175, 0.12443728744983673, 0.28537797927856445, 0.1062086820602417, 0.14263559877872467, 0.27660006284713745, 0.22524294257164001, 0.14818382263183594, 0.14629830420017242, 0.002860911190509796, 0.3893832564353943, 0.15188750624656677, 0.15463581681251526, 0.4410569965839386, 0.5366199612617493, 0.19437570869922638, 0.1624700129032135, 0.39985793828964233, -0.05352066457271576, 0.272225022315979, -0.07472555339336395, -0.11045563220977783, 0.04432041570544243, 0.011819690465927124, 0.14892920851707458, 0.03427322208881378, 0.31297293305397034, 0.4203653335571289, 0.30879977345466614, 0.2813665270805359, 0.24507738649845123, 0.05171629786491394, 0.1286316215991974, 0.6769867539405823, 0.56938236951828, 0.2963193655014038, 0.33792150020599365, 0.34453076124191284, 0.15277738869190216, 0.3493613004684448, 0.5908724069595337, 0.2541337013244629, 0.04714547470211983, 0.16090819239616394, 0.29971396923065186, -0.0739520862698555, 0.22847223281860352, -0.060269445180892944, 0.15969911217689514, 0.4089674949645996, 0.5998239517211914, 0.24139946699142456, 0.5684704780578613, 0.11891748011112213, 0.22629904747009277, 0.008292853832244873, 0.20437556505203247, -0.027500871568918228, 0.014878593385219574, 0.33550792932510376, 0.23238018155097961, 0.4765660762786865, 0.008541926741600037, 0.16072987020015717, 0.5218600034713745, 0.43000471591949463, 0.19472816586494446, 0.21002674102783203, -0.13551360368728638, 0.17904099822044373, -0.005534876137971878, 0.44810304045677185, 0.3097986578941345, 0.32258784770965576, 0.2931855618953705, -0.02906317263841629, 0.08256775140762329, 0.4270223081111908, 0.46224725246429443, 0.05045758932828903, 0.6395633220672607, 0.06851353496313095, 0.32358548045158386, 0.2817135453224182, -0.014028280973434448, 0.20306269824504852, 0.4554901123046875, -0.17866548895835876, 0.3086998462677002, -0.11673589795827866, 0.26527756452560425, 0.5179367065429688, 0.45793357491493225, 0.14110711216926575, 0.503788411617279, 0.2526378333568573, 0.2785585820674896, 0.11280453950166702, 0.27494093775749207, 0.22438041865825653, 0.47278517484664917, 0.5360889434814453, 0.10945455729961395, 0.09235674887895584, 0.5079302787780762, 0.619993269443512, 0.6546361446380615, 0.2727716863155365, 0.20665138959884644, 0.11120663583278656, -0.059005096554756165, 0.11901171505451202, 0.2662116289138794, 0.15121276676654816, 0.5633556842803955, 0.15173691511154175, -0.019467350095510483, 0.3835251033306122, -0.033120304346084595, 0.3296857178211212, 0.09693934768438339, 0.03402985632419586, 0.2804391086101532, 0.17631882429122925, 0.639193058013916, 0.1738806962966919, -0.07414516806602478, 0.10885220766067505, 0.5113627314567566, 0.11081148684024811, 0.2466246485710144, 0.27483224868774414, 0.06934842467308044, 0.054322898387908936, 0.2448723316192627, 0.410239577293396, -0.18706314265727997, 0.15843334794044495, 0.4526960551738739, 0.36671775579452515, 0.3899044096469879, 0.19830727577209473, 0.3328309655189514, 0.3918774127960205, 0.1634272187948227, 0.20341484248638153, 0.17903590202331543, 0.076157346367836, -0.35412874817848206, 0.20187371969223022, 0.6621021032333374, 0.32022854685783386, 0.6904523968696594, -0.09205519407987595, 0.48217615485191345, 0.046973347663879395, 0.12539418041706085, 0.4654091000556946, 0.43396371603012085, 0.024874001741409302, 0.12056059390306473, 0.49395042657852173, 0.3428151309490204, 0.12452666461467743, 0.3451507091522217, -0.14182308316230774, 0.7105696201324463, 0.33038875460624695, -0.00673261284828186, 0.37732964754104614, 0.25786054134368896, 0.3428647816181183, 0.10715555399656296, 0.22406375408172607, 0.36772769689559937, 0.3229672908782959, 0.5104296207427979, 0.23701588809490204, 0.22304829955101013, 0.42368653416633606, 0.11986362189054489, -0.07084336131811142, 0.26210665702819824, 0.08571504801511765, 0.15537652373313904, 0.5610620975494385, -0.06055096536874771, 0.18817439675331116, -0.0014617368578910828, 0.6616179943084717, 0.37020254135131836, -0.05415353178977966, 0.18018507957458496, 0.4513843357563019, -0.3559344708919525, 0.2537113130092621, 0.3372206687927246, -0.17048349976539612, 0.5639948844909668, 0.5070058703422546, 0.21463030576705933, -0.16758385300636292, 0.4761682450771332, -0.27163946628570557, -0.0011974871158599854, 0.14498500525951385, 0.05047541856765747, 0.42752498388290405, 0.6243122220039368, -0.02069878578186035, 0.4333213269710541, 0.4141695499420166, 0.5748915076255798, 0.3528093695640564, -0.021331055089831352, 0.47900766134262085, 0.6101941466331482, 0.3499850630760193, -0.08560091257095337, 0.5116192698478699, 0.18160301446914673, 0.4611088037490845, 0.2622033953666687, 0.36614537239074707, 0.5326070189476013, 0.4320436418056488, 0.40579867362976074, 0.6542603969573975, -0.020022310316562653, 0.166136234998703, 0.4932955503463745, 0.40869802236557007, -0.30426716804504395, 0.24573877453804016, -0.213017076253891, 0.5989487171173096, 0.2279072403907776, 0.21800950169563293, 0.4758850634098053, 0.19130901992321014, 0.2909029722213745, 0.29902034997940063, 0.2530522048473358, 0.29261255264282227, 0.49094441533088684, 0.22911429405212402, 0.13095980882644653, 0.37782180309295654, -0.01295958086848259, 0.5951080322265625, -0.0030589550733566284, 0.1433577835559845, 0.344494491815567, 0.531455397605896, 0.08667446672916412, 0.2032860815525055, 0.2406892031431198, 0.023354031145572662, 0.592832088470459, 0.2758084535598755, -0.13578425347805023, 0.4346921443939209, 0.6233229041099548, -0.013065598905086517, 0.5346294045448303, 0.018636003136634827, -0.06345172971487045, 0.3829980492591858, 0.02734997868537903, 0.027953237295150757, 0.6982128620147705, 0.5658955574035645, 0.4444001317024231, -0.11259210854768753, 0.4211256206035614, 0.11376804113388062, 0.27825430035591125, 0.35715413093566895, 0.1513300985097885, 0.4664905369281769, 0.4917571544647217, 0.21214963495731354, 0.5734045505523682, 0.37834662199020386, 0.47735220193862915, 0.31669753789901733, 0.2665378451347351, 0.5045040249824524, 0.48016276955604553, -0.07727313041687012, 0.07452227175235748, 0.05114583671092987, 0.6472059488296509, 0.0676402896642685, 0.2735474407672882, 0.5745307207107544, -0.23558595776557922, 0.25998780131340027, 0.11140244454145432, -0.08712774515151978, -0.0037984699010849, 0.32498154044151306, 0.025701336562633514, 0.38984566926956177, 0.1704512983560562, 0.3175468146800995, 0.1301620602607727, 0.22003479301929474, 0.19861412048339844, 0.038998037576675415, 0.28201258182525635, 0.14980405569076538, 0.22419282793998718, 0.2227380871772766, 0.4190174341201782, 0.19070777297019958, 0.19794829189777374, 0.2570188343524933, 0.37632179260253906, 0.5714809894561768, 0.5472837090492249, 0.017647594213485718, 0.3522352874279022, 0.6642155051231384, 0.547680139541626, 0.15583065152168274, 0.11396357417106628, -0.026953287422657013, 0.33473366498947144, 0.39597299695014954, 0.11911852657794952, 0.20821815729141235, -0.0027894601225852966, 0.4999751150608063, 0.017581794410943985, 0.22137293219566345, -0.13758443295955658, 0.2565956711769104, 0.13828323781490326, 0.3294724225997925, 0.06872159242630005, 0.578066349029541, 0.5468357801437378, 0.5951982736587524, 0.43565255403518677, 0.3795554041862488, 0.24618513882160187, 0.03689980506896973, 0.1933721899986267, 0.11136087030172348, 0.09945948421955109, 0.12157490849494934, 0.46296849846839905, 0.5087020397186279, 0.3855177164077759, -0.014354422688484192, 0.43024808168411255, -0.15202517807483673, 0.4724070429801941, 0.1742112934589386, 0.04419451206922531, 0.3147466778755188, 0.0786622017621994, 0.3853936195373535, 0.43655240535736084, 0.05704643577337265, 0.3559407889842987, 0.07177727669477463, -0.08018450438976288, 0.21535557508468628, 0.108101025223732, 0.33067163825035095, 0.06468626856803894, 0.005213893949985504, 0.30799758434295654, 0.2860640585422516, 0.08065944910049438, 0.026627466082572937, 0.1586982011795044, 0.1218051090836525, 0.30149364471435547, 0.307000994682312, 0.205005943775177, 0.14410856366157532, 0.027048684656620026, 0.5595710873603821, 0.5692867040634155, 0.04795348644256592, 0.23559483885765076, 0.3054744005203247, 0.038810037076473236, 0.49019181728363037, 0.5221595764160156, 0.2164776474237442, -0.06754971295595169, 0.35538357496261597, 0.1546725332736969, 0.31911492347717285, 0.4841997027397156, 0.13416072726249695, 0.20131038129329681, 0.2876468598842621, 0.08034264296293259, 0.47004061937332153, 0.0973772406578064, -0.08737534284591675, 0.10144282877445221, 0.23939523100852966, 0.11291887611150742, 0.175223246216774, -0.0623960979282856, 0.2391035258769989, 0.10164075344800949, 0.15500383079051971, 0.2716975808143616, 0.4934823215007782, 0.4296364188194275, 0.4840118885040283, 0.2013975977897644, 0.3413865864276886, 0.06460769474506378, 0.19515609741210938, 0.43718793988227844, 0.24206922948360443, 0.36251378059387207, 0.48924076557159424, 0.07100939750671387, 0.7459312081336975, 0.11076857149600983, 0.3691783547401428, 0.41999560594558716, -0.0374494232237339, 0.050090495496988297, 0.20721891522407532, 0.5210168957710266, 0.5086678862571716, 0.2160845398902893, 0.34971821308135986, 0.6600384712219238, 0.3768017888069153, 0.22487053275108337, 0.26304250955581665, 0.3605976104736328, -0.18452762067317963, 0.3866117298603058, 0.46363818645477295, 0.29101884365081787, -0.03616245836019516, 0.4593980312347412, 0.5775461196899414, 0.3222363591194153, 0.3309440016746521, 0.16270631551742554, -0.2771340012550354, 0.3591991066932678, -0.021983128041028976, -0.11817596852779388, 0.22287695109844208, 0.14734798669815063, 0.5933731198310852, 0.46327224373817444, 0.43450576066970825, 0.13420777022838593, 0.28155773878097534, -0.07943055033683777, 0.29716956615448, 0.2889484763145447, 0.20448248088359833, 0.22084125876426697, 0.5247272253036499, 0.04500902444124222, 0.265713632106781, 0.2095121592283249, 0.12736375629901886, 0.5931687355041504, 0.25976529717445374, 0.26573604345321655, 0.4312801957130432, 0.07098594307899475, 0.18203851580619812, 0.3567020893096924, 0.6837596893310547, 0.43011218309402466, -0.052819445729255676, 0.05683217942714691, 0.5632209181785583, 0.4245978891849518, 0.28182166814804077, 0.19442272186279297, 0.20236140489578247, 0.21422463655471802, 0.17559292912483215, 0.426555335521698, 0.1982131451368332, 0.26971176266670227, 0.4050343334674835, 0.29818639159202576, -0.03095434606075287, 0.513774037361145, 0.22247427701950073, 0.5890897512435913, 0.3615584671497345, 0.13668468594551086, 0.49746981263160706, -0.20321013033390045, 0.09101047366857529, 0.4188562035560608, 0.3530893921852112, 0.12974359095096588, 0.34619203209877014, 0.07649582624435425, -0.11639153212308884, 0.25822699069976807, 0.2619667649269104, 0.5089923739433289, 0.34797441959381104, 0.1562812328338623, 0.48703885078430176, 0.4965197443962097, 0.13193704187870026, 0.06343495845794678, 0.3240185081958771, 0.1452639251947403, 0.26507794857025146, 0.18845278024673462, -0.09811016917228699, 0.5809282660484314, 0.25129032135009766, 0.5142385363578796, 0.33327701687812805, 0.11941622942686081, 0.38892126083374023, 0.024175621569156647, 0.25115206837654114, 0.41843193769454956, -0.11892224848270416, 0.325667142868042, 0.5088053345680237, 0.09583748877048492, 0.2484276443719864, 0.325094610452652, 0.291189581155777, 0.5529980063438416, 0.288199245929718, 0.6813583970069885, 0.39410507678985596, 0.27154630422592163, 0.024482183158397675, 0.2282932549715042, -0.07833408564329147, 0.36668574810028076, 0.15696214139461517, 0.4477965235710144, 0.4717903137207031, 0.060356296598911285, 0.6432929635047913, 0.5836610794067383, 0.3588150143623352, 0.39205896854400635, 0.527892529964447, 0.3290989100933075, 0.34171241521835327, 0.39001262187957764, 0.44182413816452026, 0.14675931632518768, 0.3212774991989136, 0.25863000750541687, 0.47142964601516724, 0.1142922043800354, 0.20044800639152527, 0.02711329609155655, 0.6896032094955444, 0.1578802913427353, 0.09803656488656998, 0.1944946050643921, 0.33755895495414734, 0.27953577041625977, 0.02621116116642952, 0.16111287474632263, 0.6537071466445923, 0.4685055613517761, 0.14422817528247833, 0.3679778575897217, 0.24281953275203705, 0.34394893050193787, 0.13740766048431396, 0.1767241209745407, 0.46360713243484497, 0.34557437896728516, 0.5287847518920898, -0.045778512954711914, -0.10883913934230804, 0.7113401889801025, 0.6397929787635803, 0.18328040838241577, 0.07266920059919357, 0.13686850666999817, 0.2078915685415268, 0.7248008251190186, 0.11657042801380157, -0.029218584299087524, 0.4262525737285614, 0.26904773712158203, 0.2726803421974182, 0.21998457610607147, -0.25787603855133057, -0.008581694215536118, 0.4376051127910614, 0.2824660837650299, 0.30522117018699646, 0.44448015093803406, 0.1203160211443901, 0.34681177139282227, 0.08815249055624008, 0.4970216453075409, 0.3942717909812927, 0.36288323998451233, -0.14572465419769287, 0.3648820221424103, 0.40112462639808655, 0.2546564042568207, 0.5303714275360107, 0.26264137029647827, 0.4182741940021515, 0.25423359870910645, -0.0017193853855133057, 0.008402027189731598, 0.1950797736644745, 0.06570371240377426, 0.2889561057090759, 0.4385942816734314, 0.1632380187511444, -0.2796531617641449, 0.15570223331451416, 0.013568520545959473, 0.4082859456539154, 0.5520792603492737, 0.2189812958240509, 0.03028952330350876, 0.42896175384521484, 0.35146480798721313, 0.01671212911605835, -0.02661169320344925, 0.13787750899791718, 0.3184272050857544, 0.19797688722610474, 0.07165034115314484, 0.39590585231781006, 0.1359676718711853, 0.08415365219116211, 0.43778225779533386, -0.08823639154434204, 0.5420706272125244, 0.35978347063064575, 0.3063315451145172, 0.5025310516357422, 0.45984381437301636, -0.37027814984321594, 0.6159650087356567, 0.1638270914554596, 0.33983808755874634, 0.4641112983226776, 0.23721545934677124, 0.24866434931755066, 0.7375273704528809, 0.2700592577457428, -0.06172295659780502, 0.6718175411224365, -0.06565647572278976, 0.2496502846479416, 0.5560599565505981, 0.07440368086099625, 0.2819048762321472, 0.11710919439792633, 0.16443872451782227, 0.4064203202724457, 0.5519775152206421, 0.41450992226600647, 0.3752630949020386, 0.4686567187309265, 0.385408490896225, 0.5458946228027344, 0.23041179776191711, 0.46346622705459595, 0.13027000427246094, 0.17671944200992584, 0.14844295382499695, 0.4682903289794922, 0.012395843863487244, 0.22523511946201324, 0.22736045718193054, 0.15279270708560944, 0.34907466173171997, 0.7269273996353149, 0.5718239545822144, 0.1809796243906021, 0.3448864221572876, 0.3560686707496643, 0.4292556047439575, 0.041023656725883484, 0.2712790369987488, 0.3794395923614502, 0.6573928594589233, 0.15559226274490356, 0.12003962695598602, 0.4964003562927246, 0.39700818061828613, -0.06976498663425446, -0.02985222637653351, 0.6211145520210266, 0.20032933354377747, 0.5616024732589722, 0.2058028280735016, 0.319391667842865, 0.06369176506996155, 0.5314383506774902, -0.1953941434621811, 0.4177107810974121, 0.121397003531456, 0.16891691088676453, 0.322204053401947, 0.49481475353240967, 0.3813434839248657, 0.023749586194753647, -0.07777191698551178, -0.08600838482379913, 0.2284119576215744, -0.06309395283460617, 0.6457567811012268, 0.25701072812080383, 0.46198374032974243, 0.1835809201002121, 0.4269199073314667, 0.41849154233932495, 0.1360580027103424, 0.3540855944156647, 0.3900092840194702, 0.47336605191230774, 0.005616102367639542, 0.4766002595424652, 0.32897433638572693, 0.5792118906974792, 0.20795467495918274, 0.32528480887413025, -0.08605076372623444, 0.4492563009262085, 0.2619131803512573, 0.1643647849559784, 0.4991123080253601, 0.2852712869644165, -0.2535420060157776, 0.04790342599153519, -0.11158923804759979, 0.3041352331638336, -0.04642866551876068, 0.5038066506385803, 0.06857150793075562, 0.363477498292923, 0.35989850759506226, 0.47838401794433594, 0.17396250367164612, 0.08525879681110382, 0.07400110363960266, 0.10366585850715637, 0.15124665200710297, 0.22440564632415771, 0.3605763614177704, -0.03934258222579956, -0.13182242214679718, 0.26207974553108215, -0.044241875410079956, -0.03419853001832962, 0.18390704691410065, 0.32999977469444275, 0.5141096115112305, 0.5691837668418884, 0.42888402938842773, 0.5057324767112732, 0.8335859775543213, 0.36582234501838684, 0.3462519347667694, 0.3844662308692932, 0.02207040786743164, 0.17141571640968323, 0.31279098987579346, 0.5016308426856995, 0.3483582139015198, -0.12880311906337738, 0.2628314197063446, 0.34652525186538696, 0.42463919520378113, 0.571129560470581, 0.5374365448951721, 0.6172807216644287, 0.010820016264915466, 0.03690240904688835, 0.4360416829586029, 0.07525431364774704, -0.0006016939878463745, 0.02558993548154831, 0.3188372850418091, 0.22036999464035034, 0.03907202184200287, 0.0021480396389961243, 0.4309375286102295, 0.32198238372802734, -0.18120934069156647, 0.42790383100509644, 0.5820814371109009, 0.007214747369289398, 0.3614332675933838, 0.0820593535900116, 0.42092040181159973, 0.17841286957263947, 0.30051806569099426, 0.6968783736228943, 0.2915363609790802, 0.0827133059501648, 0.19428083300590515, 0.08856100589036942, 0.18800188601016998, 0.641451358795166, 0.4595111608505249, 0.3908400535583496, -0.19146281480789185, 0.2396753877401352, 0.05192248523235321, 0.3683398962020874, 0.24047529697418213, 0.08077110350131989, 0.3656121492385864, -0.1171456128358841, -0.20428572595119476, 0.5117984414100647, 0.26133081316947937, 0.34527575969696045, 0.8401288986206055, -0.05809841305017471, 0.1705726683139801, 0.5096882581710815, 0.23889417946338654, 0.23359909653663635, 0.1751699149608612, 0.11766105890274048, 0.09119751304388046, 0.3206837475299835, 0.09470577538013458, 0.10147923231124878, 0.24881793558597565, 0.3956877291202545, 0.25059717893600464, 0.16467773914337158, 0.05547849088907242, 0.10092052817344666, 0.19745278358459473, 0.4732070565223694, -0.07694423198699951, 0.18850089609622955, 0.11292193830013275, 0.7670028209686279, -0.12312692403793335, 0.024370234459638596, 0.19240061938762665, 0.14169837534427643, 0.21175605058670044, 0.2825588285923004, 0.11492898315191269, 0.24631595611572266, 0.21728667616844177, 0.2867995798587799, 0.262251615524292, 0.17188480496406555, -0.0021973103284835815, 0.28801465034484863, 0.3058028519153595, -0.04893847927451134, 0.44957900047302246, 0.39060986042022705, 0.3257770836353302, 0.5519093871116638, 0.23475250601768494, 0.47103017568588257, 0.28928786516189575, 0.23789454996585846, -0.11782776564359665, 0.4935990571975708, 0.37622082233428955, 0.08197249472141266, 0.5501679182052612, -0.023491688072681427, 0.39701560139656067, 0.2678510248661041, 0.4812823534011841, 0.2606222927570343, 0.18111151456832886, 0.32588058710098267, 0.11672106385231018, 0.17031902074813843, 0.5814513564109802, -0.022084027528762817, 0.6366310119628906, 0.16566771268844604, 0.2303214818239212, 0.42374229431152344, 0.45380157232284546, 0.2275923639535904, 0.3521827757358551, 0.24629366397857666, 0.13057467341423035, 0.07197557389736176, -0.12808452546596527, 0.09491761773824692, 0.1358296424150467, 0.40479135513305664, 0.22783586382865906, 0.16861455142498016, 0.3521791100502014, -0.0018436312675476074, 0.29093560576438904, 0.06997176259756088, 0.23586979508399963, -0.21419864892959595, 0.10166175663471222, 0.1296294778585434, 0.4453068971633911, -0.20726725459098816, 0.2642562687397003, -0.17773346602916718, 0.3038850724697113, 0.10680530220270157, -0.05908067524433136, 0.15431512892246246, 0.05053664743900299, 0.4360159635543823, 0.39259645342826843, 0.36572548747062683, 0.00958993285894394, 0.09008997678756714, 0.6751347780227661, 0.11565075069665909, 0.09758715331554413, -0.16619297862052917, 0.4963476359844208, 0.3754631280899048, 0.04748271405696869, 0.17410606145858765, 0.24678227305412292, 0.10036319494247437, 0.527845025062561, 0.25988492369651794, 0.021972738206386566, 0.1901385635137558, 0.3522265553474426, 0.31802666187286377, 0.4355722665786743, 0.2896604537963867, 0.014342054724693298, 0.11139953136444092, 0.09139037877321243, -0.2869488596916199, 0.054781388491392136, 0.08326698839664459, 0.36400073766708374, 0.19333241879940033, -0.014301855117082596, 0.34316879510879517, 0.5357421636581421, 0.21146181225776672, 0.07366649806499481, 0.32052740454673767, 0.2429717481136322, 0.14397922158241272, 0.16098356246948242, 0.2085801512002945, 0.594176709651947, 0.38997355103492737, 0.030308008193969727, 0.28968772292137146, 0.4680256247520447, 0.474567174911499, 0.489543080329895, 0.07901928573846817, 0.05367739126086235, 0.3122923970222473, -0.12315128743648529, 0.4120384156703949, -0.013923346996307373, 0.1909986436367035, 0.3600640296936035, 0.22754546999931335, 0.30478107929229736, 0.5002774596214294, -0.030874278396368027, -0.18399792909622192, 0.09843114018440247, 0.48678702116012573, 0.4250045418739319, 0.07652171701192856, 0.24919407069683075, 0.37415871024131775, 0.40588057041168213, 0.19651685655117035, 0.25070035457611084, 0.1760271191596985, 0.06600157916545868, 0.392028272151947, -0.1552174836397171, 0.6006003022193909, 0.3203408718109131, 0.4510878920555115, 0.41248372197151184, 0.5630555748939514, 0.09389150142669678, 0.2323283851146698, 0.49758851528167725, 0.27931272983551025, 0.4340517520904541, -0.20459380745887756, -0.19559705257415771, 0.14642614126205444, 0.22607769072055817, 0.0910724401473999, 0.2832242250442505, 0.144680455327034, 0.15888987481594086, 0.11728217452764511, 0.22417382895946503, 0.07198384404182434, 0.4414230287075043, 0.36449363827705383, 0.12344182282686234, 0.5476450324058533, 0.5264111757278442, 0.1364426463842392, 0.16968734562397003, -0.28759756684303284, -0.011218506842851639, 0.06322439759969711, 0.4797188937664032, 0.43721243739128113, 0.0921061784029007, 0.7330319285392761, 0.4633883237838745, 0.09957310557365417, -0.00838218629360199, 0.3493580222129822, 0.5505515336990356, 0.36861109733581543, 0.12435328960418701, 0.47506535053253174]
