sample name: ['Cc1ccc(C(C)C)c(OCC(=O)N/N=C/c2ccco2)c1']
atom_index,distance,cosine_similarity
0,0.2362750244140625,-0.02077765330672264
1,0.0328680419921875,-0.003238880857825279
2,0.129642333984375,-0.017130072265863418
3,-0.3255615234375,0.024316374510526657
4,-0.09696533203125,0.012458654567599297
5,0.108739013671875,-0.0048513272404670715
6,-0.0994683837890625,0.012573448419570922
7,0.1707305908203125,-0.016407610177993776
8,-0.486304931640625,0.0381018628180027
9,0.3067919921875,-0.030270212963223457
10,-0.6193756103515625,0.05492707207798958
11,0.194835205078125,-0.015632732361555098
12,0.10876953125,-0.011715018600225448
13,-0.3820819091796875,0.030865418873727322
14,-0.1349835205078125,0.0010269539058208467
15,-0.1768841552734375,0.010709838941693306
16,0.15875732421875,-0.013354191705584526

Sum of phi values for distance
-0.8742163085937499
Sum of phi values for cosine similarity
0.05160192463546992
Average distance random samples:
6.444545681564247
Average cosine similarity random samples:
0.725324437096715
Distances random samples
[10.02676773071289, 8.359380722045898, 8.472994804382324, 5.777148723602295, 6.544312477111816, 4.376873016357422, 5.874749183654785, 3.2181031703948975, 5.216693878173828, 5.220738887786865, 6.022470951080322, 4.185666084289551, 4.6477556228637695, 9.235650062561035, 5.3315653800964355, 10.349675178527832, 6.701473236083984, 5.585798263549805, 11.646810531616211, 6.2984490394592285, 6.656865119934082, 5.446801662445068, 8.914092063903809, 11.080718040466309, 5.095254898071289, 6.008572578430176, 10.150799751281738, 9.70544147491455, 5.7848029136657715, 11.776626586914062, 4.690377712249756, 7.825502872467041, 6.875217437744141, 6.229455947875977, 5.504087924957275, 6.7246174812316895, 5.8151421546936035, 3.7485716342926025, 4.572723388671875, 6.587943077087402, 5.907369613647461, 7.204174995422363, 6.067987442016602, 4.449663162231445, 9.867521286010742, 6.057979583740234, 5.6725053787231445, 9.807044982910156, 6.4353814125061035, 10.820609092712402, 5.117002487182617, 4.983774185180664, 6.651682376861572, 18.497535705566406, 5.428991794586182, 6.803497314453125, 8.796893119812012, 4.524234771728516, 8.498699188232422, 6.301523208618164, 6.091294765472412, 6.644649028778076, 6.123620510101318, 10.323742866516113, 9.713431358337402, 9.332331657409668, 6.3811936378479, 6.5228142738342285, 4.333787441253662, 4.30978536605835, 5.600619792938232, 4.280028343200684, 5.581533908843994, 5.5059051513671875, 6.572676181793213, 10.55819320678711, 9.401055335998535, 6.266571044921875, 6.711153984069824, 5.503264904022217, 9.209396362304688, 7.35757303237915, 3.9425528049468994, 5.939230442047119, 5.969596862792969, 9.77493667602539, 5.20572566986084, 4.528915882110596, 5.188950538635254, 6.57685661315918, 4.590632438659668, 9.137686729431152, 5.33427619934082, 4.253843307495117, 9.167635917663574, 6.7014288902282715, 9.249532699584961, 6.1367316246032715, 10.29803466796875, 6.035203456878662, 4.811393737792969, 7.835561752319336, 9.503702163696289, 8.885868072509766, 4.170154094696045, 8.71621322631836, 6.705682754516602, 6.268969535827637, 5.618136405944824, 9.845548629760742, 3.8992347717285156, 0.5269498229026794, 6.32468843460083, 6.277884483337402, 6.807243824005127, 7.141514301300049, 7.924562454223633, 8.939422607421875, 6.4904279708862305, 8.975397109985352, 4.345776557922363, 7.260474681854248, 6.047466278076172, 6.6251444816589355, 7.013978958129883, 7.000330448150635, 9.711368560791016, 5.228785991668701, 8.760101318359375, 5.424811363220215, 12.795661926269531, 4.932568073272705, 6.573673725128174, 5.418799877166748, 0.9715191721916199, 6.721768856048584, 7.717115879058838, 6.3948540687561035, 5.896442413330078, 5.1415324211120605, 7.2297821044921875, 6.940863609313965, 9.050276756286621, 9.978620529174805, 5.1063551902771, 4.881553649902344, 8.9006986618042, 5.842668056488037, 4.5671820640563965, 9.414291381835938, 4.535491466522217, 6.254362106323242, 5.364959239959717, 6.388766288757324, 5.316728591918945, 5.931005477905273, 5.868973731994629, 6.791289806365967, 5.770538330078125, 5.060135841369629, 5.889760494232178, 5.58224630355835, 9.784740447998047, 5.519499778747559, 5.850282669067383, 4.381160736083984, 5.58568811416626, 4.981652736663818, 4.951298236846924, 9.482769012451172, 9.334749221801758, 9.167548179626465, 6.236298561096191, 4.040365219116211, 6.977141380310059, 6.577223300933838, 9.65670394897461, 4.733018398284912, 5.362797737121582, 4.876247882843018, 5.666752338409424, 3.5096030235290527, 6.686756134033203, 5.0617170333862305, 5.619144916534424, 6.153847694396973, 5.794225215911865, 5.03998327255249, 5.917847156524658, 5.426759719848633, 6.016376972198486, 5.530240058898926, 4.719227313995361, 3.002166986465454, 8.930471420288086, 6.630727291107178, 6.707562446594238, 5.776564121246338, 8.895923614501953, 4.600500106811523, 5.102702617645264, 10.916672706604004, 5.076084613800049, 6.701780796051025, 10.019091606140137, 6.315346717834473, 6.645938396453857, 5.038269519805908, 9.797118186950684, 5.915900230407715, 4.814868450164795, 2.00508451461792, 5.0127081871032715, 4.8957719802856445, 5.690191745758057, 4.138473987579346, 6.977232456207275, 4.281440734863281, 7.80918025970459, 5.238272666931152, 9.46569538116455, 8.654398918151855, 6.481468677520752, 6.136756420135498, 5.816850662231445, 6.581773281097412, 4.227699279785156, 5.582332611083984, 7.339981555938721, 6.471946716308594, 8.7523775100708, 5.244609832763672, 8.125702857971191, 5.717135429382324, 7.811314582824707, 6.497883319854736, 9.116211891174316, 6.490350246429443, 9.386253356933594, 3.085660696029663, 6.74050235748291, 5.7646870613098145, 6.512179851531982, 6.332498073577881, 5.06833553314209, 3.8633487224578857, 5.167608737945557, 2.2829318046569824, 3.678840398788452, 6.667191028594971, 9.483381271362305, 5.768517971038818, 6.653134346008301, 9.305828094482422, 9.429966926574707, 6.144676685333252, 8.741653442382812, 5.124863624572754, 6.506099700927734, 4.5038251876831055, 2.6137869358062744, 5.588415622711182, 6.612844467163086, 9.212410926818848, 6.394583702087402, 6.169771671295166, 5.5748066902160645, 5.3387770652771, 6.436660289764404, 11.09620189666748, 6.771707057952881, 6.401093482971191, 5.402139186859131, 4.473388195037842, 6.866183757781982, 8.86269760131836, 11.064270973205566, 1.5256246328353882, 6.545063495635986, 9.843292236328125, 3.77835750579834, 9.371468544006348, 6.730379581451416, 5.789278507232666, 4.704482078552246, 5.5709967613220215, 4.267276763916016, 5.986990451812744, 5.790191173553467, 5.072018146514893, 12.557459831237793, 6.256598472595215, 0.32683423161506653, 2.701324939727783, 6.474368572235107, 4.593630790710449, 11.836771011352539, 6.784348011016846, 6.175578594207764, 11.982757568359375, 9.17639446258545, 7.696361064910889, 8.734410285949707, 9.761122703552246, 9.771904945373535, 5.199574947357178, 5.472155570983887, 4.279540061950684, 6.0567216873168945, 6.436265468597412, 3.638192653656006, 10.472233772277832, 8.47983169555664, 4.978663921356201, 3.9381606578826904, 6.856375217437744, 2.130781650543213, 5.461541652679443, 5.4510698318481445, 5.65076208114624, 5.644155979156494, 6.420853137969971, 6.4966840744018555, 5.606354236602783, 5.77048921585083, 6.680453300476074, 9.682312965393066, 6.367874622344971, 5.638021469116211, 4.491353511810303, 6.436873435974121, 6.489307880401611, 5.547478675842285, 5.880030155181885, 9.298848152160645, 5.230714321136475, 5.134543418884277, 5.4989013671875, 4.908993244171143, 6.500641822814941, 5.001943588256836, 3.4148266315460205, 6.060231685638428, 1.8467142581939697, 10.176326751708984, 6.487202167510986, 6.843920707702637, 5.6339287757873535, 6.339977741241455, 5.6346354484558105, 7.070738792419434, 6.650991916656494, 5.663369178771973, 5.385885238647461, 10.598644256591797, 6.6509623527526855, 6.500442981719971, 5.524067401885986, 4.298795700073242, 6.523467540740967, 3.834901809692383, 6.649026870727539, 3.540627956390381, 5.444859504699707, 10.297125816345215, 6.352778434753418, 4.20481014251709, 9.964963912963867, 4.170505046844482, 4.596546649932861, 5.6914191246032715, 3.2977044582366943, 5.864574432373047, 8.64059829711914, 6.211555004119873, 7.326168060302734, 6.341609001159668, 3.002476215362549, 9.024518013000488, 4.594676494598389, 6.942266941070557, 5.227079391479492, 5.246565341949463, 10.676127433776855, 5.479177951812744, 3.79634952545166, 5.62891960144043, 5.113415241241455, 4.890847206115723, 5.398679733276367, 10.71224308013916, 9.664896965026855, 2.9652886390686035, 6.518838882446289, 5.431783676147461, 5.836650371551514, 3.976423740386963, 5.5089545249938965, 6.198490619659424, 6.515285015106201, 5.697883129119873, 4.718387603759766, 5.605154991149902, 6.474115371704102, 6.877322673797607, 5.549627304077148, 6.652596473693848, 6.161873817443848, 5.408857822418213, 3.8263094425201416, 5.789599418640137, 3.6423733234405518, 4.765696048736572, 5.008459568023682, 4.872293949127197, 6.3141913414001465, 6.706377983093262, 4.872285842895508, 4.320262432098389, 4.656984329223633, 2.968985080718994, 3.9538426399230957, 5.93848991394043, 5.055944919586182, 5.553058624267578, 5.176870822906494, 4.622876167297363, 4.44497013092041, 6.586561679840088, 2.898406744003296, 8.318965911865234, 4.417426109313965, 5.015982627868652, 4.507595539093018, 4.964639186859131, 10.638575553894043, 6.349216938018799, 4.894519329071045, 3.7476916313171387, 6.8535284996032715, 12.925997734069824, 10.063936233520508, 5.405317783355713, 6.217587947845459, 5.376778602600098, 7.454594612121582, 5.517218112945557, 4.087114334106445, 10.326216697692871, 5.876111030578613, 8.82233715057373, 9.154099464416504, 5.050807952880859, 5.783209800720215, 5.064125061035156, 4.524483680725098, 9.631206512451172, 5.461214065551758, 5.554230690002441, 5.462059020996094, 5.545956134796143, 5.516941070556641, 5.381458282470703, 8.979485511779785, 8.270414352416992, 10.515158653259277, 3.884906053543091, 3.778085470199585, 2.9274234771728516, 8.556071281433105, 5.09663724899292, 4.808588981628418, 6.140687942504883, 7.8495683670043945, 6.411870956420898, 3.5464179515838623, 6.722709655761719, 5.184521198272705, 6.550241470336914, 3.5811872482299805, 10.138792037963867, 6.668102264404297, 5.6278252601623535, 6.651008129119873, 10.594305992126465, 7.314598560333252, 10.020162582397461, 4.8749542236328125, 8.71557331085205, 8.458802223205566, 6.32771635055542, 5.42010498046875, 3.966604232788086, 7.141932964324951, 5.283786296844482, 8.020302772521973, 6.773370742797852, 6.733240127563477, 1.8176778554916382, 6.682424068450928, 10.564931869506836, 3.177856922149658, 5.6804938316345215, 4.008458137512207, 5.530704498291016, 6.6718854904174805, 12.274880409240723, 6.62351655960083, 4.689822196960449, 6.421531677246094, 5.563940048217773, 5.853100776672363, 5.058691024780273, 9.633484840393066, 4.916943550109863, 6.653669357299805, 9.903335571289062, 5.645693302154541, 6.863646507263184, 6.758764266967773, 6.947561264038086, 3.974715232849121, 4.028938293457031, 12.501809120178223, 5.932114124298096, 10.471755027770996, 4.143038749694824, 6.040657997131348, 5.754297733306885, 6.940330505371094, 9.842584609985352, 6.53985071182251, 10.595903396606445, 3.659209728240967, 6.491044044494629, 3.718066692352295, 10.904305458068848, 5.728780269622803, 6.120110034942627, 5.088708877563477, 5.0070295333862305, 8.878935813903809, 5.38580846786499, 4.56970739364624, 6.6658935546875, 9.078145980834961, 5.836464881896973, 8.787543296813965, 4.379012107849121, 6.501937389373779, 5.534881591796875, 9.93491268157959, 11.600725173950195, 5.1102213859558105, 5.715946197509766, 5.355838298797607, 7.201423168182373, 9.56144905090332, 5.873121738433838, 5.2933807373046875, 6.837360382080078, 8.980704307556152, 5.484490394592285, 6.241966724395752, 6.914139270782471, 9.15453815460205, 6.039993762969971, 6.518651962280273, 6.699110984802246, 11.29106330871582, 4.065997123718262, 5.787555694580078, 3.9177334308624268, 10.492141723632812, 6.103046894073486, 6.2584757804870605, 5.975955963134766, 4.907629489898682, 10.94919204711914, 6.682253837585449, 4.976795196533203, 6.6574530601501465, 4.168482303619385, 3.785762071609497, 5.40680456161499, 6.750344753265381, 9.927945137023926, 6.217459678649902, 6.368013858795166, 11.009321212768555, 6.300033092498779, 7.201559066772461, 5.516942977905273, 9.378753662109375, 5.358748435974121, 4.591026782989502, 9.138437271118164, 6.162827968597412, 6.941282272338867, 4.664161205291748, 3.4939441680908203, 4.725188255310059, 6.835836410522461, 10.497821807861328, 5.012840747833252, 4.946167945861816, 8.416816711425781, 5.76099157333374, 5.096061706542969, 4.721724510192871, 5.906784534454346, 9.090123176574707, 10.349857330322266, 3.8845419883728027, 6.560118198394775, 5.335983753204346, 9.453412055969238, 6.332737922668457, 9.677730560302734, 5.713478088378906, 7.696100234985352, 7.54518985748291, 8.703760147094727, 5.628133773803711, 3.709482431411743, 6.898783206939697, 4.416830539703369, 7.127125263214111, 11.497865676879883, 8.837414741516113, 5.677182674407959, 11.340790748596191, 4.360915660858154, 6.810722827911377, 4.6548752784729, 4.060457706451416, 10.731904029846191, 6.048933982849121, 6.714385032653809, 9.294086456298828, 6.135201930999756, 5.625203609466553, 9.346921920776367, 10.658870697021484, 10.288474082946777, 2.8989946842193604, 9.165958404541016, 5.105353832244873, 6.8064703941345215, 5.153715133666992, 5.393537998199463, 5.802514553070068, 5.932453632354736, 4.518470287322998, 5.8230180740356445, 5.3063883781433105, 4.661808490753174, 1.618947148323059, 5.99210262298584, 2.8936855792999268, 6.170360565185547, 5.5929036140441895, 5.695733070373535, 5.494057655334473, 9.026642799377441, 5.460125923156738, 5.308332920074463, 9.813997268676758, 6.191037654876709, 3.9339840412139893, 6.108364105224609, 6.122252464294434, 10.21571159362793, 6.008945941925049, 6.417232036590576, 10.133105278015137, 6.381739139556885, 6.895499229431152, 5.350390434265137, 6.584688186645508, 2.863701343536377, 11.620206832885742, 10.1900053024292, 5.832395076751709, 5.581442832946777, 4.852646350860596, 3.650982618331909, 4.47639274597168, 7.093235015869141, 5.821678161621094, 4.589887619018555, 10.102764129638672, 6.411098003387451, 7.106748580932617, 6.8682451248168945, 5.570805072784424, 6.592196941375732, 6.449732303619385, 6.0326104164123535, 4.166720390319824, 5.266414165496826, 3.7087764739990234, 5.865267276763916, 5.087308406829834, 4.624789237976074, 3.4436349868774414, 4.518709182739258, 4.114931106567383, 4.42014741897583, 6.778924465179443, 4.592185020446777, 5.504947662353516, 3.924624443054199, 6.407020092010498, 5.641644477844238, 5.163161754608154, 10.818635940551758, 3.449582815170288, 4.035752773284912, 10.29975414276123, 6.575601100921631, 5.993287086486816, 6.125186920166016, 3.9077582359313965, 5.89818000793457, 5.637304306030273, 5.0745697021484375, 6.099630832672119, 5.839969635009766, 5.7078857421875, 4.345655918121338, 4.8997626304626465, 5.7357683181762695, 6.46002721786499, 5.448167324066162, 5.9854631423950195, 6.544155597686768, 4.917041301727295, 5.072310924530029, 4.767826557159424, 4.399726867675781, 5.366098880767822, 10.877677917480469, 6.578887939453125, 6.156701564788818, 6.282873153686523, 4.474606990814209, 6.740386486053467, 8.67193603515625, 5.8887038230896, 6.797996997833252, 5.648359775543213, 4.533971786499023, 6.5848612785339355, 6.240559101104736, 6.6657938957214355, 6.491856575012207, 9.677721977233887, 4.073470592498779, 5.8430304527282715, 5.8448100090026855, 5.940227508544922, 5.768571853637695, 5.678126811981201, 5.762887954711914, 6.300851821899414, 4.724213123321533, 5.988077640533447, 5.321974754333496, 6.959406852722168, 3.7407000064849854, 10.815476417541504, 3.3353335857391357, 3.998173475265503, 6.703506946563721, 4.833014965057373, 3.908892869949341, 6.47588586807251, 10.05672550201416, 5.813596725463867, 5.256329536437988, 6.71149206161499, 7.318397521972656, 7.82908296585083, 5.359834671020508, 4.428826808929443, 4.965065002441406, 10.271615982055664, 5.116212844848633, 9.818838119506836, 5.179654121398926, 6.2079620361328125, 5.689205169677734, 5.349229335784912, 6.222333908081055, 3.5321574211120605, 10.412368774414062, 2.5599687099456787, 6.5923895835876465, 5.198783874511719, 10.78024959564209, 6.546922206878662, 4.1221232414245605, 5.437877655029297, 6.666256904602051, 8.636717796325684, 10.199490547180176, 4.918405055999756, 4.415472030639648, 6.315829277038574, 5.846700668334961, 3.3619327545166016, 9.149554252624512, 5.375865936279297, 9.491669654846191, 5.766751766204834, 4.55751371383667, 5.654721736907959, 7.875275611877441, 3.6604459285736084, 5.574403285980225, 5.028110027313232, 10.471773147583008, 5.896401882171631, 4.515408515930176, 6.961086750030518, 6.462836742401123, 5.846421718597412, 4.837555885314941, 9.75509262084961, 6.076573848724365, 10.596806526184082, 3.7636544704437256, 6.727707862854004, 4.563788414001465, 6.0785932540893555, 8.89310359954834, 5.391441345214844, 6.08451509475708, 11.009596824645996, 4.462634563446045, 10.086564064025879, 4.229496002197266, 8.934391975402832, 8.669334411621094, 6.042444229125977, 6.444738864898682, 5.55956506729126, 9.819416046142578, 5.952280521392822, 6.695425987243652, 5.978306770324707, 5.559865474700928, 11.216925621032715, 5.9113922119140625, 5.355891227722168, 7.1651201248168945, 5.543026447296143, 5.545965194702148, 6.6562604904174805, 4.898387432098389, 4.745656490325928, 6.7927374839782715, 9.888914108276367, 6.364512920379639, 4.393198013305664, 6.925926208496094, 4.542141914367676, 5.069810390472412, 4.962656497955322, 4.4630126953125, 6.906208515167236, 6.342033386230469, 6.922313690185547, 7.360182285308838, 6.131566047668457, 2.8540117740631104, 5.7625250816345215, 6.439873218536377, 6.733827590942383, 6.802928924560547, 5.37874174118042, 9.474491119384766, 6.445214748382568, 6.395305156707764, 3.26662015914917, 4.346063613891602, 3.888014554977417, 4.65804386138916, 10.365728378295898, 5.925248146057129, 6.602765083312988, 6.755027770996094, 6.922698497772217, 2.9234583377838135, 4.266470432281494, 9.156882286071777, 6.374375343322754, 9.575762748718262, 3.509024143218994, 1.797261357307434, 5.125380516052246, 4.851537704467773, 6.896455764770508, 9.440604209899902, 9.49126148223877, 2.545672655105591, 8.721917152404785, 5.165921688079834, 5.849134922027588, 3.7814781665802, 9.79071044921875, 5.423254013061523, 8.372923851013184, 5.716841220855713, 9.827165603637695, 6.324423789978027, 6.104495048522949, 10.545289993286133, 7.76829719543457, 6.046567916870117, 4.74839448928833, 4.317242622375488, 6.057925701141357, 4.508219242095947, 4.653067111968994, 6.573693752288818, 9.988837242126465, 6.605904579162598, 9.178616523742676, 6.901088714599609, 9.895257949829102, 11.341073989868164, 10.759321212768555, 9.890165328979492, 4.1909565925598145, 6.821321487426758, 7.072336673736572, 4.658319473266602, 6.644299507141113, 6.037492275238037, 9.664258003234863, 9.365199089050293, 10.069392204284668, 4.276268482208252, 5.231139659881592, 7.957958698272705, 5.257654190063477, 6.617338180541992, 7.151800155639648, 9.213294982910156, 8.282912254333496, 10.211462020874023, 4.248058795928955, 4.678994178771973, 3.523709535598755, 5.857667922973633, 6.228003978729248, 6.176007270812988, 5.86492395401001, 5.234749794006348, 6.22706413269043, 5.974356174468994, 6.604337215423584, 4.562827110290527, 6.40508508682251, 4.85784387588501, 4.408896446228027, 5.553037166595459, 6.530094146728516, 5.771914482116699, 4.111678600311279, 6.403461456298828, 4.204238414764404, 4.2569684982299805, 4.405021667480469, 4.5810465812683105, 4.874748706817627, 6.538297176361084, 6.849644660949707, 10.87401294708252, 10.747490882873535, 5.035464763641357, 5.961803913116455, 5.911233901977539, 6.4483561515808105, 9.92186450958252, 6.623356819152832, 9.50447940826416, 7.0043511390686035, 5.775845527648926, 3.9588370323181152, 9.139744758605957, 7.039672374725342, 6.6982855796813965, 8.883648872375488, 4.795070648193359, 6.652921199798584, 9.029969215393066, 7.207980155944824, 3.931295394897461, 5.833232879638672, 6.852092742919922, 5.068948268890381, 5.986514091491699, 5.058561325073242, 4.700407028198242, 9.790331840515137, 9.883954048156738, 7.095642566680908, 5.632130146026611, 5.4256486892700195, 9.920706748962402, 3.9305152893066406, 5.79974365234375, 9.656935691833496, 5.479955673217773, 5.508357524871826, 7.658988952636719, 9.07958984375, 5.551884174346924, 5.690004348754883, 5.7066569328308105, 4.978528022766113, 4.510519981384277, 3.477447748184204, 9.120253562927246, 6.132115364074707, 5.18860387802124, 8.703866958618164, 5.3102521896362305, 8.620468139648438, 4.634713172912598, 6.6077728271484375, 5.302853107452393, 6.090948104858398, 6.950508117675781, 6.338416576385498, 4.681657314300537, 3.7427403926849365, 6.408063888549805, 8.901885986328125, 8.669339179992676, 9.394017219543457, 5.428940773010254, 3.7477381229400635, 4.781825065612793, 3.8416099548339844, 5.7499589920043945, 11.689528465270996, 5.6945624351501465, 6.763293266296387, 7.076356887817383, 6.230762481689453, 11.04494857788086, 4.138406276702881, 6.444070816040039, 7.603347301483154, 6.704803943634033, 8.801985740661621, 8.986498832702637, 7.430908679962158, 5.978400230407715, 9.099656105041504, 3.8919460773468018, 8.410417556762695, 4.2966132164001465, 9.871877670288086, 7.247420310974121, 4.923816204071045, 5.015192031860352, 4.874324798583984, 6.2824387550354, 5.782092094421387, 7.93340539932251, 6.4716796875, 6.017035007476807, 6.219257354736328, 6.690547943115234, 8.980792045593262, 4.930601119995117, 6.415199279785156, 4.601512908935547, 6.1849822998046875, 3.9107112884521484, 5.804248332977295, 5.971150875091553, 5.711424827575684, 8.26562786102295, 9.54520320892334, 6.877164363861084, 5.604804992675781, 4.775021553039551, 5.205112934112549, 4.842267990112305, 4.552855491638184, 5.629837512969971, 4.942417144775391, 8.168553352355957, 6.258224964141846, 4.874382495880127, 5.783680438995361, 4.161263465881348, 3.728609085083008, 9.010069847106934, 10.444954872131348, 5.15334415435791, 6.40789794921875, 5.52731990814209, 6.1234660148620605, 3.930812120437622, 9.782508850097656, 5.181902885437012, 6.167618751525879, 6.569038391113281, 9.652533531188965, 8.506331443786621, 8.90151596069336, 5.8108906745910645, 5.994146347045898, 9.388578414916992, 10.900223731994629, 3.7406554222106934, 6.510024070739746, 5.333553791046143, 5.719252109527588, 5.483604907989502, 9.772542953491211, 6.674160957336426, 5.829349040985107, 3.344738483428955, 5.577719688415527, 5.981212615966797, 6.325515270233154, 5.374215126037598, 10.937701225280762, 4.747994422912598, 10.104708671569824, 4.892632484436035, 9.704011917114258, 5.895972728729248, 9.603778839111328, 4.973424434661865, 6.602454662322998, 4.382870197296143, 6.168609619140625, 5.022549629211426, 5.384530544281006, 5.800586700439453, 5.609881401062012, 5.824245452880859, 3.3442416191101074, 6.139547824859619, 6.178502559661865, 10.812771797180176, 6.438948154449463, 8.95189094543457, 3.7058258056640625, 6.09808349609375, 5.8859052658081055, 8.928860664367676, 4.3401408195495605, 9.086397171020508, 5.638547420501709, 5.943873882293701, 5.383972644805908, 10.003853797912598, 5.204338550567627, 2.5685575008392334, 6.066585540771484, 5.533618450164795, 6.587793827056885, 5.411409378051758, 5.922366619110107, 6.685789108276367, 4.001054286956787, 6.623998641967773, 5.697125434875488, 4.5294647216796875, 11.022600173950195, 9.502983093261719, 6.231860160827637, 11.216181755065918, 8.701250076293945, 5.35314416885376, 4.520258903503418, 6.454068660736084, 6.106967449188232, 10.306605339050293, 5.970146656036377, 5.835064888000488, 7.1832380294799805, 5.574923038482666, 5.191720962524414, 6.981349468231201, 4.551734924316406, 3.0350329875946045, 7.072872638702393, 5.0297627449035645, 7.11055850982666, 7.821195602416992, 4.820908069610596, 9.358694076538086, 6.525110721588135, 6.310585021972656, 5.7419843673706055, 5.787302017211914, 10.3856840133667, 11.253585815429688, 10.659976959228516, 5.004239559173584, 9.06721019744873, 10.01087760925293, 9.429028511047363, 4.88979959487915, 5.794760227203369, 5.11221981048584, 5.798713684082031, 8.231959342956543, 6.287386894226074, 6.21367883682251, 9.256351470947266, 3.641005039215088, 9.306564331054688, 9.294907569885254, 4.363152503967285, 4.525169849395752, 7.1470160484313965, 6.004612922668457, 4.8600172996521, 4.609728813171387, 10.156999588012695, 6.903483867645264, 9.923178672790527, 6.290105819702148, 5.6342692375183105, 10.240652084350586, 5.711123943328857, 4.73855447769165, 4.742885112762451, 6.212189197540283, 10.894532203674316, 5.569183826446533, 10.881669998168945, 5.986823081970215, 9.282360076904297, 4.992046356201172, 9.21677303314209, 5.349424362182617, 8.15492057800293, 6.738720417022705, 5.677638530731201, 3.60595703125, 6.252041339874268, 7.025964736938477, 7.473521709442139, 5.517894268035889, 5.861268997192383, 9.824429512023926, 4.673940658569336, 10.33188247680664, 5.930873870849609, 5.917415618896484, 4.675545692443848, 5.8568949699401855, 5.813795566558838, 3.939436674118042, 8.581737518310547, 5.923589706420898, 9.74564266204834, 6.91819429397583, 7.066487789154053, 6.00667667388916, 5.660115718841553, 4.82454252243042, 9.23141860961914, 9.821099281311035, 8.98006820678711, 8.095808982849121, 6.3859333992004395, 6.611631870269775, 7.239424228668213, 4.592798233032227, 10.9869966506958, 10.035614967346191, 9.255607604980469, 6.464949607849121, 6.794238567352295, 6.20750617980957, 10.057299613952637, 7.017786502838135, 2.851452112197876, 9.6405029296875, 9.814777374267578, 10.400337219238281, 5.6703009605407715, 6.593308448791504, 6.656495094299316, 8.111062049865723, 5.298500061035156, 2.6460814476013184, 4.159243106842041, 6.035336971282959, 6.782127380371094, 6.914701461791992, 5.875587463378906, 6.0857768058776855, 10.426648139953613, 6.225780010223389, 9.831063270568848, 5.851258277893066, 6.769942760467529, 6.849590301513672, 6.095860004425049, 11.168436050415039, 2.983771800994873, 6.558321475982666, 6.024664878845215, 4.148561954498291, 4.887415885925293, 5.041713714599609, 6.782325267791748, 4.519015789031982, 6.576138019561768, 7.368838310241699, 6.459085464477539, 4.723953723907471, 3.474963665008545, 6.311748504638672, 6.193563461303711, 5.5428338050842285, 8.65589427947998, 5.283958911895752, 4.372981548309326, 11.896126747131348, 9.527795791625977, 3.8950908184051514, 8.863121032714844, 3.415926933288574, 3.6048622131347656, 5.12731409072876, 5.464416980743408, 5.283432960510254, 5.853850841522217, 9.336926460266113, 6.48268985748291, 4.431044578552246, 3.6683852672576904, 5.915146827697754, 4.207738399505615, 3.393688678741455, 7.09302282333374, 4.814774513244629, 10.626340866088867, 5.570289611816406, 6.515100002288818, 5.130924701690674, 6.172601222991943, 6.608022212982178, 6.409132957458496, 4.452174663543701, 5.312463760375977, 5.342899799346924, 4.921031475067139, 6.206167697906494, 7.470712184906006, 9.168989181518555, 4.613641262054443, 8.566335678100586, 6.196846008300781, 3.913996696472168, 5.041609287261963, 5.739389896392822, 6.597179889678955, 5.632089138031006, 10.579632759094238, 5.901691436767578, 4.692317008972168, 5.672966957092285, 6.9378461837768555, 8.327272415161133, 5.10148811340332, 10.45020580291748, 7.662918567657471, 3.0019888877868652, 6.417710304260254, 11.01175594329834, 4.26651668548584, 6.479869365692139, 5.264296531677246, 5.368707180023193, 8.808796882629395, 10.131293296813965, 3.970289707183838, 6.514247894287109, 6.801136493682861, 5.1124114990234375, 6.94158935546875, 6.04910945892334, 5.14210844039917, 5.072196006774902, 3.362030506134033, 11.109859466552734, 10.195414543151855, 5.398890018463135, 9.766274452209473, 9.043805122375488, 9.231749534606934, 5.069214344024658, 5.9708099365234375, 8.642890930175781, 5.804684162139893, 5.564882278442383, 3.8820860385894775, 8.962958335876465, 3.1538891792297363, 4.345973014831543, 5.682975769042969, 5.325801849365234, 5.968771457672119, 6.6157379150390625, 9.255861282348633, 4.016362190246582, 6.569803237915039, 4.3357157707214355, 4.011855602264404, 5.145987510681152, 4.52814245223999, 5.253474235534668, 3.2699787616729736, 6.293045520782471, 8.844367980957031, 6.783147811889648, 4.441434383392334, 6.219209671020508, 5.883084774017334, 5.390017986297607, 6.436522960662842, 2.9783616065979004, 4.862690448760986, 10.059808731079102, 7.111911773681641, 6.185882091522217, 5.270010471343994, 10.074951171875, 6.478315830230713, 6.781744480133057, 3.983570098876953, 9.879332542419434, 6.914856910705566, 6.642489433288574, 6.5331244468688965, 7.752914905548096, 6.130066394805908, 3.940690040588379, 5.74470853805542, 5.560603618621826, 4.392804145812988, 5.316897869110107, 6.5588459968566895, 6.634809970855713, 6.407453536987305, 5.084620475769043, 9.459635734558105, 4.928529262542725, 6.586928844451904, 6.571467399597168, 5.294340133666992, 5.772354602813721, 10.28111457824707, 5.63706636428833, 6.759289264678955, 6.228490352630615, 6.48176908493042, 4.44244909286499, 4.18625545501709, 6.204663276672363, 4.872228622436523, 5.209129333496094, 5.393989562988281, 10.760780334472656, 6.043890476226807, 5.4614105224609375, 6.136163711547852, 5.824127197265625, 4.800038814544678, 8.297537803649902, 3.164186954498291, 8.687932968139648, 5.650056838989258, 3.776477098464966, 5.148011684417725, 10.311904907226562, 6.261073112487793, 4.707942485809326, 4.5205183029174805, 3.9555442333221436, 9.917757034301758, 4.121448516845703, 10.754119873046875, 2.9612245559692383, 6.655702590942383, 6.566146373748779, 6.836812973022461, 9.916821479797363, 4.2843217849731445, 6.8581318855285645, 4.391607761383057, 4.794416904449463, 6.181574821472168, 6.1489996910095215, 6.901888370513916, 5.033426761627197, 4.904945373535156, 6.628931999206543, 9.171360969543457, 8.903192520141602, 3.917153835296631, 5.578264236450195, 6.563816547393799, 6.067859172821045, 8.00458812713623, 9.383749961853027, 3.571965217590332, 3.76169753074646, 6.6759114265441895, 8.277599334716797, 10.370790481567383, 10.398426055908203, 9.360098838806152, 5.9252824783325195, 5.949544429779053, 4.737987995147705, 6.062680244445801, 4.642989635467529, 6.353701114654541, 4.477374076843262, 3.766897439956665, 5.747795581817627, 5.102900981903076, 4.87308406829834, 4.983720779418945, 5.626306533813477, 6.588742256164551, 10.209671974182129, 6.9904937744140625, 6.263469219207764, 5.165645122528076, 6.467033386230469, 6.402892589569092, 9.910067558288574, 6.397587299346924, 5.774681091308594, 2.7777979373931885, 4.5366950035095215, 9.992094039916992, 6.349006652832031, 4.065310478210449, 5.101308822631836, 5.831088542938232, 6.710636615753174, 6.590775012969971, 8.906492233276367, 9.036552429199219, 8.440362930297852, 4.41654634475708, 6.309471607208252, 6.390203475952148, 6.431736946105957, 5.955655097961426, 6.791909217834473, 8.055973052978516, 5.587178707122803, 6.458038806915283, 5.789305210113525, 6.862847328186035, 4.497981548309326, 7.094943046569824, 5.798001289367676, 10.642023086547852, 6.492267608642578, 10.238578796386719, 10.857864379882812, 6.829834461212158, 6.12861967086792, 9.532552719116211, 6.609192848205566, 6.713357448577881, 5.792318344116211, 6.002688884735107, 6.4873046875, 6.013926029205322, 6.213964939117432, 10.147621154785156, 5.691241264343262, 5.851032257080078, 4.383865833282471, 5.4795122146606445, 4.554276466369629, 11.809703826904297, 5.8026018142700195, 6.831287860870361, 5.09873628616333, 4.5202178955078125, 5.8823933601379395, 4.149846076965332, 7.953378677368164, 6.490386486053467, 9.75344467163086, 10.452070236206055, 4.700224876403809, 6.883496284484863, 7.649337291717529, 5.678928375244141, 9.82330322265625, 6.666721343994141, 8.899675369262695, 4.925556659698486, 6.8360981941223145, 6.020764350891113, 4.9090046882629395, 6.806276798248291, 10.383893013000488, 5.550489902496338, 4.561226844787598, 10.304601669311523, 6.788895130157471, 6.7453932762146, 4.046233654022217, 5.75172233581543, 6.319594860076904, 6.208597660064697, 9.44858169555664, 5.600586414337158, 5.8977766036987305, 6.10525369644165, 6.5446577072143555, 6.315826416015625, 4.44521427154541, 6.986557960510254, 6.193540573120117, 6.336231231689453, 4.599677085876465, 5.94622802734375, 5.03442907333374, 5.042263031005859, 3.77131986618042, 3.6062653064727783, 4.543623924255371, 5.465277194976807, 6.004476547241211, 4.552948951721191, 4.01224422454834, 5.322134494781494, 5.4215006828308105, 5.524810314178467, 10.353727340698242, 10.072632789611816, 5.762150764465332, 8.98005199432373, 7.034425735473633, 5.796169281005859, 4.3330912590026855, 8.883210182189941, 6.547744274139404, 4.97318172454834, 10.08662223815918, 4.38803768157959, 5.711922645568848, 4.16457462310791, 4.7028703689575195, 6.490208625793457, 7.945487022399902, 2.972132444381714, 4.502692699432373, 5.1237640380859375, 6.574612140655518, 7.058812618255615, 9.576566696166992, 6.0902934074401855, 5.764180660247803, 6.5959625244140625, 6.349293231964111, 5.237640857696533, 3.2940173149108887, 7.162991523742676, 6.110347747802734, 11.847511291503906, 6.045514106750488, 5.1637396812438965, 6.65254020690918, 10.0667142868042, 5.03896427154541, 6.292788028717041, 5.797855377197266, 8.107782363891602, 11.23575210571289, 3.694422721862793, 5.571735858917236, 3.9094138145446777]
Cosines similarity random samples
[0.35577332973480225, 0.5940289497375488, 0.5646182894706726, 0.8147666454315186, 0.7648641467094421, 0.8942508697509766, 0.8042266368865967, 0.9494153261184692, 0.8401933312416077, 0.8599329590797424, 0.7834092378616333, 0.8997581601142883, 0.8835383653640747, 0.40964609384536743, 0.8410819172859192, 0.27950966358184814, 0.750381350517273, 0.8176814317703247, 0.13170063495635986, 0.7954045534133911, 0.7440377473831177, 0.8307759165763855, 0.4634966254234314, 0.2086956799030304, 0.8498983383178711, 0.7939729690551758, 0.4074905514717102, 0.3845101594924927, 0.812989354133606, 0.1272323578596115, 0.8874831199645996, 0.63543701171875, 0.7353008985519409, 0.7872530221939087, 0.8265494704246521, 0.74111008644104, 0.7942575216293335, 0.9200640916824341, 0.8834578990936279, 0.741639256477356, 0.8002262711524963, 0.6756353974342346, 0.7858842015266418, 0.8906803131103516, 0.37914395332336426, 0.8075729608535767, 0.8124383687973022, 0.304546594619751, 0.7704728841781616, 0.22040267288684845, 0.8524587750434875, 0.8760321140289307, 0.7484740018844604, -0.6642530560493469, 0.8358701467514038, 0.7407304644584656, 0.5140236020088196, 0.8852706551551819, 0.5239055752754211, 0.7534392476081848, 0.7824174165725708, 0.7556708455085754, 0.7845193147659302, 0.28537246584892273, 0.4328501522541046, 0.34011906385421753, 0.7505005598068237, 0.7607759237289429, 0.8964358568191528, 0.8985199332237244, 0.8202346563339233, 0.8975260257720947, 0.8245874643325806, 0.8226639032363892, 0.7317111492156982, 0.26707401871681213, 0.5053771734237671, 0.7641441226005554, 0.7431321144104004, 0.8281251192092896, 0.5117467641830444, 0.6569528579711914, 0.9213635325431824, 0.7853160500526428, 0.7992403507232666, 0.3290935158729553, 0.8645097017288208, 0.884806752204895, 0.8491480946540833, 0.7560548782348633, 0.8836536407470703, 0.43650099635124207, 0.844311535358429, 0.8956478834152222, 0.490309476852417, 0.7387077808380127, 0.44289061427116394, 0.8031455278396606, 0.28507766127586365, 0.8195393085479736, 0.8643688559532166, 0.6164953112602234, 0.4320141077041626, 0.44581419229507446, 0.9026844501495361, 0.5425204038619995, 0.7510051727294922, 0.8186386227607727, 0.820482611656189, 0.27215296030044556, 0.9144514799118042, 0.9986149668693542, 0.7996830940246582, 0.7861860990524292, 0.7203311920166016, 0.7276573181152344, 0.6152887344360352, 0.4783419966697693, 0.7737832069396973, 0.5199679732322693, 0.8951013088226318, 0.6673214435577393, 0.7848165035247803, 0.7848663330078125, 0.7195205688476562, 0.7185373306274414, 0.38303133845329285, 0.846746563911438, 0.5228747725486755, 0.827666163444519, -0.10510517656803131, 0.864909291267395, 0.7323514819145203, 0.8312326073646545, 0.9974281191825867, 0.7694647312164307, 0.6143348217010498, 0.7750106453895569, 0.8065555095672607, 0.8521733283996582, 0.7285809516906738, 0.7473397850990295, 0.48922479152679443, 0.331061452627182, 0.8543020486831665, 0.8696542978286743, 0.49310505390167236, 0.7957722544670105, 0.8848025798797607, 0.43288105726242065, 0.8843562602996826, 0.7891820669174194, 0.8644019365310669, 0.7735559940338135, 0.8346849679946899, 0.8221979141235352, 0.8026319742202759, 0.7445095181465149, 0.8035447597503662, 0.8536903858184814, 0.8082033395767212, 0.8265823721885681, 0.43692243099212646, 0.8307048678398132, 0.7975967526435852, 0.8933011293411255, 0.8144737482070923, 0.8710644245147705, 0.8689923286437988, 0.48775914311408997, 0.3978821635246277, 0.4632920026779175, 0.7983353137969971, 0.9074736833572388, 0.742680549621582, 0.762256383895874, 0.4033812880516052, 0.8735899925231934, 0.8642054796218872, 0.8618669509887695, 0.8192195892333984, 0.9376405477523804, 0.7667328119277954, 0.8563318252563477, 0.8216770887374878, 0.8343719244003296, 0.807187557220459, 0.8554879426956177, 0.7932361960411072, 0.8367495536804199, 0.8160573244094849, 0.8202958106994629, 0.8725250959396362, 0.9504321217536926, 0.5620723962783813, 0.7828993797302246, 0.7526153326034546, 0.8179148435592651, 0.528552770614624, 0.8783541917800903, 0.8560266494750977, 0.35786718130111694, 0.8610242009162903, 0.7365119457244873, 0.3562048375606537, 0.7800182104110718, 0.7213277816772461, 0.8621507883071899, 0.41583728790283203, 0.7944060564041138, 0.8724405169487, 0.9792205691337585, 0.8672906160354614, 0.8600262403488159, 0.8204278945922852, 0.904636025428772, 0.7588168978691101, 0.8994520902633667, 0.6104257106781006, 0.8388351202011108, 0.45722150802612305, 0.5410441160202026, 0.7362343072891235, 0.7926961183547974, 0.8074913024902344, 0.7507858276367188, 0.8976836204528809, 0.8424965143203735, 0.6510884761810303, 0.7622896432876587, 0.564115047454834, 0.8482452034950256, 0.629679262638092, 0.8098598122596741, 0.6009951829910278, 0.7630900144577026, 0.5000037550926208, 0.7739828824996948, 0.4600370526313782, 0.9473413228988647, 0.7465850710868835, 0.8169578909873962, 0.7439478635787964, 0.7774920463562012, 0.8580803275108337, 0.9195467829704285, 0.8452439308166504, 0.9711023569107056, 0.9236478805541992, 0.7594300508499146, 0.4272019565105438, 0.8081581592559814, 0.7499706745147705, 0.4867926836013794, 0.41507968306541443, 0.7683336734771729, 0.517438530921936, 0.8555736541748047, 0.7659379839897156, 0.8836524486541748, 0.9625304341316223, 0.8268530368804932, 0.7535048127174377, 0.48313677310943604, 0.767857015132904, 0.7880271673202515, 0.8306359052658081, 0.8325660824775696, 0.7632381916046143, 0.17072215676307678, 0.7110656499862671, 0.7634925842285156, 0.8388153910636902, 0.8846094012260437, 0.7416762709617615, 0.48333901166915894, 0.1349286139011383, 0.9871989488601685, 0.7622841596603394, 0.45229053497314453, 0.9189356565475464, 0.44462156295776367, 0.7523708939552307, 0.8054690361022949, 0.8801323175430298, 0.816412091255188, 0.8999708890914917, 0.7867077589035034, 0.8173809051513672, 0.8507804870605469, 0.11509997397661209, 0.7816504240036011, 0.9994786977767944, 0.9596025347709656, 0.7689552307128906, 0.8802922964096069, 0.12361843883991241, 0.7602909207344055, 0.7836724519729614, -0.17843204736709595, 0.5272342562675476, 0.6440820693969727, 0.5155365467071533, 0.3026424050331116, 0.43699291348457336, 0.8420280814170837, 0.8209839463233948, 0.8973264098167419, 0.8004541397094727, 0.7966910004615784, 0.9266433119773865, 0.2379714548587799, 0.5498251914978027, 0.8623186945915222, 0.915043830871582, 0.6989188194274902, 0.974947452545166, 0.8222585320472717, 0.8329225778579712, 0.8191430568695068, 0.8280129432678223, 0.7936389446258545, 0.7587023973464966, 0.8197698593139648, 0.8104875087738037, 0.7612804770469666, 0.41577011346817017, 0.7615392208099365, 0.818399965763092, 0.8899365663528442, 0.7680754065513611, 0.7664101123809814, 0.8279608488082886, 0.8132576942443848, 0.4596494138240814, 0.8479001522064209, 0.8471203446388245, 0.8306654691696167, 0.8589054346084595, 0.7554304599761963, 0.8529104590415955, 0.9349440336227417, 0.7947923541069031, 0.985628604888916, 0.3493884801864624, 0.7689935564994812, 0.7247580289840698, 0.8178558945655823, 0.7783243656158447, 0.8275504112243652, 0.7233954668045044, 0.7485347986221313, 0.8161267042160034, 0.8373790979385376, 0.23535093665122986, 0.7470105886459351, 0.763683557510376, 0.827359676361084, 0.8951969146728516, 0.734499454498291, 0.9258530735969543, 0.7506211400032043, 0.9295504689216614, 0.8291714191436768, 0.362843781709671, 0.772502064704895, 0.9005899429321289, 0.27059274911880493, 0.9025186896324158, 0.8888751268386841, 0.8050122261047363, 0.9387825131416321, 0.8028804063796997, 0.48355984687805176, 0.7832367420196533, 0.6789685487747192, 0.7799681425094604, 0.949435830116272, 0.5116031169891357, 0.8829600811004639, 0.7014118432998657, 0.8557906746864319, 0.8619984984397888, 0.22770661115646362, 0.8235832452774048, 0.9210416078567505, 0.8283893465995789, 0.8516751527786255, 0.8681536912918091, 0.833194375038147, 0.2777950167655945, 0.3222666382789612, 0.9512000679969788, 0.7571242451667786, 0.8322839736938477, 0.8098487854003906, 0.9099101424217224, 0.8325692415237427, 0.7825552225112915, 0.7646161317825317, 0.8159307241439819, 0.8704715371131897, 0.8403070569038391, 0.7641305327415466, 0.7542574405670166, 0.8239587545394897, 0.7607763409614563, 0.7732424736022949, 0.8533213138580322, 0.9186757802963257, 0.7961093783378601, 0.9261819124221802, 0.8762866258621216, 0.856641948223114, 0.8609308004379272, 0.7987151145935059, 0.7376108765602112, 0.8699087500572205, 0.9022824764251709, 0.8744239807128906, 0.956791877746582, 0.9105569124221802, 0.7926467657089233, 0.8584486842155457, 0.8293622136116028, 0.8476288914680481, 0.8768194913864136, 0.901573657989502, 0.7497111558914185, 0.953171968460083, 0.558916449546814, 0.8932801485061646, 0.8529525399208069, 0.8938528299331665, 0.8624922037124634, 0.28249090909957886, 0.7800949811935425, 0.8637613654136658, 0.921493649482727, 0.7337144613265991, -0.05913915857672691, 0.30907776951789856, 0.8364921808242798, 0.777835488319397, 0.8332956433296204, 0.6357965469360352, 0.8284940719604492, 0.9057369232177734, 0.26299163699150085, 0.8072016835212708, 0.5268474221229553, 0.492321252822876, 0.8591340780258179, 0.8178382515907288, 0.8557674884796143, 0.8865559101104736, 0.366359144449234, 0.8430185914039612, 0.8264449834823608, 0.8459945321083069, 0.8146659135818481, 0.8321386575698853, 0.8370823860168457, 0.486594021320343, 0.5499886870384216, 0.26343750953674316, 0.9164863228797913, 0.919674277305603, 0.9519656300544739, 0.5392482280731201, 0.858988881111145, 0.879342794418335, 0.7841249704360962, 0.6077600717544556, 0.7753444910049438, 0.930564284324646, 0.7323846817016602, 0.8532782793045044, 0.7581787109375, 0.9366381764411926, 0.2550823986530304, 0.7676634788513184, 0.8370604515075684, 0.726873517036438, 0.27024462819099426, 0.7031102776527405, 0.28165143728256226, 0.8705405592918396, 0.5420281291007996, 0.4933028221130371, 0.7835618257522583, 0.8366697430610657, 0.9103641510009766, 0.7113144397735596, 0.8376727104187012, 0.5774332284927368, 0.7428088188171387, 0.7194879651069641, 0.9819110035896301, 0.7355901002883911, 0.2633261978626251, 0.9470957517623901, 0.8105827569961548, 0.9110336303710938, 0.8208661675453186, 0.7507270574569702, 0.06379210948944092, 0.7494580745697021, 0.9005461931228638, 0.7418911457061768, 0.819706380367279, 0.8134686350822449, 0.8590542078018188, 0.37727296352386475, 0.8681944012641907, 0.7744749188423157, 0.3197941780090332, 0.8240594267845154, 0.7243248820304871, 0.7361767292022705, 0.7201050519943237, 0.909545361995697, 0.9082335829734802, 0.11976942420005798, 0.8023999333381653, 0.20453813672065735, 0.9024211168289185, 0.8002288341522217, 0.8075213432312012, 0.7133201956748962, 0.3742395341396332, 0.7543801665306091, 0.1048746258020401, 0.9240010976791382, 0.7629187703132629, 0.9303766489028931, 0.1714707314968109, 0.8379641771316528, 0.7878807783126831, 0.8577687740325928, 0.8540581464767456, 0.47785964608192444, 0.8279890418052673, 0.8845041990280151, 0.7489680051803589, 0.5659584403038025, 0.8294093608856201, 0.5223720073699951, 0.8929599523544312, 0.7667911052703857, 0.8271297216415405, 0.32505014538764954, 0.12488840520381927, 0.8727341890335083, 0.8137018084526062, 0.8544889092445374, 0.7073485851287842, 0.44951218366622925, 0.7935986518859863, 0.8609105348587036, 0.7344459295272827, 0.45873719453811646, 0.8322931528091431, 0.7861956357955933, 0.7380093336105347, 0.45272913575172424, 0.7867554426193237, 0.760610818862915, 0.7462971210479736, 0.12773168087005615, 0.917406439781189, 0.8023051023483276, 0.9127400517463684, 0.2544252276420593, 0.7952508330345154, 0.7813767194747925, 0.8043815493583679, 0.8643759489059448, 0.19123803079128265, 0.7516565918922424, 0.8538994789123535, 0.7584307789802551, 0.9026584029197693, 0.9214792251586914, 0.8397368788719177, 0.7433338761329651, 0.3070389926433563, 0.7766885161399841, 0.7607327699661255, 0.19182714819908142, 0.7681184411048889, 0.6922098398208618, 0.818959653377533, 0.47551214694976807, 0.8314905166625977, 0.8814318180084229, 0.49190664291381836, 0.7949851751327515, 0.7353450655937195, 0.8787252902984619, 0.9321666955947876, 0.8794657588005066, 0.7635152339935303, 0.2892008423805237, 0.8741954565048218, 0.8647861480712891, 0.5659034252166748, 0.8252509832382202, 0.8469027280807495, 0.8841624855995178, 0.8070151805877686, 0.46462833881378174, 0.3478965163230896, 0.9170002937316895, 0.7447972297668457, 0.8393508195877075, 0.42049098014831543, 0.7685883045196533, 0.3833619952201843, 0.8062343001365662, 0.649142861366272, 0.6739764213562012, 0.5436455011367798, 0.8380874395370483, 0.922297477722168, 0.7237952947616577, 0.8890610933303833, 0.733506977558136, 0.1694861352443695, 0.5121570825576782, 0.8446206450462341, 0.1345961093902588, 0.8930259943008423, 0.7420777082443237, 0.8958463668823242, 0.9062954783439636, 0.21979841589927673, 0.7945457696914673, 0.7467031478881836, 0.4255743622779846, 0.8130074739456177, 0.84316086769104, 0.4157211184501648, 0.38452789187431335, 0.2067026048898697, 0.9531795978546143, 0.4724367558956146, 0.863497257232666, 0.7211025953292847, 0.8487738370895386, 0.8347481489181519, 0.8013019561767578, 0.80333411693573, 0.8859605193138123, 0.8268479704856873, 0.837918221950531, 0.8777580261230469, 0.9859609603881836, 0.7936196327209473, 0.9532665014266968, 0.7878298163414001, 0.8265038728713989, 0.820655107498169, 0.8549341559410095, 0.5280006527900696, 0.8344031572341919, 0.8328917026519775, 0.38003259897232056, 0.7813429832458496, 0.9121952652931213, 0.7852701544761658, 0.7922889590263367, 0.3713799715042114, 0.7831441164016724, 0.772758424282074, 0.3829072415828705, 0.7712396383285522, 0.712067186832428, 0.8453187942504883, 0.7595487833023071, 0.9540922045707703, 0.06490941345691681, 0.29307442903518677, 0.8207910060882568, 0.8221464157104492, 0.8693244457244873, 0.9338675737380981, 0.8868581056594849, 0.7226002812385559, 0.8073961734771729, 0.8872017860412598, 0.30911898612976074, 0.7852311134338379, 0.7207735180854797, 0.7761760354042053, 0.8277705907821655, 0.7572059631347656, 0.7780711650848389, 0.7966738939285278, 0.9019321203231812, 0.8549670577049255, 0.921967089176178, 0.8021343946456909, 0.8515245914459229, 0.8802539110183716, 0.9328964948654175, 0.882348895072937, 0.9069293737411499, 0.8898216485977173, 0.7223306894302368, 0.878830075263977, 0.8321239948272705, 0.9148554801940918, 0.7544767260551453, 0.8266497850418091, 0.8636240363121033, 0.14457868039608002, 0.9334858059883118, 0.9193024039268494, 0.40319305658340454, 0.7338509559631348, 0.7982578277587891, 0.7739976048469543, 0.9144147634506226, 0.8058868646621704, 0.8344757556915283, 0.8652529716491699, 0.7760648131370544, 0.8086296319961548, 0.8082365393638611, 0.8907470703125, 0.859990119934082, 0.8169604539871216, 0.7659248113632202, 0.8285353183746338, 0.7945594191551208, 0.7434881925582886, 0.8641563057899475, 0.858171820640564, 0.8703701496124268, 0.8964910507202148, 0.8357914686203003, 0.18267835676670074, 0.7524732947349548, 0.7890844941139221, 0.7921584844589233, 0.8839117288589478, 0.7528077363967896, 0.5533308386802673, 0.7981132864952087, 0.7354199290275574, 0.8200446367263794, 0.8944882750511169, 0.7642974853515625, 0.7849358320236206, 0.7396895289421082, 0.7582574486732483, 0.4785260558128357, 0.9073121547698975, 0.7921218872070312, 0.7927145957946777, 0.8103572130203247, 0.8102666735649109, 0.8212878108024597, 0.8164054155349731, 0.7626103162765503, 0.8792464733123779, 0.787278413772583, 0.837029755115509, 0.7319146394729614, 0.9230016469955444, 0.23692439496517181, 0.9373278021812439, 0.9110198020935059, 0.7766554355621338, 0.872188925743103, 0.9153949022293091, 0.7593133449554443, 0.44146180152893066, 0.7974776029586792, 0.8649463653564453, 0.7224464416503906, 0.6966707706451416, 0.6219022274017334, 0.8405301570892334, 0.89037024974823, 0.8600988388061523, 0.27339404821395874, 0.8547067642211914, 0.4383896589279175, 0.8512903451919556, 0.7887502908706665, 0.8389626741409302, 0.8369346261024475, 0.7880892157554626, 0.9318896532058716, 0.28731825947761536, 0.9653501510620117, 0.747947096824646, 0.8435031771659851, 0.14795053005218506, 0.7703801393508911, 0.9072915315628052, 0.8334962725639343, 0.7402185201644897, 0.5242180824279785, 0.24385550618171692, 0.8618886470794678, 0.8880870938301086, 0.7716243863105774, 0.7995254397392273, 0.9374406337738037, 0.4891720712184906, 0.8332722187042236, 0.4539912939071655, 0.8181856274604797, 0.8858038187026978, 0.823938250541687, 0.6160115003585815, 0.9238042831420898, 0.8283710479736328, 0.8548176884651184, 0.20861712098121643, 0.8105382919311523, 0.8819910287857056, 0.7290511131286621, 0.7452598810195923, 0.8090901970863342, 0.8751654624938965, 0.3264395296573639, 0.8062533736228943, 0.16309617459774017, 0.929878830909729, 0.7485435009002686, 0.8823605179786682, 0.7886613607406616, 0.484703004360199, 0.83040452003479, 0.7910150289535522, 0.21974894404411316, 0.8905422687530518, 0.289091020822525, 0.8978212475776672, 0.5191906690597534, 0.5278321504592896, 0.7787342071533203, 0.7668421864509583, 0.8246692419052124, 0.36071741580963135, 0.8062843084335327, 0.7550410032272339, 0.791824460029602, 0.8259965181350708, 0.1388535350561142, 0.798082172870636, 0.82948899269104, 0.6641175150871277, 0.8206333518028259, 0.8217722773551941, 0.7373405694961548, 0.8601598739624023, 0.8738348484039307, 0.7291207313537598, 0.4032916724681854, 0.794073224067688, 0.8918532133102417, 0.7335407733917236, 0.8900352716445923, 0.857639491558075, 0.8606777787208557, 0.8887606859207153, 0.6956377029418945, 0.7804232835769653, 0.7333780527114868, 0.6601555347442627, 0.8050167560577393, 0.9547345638275146, 0.8144252300262451, 0.7641697525978088, 0.7456141114234924, 0.7228666543960571, 0.8393105268478394, 0.4577242136001587, 0.7709287405014038, 0.7727735638618469, 0.9437875747680664, 0.8961168527603149, 0.9244345426559448, 0.8891844749450684, 0.3156813979148865, 0.8124586343765259, 0.7308615446090698, 0.7501006722450256, 0.7400714159011841, 0.9523910880088806, 0.8994207382202148, 0.45637959241867065, 0.78173828125, 0.40338727831840515, 0.9316677451133728, 0.9822534918785095, 0.8497917652130127, 0.8650921583175659, 0.740771472454071, 0.39839622378349304, 0.35153502225875854, 0.9638974666595459, 0.5220304131507874, 0.8525229096412659, 0.8023338317871094, 0.9214574098587036, 0.4858039915561676, 0.8299081325531006, 0.5238419771194458, 0.8134254217147827, 0.31198737025260925, 0.7756891250610352, 0.7906556725502014, 0.22015449404716492, 0.6657522916793823, 0.7992422580718994, 0.871171772480011, 0.9023871421813965, 0.7831264138221741, 0.8857916593551636, 0.8757269978523254, 0.7568355798721313, 0.3722275495529175, 0.7332788109779358, 0.3857106566429138, 0.7231409549713135, 0.37974071502685547, 0.05302111804485321, 0.28476476669311523, 0.30369818210601807, 0.9044815897941589, 0.730485737323761, 0.7162455320358276, 0.8795208930969238, 0.7644429206848145, 0.8104791641235352, 0.4288283586502075, 0.35689297318458557, 0.3331928551197052, 0.894687294960022, 0.8442968130111694, 0.5926011204719543, 0.8419406414031982, 0.7308946847915649, 0.6824498772621155, 0.4561501741409302, 0.641924262046814, 0.21128100156784058, 0.9018080830574036, 0.8857302665710449, 0.9296411275863647, 0.7939225435256958, 0.7611555457115173, 0.7847464680671692, 0.7946556806564331, 0.8524684906005859, 0.7811483144760132, 0.7978565692901611, 0.7549116611480713, 0.8818737268447876, 0.7943398356437683, 0.881062388420105, 0.8928300142288208, 0.824549674987793, 0.7701781392097473, 0.810966432094574, 0.9077317714691162, 0.792395830154419, 0.8987306952476501, 0.8979792594909668, 0.8893512487411499, 0.8847734332084656, 0.8682693839073181, 0.744600772857666, 0.7363564372062683, 0.30886155366897583, 0.2203959822654724, 0.8543069362640381, 0.8008759617805481, 0.789811909198761, 0.7572075128555298, 0.28223100304603577, 0.7590593099594116, 0.5502976179122925, 0.7143615484237671, 0.8158391714096069, 0.9129254817962646, 0.4321973919868469, 0.738467812538147, 0.7434483766555786, 0.4471510052680969, 0.8729320764541626, 0.7469037771224976, 0.46340420842170715, 0.6970078945159912, 0.9125967621803284, 0.8104515075683594, 0.7231735587120056, 0.8575737476348877, 0.8066639304161072, 0.8606249094009399, 0.8824659585952759, 0.3886232376098633, 0.37883955240249634, 0.6967645287513733, 0.827407717704773, 0.8303722143173218, 0.2723512351512909, 0.9129557609558105, 0.815550684928894, 0.45884084701538086, 0.8302052021026611, 0.8234219551086426, 0.6276093125343323, 0.4667719006538391, 0.8464841842651367, 0.8123058080673218, 0.8245609998703003, 0.8637933731079102, 0.8819470405578613, 0.9315409660339355, 0.40636226534843445, 0.7780872583389282, 0.8500518202781677, 0.5231480002403259, 0.8519294261932373, 0.5552926063537598, 0.8816338777542114, 0.7580060958862305, 0.8337845802307129, 0.7839857339859009, 0.7019848823547363, 0.748661994934082, 0.8782971501350403, 0.9222126007080078, 0.7708132266998291, 0.5319348573684692, 0.5527970790863037, 0.4804762303829193, 0.8329517245292664, 0.9218518733978271, 0.869354248046875, 0.9164410829544067, 0.8175560235977173, 0.13298021256923676, 0.8151845932006836, 0.717808723449707, 0.731213390827179, 0.7930430769920349, 0.09136810153722763, 0.9148116111755371, 0.7509839534759521, 0.6158528327941895, 0.7658788561820984, 0.5340352058410645, 0.48394787311553955, 0.7003766298294067, 0.8028905391693115, 0.4540654420852661, 0.9177855253219604, 0.5543633699417114, 0.906215488910675, 0.38425299525260925, 0.6635215282440186, 0.8661203384399414, 0.8551241755485535, 0.8625921010971069, 0.7891697883605957, 0.8096368312835693, 0.6057267785072327, 0.7623531818389893, 0.7820833325386047, 0.7800344228744507, 0.7466822862625122, 0.51322340965271, 0.8744654655456543, 0.770423412322998, 0.8815131187438965, 0.8030886650085449, 0.9245679378509521, 0.7974791526794434, 0.8108516931533813, 0.8208334445953369, 0.5901792049407959, 0.3836131691932678, 0.7243542671203613, 0.8293906450271606, 0.8730211853981018, 0.8433160781860352, 0.874752938747406, 0.8848643898963928, 0.8236937522888184, 0.8673899173736572, 0.6028330326080322, 0.7864770889282227, 0.8627578020095825, 0.8151727914810181, 0.9003170728683472, 0.9209114909172058, 0.49069923162460327, 0.2119961678981781, 0.8515163064002991, 0.7742449045181274, 0.8519340753555298, 0.7767679691314697, 0.9148414134979248, 0.4099830985069275, 0.8563187122344971, 0.7824251055717468, 0.7516711354255676, 0.3371356427669525, 0.548110842704773, 0.6114553809165955, 0.8042323589324951, 0.7961534261703491, 0.47378358244895935, 0.3269496560096741, 0.9220781326293945, 0.7634657025337219, 0.8436538577079773, 0.828208327293396, 0.8318673372268677, 0.414079487323761, 0.7327098846435547, 0.8169627785682678, 0.9388852715492249, 0.8240844011306763, 0.8088167309761047, 0.7669074535369873, 0.840338408946991, 0.13203805685043335, 0.8821333646774292, 0.3507910668849945, 0.8799096345901489, 0.3625703454017639, 0.8126250505447388, 0.44315773248672485, 0.8727123737335205, 0.7598297595977783, 0.8895457983016968, 0.7732117772102356, 0.860343337059021, 0.8316488265991211, 0.8006271719932556, 0.8199012279510498, 0.8214987516403198, 0.9369646310806274, 0.7875021696090698, 0.7669616937637329, 0.22039805352687836, 0.7694063186645508, 0.5415201783180237, 0.9233380556106567, 0.7942605018615723, 0.8291158676147461, 0.5254575610160828, 0.8933701515197754, 0.49412015080451965, 0.8216432332992554, 0.8004730343818665, 0.8540230989456177, 0.3061422109603882, 0.8393545150756836, 0.9658830165863037, 0.7897812128067017, 0.8522549271583557, 0.7373201251029968, 0.8378466367721558, 0.7951854467391968, 0.7413360476493835, 0.9121662974357605, 0.7548065185546875, 0.8211033940315247, 0.8930160999298096, 0.25850582122802734, 0.4920780062675476, 0.7655220031738281, 0.08808362483978271, 0.5691719055175781, 0.8440530300140381, 0.8839827179908752, 0.8051552772521973, 0.7968862056732178, 0.2644171416759491, 0.7844185829162598, 0.8045579791069031, 0.6954390406608582, 0.8192440271377563, 0.8561612963676453, 0.7097668647766113, 0.8857008814811707, 0.9575010538101196, 0.7227770686149597, 0.8568395376205444, 0.6795462965965271, 0.6983407735824585, 0.865715503692627, 0.46996253728866577, 0.7621293067932129, 0.7611713409423828, 0.8124743700027466, 0.8535131216049194, 0.24401754140853882, 0.1849338859319687, 0.14779403805732727, 0.8590928316116333, 0.48456013202667236, 0.39896345138549805, 0.4215543866157532, 0.8594170212745667, 0.8005903959274292, 0.8525124788284302, 0.7970698475837708, 0.5625454187393188, 0.7741323113441467, 0.7694029808044434, 0.4539344608783722, 0.9267154932022095, 0.48385515809059143, 0.4241754114627838, 0.8941099643707275, 0.8880100250244141, 0.6884082555770874, 0.7868882417678833, 0.869739294052124, 0.8818238973617554, 0.2781817317008972, 0.729351282119751, 0.3232858180999756, 0.7716491222381592, 0.8577393293380737, 0.2800132632255554, 0.8139709234237671, 0.8804932236671448, 0.8737843036651611, 0.7861661911010742, 0.17741557955741882, 0.8134583234786987, 0.11921870708465576, 0.7881463766098022, 0.4465230703353882, 0.8630880117416382, 0.45321497321128845, 0.8369944095611572, 0.623553991317749, 0.738994836807251, 0.8259021639823914, 0.9290943741798401, 0.7704160213470459, 0.7511767745018005, 0.7139819860458374, 0.8344489336013794, 0.799181342124939, 0.412120521068573, 0.8769830465316772, 0.33512943983078003, 0.8058468103408813, 0.7903110980987549, 0.873911440372467, 0.7998926639556885, 0.8218648433685303, 0.9112750887870789, 0.5541939735412598, 0.8047467470169067, 0.38641130924224854, 0.7370717525482178, 0.7254986763000488, 0.7922546863555908, 0.8202491998672485, 0.8660705089569092, 0.4566380977630615, 0.4207889437675476, 0.540648877620697, 0.5763603448867798, 0.758992075920105, 0.7288563847541809, 0.7579480409622192, 0.8780800700187683, 0.16263727843761444, 0.32088685035705566, 0.4892454743385315, 0.7599698305130005, 0.7638126015663147, 0.7735266089439392, 0.31516608595848083, 0.7392917275428772, 0.9546298384666443, 0.43710920214653015, 0.3795713782310486, 0.289582222700119, 0.8119420409202576, 0.7525286078453064, 0.7318039536476135, 0.6006784439086914, 0.8523180484771729, 0.9611642360687256, 0.9025037288665771, 0.7857162356376648, 0.7580046653747559, 0.7373085021972656, 0.8169742822647095, 0.7914113998413086, 0.22586216032505035, 0.791673481464386, 0.40151447057724, 0.8071894645690918, 0.7440856099128723, 0.7137914896011353, 0.7880921959877014, 0.1509355902671814, 0.951959490776062, 0.782850980758667, 0.7942091822624207, 0.9036620259284973, 0.8699662089347839, 0.8576632738113403, 0.7281285524368286, 0.8887476325035095, 0.7526335716247559, 0.6527588367462158, 0.7691518664360046, 0.8928391933441162, 0.9316718578338623, 0.7775846123695374, 0.7827427387237549, 0.8293660283088684, 0.5415712594985962, 0.8345679044723511, 0.8938491940498352, 0.0492837019264698, 0.3953876793384552, 0.9264940023422241, 0.5854134559631348, 0.9349971413612366, 0.9262557625770569, 0.8563783764839172, 0.8258354067802429, 0.8354783058166504, 0.8011156320571899, 0.5776965618133545, 0.7489207983016968, 0.8905965089797974, 0.9266809225082397, 0.8054763078689575, 0.9004101157188416, 0.9366509914398193, 0.7176174521446228, 0.868930459022522, 0.17942701280117035, 0.8348671197891235, 0.7671753764152527, 0.8534704446792603, 0.7722228765487671, 0.7504787445068359, 0.7972829341888428, 0.8858873844146729, 0.8376487493515015, 0.8381211757659912, 0.8574545383453369, 0.7778621315956116, 0.6590710878372192, 0.4365588426589966, 0.8837690353393555, 0.5706924200057983, 0.7865670919418335, 0.9123844504356384, 0.8557794094085693, 0.8061808943748474, 0.7520977258682251, 0.8120830059051514, 0.23271726071834564, 0.803387463092804, 0.889063835144043, 0.8290242552757263, 0.7342036962509155, 0.641197919845581, 0.857505738735199, 0.23959188163280487, 0.6764144897460938, 0.9508857131004333, 0.7552465200424194, 0.1178140640258789, 0.8991104364395142, 0.7492893934249878, 0.844771146774292, 0.8401930332183838, 0.56163090467453, 0.30357420444488525, 0.9103562235832214, 0.792066216468811, 0.7294650077819824, 0.8519876003265381, 0.7203624248504639, 0.7918041944503784, 0.8453884124755859, 0.8538446426391602, 0.9369838237762451, 0.17485329508781433, 0.2644904553890228, 0.8324775695800781, 0.42312759160995483, 0.41109055280685425, 0.4799935817718506, 0.8581624031066895, 0.788512110710144, 0.5257889628410339, 0.8094019889831543, 0.8249093294143677, 0.9166675806045532, 0.44930511713027954, 0.9440931677818298, 0.8963839411735535, 0.8187960386276245, 0.840362548828125, 0.795574426651001, 0.7671408653259277, 0.4590984582901001, 0.9115004539489746, 0.7489696145057678, 0.8963394165039062, 0.9116302728652954, 0.850581169128418, 0.8816952705383301, 0.8368707895278931, 0.9422966837882996, 0.7683422565460205, 0.5191161632537842, 0.7322528958320618, 0.8882646560668945, 0.8063158392906189, 0.807092547416687, 0.8376705646514893, 0.7695778608322144, 0.9538741707801819, 0.8691478967666626, 0.37024548649787903, 0.7166080474853516, 0.7805442810058594, 0.8413071036338806, 0.23404602706432343, 0.7588907480239868, 0.7292733192443848, 0.9244574904441833, 0.41289979219436646, 0.7573717832565308, 0.7480262517929077, 0.7782982587814331, 0.6892327070236206, 0.7707054018974304, 0.9141680002212524, 0.8189972043037415, 0.8400939702987671, 0.8888968229293823, 0.8375171422958374, 0.7512475252151489, 0.7418689727783203, 0.7650858759880066, 0.8505793213844299, 0.35651862621307373, 0.8604251146316528, 0.7616758346557617, 0.7771235704421997, 0.8403693437576294, 0.8128729462623596, 0.3598478436470032, 0.8094406127929688, 0.7161577939987183, 0.7861207127571106, 0.7446163892745972, 0.8878535032272339, 0.9132248759269714, 0.8092480897903442, 0.8694750070571899, 0.8460724353790283, 0.8400197625160217, 0.25625404715538025, 0.7923429608345032, 0.8351116180419922, 0.7891874313354492, 0.8084291815757751, 0.8671232461929321, 0.5590351223945618, 0.9436428546905518, 0.5622146129608154, 0.8207685947418213, 0.9187823534011841, 0.8435932993888855, 0.23107802867889404, 0.779141902923584, 0.8714205026626587, 0.8869425654411316, 0.9106248617172241, 0.29314446449279785, 0.9027614593505859, 0.22625088691711426, 0.9508504867553711, 0.7452689409255981, 0.7615842819213867, 0.7390446066856384, 0.30873167514801025, 0.8949282169342041, 0.8086100816726685, 0.8936340808868408, 0.8719823360443115, 0.7824540734291077, 0.7781532406806946, 0.7225099205970764, 0.8524844646453857, 0.8678076863288879, 0.7494875192642212, 0.45974552631378174, 0.5082136392593384, 0.9131021499633789, 0.8270862102508545, 0.7529776096343994, 0.7816677093505859, 0.6208719611167908, 0.4738275706768036, 0.9275997877120972, 0.9265767931938171, 0.7537350654602051, 0.5879738330841064, 0.3084554672241211, 0.31819668412208557, 0.5284469127655029, 0.7982185482978821, 0.8201315402984619, 0.8743652105331421, 0.7962788939476013, 0.8778586983680725, 0.7817139625549316, 0.8897833824157715, 0.9196988344192505, 0.8052873611450195, 0.8456341028213501, 0.8745337724685669, 0.862089991569519, 0.8085145950317383, 0.7342857122421265, 0.3041934669017792, 0.7173258066177368, 0.785122275352478, 0.8502547740936279, 0.7623850107192993, 0.751671552658081, 0.41340047121047974, 0.7711276412010193, 0.7979432344436646, 0.9634417295455933, 0.8866453170776367, 0.3856872022151947, 0.7710334658622742, 0.9051815867424011, 0.8487801551818848, 0.8331478834152222, 0.75167316198349, 0.7827087640762329, 0.48202282190322876, 0.4838782548904419, 0.5263441801071167, 0.9016059637069702, 0.7956953048706055, 0.7785395383834839, 0.7522903084754944, 0.7950495481491089, 0.7637210488319397, 0.6143268346786499, 0.8210304975509644, 0.7697359323501587, 0.8092001676559448, 0.7421547770500183, 0.8824983835220337, 0.7241662740707397, 0.8054677844047546, 0.18776282668113708, 0.7583967447280884, 0.366931676864624, 0.34124016761779785, 0.717758297920227, 0.7777910828590393, 0.4144008159637451, 0.7300204038619995, 0.7483865022659302, 0.8105422258377075, 0.7927806377410889, 0.7420622110366821, 0.8015666604042053, 0.7989413738250732, 0.3482842743396759, 0.8167393207550049, 0.8107514381408691, 0.9147666692733765, 0.8345942497253418, 0.8845188617706299, 0.1321023553609848, 0.8143824338912964, 0.7655978202819824, 0.8557652235031128, 0.8816204071044922, 0.7974518537521362, 0.9050179719924927, 0.5984849333763123, 0.7575470805168152, 0.3744193911552429, 0.22598420083522797, 0.87357497215271, 0.7317377924919128, 0.6395870447158813, 0.8212763071060181, 0.38880735635757446, 0.7411826848983765, 0.5229334235191345, 0.8707676529884338, 0.7653988599777222, 0.7895768880844116, 0.8645659685134888, 0.7433604001998901, 0.2123449742794037, 0.8155011534690857, 0.8850216269493103, 0.3509376049041748, 0.746696949005127, 0.7251746654510498, 0.9081821441650391, 0.810522198677063, 0.764838457107544, 0.7849091291427612, 0.4775203466415405, 0.8451014757156372, 0.8088517189025879, 0.7918803095817566, 0.784012496471405, 0.78436279296875, 0.8859734535217285, 0.721502423286438, 0.7783403396606445, 0.7745327949523926, 0.8842125535011292, 0.8041086792945862, 0.8592763543128967, 0.8610694408416748, 0.9189149141311646, 0.9355520009994507, 0.8855302333831787, 0.8348941802978516, 0.7968685626983643, 0.8830395936965942, 0.9148946404457092, 0.8359383940696716, 0.8380056619644165, 0.8230240345001221, 0.18152368068695068, 0.4294259250164032, 0.8109517097473145, 0.48203298449516296, 0.7109128832817078, 0.8016238212585449, 0.8973003625869751, 0.5005255937576294, 0.7288163900375366, 0.8610036969184875, 0.23642276227474213, 0.8930948376655579, 0.8181911706924438, 0.904578447341919, 0.8743472099304199, 0.7608713507652283, 0.5902774333953857, 0.951343297958374, 0.8871742486953735, 0.8506304621696472, 0.7733595371246338, 0.6954214572906494, 0.38330507278442383, 0.7833678126335144, 0.8182789087295532, 0.7586568593978882, 0.774916410446167, 0.8476309776306152, 0.9442270398139954, 0.6769667863845825, 0.7880620360374451, 0.19567079842090607, 0.7944239974021912, 0.8437835574150085, 0.7710449695587158, 0.3872362971305847, 0.8604109287261963, 0.7784616947174072, 0.8085786700248718, 0.5591694116592407, 0.24809245765209198, 0.922453761100769, 0.8211432695388794, 0.914406418800354]
