sample name: ['Cc1ccc2c(c1)C(=O)N(CCC(=O)NCC(C1CC1)C1CC1)C2=O']
atom_index,distance,cosine_similarity
0,0.0724993896484375,-0.01380910113453865
1,-0.0127264404296875,-0.0029515808820724486
2,0.09414947509765625,-0.009212483763694762
3,-0.237315673828125,0.035195397585630415
4,-0.247313232421875,0.019531451016664505
5,-0.1061993408203125,0.00658493023365736
6,0.05891326904296875,-0.011531787738204003
7,-0.1138641357421875,0.011108092665672302
8,0.04176483154296875,-0.010514954030513763
9,-0.1380963134765625,0.02197564110159874
10,-0.0495294189453125,0.011336919888854026
11,0.0009490966796875,-0.002660370171070099
12,0.00989837646484375,0.004796831011772156
13,-0.30504150390625,0.03880190335214138
14,0.052666015625,-0.014085511863231658
15,0.20704345703125,-0.024064290523529052
16,-0.16903228759765626,0.024982178956270217
17,0.10526214599609375,-0.01007288098335266
18,-0.18004058837890624,0.025890566408634186
19,0.01733428955078125,-0.0037127214670181273
20,-0.08953369140625,0.015518611446022988

Sum of phi values for distance
-0.9882122802734378
Sum of phi values for cosine similarity
0.11310684110969305
Average distance random samples:
4.526947170581137
Average cosine similarity random samples:
0.6957302269108948
Distances random samples
[4.775007247924805, 4.691307067871094, 4.615607261657715, 4.825319766998291, 4.486833095550537, 4.581124782562256, 3.630375862121582, 5.504767894744873, 3.726497173309326, 4.87401008605957, 3.1566734313964844, 4.718523025512695, 4.232690334320068, 4.445058345794678, 4.2298359870910645, 5.029731273651123, 5.167372703552246, 5.020201683044434, 4.530130863189697, 4.027798652648926, 4.0159759521484375, 4.426358222961426, 5.691223621368408, 3.6803321838378906, 4.224024295806885, 5.300873756408691, 5.040586471557617, 4.879703521728516, 8.701088905334473, 4.614480018615723, 3.610029697418213, 4.165530204772949, 6.393726825714111, 3.982325792312622, 4.899438381195068, 3.770251750946045, 3.877448081970215, 4.408130168914795, 8.673526763916016, 5.266164302825928, 5.645240783691406, 5.010725498199463, 4.9629597663879395, 3.670163631439209, 4.070956707000732, 5.947138786315918, 3.9275217056274414, 3.7240054607391357, 4.250628471374512, 3.888389825820923, 3.854142189025879, 4.015163421630859, 4.026875972747803, 5.106318950653076, 4.732348918914795, 3.774644613265991, 6.8459601402282715, 2.5441348552703857, 5.020757675170898, 4.672813892364502, 4.172477722167969, 5.9141526222229, 5.27156400680542, 5.182953834533691, 4.0382795333862305, 5.341251850128174, 4.535524845123291, 3.6609585285186768, 4.90637731552124, 5.232590675354004, 3.2707018852233887, 5.056546688079834, 4.425938129425049, 3.059945821762085, 4.2653937339782715, 5.0712080001831055, 5.214813709259033, 4.242448329925537, 3.6790904998779297, 2.7786788940429688, 3.8900859355926514, 5.3801045417785645, 4.186479091644287, 1.6828707456588745, 4.652609825134277, 4.665400981903076, 3.7796671390533447, 8.374757766723633, 4.289004802703857, 4.99175500869751, 4.879050254821777, 4.887850761413574, 7.790905952453613, 3.3568670749664307, 5.698518753051758, 4.8440656661987305, 4.084484577178955, 2.9390382766723633, 3.285295248031616, 2.548142433166504, 3.6577181816101074, 4.2014970779418945, 5.302506446838379, 8.36984920501709, 4.864044189453125, 3.553720712661743, 3.3078126907348633, 4.527089595794678, 4.6068644523620605, 4.615819931030273, 4.633310317993164, 3.537672519683838, 3.9681456089019775, 4.429071426391602, 3.4600656032562256, 4.461869716644287, 3.4652273654937744, 5.311332702636719, 4.6235809326171875, 5.433430194854736, 5.730315208435059, 5.063791275024414, 4.495445251464844, 3.310507297515869, 4.407759666442871, 3.526075601577759, 4.815791130065918, 5.09489631652832, 4.870553493499756, 3.9705750942230225, 4.863846778869629, 5.071312427520752, 4.01365852355957, 3.2458198070526123, 4.303274154663086, 3.8813278675079346, 3.632352352142334, 4.933894634246826, 3.066629409790039, 3.969364643096924, 4.63820743560791, 3.453352212905884, 3.0423269271850586, 4.181792736053467, 4.102970600128174, 6.105915069580078, 2.3858447074890137, 4.712186813354492, 4.873403072357178, 4.752599239349365, 4.659714221954346, 3.649871587753296, 4.622919082641602, 4.404915809631348, 3.73110294342041, 4.66847562789917, 4.164642333984375, 5.063565254211426, 3.667142152786255, 3.9700748920440674, 4.037808418273926, 5.069530963897705, 4.048989772796631, 6.024789333343506, 4.461583614349365, 4.930386543273926, 2.841561794281006, 5.130839824676514, 3.8308396339416504, 4.0381927490234375, 0.6627177596092224, 4.331300258636475, 4.082383632659912, 4.873258590698242, 5.361599922180176, 4.865819454193115, 4.224071502685547, 3.846498966217041, 3.6962504386901855, 3.7973930835723877, 5.196052551269531, 3.983887195587158, 4.041079998016357, 3.865161657333374, 5.259028434753418, 5.694742202758789, 4.160898685455322, 3.2380354404449463, 5.557046413421631, 4.0162153244018555, 2.1402747631073, 4.922301769256592, 5.190707206726074, 5.702486038208008, 4.879290580749512, 5.111021518707275, 5.1291351318359375, 2.845454216003418, 1.8711005449295044, 3.2322866916656494, 4.935911655426025, 3.961223602294922, 7.6870622634887695, 4.783857345581055, 5.893074989318848, 5.571301460266113, 4.643932342529297, 4.077513694763184, 4.69660758972168, 4.634884357452393, 3.614133596420288, 4.032776832580566, 8.461129188537598, 3.6142988204956055, 4.662741661071777, 3.9686906337738037, 3.7025034427642822, 5.358764171600342, 5.066593170166016, 3.912527561187744, 4.340781211853027, 5.08472204208374, 5.797281265258789, 4.277332782745361, 4.643708229064941, 3.7744836807250977, 4.969809055328369, 7.395277500152588, 3.5452721118927, 5.690708160400391, 4.885493278503418, 4.009028434753418, 3.7118191719055176, 2.95068621635437, 4.042295932769775, 5.148133754730225, 2.5486526489257812, 5.225675582885742, 2.8076024055480957, 6.614809989929199, 4.6623382568359375, 5.230770111083984, 4.095848083496094, 3.7454776763916016, 5.821725845336914, 4.731659889221191, 4.188906669616699, 4.238100528717041, 5.277762413024902, 2.2295022010803223, 6.398794174194336, 4.86395263671875, 4.712208271026611, 4.407859802246094, 4.552281856536865, 4.916444301605225, 4.910014629364014, 4.4306254386901855, 5.028936386108398, 3.094907283782959, 4.063852787017822, 4.8233819007873535, 4.8385233879089355, 4.027621746063232, 4.418915271759033, 2.981065511703491, 3.733572006225586, 4.648407459259033, 3.77998685836792, 4.423503398895264, 4.308874607086182, 4.412952899932861, 4.842930793762207, 5.13450288772583, 4.471236228942871, 4.100325584411621, 4.675500392913818, 4.544607162475586, 4.818151950836182, 4.415811538696289, 5.062743186950684, 2.9896953105926514, 3.6940338611602783, 4.415125370025635, 4.400485992431641, 3.949317455291748, 9.07331657409668, 4.007672309875488, 5.133389472961426, 4.67120361328125, 4.473376750946045, 3.2942402362823486, 8.256665229797363, 4.1610822677612305, 3.84822678565979, 5.781224250793457, 4.9315714836120605, 6.595395565032959, 1.5945440530776978, 6.0160322189331055, 4.847792148590088, 4.180267810821533, 5.016147613525391, 3.7083632946014404, 5.397480487823486, 3.637273073196411, 3.7831060886383057, 2.8545114994049072, 5.321944713592529, 4.875484943389893, 4.728757858276367, 1.6024121046066284, 4.609648704528809, 3.3897478580474854, 2.8576204776763916, 4.467519283294678, 3.1021876335144043, 5.133455276489258, 3.936553955078125, 4.806333541870117, 2.8442554473876953, 4.425200462341309, 4.159144878387451, 4.395374774932861, 5.98693323135376, 3.460550546646118, 5.127115249633789, 7.287004470825195, 2.599726676940918, 4.144932746887207, 1.5463507175445557, 4.6204400062561035, 3.1729142665863037, 5.213374614715576, 4.738162994384766, 5.437833309173584, 2.84818434715271, 4.2051100730896, 4.398890495300293, 5.2795562744140625, 4.991220474243164, 5.632533073425293, 3.8250088691711426, 4.276379585266113, 3.9453423023223877, 4.946150302886963, 5.6044158935546875, 2.9925100803375244, 5.795457363128662, 4.8521575927734375, 3.1149370670318604, 4.845798969268799, 5.601027488708496, 2.8600399494171143, 4.930191993713379, 5.044220447540283, 4.631239414215088, 4.314400672912598, 4.1637163162231445, 7.115179538726807, 5.600207805633545, 4.789039611816406, 5.100166320800781, 5.9252190589904785, 4.035854816436768, 4.873023509979248, 3.6023683547973633, 3.6391983032226562, 4.655222415924072, 5.6653056144714355, 3.988027572631836, 1.5467358827590942, 4.271663665771484, 4.632420539855957, 3.9578912258148193, 8.055107116699219, 5.661469459533691, 2.903597593307495, 4.039607048034668, 3.6824936866760254, 4.735450267791748, 3.8007078170776367, 3.95285701751709, 7.946422100067139, 5.144980430603027, 4.897937297821045, 5.055384635925293, 5.029695510864258, 4.037861347198486, 4.828419208526611, 5.344548225402832, 4.427642345428467, 5.3170318603515625, 14.32115364074707, 6.220222473144531, 4.446345806121826, 5.0716962814331055, 4.476293087005615, 4.839659690856934, 4.017052173614502, 4.643676280975342, 3.996664524078369, 4.235899448394775, 3.7772574424743652, 4.645151138305664, 5.652172088623047, 3.140796422958374, 4.959908962249756, 5.495851516723633, 6.153829097747803, 4.1263861656188965, 2.824453830718994, 3.414262294769287, 4.423916339874268, 4.410678386688232, 4.537951469421387, 2.831604480743408, 3.9406583309173584, 5.0802741050720215, 5.53890323638916, 4.245016574859619, 3.2912795543670654, 4.835165023803711, 5.359702110290527, 3.987222671508789, 4.595217704772949, 4.892233371734619, 5.2800726890563965, 4.618165969848633, 4.867769241333008, 6.151569366455078, 5.447391033172607, 4.407160758972168, 4.859621047973633, 4.407782077789307, 4.1196818351745605, 4.477259159088135, 4.481855392456055, 5.975378513336182, 4.120055675506592, 4.52411413192749, 5.581839084625244, 5.096603870391846, 3.3499908447265625, 4.190431118011475, 4.419575214385986, 4.8294453620910645, 1.7327356338500977, 4.851496696472168, 4.044605255126953, 5.005191326141357, 7.060932159423828, 3.1340277194976807, 5.169145584106445, 4.352486610412598, 4.874325275421143, 4.648244857788086, 5.122089385986328, 3.0158908367156982, 5.060563564300537, 4.368330478668213, 3.316258430480957, 1.8348153829574585, 4.701369285583496, 5.312766075134277, 3.5899736881256104, 4.038116455078125, 3.7065045833587646, 3.9951512813568115, 4.908822536468506, 4.638547897338867, 3.602299690246582, 4.0830535888671875, 3.1885409355163574, 4.2150373458862305, 4.5363311767578125, 5.074337005615234, 5.0309929847717285, 4.018075466156006, 5.002969741821289, 5.99199104309082, 4.1117682456970215, 4.626877307891846, 4.848110675811768, 7.236813545227051, 4.386407852172852, 4.614351272583008, 2.1151530742645264, 5.188393592834473, 7.4496002197265625, 3.781623363494873, 4.6027445793151855, 5.298374176025391, 4.1812591552734375, 4.53739595413208, 4.139106750488281, 4.642953395843506, 3.581099510192871, 4.9929399490356445, 4.456501007080078, 5.127861976623535, 5.988022804260254, 3.1531219482421875, 5.082404613494873, 3.832404136657715, 4.006201267242432, 3.2255382537841797, 4.614513874053955, 3.9915261268615723, 4.0782599449157715, 4.759025573730469, 4.015682220458984, 4.798188209533691, 4.9277024269104, 5.65169095993042, 4.747804641723633, 5.08179235458374, 3.107102870941162, 3.5395922660827637, 4.738464832305908, 4.466653347015381, 5.704720497131348, 4.752348899841309, 4.927351951599121, 5.296232223510742, 5.372138977050781, 3.8478024005889893, 4.865992546081543, 4.050525188446045, 4.699987888336182, 4.701607704162598, 2.909006357192993, 2.9388070106506348, 3.701188802719116, 2.2625339031219482, 4.852776050567627, 3.8191847801208496, 4.876191139221191, 4.93928337097168, 1.7585158348083496, 4.149927616119385, 4.941149711608887, 4.353109836578369, 4.9154438972473145, 4.405242919921875, 3.0647592544555664, 4.168744087219238, 4.034889221191406, 9.02425479888916, 3.6992053985595703, 4.977444648742676, 4.677371025085449, 4.8534674644470215, 4.188767910003662, 5.364575386047363, 5.094014644622803, 4.034552097320557, 5.676657676696777, 3.89127516746521, 4.818361759185791, 4.155420780181885, 3.7671570777893066, 3.2485861778259277, 5.210214614868164, 4.786395072937012, 4.893455505371094, 4.287779331207275, 4.870800971984863, 4.140059947967529, 3.2960994243621826, 4.978781223297119, 4.059835910797119, 5.516071796417236, 4.82735013961792, 3.844332456588745, 4.873030185699463, 4.667098522186279, 4.008304119110107, 2.859039068222046, 4.36698055267334, 2.637004852294922, 5.518207550048828, 4.56157922744751, 1.4772595167160034, 5.695711135864258, 3.7358877658843994, 4.1711015701293945, 4.907973289489746, 8.32116413116455, 2.722052574157715, 4.011439323425293, 6.694288730621338, 5.199963569641113, 4.022820472717285, 4.799130439758301, 4.2043561935424805, 4.658868312835693, 3.653780460357666, 5.114225387573242, 1.5731383562088013, 4.041787624359131, 3.9845657348632812, 5.428508281707764, 3.287172794342041, 4.245713710784912, 5.501993656158447, 4.9502739906311035, 4.963481903076172, 4.879099369049072, 6.156294822692871, 3.91597843170166, 4.833520889282227, 5.0398359298706055, 4.474210262298584, 4.23450231552124, 4.0095086097717285, 4.932629585266113, 5.1339240074157715, 3.839413642883301, 3.9855549335479736, 3.6272661685943604, 4.507073879241943, 5.057118892669678, 4.435654640197754, 4.079629421234131, 4.855887413024902, 3.8269972801208496, 4.4057159423828125, 3.4922595024108887, 4.566072463989258, 3.9142584800720215, 4.89619255065918, 5.638469219207764, 5.4478044509887695, 4.748500823974609, 4.424733638763428, 3.1155102252960205, 5.701141357421875, 4.615065097808838, 4.132641315460205, 4.679706573486328, 3.1986472606658936, 5.039519786834717, 4.021119594573975, 3.463665008544922, 3.0349700450897217, 4.363528251647949, 4.414761066436768, 5.208286762237549, 5.336152076721191, 4.845377445220947, 5.034658432006836, 4.070113182067871, 3.632063150405884, 5.459492206573486, 4.995243549346924, 4.920344352722168, 4.38023042678833, 3.972113609313965, 1.6784743070602417, 4.21376895904541, 5.516843795776367, 5.562155246734619, 4.649927139282227, 8.4486665725708, 12.665663719177246, 3.7631185054779053, 4.712355136871338, 5.194498538970947, 5.844656944274902, 3.0447728633880615, 4.8993964195251465, 5.171903610229492, 5.062215805053711, 4.194852828979492, 3.6410346031188965, 4.810927391052246, 4.120121002197266, 4.713843822479248, 3.177665948867798, 5.134972095489502, 3.9983532428741455, 3.1263718605041504, 6.281420707702637, 4.828065395355225, 3.892115592956543, 3.8147363662719727, 5.400019645690918, 4.800459861755371, 3.7722420692443848, 4.849524974822998, 4.861324787139893, 3.909956455230713, 4.867018222808838, 3.6413168907165527, 4.139400482177734, 5.405754566192627, 4.113644123077393, 4.852174758911133, 5.156663417816162, 4.84956169128418, 3.9288735389709473, 3.130194664001465, 2.8610951900482178, 4.692926406860352, 3.916893482208252, 5.772645950317383, 3.792356252670288, 4.788478851318359, 3.361518621444702, 4.861198425292969, 5.0577850341796875, 3.979580879211426, 4.381977558135986, 4.867340087890625, 4.928702354431152, 3.8054399490356445, 3.73893141746521, 4.162537574768066, 5.935342311859131, 4.002136707305908, 4.532492637634277, 4.890459060668945, 3.7854177951812744, 3.61910343170166, 4.296478271484375, 3.9923532009124756, 5.395593166351318, 4.868490219116211, 4.86592960357666, 4.919253349304199, 3.9981255531311035, 5.0597076416015625, 4.530146598815918, 3.6253719329833984, 5.0756144523620605, 3.881253719329834, 4.916980743408203, 4.0576171875, 5.196510314941406, 4.880964279174805, 4.457162857055664, 3.7143666744232178, 3.089547634124756, 4.043076515197754, 5.298264980316162, 2.876523733139038, 4.059336185455322, 2.8501949310302734, 4.625357627868652, 3.9628634452819824, 3.70816707611084, 4.902754783630371, 4.872891902923584, 5.417483806610107, 7.762715816497803, 3.2822914123535156, 4.810037136077881, 2.893357038497925, 3.777376413345337, 5.8704752922058105, 3.9982612133026123, 5.17103910446167, 4.682199001312256, 5.798531532287598, 4.984962463378906, 4.680385112762451, 2.8903543949127197, 3.78080153465271, 5.881980895996094, 5.658945083618164, 4.019802093505859, 3.304488182067871, 4.463805198669434, 5.1239471435546875, 4.573714256286621, 8.710295677185059, 2.6007184982299805, 4.70028829574585, 5.375700950622559, 4.015639305114746, 2.9099652767181396, 5.442316055297852, 5.209329128265381, 4.876512050628662, 4.782002925872803, 3.32967209815979, 3.0287506580352783, 4.712987422943115, 5.0406813621521, 3.114328384399414, 3.6569085121154785, 4.869607448577881, 4.9844207763671875, 4.631320953369141, 4.257093906402588, 4.0551838874816895, 4.910666465759277, 5.121326446533203, 3.965930461883545, 5.3296637535095215, 5.306138515472412, 5.272773265838623, 4.215290069580078, 4.433749675750732, 2.59433913230896, 6.369102954864502, 5.21677827835083, 5.23991584777832, 2.7446835041046143, 4.246484756469727, 3.8539938926696777, 4.71048641204834, 4.573484420776367, 4.546785831451416, 8.83531665802002, 7.03880500793457, 5.113553047180176, 5.437099933624268, 5.048647880554199, 3.2906060218811035, 4.1753830909729, 4.721429347991943, 1.5405628681182861, 8.28257942199707, 4.186661720275879, 5.001632213592529, 4.379909038543701, 3.646712303161621, 4.841336727142334, 4.692835330963135, 5.282939910888672, 4.851540565490723, 5.405083656311035, 12.487992286682129, 3.8154830932617188, 5.308717727661133, 5.370157241821289, 3.427633047103882, 4.68818473815918, 3.5608816146850586, 4.421209335327148, 5.1005096435546875, 4.874258041381836, 5.6553425788879395, 4.799380302429199, 5.026067733764648, 5.250141143798828, 4.697335243225098, 4.85854434967041, 4.2793426513671875, 4.030386447906494, 4.760192394256592, 2.686462640762329, 4.9809489250183105, 4.942598342895508, 5.64048957824707, 5.1357340812683105, 4.874961853027344, 2.5817019939422607, 4.150084972381592, 5.526900768280029, 4.8653883934021, 4.666017055511475, 4.891041278839111, 3.826796770095825, 5.635748863220215, 4.9787726402282715, 3.6054792404174805, 4.423178672790527, 4.877003192901611, 4.9815521240234375, 4.721320629119873, 4.89592981338501, 5.011881351470947, 5.475313186645508, 4.872377872467041, 5.6591362953186035, 3.0649845600128174, 4.883335113525391, 5.0422515869140625, 4.855505466461182, 3.790163993835449, 4.65317440032959, 3.954904794692993, 2.8491361141204834, 5.191699981689453, 4.619445323944092, 4.64054012298584, 4.891602993011475, 5.022406578063965, 4.704826354980469, 2.056786298751831, 4.925442218780518, 4.653931140899658, 5.776134014129639, 2.9014599323272705, 4.78352165222168, 5.049293041229248, 8.362176895141602, 2.638995885848999, 4.1631669998168945, 3.9307615756988525, 2.7124905586242676, 4.981582164764404, 2.9307360649108887, 2.927478551864624, 4.444087982177734, 4.957208633422852, 4.8454413414001465, 4.404313564300537, 4.883007526397705, 4.882452487945557, 4.416431427001953, 4.130461692810059, 4.742739677429199, 4.844911098480225, 1.7087938785552979, 4.405663013458252, 5.625254154205322, 3.593313694000244, 4.009044647216797, 5.5368452072143555, 3.621647834777832, 4.389902591705322, 4.723285675048828, 4.6302361488342285, 4.186841011047363, 3.9270849227905273, 4.9801506996154785, 5.382128715515137, 8.028453826904297, 3.7988855838775635, 5.034079074859619, 4.955099105834961, 4.182206630706787, 3.793562889099121, 3.449850082397461, 1.5453095436096191, 4.273050785064697, 3.6262354850769043, 5.516026496887207, 3.6246354579925537, 4.485264778137207, 5.633800983428955, 9.678428649902344, 2.2213244438171387, 4.342905521392822, 4.899592876434326, 1.5703002214431763, 3.4371836185455322, 1.667790174484253, 4.459702968597412, 4.187884330749512, 2.894944429397583, 7.451822757720947, 3.5436692237854004, 4.8977227210998535, 4.94066047668457, 4.0709357261657715, 4.924311637878418, 4.050987720489502, 5.217606067657471, 5.079628944396973, 4.877659320831299, 5.262945175170898, 5.15834379196167, 4.441936016082764, 4.733301639556885, 5.056832790374756, 4.425198078155518, 5.338386535644531, 3.72056245803833, 6.571688652038574, 3.5395121574401855, 4.371415615081787, 5.007495403289795, 4.610275745391846, 5.308779716491699, 5.299341678619385, 4.628819942474365, 4.726284980773926, 4.17354679107666, 4.278688430786133, 4.604633331298828, 4.725555419921875, 5.366020679473877, 3.9452574253082275, 7.481167793273926, 5.018929958343506, 3.363068103790283, 4.474249362945557, 4.133597373962402, 4.843608379364014, 4.045287132263184, 2.9246230125427246, 4.9385151863098145, 5.242929458618164, 3.9636147022247314, 5.5686116218566895, 5.0208048820495605, 1.4390158653259277, 5.3426079750061035, 5.035511016845703, 5.040729999542236, 3.939518451690674, 4.211618423461914, 5.417738914489746, 4.760261535644531, 4.872572898864746, 4.834401607513428, 3.4997475147247314, 4.222674369812012, 3.447864055633545, 7.430113315582275, 7.092127799987793, 4.011460781097412, 3.825150489807129, 4.444910049438477, 4.9975080490112305, 3.056411027908325, 4.054615020751953, 4.100006103515625, 3.8891141414642334, 3.665189027786255, 3.6531848907470703, 4.79770040512085, 2.885037899017334, 4.263957500457764, 3.9527225494384766, 5.855653285980225, 4.078137397766113, 4.7687225341796875, 3.8923592567443848, 4.99064302444458, 5.1038737297058105, 5.518233299255371, 3.114828109741211, 3.8880562782287598, 3.7920126914978027, 4.86129093170166, 4.868074893951416, 4.277313232421875, 4.884153366088867, 3.0393121242523193, 2.9256575107574463, 4.395039081573486, 4.393394947052002, 4.834268093109131, 5.095112323760986, 5.789611339569092, 5.300249099731445, 3.6892545223236084, 4.493907928466797, 4.078819274902344, 8.229985237121582, 3.3455371856689453, 3.6174981594085693, 2.605255365371704, 3.150425910949707, 5.003259658813477, 3.9715871810913086, 4.939955234527588, 8.381314277648926, 6.32096529006958, 4.956455707550049, 4.631260871887207, 4.87000036239624, 5.087963581085205, 5.590466499328613, 4.906069755554199, 4.779967784881592, 4.867380619049072, 4.421030044555664, 5.709542751312256, 4.9686665534973145, 4.183108329772949, 2.538383960723877, 3.9313910007476807, 4.352453708648682, 4.233960151672363, 5.135941982269287, 3.6552767753601074, 3.336050510406494, 5.774252891540527, 4.257016658782959, 5.18755578994751, 4.517108917236328, 4.913601398468018, 3.8224260807037354, 4.411004066467285, 5.046528339385986, 4.815577983856201, 4.162333011627197, 2.562692880630493, 4.277834892272949, 4.03555965423584, 5.0104217529296875, 4.9085798263549805, 2.8775336742401123, 2.2140307426452637, 4.8388214111328125, 4.3078436851501465, 3.667523145675659, 4.895181179046631, 6.415140151977539, 4.824599742889404, 4.854152202606201, 3.0626275539398193, 5.019964218139648, 5.0778350830078125, 4.844071865081787, 4.275824069976807, 4.735310077667236, 4.194446563720703, 4.500466823577881, 4.285009384155273, 6.28217077255249, 5.727713584899902, 3.9712181091308594, 4.810247421264648, 4.565947532653809, 3.6166465282440186, 2.593540906906128, 4.095911502838135, 5.072373390197754, 2.8521976470947266, 3.991959571838379, 1.5893042087554932, 3.863455057144165, 3.9717965126037598, 5.154880046844482, 4.707539081573486, 2.842874526977539, 4.4248576164245605, 1.6065641641616821, 4.433138847351074, 4.822007179260254, 4.881409168243408, 4.810000896453857, 4.410764694213867, 5.929692268371582, 4.887809753417969, 4.288609504699707, 3.0506298542022705, 4.4933061599731445, 4.638128280639648, 5.106995582580566, 3.889259099960327, 3.3076608180999756, 3.6585137844085693, 4.189357280731201, 6.7161054611206055, 4.856415748596191, 5.49404239654541, 4.058597564697266, 4.292614459991455, 4.482970714569092, 5.2040324211120605, 6.764621734619141, 3.9501001834869385, 4.889690399169922, 4.368328094482422, 4.664391040802002, 6.224411487579346, 4.180875301361084, 4.918064594268799, 4.646728992462158, 5.058470249176025, 5.016594409942627, 4.6319146156311035, 4.845327377319336, 4.447268486022949, 4.464356899261475, 4.40125846862793, 4.772498607635498, 3.652434825897217, 4.2152276039123535, 3.5012779235839844, 4.482708930969238, 4.055495738983154, 6.250169277191162, 3.4917490482330322, 4.0095133781433105, 5.653718948364258, 4.513871192932129, 5.046464920043945, 4.010385036468506, 2.872441291809082, 5.504720687866211, 4.067376613616943, 4.844661712646484, 4.920777320861816, 4.6726155281066895, 4.268711566925049, 4.043428421020508, 4.990771770477295, 3.8206310272216797, 6.063779354095459, 4.917934894561768, 3.805511713027954, 4.425236225128174, 4.913408279418945, 4.724014759063721, 4.8537068367004395, 5.955486297607422, 4.918325901031494, 4.413449287414551, 4.618144512176514, 3.523749828338623, 3.3867411613464355, 5.039944648742676, 4.246092319488525, 3.8272807598114014, 5.313262462615967, 4.740981101989746, 4.265373229980469, 3.7838134765625, 4.353283882141113, 5.111850738525391, 3.6614749431610107, 3.967597484588623, 3.9883506298065186, 4.332487106323242, 1.5407688617706299, 3.321136713027954, 4.611270904541016, 3.652463912963867, 4.876833915710449, 4.904696464538574, 4.796334266662598, 2.7294461727142334, 5.069767475128174, 6.8971147537231445, 2.7817721366882324, 4.562794208526611, 4.064770698547363, 3.937711477279663, 5.326170921325684, 3.6133971214294434, 4.213897705078125, 3.4471535682678223, 4.820973873138428, 4.414706230163574, 4.502799034118652, 5.9127020835876465, 4.995867729187012, 5.080569744110107, 5.797902584075928, 3.790959358215332, 4.752476215362549, 4.4826555252075195, 4.764002799987793, 5.935830593109131, 4.940861701965332, 3.418721914291382, 4.5425028800964355, 5.370852947235107, 5.179731845855713, 3.7599778175354004, 4.8060221672058105, 4.663752555847168, 8.786859512329102, 5.059959411621094, 4.083364009857178, 3.072007417678833, 5.19158411026001, 5.023646354675293, 6.564032554626465, 4.323341369628906, 3.9633805751800537, 5.148263931274414, 5.5861029624938965, 4.130450248718262, 4.345334529876709, 3.585815191268921, 5.065227508544922, 4.067901134490967, 1.8151801824569702, 4.703673839569092, 3.0517985820770264, 5.466010570526123, 3.2684662342071533, 4.446547985076904, 4.6933817863464355, 4.468111038208008, 5.971582889556885, 3.7879748344421387, 3.9262502193450928, 4.648763179779053, 4.089560508728027, 4.622159957885742, 3.9290194511413574, 4.837782859802246, 1.5573939085006714, 5.867276191711426, 3.891063928604126, 4.854794025421143, 4.062661647796631, 4.011981964111328, 4.360848426818848, 4.803964614868164, 5.454462051391602, 3.782778739929199, 5.260988712310791, 4.350042819976807, 5.289400577545166, 1.7749005556106567, 4.900697708129883, 3.3832685947418213, 4.914013385772705, 4.255138397216797, 2.542708158493042, 3.9869322776794434, 5.062890529632568, 4.107079029083252, 5.406846046447754, 4.128551006317139, 4.691910743713379, 4.87912130355835, 4.258949279785156, 4.502117156982422, 3.974099636077881, 4.431537628173828, 3.8567800521850586, 4.845461368560791, 3.8215177059173584, 4.865769386291504, 4.749535083770752, 3.6287238597869873, 4.64082670211792, 4.020245552062988, 4.629225254058838, 4.9450249671936035, 3.980194091796875, 3.8875956535339355, 4.098263263702393, 3.785590887069702, 5.404764652252197, 0.3103237748146057, 4.487226486206055, 3.1500532627105713, 3.6280293464660645, 5.477321147918701, 3.948707103729248, 9.285943031311035, 3.765883684158325, 4.819831371307373, 3.9183871746063232, 4.794319152832031, 4.215392112731934, 4.259309768676758, 4.315634250640869, 4.932051181793213, 4.008474349975586, 5.146093845367432, 4.204897403717041, 4.705118656158447, 3.7017972469329834, 4.931098461151123, 4.041228771209717, 4.48689079284668, 3.96696400642395, 5.090888023376465, 3.8794782161712646, 4.985904693603516, 4.8811116218566895, 4.646390438079834, 4.250973701477051, 4.636203289031982, 3.3870179653167725, 5.168544292449951, 5.190012454986572, 3.335024356842041, 1.6949747800827026, 4.414967060089111, 5.593266010284424, 4.096473693847656, 4.88627815246582, 3.3968446254730225, 4.85056734085083, 7.4188103675842285, 4.402419567108154, 4.0516204833984375, 5.117354393005371, 6.036074161529541, 6.4555816650390625, 4.895960807800293, 4.427173137664795, 5.029797077178955, 8.108278274536133, 4.600149631500244, 5.3714985847473145, 8.665461540222168, 3.531850814819336, 5.9512786865234375, 3.8022730350494385, 4.485799312591553, 3.0285799503326416, 9.908350944519043, 5.665675163269043, 3.772942304611206, 4.353122711181641, 4.186312198638916, 6.1029438972473145, 4.669509410858154, 5.2376580238342285, 5.641253471374512, 4.733471870422363, 4.204506874084473, 4.014251232147217, 4.857666969299316, 4.549746036529541, 4.833762168884277, 4.911355018615723, 3.91243314743042, 4.333218097686768, 3.851717710494995, 4.235717296600342, 3.64511775970459, 4.174023151397705, 4.681916236877441, 5.053830146789551, 3.7005293369293213, 3.081211805343628, 5.126854419708252, 4.032863616943359, 4.648214340209961, 5.5014119148254395, 4.268091678619385, 3.701887607574463, 3.6142513751983643, 4.780173301696777, 8.651944160461426, 4.682573318481445, 1.920481562614441, 4.748048305511475, 4.742144584655762, 4.238772869110107, 7.084877967834473, 4.133418083190918, 4.702458381652832, 5.367097854614258, 3.7221903800964355, 3.7559525966644287, 4.688094139099121, 5.686668395996094, 2.314336061477661, 4.223688125610352, 5.614937782287598, 5.0313591957092285, 4.659548282623291, 4.171420574188232, 5.957753658294678, 5.571382999420166, 4.762627124786377, 4.1438822746276855, 3.115788221359253, 4.987988471984863, 5.646348476409912, 4.265920639038086, 4.651610851287842, 6.0189008712768555, 3.888556957244873, 4.615910053253174, 4.084142684936523, 3.361375331878662, 4.852140426635742, 4.253993988037109, 4.439897537231445, 5.134986400604248, 4.626590728759766, 2.848454236984253, 3.9752793312072754, 5.344879150390625, 4.218138694763184, 3.629788398742676, 5.4515204429626465, 4.414952278137207, 4.725164413452148, 3.6072521209716797, 5.123799800872803, 4.174549102783203, 2.573246955871582, 4.971968650817871, 4.088920593261719, 5.431893348693848, 4.212486267089844, 3.6132564544677734, 4.018199920654297, 2.5646679401397705, 3.950164318084717, 4.6304707527160645, 4.82642126083374, 4.475911617279053, 4.273626804351807, 3.7274792194366455, 7.024460315704346, 4.783393383026123, 4.93805456161499, 4.618206977844238, 3.8076131343841553, 3.980147123336792, 3.643980026245117, 4.869398593902588, 4.852525234222412, 3.232546806335449, 4.644672393798828, 3.9691383838653564, 4.779263019561768, 3.797518730163574, 1.4808943271636963, 3.8862812519073486, 4.013031482696533, 4.714597225189209, 2.857170820236206, 3.6020467281341553, 4.834392070770264, 3.777344226837158, 4.580760955810547, 5.077663898468018, 5.055742263793945, 4.475072383880615, 3.8778254985809326, 4.102793216705322, 3.442819833755493, 5.894440174102783, 4.085729598999023, 4.715151786804199, 4.2083282470703125, 4.8223443031311035, 4.910703659057617, 5.960132122039795, 3.0172343254089355, 3.111919403076172, 1.4499320983886719, 5.923408031463623, 2.8825111389160156, 5.348875045776367, 4.663858413696289, 4.630054950714111, 3.843256950378418, 4.615065574645996, 3.6170449256896973, 4.922915935516357, 4.858242988586426, 3.9846699237823486, 4.861617565155029, 5.68634557723999, 4.49451208114624, 4.011017799377441, 3.732245683670044, 3.944856882095337, 4.682941913604736, 3.648770332336426, 5.00004768371582, 2.8819260597229004, 4.122629165649414, 3.5762102603912354, 4.891746520996094, 4.657792568206787, 4.392228126525879, 3.41549015045166, 3.9483814239501953, 3.8131654262542725, 4.633538722991943, 4.022704124450684, 3.577639102935791, 4.877678394317627, 1.5179636478424072, 4.405000686645508, 4.73153829574585, 6.381709575653076, 5.314157485961914, 4.8842878341674805, 3.514925956726074, 4.041143417358398, 3.8594725131988525, 3.611375331878662, 3.453209161758423, 3.775980234146118, 4.491977214813232, 8.246987342834473, 4.495889663696289, 4.412100315093994, 5.029966354370117, 5.115667819976807, 4.299506187438965, 3.865142583847046, 3.4304592609405518, 4.7300519943237305, 5.955869674682617, 3.2523913383483887, 4.9707159996032715, 4.268862724304199, 2.861494541168213, 4.91516637802124, 5.085055351257324, 4.945193290710449, 4.715183734893799, 4.012763500213623, 4.650967597961426, 5.243056774139404, 4.195533275604248, 3.670621156692505, 5.125170707702637, 5.033470153808594, 3.782621383666992, 4.769029140472412, 5.851272106170654, 5.2922186851501465, 4.946639060974121, 4.048704147338867, 4.989803791046143, 4.681719779968262, 3.994270086288452, 5.29115104675293, 4.260545253753662, 3.456217050552368, 3.8901567459106445, 4.5100860595703125, 3.818546772003174, 4.436132907867432, 4.100429058074951, 4.915265083312988, 4.309207916259766, 5.555992603302002, 2.9183614253997803, 4.858516693115234, 4.761221408843994, 4.052616119384766, 5.412075042724609, 4.502374649047852, 4.5869011878967285, 4.614619255065918, 3.8713200092315674, 3.9752588272094727, 8.360604286193848, 1.546689510345459, 4.651348114013672, 4.920151233673096, 5.5665364265441895, 4.6244611740112305, 3.9908342361450195, 4.934415340423584, 4.8147993087768555, 4.671550750732422, 4.922298908233643, 3.622123956680298, 4.738112926483154, 0.9097561240196228, 5.042473793029785, 4.53891658782959, 5.430052757263184, 4.146409511566162, 4.926878452301025, 4.527027130126953, 3.838844060897827, 3.9715116024017334, 4.7226643562316895, 4.8338093757629395, 4.559379577636719, 4.831667900085449, 4.875085830688477, 4.65687894821167, 5.720502853393555, 3.9705557823181152, 3.898761749267578, 5.288003921508789, 4.63060188293457, 4.881176948547363, 3.8199875354766846, 5.112180233001709, 4.956424236297607, 3.8694021701812744, 4.414416313171387, 4.230572700500488, 4.1973748207092285, 4.1203999519348145, 3.832967519760132, 5.218976974487305, 3.2212095260620117, 4.592005252838135, 5.563014507293701, 4.867559909820557, 3.1824822425842285, 3.560941457748413, 3.6335396766662598, 4.91241979598999, 4.234179496765137, 5.0135040283203125, 3.7527332305908203, 2.8827476501464844, 8.147038459777832, 4.689761638641357, 3.78521466255188, 7.3789873123168945, 4.588559150695801, 7.359115123748779, 4.489231109619141, 8.309133529663086, 5.028284072875977, 4.619393348693848, 4.495054721832275, 4.883885383605957, 2.590723991394043, 5.016746520996094, 3.8031086921691895, 3.784114122390747, 3.819136619567871, 3.6252901554107666, 4.8368635177612305, 5.009413242340088, 5.148310661315918, 3.838489055633545, 4.879726409912109, 4.240622043609619, 6.640517711639404, 4.226261138916016, 4.319973468780518, 4.015124797821045, 3.890943765640259, 4.549376964569092, 6.068820953369141, 4.039022922515869, 5.025698661804199, 5.432164669036865, 4.665345191955566, 4.699736595153809, 3.3175384998321533, 3.8054397106170654, 5.052801609039307, 4.0488972663879395, 3.963465929031372, 5.3011674880981445, 4.386444091796875, 7.907612323760986, 4.540164470672607, 2.569391965866089, 4.555473804473877, 2.833108901977539, 4.007012844085693, 4.708051681518555, 5.336007118225098, 5.373651504516602, 3.8832714557647705, 5.252779960632324, 6.2900567054748535, 3.1297881603240967, 4.402494430541992, 4.85014533996582, 4.535220146179199, 5.156214237213135, 4.860775470733643, 2.8393280506134033, 2.6308376789093018, 5.007854461669922, 4.473257541656494, 4.65278434753418, 4.632686138153076, 4.846283912658691, 4.908857345581055, 3.787660598754883, 4.712270259857178, 5.075760364532471, 6.745303153991699, 5.1066508293151855, 5.745038032531738, 5.113730430603027, 4.417263507843018, 4.959804534912109, 4.226569175720215, 5.267478942871094, 3.952012062072754, 5.01296854019165, 4.955533027648926, 4.327473163604736, 3.934898853302002, 5.880188941955566, 3.5942161083221436, 4.433444023132324, 3.633786916732788, 4.04792594909668, 4.3894877433776855, 4.865982532501221, 4.8897881507873535, 4.857480049133301, 5.362696170806885, 4.884296417236328, 3.783365249633789, 6.016946315765381, 4.082535266876221, 5.611982822418213, 3.962080478668213, 4.255523681640625, 3.7795422077178955, 4.07676362991333, 4.070642948150635, 5.675099849700928, 5.181705951690674, 4.820646286010742, 4.896878242492676, 5.4496235847473145, 3.598783254623413, 5.699578762054443, 1.5132359266281128, 6.059372425079346, 5.129118919372559, 4.999884605407715, 4.0151286125183105, 4.89274787902832, 4.095939636230469, 3.831576108932495, 2.6453399658203125, 4.036883354187012, 4.4077959060668945, 4.2467145919799805, 8.426145553588867, 4.372239589691162, 5.110935688018799, 4.208895683288574, 4.857649326324463, 4.128298282623291, 3.852940559387207, 4.985620021820068, 4.706180572509766, 4.9115681648254395, 4.657637596130371, 4.26934289932251, 5.0348711013793945, 4.1079840660095215, 2.808220624923706, 1.9146367311477661, 2.852703094482422, 5.495230674743652, 4.330140590667725, 6.165074348449707, 4.117463111877441, 7.899389266967773, 3.582881450653076, 3.8050642013549805, 3.842014789581299, 4.868649959564209, 5.233380317687988, 4.849670886993408, 5.0727057456970215, 4.967195510864258, 4.6112871170043945, 3.909789800643921, 3.9452922344207764, 4.311569690704346, 3.8564059734344482, 5.282082557678223, 3.754516124725342, 4.996214389801025, 4.169994831085205, 4.5077643394470215, 3.604379415512085, 7.729673385620117, 3.1135342121124268, 3.6075382232666016, 4.324530601501465, 4.657398700714111, 0.42661237716674805, 3.914555788040161, 4.872034549713135, 3.4998106956481934, 4.878352165222168, 4.889934539794922, 4.172327995300293, 4.094882011413574, 4.9338459968566895, 4.628583908081055, 2.8257691860198975, 4.515777587890625, 4.7675395011901855, 5.918410778045654, 4.077473163604736, 3.9739251136779785, 4.380992889404297, 5.237658977508545, 4.756242752075195, 4.317897319793701, 5.565344333648682, 4.8562541007995605, 4.849344730377197, 7.747500419616699, 5.012261390686035, 4.881587028503418, 4.115825653076172, 5.186424732208252, 5.580912113189697, 8.019882202148438, 4.609875679016113, 4.6453046798706055, 5.572555065155029, 4.0541768074035645, 4.510675430297852, 5.200080394744873, 5.835216999053955, 4.8707098960876465, 4.4053850173950195, 4.983578205108643, 5.338088035583496, 4.008406639099121, 4.849759101867676, 3.688084363937378, 5.105930328369141, 5.814447402954102, 3.9926743507385254, 4.883148670196533, 4.017296314239502, 4.499860763549805, 4.01864767074585, 4.01247501373291, 5.0696258544921875, 4.084565162658691, 4.479737281799316, 4.651586532592773, 4.865174770355225, 4.495477199554443, 4.518540382385254, 4.609425067901611, 3.822580337524414, 4.91217565536499, 3.611591339111328, 4.915009498596191, 4.189876079559326, 4.638363838195801, 2.613016366958618, 3.8072307109832764, 3.9873361587524414, 4.096630096435547, 6.119907855987549, 4.887796401977539, 4.648386001586914, 4.865386486053467, 5.445261478424072, 3.8369836807250977, 3.7866151332855225, 4.910974025726318, 4.345382213592529, 5.146396160125732, 4.414595603942871, 4.02664852142334, 4.685162544250488, 3.8162682056427, 13.286173820495605, 4.1546759605407715, 5.265540599822998, 4.968433856964111, 4.199436664581299, 4.850703716278076, 4.618333339691162, 5.846547603607178, 4.829760551452637, 4.87799596786499, 3.95987606048584, 5.368951797485352, 4.616060256958008, 3.84265398979187, 4.379696846008301, 2.812163829803467, 5.445112705230713, 5.472407341003418, 4.979915142059326, 4.380561828613281, 2.696016311645508, 3.9997782707214355, 5.221837997436523, 8.524490356445312, 4.757070541381836, 5.397793769836426, 4.880710124969482, 3.4618842601776123, 1.6462726593017578, 3.9270458221435547, 4.852334976196289, 4.994601726531982, 5.363820552825928, 3.992384672164917, 5.842483043670654, 5.110922813415527, 3.938786268234253, 5.53700065612793, 3.2228827476501465, 4.333127975463867, 3.439823627471924, 4.773082733154297, 3.1048524379730225, 4.6204071044921875, 3.6274478435516357, 4.060293674468994, 4.937373161315918, 4.246918201446533, 4.511469841003418, 3.590367317199707, 5.5658345222473145, 2.0327537059783936, 4.426477432250977, 4.2958574295043945, 4.013803482055664, 5.22601842880249, 3.875328302383423, 4.989994525909424, 4.6942901611328125, 4.5604729652404785, 4.946882724761963, 3.7751553058624268, 3.562512159347534, 4.578181266784668, 4.6665239334106445, 4.824126720428467, 2.1495814323425293, 4.3008551597595215, 5.487093448638916, 4.915439605712891, 3.1451196670532227, 4.967215061187744, 4.997326850891113, 4.530627250671387, 5.08978796005249, 5.2721428871154785, 3.794485092163086, 9.06812858581543, 5.18839168548584, 3.6659746170043945, 3.6095099449157715, 5.094608306884766, 3.598031759262085, 9.398758888244629, 5.528451919555664, 3.980682611465454, 2.6258013248443604, 4.040589809417725, 4.29982852935791, 5.359711170196533, 5.686331272125244, 3.9593896865844727, 2.7325809001922607, 3.7518575191497803, 5.653179168701172, 4.618684768676758, 5.88686990737915, 3.7982704639434814, 5.092036247253418, 4.623568534851074, 3.989842414855957, 4.646803855895996, 4.7596964836120605, 2.8501574993133545, 5.988584518432617, 3.7955565452575684, 3.6024649143218994, 4.14337158203125, 1.4855778217315674, 3.118471622467041, 4.064749240875244, 7.113703727722168, 2.6885018348693848, 4.026113986968994, 3.5022196769714355, 1.4873989820480347, 5.1055169105529785, 5.285033226013184, 4.487936019897461, 3.5481202602386475, 5.6867570877075195, 4.869755744934082, 3.7982025146484375, 5.41810941696167, 3.044821262359619, 4.890432357788086, 4.403717517852783, 4.182190895080566, 4.705167293548584, 4.733025074005127, 3.8078813552856445, 4.240437030792236, 4.343944549560547, 5.9963154792785645, 5.493232727050781, 4.509345531463623, 5.346853256225586, 3.340794563293457, 5.593472480773926, 2.4352686405181885, 4.916014671325684, 4.877886772155762, 4.97955322265625, 3.6219825744628906, 4.232953071594238, 4.555112361907959, 4.924609184265137, 4.940734386444092, 5.369948387145996, 4.3663554191589355, 4.005311489105225, 4.945744037628174, 5.05607795715332]
Cosines similarity random samples
[0.6980479955673218, 0.7301177978515625, 0.7060068845748901, 0.6778725385665894, 0.7141748666763306, 0.7812114953994751, 0.8161242008209229, 0.6507506370544434, 0.7926769256591797, 0.6552581787109375, 0.8540779948234558, 0.654927670955658, 0.743598997592926, 0.7376527190208435, 0.8030176162719727, 0.7695971727371216, 0.6258077025413513, 0.5805151462554932, 0.7115979194641113, 0.7865060567855835, 0.764616847038269, 0.7279001474380493, 0.5201341509819031, 0.7960171699523926, 0.7524739503860474, 0.6301400661468506, 0.6322628259658813, 0.6556140184402466, -0.22972071170806885, 0.6797754764556885, 0.8235653042793274, 0.758439302444458, 0.453529417514801, 0.7776437401771545, 0.6549215316772461, 0.790358304977417, 0.7933454513549805, 0.8164160251617432, -0.1220475509762764, 0.5585458874702454, 0.6461217403411865, 0.7102068662643433, 0.664277195930481, 0.799668550491333, 0.7518906593322754, 0.3628123998641968, 0.795555591583252, 0.8034154176712036, 0.7196745872497559, 0.8443650007247925, 0.7886329889297485, 0.759563148021698, 0.7715721130371094, 0.7319701910018921, 0.7230105400085449, 0.803063154220581, 0.17399732768535614, 0.9109665751457214, 0.7217544317245483, 0.666279673576355, 0.7410342693328857, 0.540825366973877, 0.5994436740875244, 0.6184192895889282, 0.7576686143875122, 0.5325425267219543, 0.7687994241714478, 0.889825165271759, 0.6304243803024292, 0.5656828880310059, 0.8504617810249329, 0.610145092010498, 0.7467527985572815, 0.8695805072784424, 0.7547659873962402, 0.6213324069976807, 0.5495184659957886, 0.7653982639312744, 0.8009052276611328, 0.8889936804771423, 0.7720199227333069, 0.7242202758789062, 0.7291848659515381, 0.9630237817764282, 0.7019243836402893, 0.6850729584693909, 0.7973257303237915, 0.0365191251039505, 0.7236442565917969, 0.6582955121994019, 0.6632053256034851, 0.6672881841659546, -0.2050003707408905, 0.8796314001083374, 0.4433388113975525, 0.6626174449920654, 0.7548076510429382, 0.8820304870605469, 0.8422418832778931, 0.9096419811248779, 0.8138948678970337, 0.7405276894569397, 0.6214776039123535, -0.009516149759292603, 0.6676014065742493, 0.827404260635376, 0.8491978645324707, 0.6884461641311646, 0.7133399248123169, 0.7122752666473389, 0.7066370248794556, 0.8533991575241089, 0.7819053530693054, 0.7146400809288025, 0.8530447483062744, 0.7673834562301636, 0.8754857182502747, 0.5712369084358215, 0.7049028277397156, 0.596406102180481, 0.6694607734680176, 0.663439154624939, 0.7408602237701416, 0.8390324711799622, 0.7223639488220215, 0.8148784637451172, 0.6931565403938293, 0.6148563623428345, 0.6745527982711792, 0.7796949148178101, 0.6715770363807678, 0.6076228022575378, 0.795516848564148, 0.8538022041320801, 0.7232109308242798, 0.7892236709594727, 0.8120431900024414, 0.6155139207839966, 0.8731017112731934, 0.7911144495010376, 0.6630983352661133, 0.8300573825836182, 0.8709796667098999, 0.732616662979126, 0.7516878843307495, 0.671233594417572, 0.9217871427536011, 0.7017102241516113, 0.7034397125244141, 0.7363341450691223, 0.6498967409133911, 0.8243337869644165, 0.6646671295166016, 0.7068287134170532, 0.7979596853256226, 0.6834285259246826, 0.7560644149780273, 0.6280921101570129, 0.8038628101348877, 0.7845203876495361, 0.7545375823974609, 0.697129487991333, 0.8211837410926819, 0.41693973541259766, 0.7140591144561768, 0.5978175401687622, 0.8907606601715088, 0.6621026992797852, 0.7832754850387573, 0.758430004119873, 0.9968136548995972, 0.8615297675132751, 0.778046190738678, 0.6725442409515381, 0.6692904233932495, 0.688964307308197, 0.7884913682937622, 0.7732256650924683, 0.7983949184417725, 0.8005837202072144, 0.7082982063293457, 0.7895124554634094, 0.7820034027099609, 0.8132173418998718, 0.611806333065033, 0.49120235443115234, 0.8058789372444153, 0.8504846692085266, 0.5119967460632324, 0.7912746667861938, 0.9446680545806885, 0.6300747990608215, 0.5781518220901489, 0.661663293838501, 0.659825325012207, 0.5585309863090515, 0.7273409962654114, 0.8865925669670105, 0.9563658237457275, 0.8596228957176208, 0.6251175999641418, 0.8009237051010132, 0.033217161893844604, 0.6577595472335815, 0.5253129005432129, 0.4859221279621124, 0.738997220993042, 0.7955887913703918, 0.6706814765930176, 0.6918792128562927, 0.8177875280380249, 0.7775685787200928, -0.17376373708248138, 0.8150756359100342, 0.6651992201805115, 0.7818156480789185, 0.8235311508178711, 0.565265417098999, 0.6282516121864319, 0.7788559198379517, 0.8159205913543701, 0.5975815057754517, 0.47569870948791504, 0.7803357839584351, 0.6823809146881104, 0.7877293825149536, 0.6160627603530884, -0.028042495250701904, 0.822922945022583, 0.6431578993797302, 0.6498152017593384, 0.8174279928207397, 0.8065276145935059, 0.8742921352386475, 0.810421884059906, 0.5752425789833069, 0.9101189374923706, 0.6967664957046509, 0.8930809497833252, 0.4371253252029419, 0.6926648616790771, 0.5556844472885132, 0.7906240224838257, 0.7908926010131836, 0.43399477005004883, 0.7750979661941528, 0.7590702772140503, 0.7356810569763184, 0.5798920392990112, 0.9393073320388794, 0.4334370493888855, 0.6611120700836182, 0.7865856885910034, 0.7297319173812866, 0.683017373085022, 0.6110725998878479, 0.6472979187965393, 0.7317809462547302, 0.6056426763534546, 0.8700560927391052, 0.7595607042312622, 0.7363523244857788, 0.6897118091583252, 0.795813798904419, 0.7292983531951904, 0.8837900161743164, 0.7926126718521118, 0.6999552845954895, 0.8022005558013916, 0.7298135757446289, 0.7652896642684937, 0.7438046336174011, 0.6789268255233765, 0.687265932559967, 0.7140374183654785, 0.7548134922981262, 0.7223522663116455, 0.6798526048660278, 0.6330931186676025, 0.7298206090927124, 0.5764553546905518, 0.893287181854248, 0.8021551966667175, 0.7290318608283997, 0.7025941610336304, 0.7686457633972168, 0.18771496415138245, 0.751565158367157, 0.6256799697875977, 0.7265535593032837, 0.7754943370819092, 0.8543974161148071, -0.06289340555667877, 0.7542095184326172, 0.8160476088523865, 0.5103790760040283, 0.6553727984428406, 0.20409944653511047, 0.9693118333816528, 0.36121511459350586, 0.6612560749053955, 0.7542304396629333, 0.7373818755149841, 0.7918459177017212, 0.7334568500518799, 0.8092596530914307, 0.8051357269287109, 0.8866503834724426, 0.7315046787261963, 0.6680594086647034, 0.6680655479431152, 0.9650733470916748, 0.6997803449630737, 0.844845175743103, 0.8944031596183777, 0.7042850255966187, 0.8614405989646912, 0.7584925293922424, 0.7711542844772339, 0.7252407073974609, 0.8865583539009094, 0.713850200176239, 0.7726169228553772, 0.7123662233352661, 0.42659080028533936, 0.8239114880561829, 0.5970772504806519, 0.14413982629776, 0.9058324694633484, 0.7445324659347534, 0.9674900770187378, 0.705956757068634, 0.8527461290359497, 0.5620566606521606, 0.7480716109275818, 0.5072292685508728, 0.8846616744995117, 0.8102391362190247, 0.7341656684875488, 0.6044288873672485, 0.6461418867111206, 0.4897530674934387, 0.7889261245727539, 0.7701271772384644, 0.7961670160293579, 0.7098430395126343, 0.5805703401565552, 0.8711719512939453, 0.42761167883872986, 0.67891526222229, 0.8586546778678894, 0.6722719073295593, 0.5018414258956909, 0.905268669128418, 0.6951689720153809, 0.595313310623169, 0.6909773349761963, 0.7220214605331421, 0.7551517486572266, 0.17143699526786804, 0.5125513076782227, 0.6476916670799255, 0.7271885871887207, 0.41001275181770325, 0.775498628616333, 0.6519097089767456, 0.8212985992431641, 0.8067715167999268, 0.6971572637557983, 0.4843871295452118, 0.8114868402481079, 0.9679640531539917, 0.7247402667999268, 0.7160587310791016, 0.7869553565979004, 0.02086806297302246, 0.4298991560935974, 0.8980876207351685, 0.7466992139816284, 0.8015550374984741, 0.8387733697891235, 0.8029842376708984, 0.806699275970459, 0.025082167237997055, 0.6412348747253418, 0.6426095366477966, 0.5920474529266357, 0.7367343902587891, 0.7505722045898438, 0.7167300581932068, 0.5481004118919373, 0.7716770172119141, 0.5531630516052246, -0.5386451482772827, 0.3625095784664154, 0.7079405784606934, 0.6994668245315552, 0.7014321088790894, 0.7090643048286438, 0.7833974957466125, 0.729287326335907, 0.790416419506073, 0.7159886360168457, 0.803284227848053, 0.701440691947937, 0.45061880350112915, 0.8627502918243408, 0.6439589858055115, 0.6848742961883545, 0.46217894554138184, 0.7436298727989197, 0.885448694229126, 0.8373990058898926, 0.7133183479309082, 0.734015703201294, 0.690483033657074, 0.8895816802978516, 0.7655535936355591, 0.607285737991333, 0.48394277691841125, 0.8126803040504456, 0.8399720191955566, 0.6396527290344238, 0.560702919960022, 0.7857134342193604, 0.6705232858657837, 0.6761257648468018, 0.5709691643714905, 0.7077234983444214, 0.6812913417816162, 0.4742867350578308, 0.6591267585754395, 0.7308318614959717, 0.681404173374176, 0.6951732039451599, 0.7492848634719849, 0.6977546811103821, 0.7072958946228027, 0.38805925846099854, 0.8040139675140381, 0.77198725938797, 0.485293447971344, 0.5767336487770081, 0.8701064586639404, 0.7353864908218384, 0.7188920974731445, 0.7162038087844849, 0.9583413004875183, 0.6750826835632324, 0.7655597925186157, 0.6126621961593628, 0.07313540577888489, 0.8887729048728943, 0.7240191698074341, 0.795154869556427, 0.6838420033454895, 0.6948187351226807, 0.5820664167404175, 0.892241358757019, 0.6862917542457581, 0.6970263719558716, 0.8744406700134277, 0.9650163650512695, 0.6817657351493835, 0.623079776763916, 0.8245729207992554, 0.7808668613433838, 0.7960554361343384, 0.7718043327331543, 0.6495507955551147, 0.6887637376785278, 0.818555474281311, 0.795604944229126, 0.8598845601081848, 0.7243857979774475, 0.6888555884361267, 0.5991477370262146, 0.5884308218955994, 0.7643142938613892, 0.695637583732605, 0.3895248770713806, 0.7997416257858276, 0.6703527569770813, 0.6699174642562866, 0.25113415718078613, 0.731120228767395, 0.7055673599243164, 0.9387072324752808, 0.5668994188308716, -0.0029039978981018066, 0.7845391035079956, 0.7020208835601807, 0.5814234018325806, 0.7418190836906433, 0.7578034400939941, 0.81053626537323, 0.6957849264144897, 0.8867071270942688, 0.6582633256912231, 0.7306351661682129, 0.6306107044219971, 0.4791889190673828, 0.8578712344169617, 0.6149601936340332, 0.786321222782135, 0.7934743762016296, 0.8508033752441406, 0.7033582329750061, 0.7852494716644287, 0.7928715944290161, 0.6615533828735352, 0.7799701690673828, 0.7428336143493652, 0.5881056189537048, 0.5027912855148315, 0.7212430834770203, 0.5930025577545166, 0.8609271049499512, 0.8261155486106873, 0.6578894257545471, 0.701216459274292, 0.5042802095413208, 0.6634765863418579, 0.7148975133895874, 0.6059548258781433, 0.5913642644882202, 0.8172275424003601, 0.6892030239105225, 0.7927079200744629, 0.683373212814331, 0.7506934404373169, 0.8891279697418213, 0.8821896314620972, 0.8121364116668701, 0.9403655529022217, 0.673337459564209, 0.8116148114204407, 0.6237986087799072, 0.615662693977356, 0.9603371620178223, 0.7586368322372437, 0.7282592058181763, 0.7346394062042236, 0.6431199312210083, 0.7571861147880554, 0.8676350116729736, 0.7585915327072144, 0.7751569747924805, -0.2503601014614105, 0.7983025312423706, 0.6945909261703491, 0.7213910818099976, 0.6884767413139343, 0.7454984188079834, 0.5662914514541626, 0.574755072593689, 0.8276308178901672, 0.5064866542816162, 0.7934473752975464, 0.6883801221847534, 0.7914645671844482, 0.8053660988807678, 0.8488630652427673, 0.6577481031417847, 0.6588438153266907, 0.6373945474624634, 0.7658113241195679, 0.6934875249862671, 0.7382755875587463, 0.9009265303611755, 0.6241035461425781, 0.7557081580162048, 0.5616597533226013, 0.679672122001648, 0.8442702293395996, 0.7150593996047974, 0.7211678624153137, 0.8078562021255493, 0.8840776681900024, 0.710578203201294, 0.9132168292999268, 0.6161497831344604, 0.677939772605896, 0.9700385332107544, 0.48548567295074463, 0.7967203855514526, 0.8233940601348877, 0.6419593095779419, -0.2820839583873749, 0.8973421454429626, 0.7648023962974548, 0.46511077880859375, 0.668387770652771, 0.7945233583450317, 0.7409722805023193, 0.7333487272262573, 0.7059012651443481, 0.8106716871261597, 0.626175045967102, 0.9667407274246216, 0.8307796716690063, 0.7936280965805054, 0.5188908576965332, 0.8476142883300781, 0.7290529012680054, 0.5334641933441162, 0.6920723915100098, 0.6654644012451172, 0.6706456542015076, 0.3845383822917938, 0.7944635152816772, 0.6733342409133911, 0.6029906868934631, 0.696296215057373, 0.7245634198188782, 0.7881873846054077, 0.6292774677276611, 0.6771082878112793, 0.774522602558136, 0.7723792791366577, 0.8292354345321655, 0.7240841388702393, 0.6655908823013306, 0.7395267486572266, 0.757195770740509, 0.6547868251800537, 0.7881501913070679, 0.7034916877746582, 0.8217559456825256, 0.7536492347717285, 0.7654412984848022, 0.6447917222976685, 0.5856330990791321, 0.4957140386104584, 0.6575824022293091, 0.7481657266616821, 0.8583505153656006, 0.49948614835739136, 0.6744532585144043, 0.7484712600708008, 0.6808150410652161, 0.8498530387878418, 0.6496421098709106, 0.7766257524490356, 0.8237403631210327, 0.8657872676849365, 0.7805228233337402, 0.727608859539032, 0.6442476511001587, 0.5454544425010681, 0.6652520895004272, 0.7714881896972656, 0.7478941082954407, 0.8074835538864136, 0.49053966999053955, 0.7132347822189331, 0.6460500955581665, 0.7056576013565063, 0.8202582001686096, 0.9641514420509338, 0.7266530990600586, 0.5053874850273132, 0.4668719172477722, 0.7227720022201538, -0.17486785352230072, -0.12364231050014496, 0.819512665271759, 0.7299214005470276, 0.5686116814613342, 0.45443403720855713, 0.8715165257453918, 0.6525715589523315, 0.5621277689933777, 0.6976653337478638, 0.7701296806335449, 0.7997510433197021, 0.6766207814216614, 0.7413108348846436, 0.7098277807235718, 0.8522499799728394, 0.5868883728981018, 0.7722698450088501, 0.8917111754417419, 0.5446135401725769, 0.6721528172492981, 0.7694255113601685, 0.7916876077651978, 0.6553606986999512, 0.6651031374931335, 0.8244668245315552, 0.6771402359008789, 0.6747240424156189, 0.8025617003440857, 0.6354554891586304, 0.8072831034660339, 0.7321281433105469, 0.592411994934082, 0.7478888630867004, 0.6686890125274658, 0.5858534574508667, 0.6948321461677551, 0.790497899055481, 0.8732113242149353, 0.8845285773277283, 0.6807207465171814, 0.7744699716567993, 0.4627491235733032, 0.8066760301589966, 0.6360213756561279, 0.8698693513870239, 0.6707616448402405, 0.6850270628929138, 0.7811945676803589, 0.7342612743377686, 0.6862034797668457, 0.7599220275878906, 0.7933194637298584, 0.8692141771316528, 0.7555770874023438, 0.4157598912715912, 0.7809031009674072, 0.722412109375, 0.6562825441360474, 0.8136653304100037, 0.8174548149108887, 0.7161619067192078, 0.7829544544219971, 0.5204505920410156, 0.6678074598312378, 0.6908693313598633, 0.6261954307556152, 0.7713522911071777, 0.7262712121009827, 0.7720306515693665, 0.802227258682251, 0.6129600405693054, 0.7834503650665283, 0.6523955464363098, 0.7585684061050415, 0.5786750912666321, 0.6536306142807007, 0.7534353733062744, 0.8100322484970093, 0.8630023002624512, 0.7528570294380188, 0.658968448638916, 0.8952447175979614, 0.7539215683937073, 0.8962557911872864, 0.7025368213653564, 0.7724572420120239, 0.817080020904541, 0.6976490020751953, 0.6782724857330322, 0.49804067611694336, 0.0355348140001297, 0.927782416343689, 0.7102745771408081, 0.8829413056373596, 0.8001973628997803, 0.4511905312538147, 0.7543687224388123, 0.5689471960067749, 0.8108696937561035, 0.4064875841140747, 0.698033332824707, 0.6753445863723755, 0.8850844502449036, 0.7820642590522766, 0.43767645955085754, 0.4353201985359192, 0.7914038896560669, 0.8478583693504333, 0.7135154604911804, 0.5775249004364014, 0.7561467289924622, 0.15907169878482819, 0.9048441648483276, 0.6576352715492249, 0.5611476302146912, 0.7770572900772095, 0.8786971569061279, 0.565719485282898, 0.5660996437072754, 0.7350010275840759, 0.735072135925293, 0.8373508453369141, 0.8664082884788513, 0.7077811360359192, 0.6150977611541748, 0.8757485151290894, 0.8227144479751587, 0.7313675880432129, 0.6339067220687866, 0.7943310737609863, 0.8130055665969849, 0.7569469213485718, 0.6932608485221863, 0.6806294322013855, 0.782010555267334, 0.5194041728973389, 0.6192842721939087, 0.6202802658081055, 0.7657885551452637, 0.7244307398796082, 0.9138804078102112, 0.38054871559143066, 0.6408746242523193, 0.5910224318504333, 0.8938052654266357, 0.7674461603164673, 0.7940649390220642, 0.6369137763977051, 0.6687510013580322, 0.746537446975708, -0.2215310037136078, 0.16974307596683502, 0.7146874070167542, 0.5705139636993408, 0.7165150046348572, 0.8400195837020874, 0.7371007204055786, 0.6674464344978333, 0.9675707817077637, 0.24733397364616394, 0.7478641271591187, 0.5968161821365356, 0.7124152183532715, 0.8560979962348938, 0.6918466091156006, 0.7100198268890381, 0.6935571432113647, 0.6643786430358887, 0.5124866962432861, -0.505682110786438, 0.8096503019332886, 0.7163545489311218, 0.6210508346557617, 0.8271956443786621, 0.6395019292831421, 0.832453727722168, 0.7220486998558044, 0.6339316964149475, 0.6571177840232849, 0.45088285207748413, 0.7351675033569336, 0.5999865531921387, 0.5421379804611206, 0.6597254276275635, 0.6935868263244629, 0.7240908741950989, 0.8132084608078003, 0.6729714870452881, 0.9079931974411011, 0.6549456715583801, 0.6142570972442627, 0.6244580745697021, 0.6209933757781982, 0.6862717866897583, 0.909167468547821, 0.7414712905883789, 0.5745720267295837, 0.6533471941947937, 0.6749703884124756, 0.6312083601951599, 0.8049745559692383, 0.6210737228393555, 0.6913005113601685, 0.8211011290550232, 0.743666410446167, 0.6788356304168701, 0.6609879732131958, 0.6981278657913208, 0.7012007236480713, 0.6086300611495972, 0.5148459076881409, 0.6922277212142944, 0.42079126834869385, 0.8699560165405273, 0.6759802103042603, 0.6012701988220215, 0.6274500489234924, 0.7830536961555481, 0.7008222341537476, 0.7683764696121216, 0.8858693838119507, 0.6977243423461914, 0.7002271413803101, 0.705247163772583, 0.7049139738082886, 0.6099025011062622, 0.7028458118438721, 0.968775749206543, 0.638664722442627, 0.6585445404052734, 0.5173133015632629, 0.8789425492286682, 0.6365787982940674, 0.7313414812088013, 0.006729133427143097, 0.9012168645858765, 0.7453809976577759, 0.7654500603675842, 0.9009565711021423, 0.6122511029243469, 0.8921497464179993, 0.8761183023452759, 0.6988856792449951, 0.6986260414123535, 0.674452006816864, 0.7224446535110474, 0.6426903009414673, 0.6930452585220337, 0.7208106517791748, 0.7593333721160889, 0.6955933570861816, 0.6727115511894226, 0.9628633260726929, 0.7321575284004211, 0.752859354019165, 0.86423659324646, 0.7857866287231445, 0.5857820510864258, 0.816049337387085, 0.6986551284790039, 0.7767429947853088, 0.7099606394767761, 0.7559919357299805, 0.7843760251998901, 0.620917797088623, 0.6779801845550537, -0.023472800850868225, 0.8122875094413757, 0.5779249668121338, 0.725961446762085, 0.7409883141517639, 0.7952248454093933, 0.8688769340515137, 0.9671727418899536, 0.7161546945571899, 0.8133094310760498, 0.6722104549407959, 0.8145128488540649, 0.697117269039154, 0.5918512344360352, -0.12524482607841492, 0.9428002834320068, 0.7133350968360901, 0.6419209241867065, 0.9888292551040649, 0.8258107900619507, 0.9661613702774048, 0.704940676689148, 0.763359546661377, 0.8804340958595276, 0.18125319480895996, 0.8119106888771057, 0.7198229432106018, 0.7261283993721008, 0.7584726810455322, 0.6406491994857788, 0.8207021951675415, 0.5672942399978638, 0.6892090439796448, 0.694406270980835, 0.6617326140403748, 0.572364330291748, 0.723295271396637, 0.6617410182952881, 0.5951176285743713, 0.72877037525177, 0.5797343254089355, 0.8706729412078857, 0.5282005667686462, 0.8246145844459534, 0.7085168361663818, 0.7135173678398132, 0.7463575601577759, 0.6759283542633057, 0.7164958119392395, 0.6917986869812012, 0.7162151336669922, 0.7613295912742615, 0.7292458415031433, 0.7582141160964966, 0.672770082950592, 0.5567946434020996, 0.7689951658248901, -0.06612937152385712, 0.6183962821960449, 0.8505229353904724, 0.6933332085609436, 0.7838783264160156, 0.6733446717262268, 0.7883406281471252, 0.8780268430709839, 0.6453375816345215, 0.6015359163284302, 0.7897155284881592, 0.527167022228241, 0.6088186502456665, 0.9719136357307434, 0.5896469950675964, 0.6330531239509583, 0.7371214628219604, 0.8033376336097717, 0.7269464731216431, 0.6353936195373535, 0.7153809070587158, 0.6952754259109497, 0.663989245891571, 0.8230530619621277, 0.7543973922729492, 0.8238900899887085, 0.2847239077091217, 0.14533734321594238, 0.7764854431152344, 0.7881397008895874, 0.7494097948074341, 0.6037713289260864, 0.8704930543899536, 0.8132336139678955, 0.7775707244873047, 0.7741440534591675, 0.8045427799224854, 0.8237965106964111, 0.7293516397476196, 0.8920269012451172, 0.7367249727249146, 0.77009516954422, 0.3877129554748535, 0.7645483016967773, 0.6966351866722107, 0.7903991341590881, 0.6022440195083618, 0.5608142018318176, 0.6248998641967773, 0.859444797039032, 0.7915118932723999, 0.8117033243179321, 0.6660388112068176, 0.6589875817298889, 0.7932369709014893, 0.6668257713317871, 0.8727710247039795, 0.8810635209083557, 0.7285441160202026, 0.7352945804595947, 0.6801034212112427, 0.6320791840553284, 0.5022227764129639, 0.635154664516449, 0.8168405294418335, 0.7193155288696289, 0.7579850554466248, -0.30457204580307007, 0.8637791872024536, 0.8637145757675171, 0.903447151184082, 0.8551394939422607, 0.7145500183105469, 0.7788169384002686, 0.6702665686607361, 0.7013057470321655, 0.3453315794467926, 0.7305705547332764, 0.6873951554298401, 0.657484233379364, 0.7067293524742126, 0.48911696672439575, 0.6491780281066895, 0.747629702091217, 0.649583637714386, 0.7392258644104004, 0.598967969417572, 0.6877351999282837, 0.7745660543441772, 0.9118847846984863, 0.7805008888244629, 0.7339784502983093, 0.7391159534454346, 0.5650411248207092, 0.8348183631896973, 0.8365752100944519, 0.4604508876800537, 0.7264934778213501, 0.6097540259361267, 0.6902532577514648, 0.6390315294265747, 0.7866244316101074, 0.7299879789352417, 0.6849220991134644, 0.6798602342605591, 0.8002890944480896, 0.9105706810951233, 0.7344409823417664, 0.7645082473754883, 0.6061287522315979, 0.6368463039398193, 0.8886951208114624, 0.9310258626937866, 0.6751234531402588, 0.7174160480499268, 0.8077934980392456, 0.6858696937561035, 0.30156320333480835, 0.6820847988128662, 0.7381146550178528, 0.8631346225738525, 0.617777407169342, 0.6365541219711304, 0.6385358572006226, 0.7112280130386353, 0.6812272667884827, 0.7457972168922424, 0.6937837600708008, 0.7297266721725464, 0.4373875856399536, 0.5481840968132019, 0.7842601537704468, 0.6178779006004333, 0.6824304461479187, 0.8176159858703613, 0.9083986878395081, 0.739250123500824, 0.6487413048744202, 0.8912310600280762, 0.7742920517921448, 0.9711720943450928, 0.792780876159668, 0.7884958982467651, 0.5902571082115173, 0.6771572232246399, 0.8864909410476685, 0.7133524417877197, 0.9663453102111816, 0.7386780977249146, 0.6989290714263916, 0.6463082432746887, 0.6655662655830383, 0.7204834222793579, 0.4275502562522888, 0.6850308179855347, 0.7362462282180786, 0.8697142004966736, 0.7186139822006226, 0.7003339529037476, 0.608808159828186, 0.787369430065155, 0.8630746603012085, 0.8257983922958374, 0.7614750862121582, 0.28333044052124023, 0.6793466806411743, 0.5444220304489136, 0.7541320323944092, 0.7872496247291565, 0.6786609888076782, 0.5683189630508423, 0.24941474199295044, 0.7715475559234619, 0.6512618064880371, 0.7008457183837891, 0.7148466110229492, 0.5868840217590332, 0.7766274213790894, 0.6837027072906494, 0.6914868354797363, 0.6990066766738892, 0.7085111141204834, 0.7208846807479858, 0.7050697207450867, 0.7511172890663147, 0.7044292092323303, 0.7513986825942993, 0.7350537776947021, 0.8393033742904663, 0.7592695355415344, 0.8185883164405823, 0.6868720650672913, 0.7560189962387085, 0.30322280526161194, 0.835152268409729, 0.7779490947723389, 0.4982795715332031, 0.6872936487197876, 0.6270876526832581, 0.7767205238342285, 0.8959180116653442, 0.5685655474662781, 0.7708994150161743, 0.6773015856742859, 0.6447949409484863, 0.6846613883972168, 0.7989919185638428, 0.7684496641159058, 0.6378334164619446, 0.7929241061210632, 0.5119969248771667, 0.6120095252990723, 0.7834821939468384, 0.7171312570571899, 0.6144446134567261, 0.7032812833786011, 0.6850981116294861, 0.4550868570804596, 0.72948157787323, 0.7243386507034302, 0.6972374320030212, 0.8146952986717224, 0.8767977356910706, 0.7322841286659241, 0.7177739143371582, 0.8105525374412537, 0.5356417298316956, 0.7315573692321777, 0.7371236085891724, 0.8016105890274048, 0.8149311542510986, 0.5547573566436768, 0.8055046796798706, 0.7832828760147095, 0.7626175284385681, 0.7678548097610474, 0.9787527918815613, 0.8406537771224976, 0.7073537707328796, 0.8076579570770264, 0.6224013566970825, 0.6425722241401672, 0.669480562210083, 0.893317699432373, 0.7060723304748535, 0.2883785665035248, 0.9128100872039795, 0.711148738861084, 0.7447184920310974, 0.7955573797225952, 0.6395125389099121, 0.8175640106201172, 0.7515268325805664, 0.8407694101333618, 0.6742668747901917, 0.7186018228530884, 0.700465977191925, 0.4128255248069763, 0.7098211050033569, 0.7226433753967285, 0.45332813262939453, 0.8424882888793945, 0.6560602188110352, 0.7877016067504883, 0.7583547234535217, 0.4197915196418762, 0.6378039121627808, 0.8272034525871277, 0.6643633246421814, 0.5200425386428833, 0.5727876424789429, 0.7945036888122559, 0.6931293606758118, 0.7059738636016846, -0.2317648082971573, 0.5944372415542603, 0.7479017972946167, 0.879318118095398, 0.6881158947944641, 0.6038634181022644, 0.3945598900318146, 0.7144188284873962, 0.7834622263908386, 0.5735557675361633, 0.5630452632904053, 0.7863038778305054, 0.7694507837295532, 0.8203455805778503, 0.6080960631370544, 0.7583199739456177, 0.9578477144241333, 0.720903754234314, 0.8711816072463989, 0.5076074004173279, 0.8651140332221985, 0.7026363611221313, 0.6686693429946899, 0.7200614213943481, 0.3551556169986725, 0.8040019273757935, 0.8033798933029175, 0.7516995668411255, 0.7535327076911926, 0.6982067227363586, 0.8078258633613586, 0.6745628118515015, 0.9678283929824829, 0.4744204580783844, 0.7877799868583679, 0.6675103902816772, 0.7819427251815796, 0.7822974324226379, 0.7104979157447815, 0.7634505033493042, 0.8295040726661682, 0.8590628504753113, 0.5618329048156738, 0.7509536147117615, 0.622804582118988, 0.9610311388969421, 0.6458995938301086, 0.8582339286804199, 0.6629683375358582, 0.7358905673027039, 0.9109812378883362, 0.7758756875991821, 0.7429862022399902, 0.7453461289405823, 0.5238017439842224, 0.7492815256118774, 0.6806190609931946, 0.6540167927742004, 0.7219364047050476, 0.6911627054214478, 0.791350781917572, 0.7240890264511108, 0.7848484516143799, 0.6512852311134338, 0.8292367458343506, 0.7044819593429565, 0.6555836200714111, 0.808569073677063, 0.7027232646942139, 0.7633845210075378, 0.71235591173172, 0.6311190128326416, 0.797693133354187, 0.7747434973716736, 0.7400532960891724, 0.8281101584434509, 0.7275999188423157, 0.9988452196121216, 0.728338897228241, 0.8704535961151123, 0.8172850608825684, 0.6498109102249146, 0.7852826118469238, -0.35637909173965454, 0.8220070600509644, 0.6805346012115479, 0.7702593803405762, 0.6584278345108032, 0.7351738214492798, 0.7410123944282532, 0.7556339502334595, 0.6280918121337891, 0.821813702583313, 0.587592363357544, 0.7794132232666016, 0.6761937141418457, 0.8407414555549622, 0.6067559123039246, 0.7801279425621033, 0.698201060295105, 0.7571517825126648, 0.6537874937057495, 0.7765392065048218, 0.6225682497024536, 0.6652599573135376, 0.695868730545044, 0.7291143536567688, 0.7021317481994629, 0.8776386380195618, 0.5653584003448486, 0.5640136003494263, 0.8362113833427429, 0.9717057347297668, 0.7284388542175293, 0.6674529910087585, 0.7516855001449585, 0.6669500470161438, 0.8325299024581909, 0.6739102005958557, 0.6239123940467834, 0.735821008682251, 0.7661694884300232, 0.6897065043449402, 0.4063841700553894, 0.28558266162872314, 0.6931772232055664, 0.6967644691467285, 0.7049976587295532, -0.01750229299068451, 0.6620898842811584, 0.5450215339660645, -0.23085960745811462, 0.8148632645606995, 0.3773946166038513, 0.793546199798584, 0.7784919738769531, 0.8960340023040771, -0.4109809696674347, 0.5179340243339539, 0.824173629283905, 0.7087469100952148, 0.7400510311126709, 0.42631983757019043, 0.676591157913208, 0.5580908060073853, 0.49142906069755554, 0.6392099857330322, 0.7909843921661377, 0.7789183855056763, 0.653122067451477, 0.7668949365615845, 0.6741278171539307, 0.6444193720817566, 0.7754455804824829, 0.7159966230392456, 0.8103493452072144, 0.7463593482971191, 0.8144638538360596, 0.7308824062347412, 0.726420521736145, 0.7007278203964233, 0.8163620233535767, 0.8766605257987976, 0.6270300149917603, 0.748328685760498, 0.7053993940353394, 0.5292147994041443, 0.7500054836273193, 0.8366518020629883, 0.8063781261444092, 0.713420033454895, -0.2553488612174988, 0.7163460850715637, 0.9558567404747009, 0.7326003313064575, 0.6606946587562561, 0.8220875263214111, 0.03090648353099823, 0.7890419363975525, 0.7214627265930176, 0.5811927914619446, 0.81251060962677, 0.795752763748169, 0.7199176549911499, 0.48958855867385864, 0.9287880063056946, 0.7522702217102051, 0.48949310183525085, 0.7575279474258423, 0.7211695909500122, 0.8100683689117432, 0.4504384994506836, 0.5409650802612305, 0.6562923789024353, 0.7324039340019226, 0.8788333535194397, 0.6932981014251709, 0.7820714712142944, 0.7573437094688416, 0.6890981793403625, 0.4743320345878601, 0.7898715734481812, 0.6828985810279846, 0.8360501527786255, 0.8749551177024841, 0.6582634449005127, 0.7372521758079529, 0.7140548229217529, 0.5832288265228271, 0.695184051990509, 0.9030853509902954, 0.7884172797203064, 0.5639950037002563, 0.7367125153541565, 0.8099534511566162, 0.49999529123306274, 0.7194289565086365, 0.6592512130737305, 0.8187415599822998, 0.5507274866104126, 0.7676491737365723, 0.906897246837616, 0.6876519322395325, 0.748624324798584, 0.48276618123054504, 0.7361077666282654, 0.816525936126709, 0.7830085754394531, 0.9093880653381348, 0.7635206580162048, 0.6961125135421753, 0.6916878819465637, 0.7971682548522949, 0.7302908897399902, 0.8034002184867859, 0.2132169008255005, 0.6470469236373901, 0.6678830981254578, 0.6752562522888184, 0.7934117317199707, 0.7743803858757019, 0.8364344835281372, 0.672400712966919, 0.6718810200691223, 0.8479669690132141, 0.6915302276611328, 0.7662695646286011, 0.7309179306030273, 0.7944158911705017, 0.9723173379898071, 0.7920529842376709, 0.7983701229095459, 0.6818095445632935, 0.8841358423233032, 0.8334681987762451, 0.6950348019599915, 0.80377197265625, 0.6681640148162842, 0.6007909178733826, 0.597012996673584, 0.7045686841011047, 0.7757793664932251, 0.7491245269775391, 0.8241455554962158, 0.6614677906036377, 0.7857733964920044, 0.7734417915344238, 0.734505295753479, 0.6704137325286865, 0.6509835124015808, 0.5106687545776367, 0.8674826622009277, 0.8596494793891907, 0.9712663292884827, 0.41502365469932556, 0.8895633220672607, 0.5223453044891357, 0.7129098176956177, 0.6696255207061768, 0.8135663270950317, 0.7087133526802063, 0.825414776802063, 0.6385020017623901, 0.6732025742530823, 0.7924286127090454, 0.6682784557342529, 0.43375837802886963, 0.690334141254425, 0.767225980758667, 0.837535560131073, 0.8000433444976807, 0.6820079684257507, 0.8126233816146851, 0.6538891196250916, 0.8920500874519348, 0.7493797540664673, 0.8260593414306641, 0.6422802209854126, 0.6513506174087524, 0.7275767922401428, 0.8839820623397827, 0.7647097110748291, 0.793213963508606, 0.6981174945831299, 0.7990255951881409, 0.8246651291847229, 0.6354187726974487, 0.9686453342437744, 0.7293965816497803, 0.6614229083061218, 0.44932910799980164, 0.6950949430465698, 0.7099126577377319, 0.8175281882286072, 0.7573206424713135, 0.7755559682846069, 0.8192851543426514, 0.8226863741874695, 0.796053409576416, 0.7061656713485718, -0.10420912504196167, 0.7949130535125732, 0.7349016666412354, 0.6137596964836121, 0.6542105674743652, 0.7187157869338989, 0.7727725505828857, 0.8315187096595764, 0.6497958898544312, 0.3915855288505554, 0.8857513666152954, 0.687476396560669, 0.7358312010765076, 0.8858691453933716, 0.6390504837036133, 0.5939346551895142, 0.6583569645881653, 0.7122913599014282, 0.7773733139038086, 0.699021577835083, 0.6371651291847229, 0.7244718074798584, 0.8068723082542419, 0.6042872667312622, 0.7798414826393127, 0.803789496421814, 0.6639078855514526, 0.38955044746398926, 0.6958522796630859, 0.6330492496490479, 0.7632602453231812, 0.6272026300430298, 0.7074910402297974, 0.7905088067054749, 0.5348865985870361, 0.7775977849960327, 0.8702266216278076, 0.7861750721931458, 0.691030740737915, 0.7907742261886597, 0.7489073276519775, 0.7957172393798828, 0.6426342725753784, 0.7701283693313599, 0.5081678628921509, 0.8771136999130249, 0.6814446449279785, 0.6537749767303467, 0.7597642540931702, 0.5162796974182129, 0.7124307751655579, 0.7412603497505188, 0.7062397003173828, 0.8391765356063843, 0.7995049953460693, -0.04789233207702637, 0.9678008556365967, 0.6871201992034912, 0.6963984966278076, 0.8075252771377563, 0.7129499912261963, 0.7595576047897339, 0.6060911417007446, 0.7005156874656677, 0.7290767431259155, 0.7204039096832275, 0.826521635055542, 0.6511576771736145, 0.9926239848136902, 0.6104522943496704, 0.6725085377693176, 0.5208644866943359, 0.7943689823150635, 0.6449583172798157, 0.7476686835289001, 0.7870056629180908, 0.7784749269485474, 0.7284444570541382, 0.6826550364494324, 0.7021457552909851, 0.6763566732406616, 0.6644963026046753, 0.7256246209144592, 0.6034984588623047, 0.796085774898529, 0.7784520387649536, 0.6960195302963257, 0.6938085556030273, 0.6984481811523438, 0.7962088584899902, 0.6058045625686646, 0.6330077648162842, 0.7859453558921814, 0.7245045900344849, 0.7717937231063843, 0.7422935962677002, 0.7928856611251831, 0.815037727355957, 0.5574552416801453, 0.8920167684555054, 0.7210028171539307, 0.5121184587478638, 0.6673548817634583, 0.8512861728668213, 0.8185738921165466, 0.8114194869995117, 0.6800151467323303, 0.722412109375, 0.6355899572372437, 0.8148447871208191, 0.8961083889007568, 0.14176520705223083, 0.6950049996376038, 0.7999067306518555, -0.07446953654289246, 0.6868579387664795, 0.22536060214042664, 0.7095648050308228, -0.07199817895889282, 0.6884192228317261, 0.6671770215034485, 0.6830388307571411, 0.6695786118507385, 0.9168665409088135, 0.6840980052947998, 0.8161153793334961, 0.8035049438476562, 0.8117374181747437, 0.8093780279159546, 0.6728918552398682, 0.7318716645240784, 0.5948373675346375, 0.8306108117103577, 0.6398637294769287, 0.7526999711990356, 0.2662132978439331, 0.7722782492637634, 0.7410030961036682, 0.7963255047798157, 0.7875456213951111, 0.6923871636390686, 0.37854668498039246, 0.7739485502243042, 0.6550948619842529, 0.7596907615661621, 0.7129493951797485, 0.7788196802139282, 0.8460680246353149, 0.7985357046127319, 0.6071099638938904, 0.7699929475784302, 0.7629722356796265, 0.6645758152008057, 0.7360726594924927, 0.1634179651737213, 0.6853810548782349, 0.9122095108032227, 0.7559522390365601, 0.8938193321228027, 0.7786374092102051, 0.6965994834899902, 0.5901250839233398, 0.5352357625961304, 0.7878219485282898, 0.5578364729881287, 0.4195503294467926, 0.8626715540885925, 0.7035378813743591, 0.6758895516395569, 0.7484022378921509, 0.6524457931518555, 0.6141224503517151, 0.8929164409637451, 0.9010480642318726, 0.5931094884872437, 0.7655240297317505, 0.6714930534362793, 0.692490816116333, 0.6630115509033203, 0.6417354345321655, 0.8127673864364624, 0.6697701215744019, 0.6117218732833862, 0.35462573170661926, 0.6516660451889038, 0.4930044114589691, 0.5908875465393066, 0.72418612241745, 0.6307317018508911, 0.7503519058227539, 0.6363123059272766, 0.8031729459762573, 0.736081600189209, 0.6214696168899536, 0.7639488577842712, 0.8229037523269653, 0.4769977331161499, 0.8177433013916016, 0.7416753768920898, 0.8117380142211914, 0.7842142581939697, 0.7315664887428284, 0.6633593440055847, 0.6498198509216309, 0.6662940979003906, 0.5296204686164856, 0.6862447261810303, 0.7835428714752197, 0.5978755354881287, 0.7472025752067566, 0.6615947484970093, 0.7817723751068115, 0.74676913022995, 0.7848471999168396, 0.7560007572174072, 0.7561565041542053, 0.4591391980648041, 0.6929696798324585, 0.6864792704582214, 0.6920256614685059, 0.6234374642372131, 0.8168253898620605, 0.6365576982498169, 0.9688459038734436, 0.5002495050430298, 0.688362717628479, 0.6979957818984985, 0.7534352540969849, 0.7062983512878418, 0.7493872046470642, 0.8581793308258057, 0.9177392721176147, 0.7637350559234619, 0.7311477661132812, 0.8100001811981201, -0.08691474795341492, 0.7701828479766846, 0.6837505102157593, 0.7761465907096863, 0.6595761775970459, 0.744462251663208, 0.825237512588501, 0.6399349570274353, 0.6715700626373291, 0.6422408819198608, 0.6894418001174927, 0.7317688465118408, 0.6433759927749634, 0.7883654832839966, 0.8863779902458191, 0.9527244567871094, 0.8844024538993835, 0.6353180408477783, 0.7144241333007812, 0.5633046627044678, 0.7542220950126648, -0.012861043214797974, 0.806852400302887, 0.7801196575164795, 0.7832163572311401, 0.6755743026733398, 0.6163150668144226, 0.6299745440483093, 0.7101513147354126, 0.6205564737319946, 0.6687645316123962, 0.7783412337303162, 0.8094033002853394, 0.7258580923080444, 0.7755622267723083, 0.7167879343032837, 0.7891467809677124, 0.7262426614761353, 0.7541491985321045, 0.7077917456626892, 0.8207573890686035, 0.07493792474269867, 0.8593810200691223, 0.819969654083252, 0.7231875061988831, 0.7257214784622192, 0.9979026317596436, 0.7700252532958984, 0.6899044513702393, 0.8206117153167725, 0.6527301073074341, 0.7081735134124756, 0.7574838399887085, 0.7487738132476807, 0.6386770009994507, 0.7211040258407593, 0.8991334438323975, 0.7989345788955688, 0.6701546311378479, 0.5918971300125122, 0.8049896955490112, 0.7664623856544495, 0.7043114900588989, 0.7171757221221924, 0.6545701026916504, 0.7152248620986938, 0.5643162727355957, 0.6700823903083801, 0.6435568332672119, 0.07095710188150406, 0.6196293830871582, 0.6613134741783142, 0.7447776198387146, 0.7121769189834595, 0.5472915172576904, -0.009671606123447418, 0.709896445274353, 0.7297890782356262, 0.5369110107421875, 0.7437454462051392, 0.6943514347076416, 0.6623421907424927, 0.43144935369491577, 0.6777876615524292, 0.7844556570053101, 0.623006284236908, 0.5541031956672668, 0.766198992729187, 0.6666467189788818, 0.834369421005249, 0.6027075052261353, 0.4465314745903015, 0.8237924575805664, 0.6581751108169556, 0.8008459806442261, 0.6770745515823364, 0.7567194104194641, 0.772546112537384, 0.6530454158782959, 0.7860366106033325, 0.7033997178077698, 0.6974495649337769, 0.6616893410682678, 0.6943697929382324, 0.6929898262023926, 0.7130423784255981, 0.8138291239738464, 0.6463809013366699, 0.8344509601593018, 0.7013283371925354, 0.7728539705276489, 0.7024003267288208, 0.902877151966095, 0.7904981374740601, 0.7755886912345886, 0.8099284768104553, 0.4128514230251312, 0.6837111711502075, 0.6885716915130615, 0.6253467798233032, 0.6410539746284485, 0.8008760213851929, 0.8001130819320679, 0.643273115158081, 0.7508076429367065, 0.7058957815170288, 0.7362892627716064, 0.8073197603225708, 0.670025110244751, 0.817232608795166, -0.674940288066864, 0.7963851094245911, 0.5485535860061646, 0.6845795512199402, 0.7280369997024536, 0.6179297566413879, 0.7008151412010193, 0.4478224217891693, 0.6723955273628235, 0.6696091890335083, 0.782551109790802, 0.5954800248146057, 0.7075477838516235, 0.7890661954879761, 0.7684046030044556, 0.8921523094177246, 0.5002260804176331, 0.5412192344665527, 0.6265447735786438, 0.6986398696899414, 0.8957728147506714, 0.7733798623085022, 0.6535290479660034, -0.1565655767917633, 0.6855583190917969, 0.6065446734428406, 0.6926488876342773, 0.8901260495185852, 0.9648235440254211, 0.8227331638336182, 0.7059406042098999, 0.5863924622535706, 0.6329294443130493, 0.7734827399253845, 0.43621397018432617, 0.6514269113540649, 0.7644299268722534, 0.5299793481826782, 0.8487652540206909, 0.7630636096000671, 0.8528053164482117, 0.8184380531311035, 0.8607648611068726, 0.7031002640724182, 0.8020474910736084, 0.7459974884986877, 0.6635317802429199, 0.7454650402069092, 0.7228593826293945, 0.895462155342102, 0.5053498148918152, 0.9477372169494629, 0.7478400468826294, 0.7245596051216125, 0.7756625413894653, 0.5466896295547485, 0.7782153487205505, 0.6773801445960999, 0.685107409954071, 0.6993666887283325, 0.6269785165786743, 0.8002832531929016, 0.8147279620170593, 0.6851121783256531, 0.6969804763793945, 0.720229983329773, 0.9363916516304016, 0.7741559743881226, 0.6594778895378113, 0.7002755403518677, 0.8556733131408691, 0.6103014349937439, 0.6802200078964233, 0.682054877281189, 0.642619788646698, 0.766684889793396, 0.7995943427085876, -0.4013923406600952, 0.6561545133590698, 0.8321340680122375, 0.811546802520752, 0.5937604904174805, 0.8280376195907593, -0.392225444316864, 0.5623174905776978, 0.7871469259262085, 0.9017597436904907, 0.7665286660194397, 0.7082573175430298, 0.5787567496299744, 0.6437832713127136, 0.771273136138916, 0.89383864402771, 0.8219479322433472, 0.4933842718601227, 0.7690370082855225, 0.5540357828140259, 0.8165279030799866, 0.672145426273346, 0.705931544303894, 0.770102858543396, 0.709873378276825, 0.7253998517990112, 0.8858084678649902, 0.39562398195266724, 0.8019183874130249, 0.8180221319198608, 0.7835123538970947, 0.9695407152175903, 0.8763394355773926, 0.7526935338973999, 0.15625643730163574, 0.9007986783981323, 0.8047555088996887, 0.84176105260849, 0.9697238206863403, 0.6224751472473145, 0.6385451555252075, 0.7400820851325989, 0.8111379742622375, 0.6481196880340576, 0.7035300135612488, 0.8149956464767456, 0.5476157665252686, 0.8705439567565918, 0.6030453443527222, 0.7208185195922852, 0.7249177098274231, 0.6672824621200562, 0.7246897220611572, 0.7939267158508301, 0.7176100015640259, 0.7651614546775818, 0.41427087783813477, 0.500777542591095, 0.6753354668617249, 0.6816800832748413, 0.8658567070960999, 0.5474147796630859, 0.9223365187644958, 0.6509078145027161, 0.616309642791748, 0.731753945350647, 0.8320761322975159, 0.7422438859939575, 0.6813775300979614, 0.6628813743591309, 0.6357163190841675, 0.5590823888778687, 0.7015758752822876, 0.7619776725769043, 0.6311894655227661, 0.7560733556747437]
