sample name: ['O=C1CN(S(=O)(=O)c2cccc(NC(=O)c3cc(F)cc(F)c3)c2)CCN1']
atom_index,distance,cosine_similarity
0,0.2863018798828125,-0.01839821331202984
1,-0.2301409912109375,0.010039744973182678
2,-0.046341552734375,0.0010400432348251342
3,-0.10564697265625,-0.004736228920519352
4,-0.4512176513671875,0.057254365384578704
5,0.113299560546875,0.008965708613395691
6,0.6953253173828124,-0.06308940172195435
7,0.2031805419921875,0.0036226674914360047
8,-0.1892803955078125,0.03503620266914367
9,0.6979901123046875,-0.0643142256140709
10,0.027589111328125,-0.011009073108434677
11,0.218365478515625,-0.013316513150930404
12,-0.705960693359375,0.07967539422214032
13,-0.1825628662109375,0.03571809083223343
14,0.22858642578125,-0.02173723965883255
15,-1.1141009521484375,0.056648093312978744
16,-0.043336181640625,-0.003957294188439846
17,-0.2827178955078125,0.019951900541782377
18,0.0942333984375,-0.017079266160726546
19,-0.656214599609375,0.0626443849503994
20,0.3824609375,-0.05700687021017074

Sum of phi values for distance
-1.0601879882812497
Sum of phi values for cosine similarity
0.09595227017998696
Average distance random samples:
7.255564849632127
Average cosine similarity random samples:
0.6620616093473065
Distances random samples
[5.6192474365234375, 4.488300323486328, 5.381401062011719, 4.630444526672363, 15.115715980529785, 18.16767692565918, 15.42143726348877, 2.6689400672912598, 18.51300048828125, 4.467932224273682, 11.958717346191406, 5.873297691345215, 5.912346363067627, 3.7254772186279297, 6.873316287994385, 16.263574600219727, 16.299034118652344, 6.050915718078613, 4.501436233520508, 4.742298603057861, 5.438232898712158, 6.670302391052246, 6.390200138092041, 5.393820762634277, 4.829113006591797, 8.454230308532715, 3.98451566696167, 6.07903528213501, 11.809640884399414, 9.429535865783691, 4.800168991088867, 5.5848517417907715, 16.98944854736328, 5.275968074798584, 4.944375038146973, 4.622610569000244, 5.453540802001953, 5.646945476531982, 5.724863529205322, 5.010184288024902, 3.2213804721832275, 5.425404071807861, 5.57893180847168, 11.11789608001709, 4.223879337310791, 4.8199872970581055, 5.256165981292725, 5.221207141876221, 16.30902671813965, 17.273269653320312, 6.944201469421387, 5.203090190887451, 6.447038173675537, 15.572552680969238, 5.010406494140625, 4.808374881744385, 4.108062744140625, 6.051258087158203, 5.90965461730957, 5.553444862365723, 16.480567932128906, 11.344463348388672, 14.016242027282715, 5.927872180938721, 5.3829450607299805, 14.804911613464355, 15.792673110961914, 5.294445037841797, 7.530954360961914, 6.445623397827148, 5.456706523895264, 4.809718608856201, 11.556928634643555, 5.0062761306762695, 7.116162300109863, 15.638385772705078, 17.992982864379883, 5.980620384216309, 11.54316520690918, 5.604083061218262, 3.897594690322876, 6.09962272644043, 5.770935535430908, 10.179443359375, 6.074620723724365, 5.100142955780029, 5.98124361038208, 10.78927993774414, 11.118687629699707, 12.75667953491211, 4.187704086303711, 5.412943363189697, 5.525094985961914, 6.703012466430664, 6.108767986297607, 4.450704574584961, 5.783586502075195, 6.467884540557861, 4.943441390991211, 15.640878677368164, 11.403677940368652, 5.979716777801514, 15.824357986450195, 4.504917621612549, 4.994502067565918, 4.876129150390625, 5.904196739196777, 5.959826946258545, 5.7521514892578125, 5.746965408325195, 6.179892539978027, 4.202136993408203, 5.942655563354492, 4.714262962341309, 7.3209123611450195, 5.802405834197998, 4.687130928039551, 4.397134304046631, 11.510720252990723, 5.929274559020996, 6.242692947387695, 5.57921028137207, 4.517295837402344, 16.02594757080078, 16.034183502197266, 5.005869388580322, 5.648580074310303, 5.90653657913208, 6.581448078155518, 4.684036731719971, 4.623140335083008, 6.077925205230713, 5.904164791107178, 5.271498680114746, 5.793078422546387, 4.195947170257568, 6.5512285232543945, 4.393457889556885, 7.571974277496338, 4.641900539398193, 14.890263557434082, 5.5799560546875, 6.086580276489258, 5.064362525939941, 5.233881950378418, 4.6087470054626465, 5.67364501953125, 15.207232475280762, 4.436667442321777, 7.222371578216553, 4.718235015869141, 6.284017086029053, 5.974125385284424, 4.821023464202881, 7.001405715942383, 15.479698181152344, 5.408823490142822, 5.203876972198486, 4.871655464172363, 6.5034260749816895, 4.809070110321045, 5.41419792175293, 5.506437301635742, 5.14077615737915, 7.538157939910889, 16.95476722717285, 4.1889848709106445, 6.323243618011475, 16.38984489440918, 15.114655494689941, 5.9821696281433105, 5.319720268249512, 16.955657958984375, 3.6782586574554443, 5.248959064483643, 4.847081661224365, 4.225012302398682, 5.261146068572998, 3.9822134971618652, 5.389850616455078, 7.78705358505249, 4.23511266708374, 5.588636875152588, 5.425097465515137, 4.808777332305908, 16.720224380493164, 4.452139377593994, 5.285544395446777, 18.822917938232422, 4.873255252838135, 4.470890998840332, 6.063052654266357, 4.721127510070801, 17.14748191833496, 5.440473556518555, 5.778707504272461, 4.7000298500061035, 5.923056125640869, 6.55709171295166, 5.926797866821289, 2.8546178340911865, 4.6749267578125, 13.775999069213867, 4.451767444610596, 13.531351089477539, 16.565269470214844, 5.6173529624938965, 5.560943126678467, 6.092458248138428, 5.744473457336426, 4.192987442016602, 5.305373191833496, 6.0217790603637695, 17.19157600402832, 4.843496799468994, 4.62973690032959, 14.100746154785156, 11.168774604797363, 5.585257053375244, 16.784019470214844, 4.4315080642700195, 4.895210266113281, 4.8499860763549805, 8.723267555236816, 5.0587873458862305, 4.367213726043701, 4.5566725730896, 6.185698509216309, 5.236545562744141, 16.350112915039062, 4.638260364532471, 5.567509651184082, 5.2433624267578125, 5.590090751647949, 3.754790782928467, 5.185134410858154, 4.207688808441162, 9.34967041015625, 4.841503620147705, 4.2080206871032715, 4.365510940551758, 5.587803840637207, 10.643467903137207, 5.898621082305908, 16.48681640625, 5.757333278656006, 6.356578350067139, 4.834160327911377, 16.013132095336914, 6.934759140014648, 5.80021333694458, 4.437424659729004, 5.330930709838867, 5.571443557739258, 4.856484413146973, 11.016013145446777, 5.474766731262207, 5.413921356201172, 4.671885967254639, 4.887885570526123, 16.940610885620117, 5.437055587768555, 4.013949871063232, 5.968333721160889, 8.691120147705078, 5.223517894744873, 4.2264556884765625, 5.725677013397217, 5.412314414978027, 5.607028961181641, 6.404971599578857, 5.216510772705078, 10.782381057739258, 5.389479160308838, 6.023019790649414, 5.522128582000732, 17.2988224029541, 4.818424224853516, 5.758667469024658, 4.202010631561279, 16.430086135864258, 5.431159496307373, 5.2531232833862305, 5.7575812339782715, 2.298133373260498, 5.9442267417907715, 5.721966743469238, 17.583200454711914, 4.629204273223877, 6.3598737716674805, 17.18537139892578, 6.955676078796387, 5.377192497253418, 6.803960800170898, 5.707763195037842, 5.907009124755859, 4.910608768463135, 10.973368644714355, 5.707617282867432, 5.742790222167969, 5.0539045333862305, 5.433322429656982, 13.386839866638184, 4.223621368408203, 4.859161853790283, 5.061490058898926, 5.339943885803223, 6.056963920593262, 17.088518142700195, 9.801891326904297, 10.183719635009766, 5.2611894607543945, 4.703062534332275, 5.125456809997559, 5.572056293487549, 4.4073028564453125, 7.827739715576172, 4.8539838790893555, 5.609723091125488, 15.515096664428711, 5.617092609405518, 5.434726238250732, 5.407786846160889, 5.231646537780762, 11.334650993347168, 5.054409980773926, 12.761039733886719, 5.65311336517334, 5.451588153839111, 5.050922870635986, 4.708620071411133, 5.575872421264648, 5.962069988250732, 3.7044763565063477, 5.406319618225098, 16.03280258178711, 5.097109317779541, 4.661375999450684, 5.4136061668396, 12.962703704833984, 4.905763626098633, 16.99537467956543, 4.452844142913818, 4.624713897705078, 6.248429775238037, 3.998307943344116, 13.281832695007324, 2.879687786102295, 15.716742515563965, 3.824270009994507, 16.802078247070312, 4.273438453674316, 3.7563955783843994, 4.950047969818115, 4.86024284362793, 5.535074710845947, 7.227956295013428, 5.440267086029053, 4.880234241485596, 4.0002970695495605, 6.263582229614258, 5.630868911743164, 13.122204780578613, 3.9970736503601074, 15.50342082977295, 13.197417259216309, 6.052024841308594, 4.850362300872803, 12.837284088134766, 18.054948806762695, 5.696733474731445, 5.077640056610107, 4.018133640289307, 5.894447326660156, 4.385721683502197, 7.090555191040039, 15.693840026855469, 5.1898040771484375, 4.453470230102539, 13.660256385803223, 6.456221103668213, 5.915685653686523, 4.464243412017822, 4.352283954620361, 9.706465721130371, 4.866288661956787, 4.9109601974487305, 6.069458961486816, 5.907190799713135, 5.77746057510376, 4.881561756134033, 12.407997131347656, 5.735749244689941, 9.021599769592285, 17.21165657043457, 15.405699729919434, 2.8715999126434326, 5.5766215324401855, 16.328453063964844, 5.427824020385742, 4.270299434661865, 5.836536884307861, 3.599766731262207, 5.55212926864624, 6.056891441345215, 13.144634246826172, 4.228231906890869, 5.557148456573486, 17.610090255737305, 5.072651386260986, 12.593618392944336, 5.014592170715332, 4.4418721199035645, 4.8206305503845215, 4.8415703773498535, 4.823254108428955, 4.827491760253906, 5.361156463623047, 18.144309997558594, 15.05511474609375, 4.853187084197998, 5.468542575836182, 17.24823760986328, 5.015542507171631, 8.665654182434082, 6.6345367431640625, 5.205936431884766, 3.722201108932495, 4.922616004943848, 5.441764831542969, 5.025966167449951, 14.601668357849121, 5.413917064666748, 4.869193077087402, 5.435897350311279, 5.626411437988281, 14.742080688476562, 4.587973117828369, 8.15420150756836, 5.313767910003662, 4.911015033721924, 5.333386421203613, 11.501529693603516, 16.66928482055664, 2.107820749282837, 6.273764133453369, 5.014945983886719, 5.20656681060791, 4.258901596069336, 5.039226055145264, 4.392977237701416, 4.31299352645874, 5.274967670440674, 14.082262992858887, 5.036230087280273, 4.829463958740234, 6.8641862869262695, 3.4799258708953857, 6.541624069213867, 5.409445285797119, 6.139096736907959, 5.031828880310059, 14.718859672546387, 6.167267799377441, 3.5432779788970947, 6.204087734222412, 12.67908000946045, 5.602484226226807, 5.432910919189453, 5.137240886688232, 5.9404215812683105, 4.653186798095703, 5.4568610191345215, 5.0111165046691895, 4.423460006713867, 4.7620015144348145, 4.072716236114502, 7.230385780334473, 5.200608730316162, 5.3365278244018555, 10.394319534301758, 12.187582015991211, 3.4677298069000244, 6.090043067932129, 7.580742835998535, 4.039512634277344, 3.705472946166992, 5.914622783660889, 5.897594928741455, 5.3896894454956055, 4.867777347564697, 5.4864397048950195, 5.066715240478516, 6.466880798339844, 5.620208740234375, 5.605924129486084, 5.753747940063477, 16.5080509185791, 6.8598809242248535, 6.772830486297607, 5.884657859802246, 13.887103080749512, 5.4289960861206055, 5.073790550231934, 16.308990478515625, 16.3076171875, 14.296728134155273, 7.876388072967529, 4.25105619430542, 3.9801700115203857, 5.8979997634887695, 7.5918169021606445, 6.491262435913086, 4.40015172958374, 17.978878021240234, 4.015020370483398, 4.899834156036377, 17.167877197265625, 6.100553512573242, 5.5737762451171875, 2.033823251724243, 7.193075180053711, 5.979841232299805, 5.621696472167969, 4.668720722198486, 16.94732093811035, 5.036839485168457, 4.69127082824707, 4.168063640594482, 5.777048110961914, 20.962858200073242, 4.89683198928833, 4.904385566711426, 5.889634609222412, 5.612512111663818, 4.864068508148193, 6.1353960037231445, 5.330596446990967, 11.992342948913574, 3.9506540298461914, 5.560027599334717, 3.4794487953186035, 4.684201717376709, 5.2922539710998535, 5.548039436340332, 3.270555019378662, 4.67470645904541, 4.842897415161133, 15.164680480957031, 4.432088851928711, 5.048644542694092, 5.808933734893799, 5.94405460357666, 4.319672584533691, 5.101781368255615, 18.027042388916016, 5.947680950164795, 3.979445457458496, 5.143873691558838, 12.389147758483887, 18.11469841003418, 4.818431377410889, 4.481827259063721, 12.212211608886719, 5.633066177368164, 5.5960259437561035, 5.294872283935547, 5.33193826675415, 4.233991622924805, 5.043122291564941, 6.542098045349121, 16.905092239379883, 5.9333577156066895, 5.418043613433838, 4.254985332489014, 6.562366008758545, 5.363354682922363, 4.384668827056885, 6.053524971008301, 14.795230865478516, 3.3867359161376953, 4.439168930053711, 6.1081085205078125, 4.4291253089904785, 16.19342803955078, 5.485690593719482, 4.842249870300293, 5.4142985343933105, 5.005241870880127, 6.376538276672363, 4.752023696899414, 6.26522970199585, 5.391741752624512, 4.175390243530273, 18.509418487548828, 5.726455211639404, 5.773280620574951, 3.285308361053467, 17.858497619628906, 5.069921970367432, 7.133397579193115, 16.335723876953125, 5.962264537811279, 4.866792678833008, 4.811349868774414, 5.786219596862793, 4.476222038269043, 12.984735488891602, 4.612029075622559, 15.524934768676758, 5.773416996002197, 5.4611663818359375, 6.939421653747559, 3.9801788330078125, 13.051156997680664, 4.98601770401001, 5.406905174255371, 6.204087257385254, 5.388308048248291, 4.87070369720459, 5.892447471618652, 6.1119890213012695, 5.469999313354492, 4.163496494293213, 5.00678825378418, 4.83139181137085, 6.0565104484558105, 4.296875476837158, 11.102518081665039, 6.419071674346924, 5.767902374267578, 4.826676368713379, 13.710451126098633, 5.588520526885986, 4.861934661865234, 6.053731441497803, 14.642889976501465, 4.3541975021362305, 5.183250427246094, 15.628607749938965, 6.098898410797119, 5.210293769836426, 4.42652702331543, 5.880311012268066, 6.563178539276123, 3.665771722793579, 6.598010063171387, 3.7251052856445312, 6.865835666656494, 4.190121650695801, 16.360580444335938, 5.200326442718506, 4.468822002410889, 6.294079303741455, 4.830068588256836, 5.459132671356201, 5.419257164001465, 15.756651878356934, 17.35675621032715, 4.232723712921143, 3.207139492034912, 5.698756694793701, 15.777915954589844, 5.573747158050537, 18.944211959838867, 6.891005992889404, 5.896886348724365, 16.425045013427734, 14.700915336608887, 12.372437477111816, 5.398543357849121, 4.946908950805664, 16.212013244628906, 7.046940326690674, 5.743495941162109, 5.901575088500977, 7.1031317710876465, 14.49735164642334, 4.451459884643555, 6.144348621368408, 6.228305339813232, 4.72360897064209, 5.759228706359863, 5.310713291168213, 5.81209659576416, 16.857379913330078, 5.169896602630615, 5.560929775238037, 4.809841156005859, 5.183969974517822, 5.622646808624268, 10.565585136413574, 7.772112846374512, 6.37554931640625, 5.668704509735107, 4.29439640045166, 6.620052814483643, 6.058475494384766, 5.627602577209473, 17.231477737426758, 8.096308708190918, 4.037288665771484, 6.8174848556518555, 12.140552520751953, 4.831675052642822, 4.673495769500732, 3.7023673057556152, 5.372198581695557, 18.107067108154297, 5.626618385314941, 6.351367950439453, 17.43498992919922, 5.578423976898193, 5.1966352462768555, 5.613166809082031, 5.771245002746582, 15.793639183044434, 4.852972984313965, 5.42417049407959, 14.965919494628906, 2.8178062438964844, 6.250982761383057, 2.801398992538452, 4.658086776733398, 4.206724643707275, 5.901862144470215, 7.679005146026611, 15.596364974975586, 5.542744159698486, 6.104101181030273, 7.725127220153809, 6.515565395355225, 6.209092617034912, 4.902479648590088, 5.552468776702881, 4.973793029785156, 5.044320106506348, 4.633814811706543, 4.9653449058532715, 5.912477016448975, 17.2686767578125, 12.688800811767578, 4.406685829162598, 4.254726886749268, 4.273646831512451, 5.532843112945557, 4.2427897453308105, 4.439542293548584, 6.146119594573975, 5.250655174255371, 5.4805684089660645, 15.060696601867676, 3.2742319107055664, 6.073193073272705, 5.918596267700195, 15.444314002990723, 5.02361536026001, 16.183629989624023, 6.856723308563232, 5.907816410064697, 16.85152244567871, 14.861990928649902, 5.031021595001221, 14.323546409606934, 4.656846046447754, 4.197168827056885, 5.465773105621338, 6.779226303100586, 7.296590805053711, 5.659582138061523, 2.694392681121826, 7.736120700836182, 5.731288909912109, 17.891298294067383, 17.236557006835938, 5.1425580978393555, 16.904621124267578, 7.255053997039795, 4.658385753631592, 3.4450647830963135, 4.100532054901123, 5.483604431152344, 3.664576292037964, 5.390049457550049, 4.584002494812012, 6.0630388259887695, 4.45589017868042, 4.141839981079102, 5.744145393371582, 12.817431449890137, 4.894350528717041, 5.032734394073486, 5.400261878967285, 5.760265350341797, 5.73931360244751, 5.395616054534912, 4.436781406402588, 4.425675868988037, 5.6511712074279785, 5.225090503692627, 5.964292049407959, 7.849362373352051, 5.2205023765563965, 3.3365840911865234, 4.844978332519531, 5.9031662940979, 15.972021102905273, 5.600123882293701, 17.45184326171875, 4.9182562828063965, 5.740614414215088, 4.695313453674316, 4.8659820556640625, 5.380582332611084, 5.525474548339844, 14.867119789123535, 5.721858501434326, 6.050211429595947, 4.870718002319336, 3.111640453338623, 5.414345741271973, 5.643774509429932, 5.8545637130737305, 4.219834804534912, 11.593504905700684, 4.226686477661133, 5.577186107635498, 15.087416648864746, 4.8739519119262695, 5.853644847869873, 5.589174270629883, 3.317631244659424, 5.93091344833374, 4.689783573150635, 7.439690113067627, 17.386014938354492, 5.008878707885742, 3.695866107940674, 4.883534908294678, 6.15971565246582, 5.23644495010376, 5.222154140472412, 16.711891174316406, 4.993205547332764, 16.447635650634766, 5.036654472351074, 17.040002822875977, 5.756686687469482, 2.8296079635620117, 6.097762107849121, 5.814907073974609, 4.877076148986816, 15.780882835388184, 4.70327091217041, 4.871184825897217, 17.622709274291992, 4.358988285064697, 17.749814987182617, 11.452808380126953, 6.7687530517578125, 5.046614646911621, 13.38129997253418, 5.038448810577393, 4.322213172912598, 11.268330574035645, 5.435766220092773, 5.548391342163086, 5.376181602478027, 4.889134407043457, 5.892667770385742, 4.841174602508545, 7.135110855102539, 5.44866418838501, 4.2069549560546875, 4.33443546295166, 5.403254985809326, 7.307504177093506, 5.393013000488281, 7.344223976135254, 6.488708019256592, 4.076338768005371, 4.8737874031066895, 5.393367290496826, 5.906244277954102, 17.670459747314453, 14.092270851135254, 12.727479934692383, 4.434089183807373, 4.830772399902344, 19.03008270263672, 4.876780033111572, 5.581866264343262, 7.722822189331055, 4.658337593078613, 10.549251556396484, 6.247530460357666, 5.550673484802246, 5.9763641357421875, 4.84886360168457, 5.246309757232666, 5.431340217590332, 5.922762393951416, 4.426670074462891, 6.3149094581604, 18.3831729888916, 3.2522788047790527, 4.225200176239014, 5.315659046173096, 13.857279777526855, 5.015683650970459, 4.228588581085205, 4.628035545349121, 4.530378341674805, 15.253870010375977, 6.738406658172607, 4.840417385101318, 4.647705554962158, 5.094299793243408, 5.390834331512451, 7.218082427978516, 5.811537265777588, 4.398301601409912, 8.802674293518066, 5.418109893798828, 15.031471252441406, 5.4795427322387695, 6.464598178863525, 14.042281150817871, 8.746313095092773, 5.4452433586120605, 17.716392517089844, 15.533557891845703, 4.8730058670043945, 5.951491832733154, 9.859512329101562, 5.396441459655762, 13.851884841918945, 4.5070061683654785, 5.055676460266113, 5.971918106079102, 3.784964084625244, 4.824317932128906, 5.63262939453125, 4.02070951461792, 5.709502696990967, 4.744105339050293, 6.91417121887207, 6.411383628845215, 4.03079080581665, 18.52685546875, 4.998207092285156, 5.199606418609619, 4.007802963256836, 5.355928897857666, 5.431722640991211, 15.19343090057373, 5.085812091827393, 5.476043701171875, 4.300633907318115, 4.82418966293335, 7.050838470458984, 5.741159915924072, 5.603936195373535, 5.9383955001831055, 15.28880500793457, 4.194705486297607, 8.706592559814453, 3.9645726680755615, 5.260576248168945, 3.9964985847473145, 7.6098737716674805, 5.487666606903076, 5.682275295257568, 4.249592304229736, 16.397350311279297, 6.127894878387451, 4.493526458740234, 4.422591209411621, 4.336421966552734, 4.705409526824951, 16.015602111816406, 14.518402099609375, 5.997292995452881, 6.107245922088623, 6.887665271759033, 6.318614959716797, 6.715876579284668, 4.728545188903809, 11.756367683410645, 17.935848236083984, 7.155216217041016, 15.869845390319824, 5.448988914489746, 7.822272777557373, 5.897896766662598, 5.545935153961182, 5.565861701965332, 11.705699920654297, 5.0754008293151855, 9.681656837463379, 3.993149757385254, 3.7591123580932617, 4.258314609527588, 5.394951820373535, 4.895408630371094, 9.96020793914795, 7.0732574462890625, 15.927787780761719, 4.242979526519775, 7.118342876434326, 5.610716819763184, 12.938943862915039, 5.442530155181885, 5.585138320922852, 6.363133907318115, 17.318313598632812, 5.14552116394043, 17.316232681274414, 4.828550815582275, 6.26324462890625, 4.469369888305664, 5.809994220733643, 16.505638122558594, 4.099903106689453, 16.388994216918945, 5.404479026794434, 4.919771671295166, 8.00015926361084, 4.502708435058594, 9.364028930664062, 3.9361047744750977, 6.234750747680664, 6.351084232330322, 6.809114456176758, 4.638817310333252, 5.634004592895508, 5.639288902282715, 3.9315106868743896, 5.900829792022705, 5.429135799407959, 6.414483547210693, 5.418851375579834, 7.180602550506592, 7.3750739097595215, 5.384227275848389, 5.386240482330322, 4.8445940017700195, 5.780237197875977, 5.977898120880127, 4.820970058441162, 4.69667911529541, 4.6470417976379395, 4.294308185577393, 12.491196632385254, 4.534066200256348, 15.625852584838867, 17.09653663635254, 4.680184841156006, 4.633017539978027, 5.258357524871826, 17.60923194885254, 5.373257637023926, 4.43106746673584, 6.400675296783447, 13.081486701965332, 16.5610408782959, 3.6898245811462402, 4.8236165046691895, 4.661037921905518, 5.377633571624756, 5.385201930999756, 4.23722505569458, 4.244065761566162, 6.085229396820068, 5.01746940612793, 5.931887626647949, 17.17404556274414, 3.694992780685425, 5.348652362823486, 4.1580915451049805, 2.5687451362609863, 4.875235557556152, 5.333029747009277, 4.199415683746338, 4.43659782409668, 6.278266906738281, 12.977890968322754, 4.370462417602539, 5.676583290100098, 12.976903915405273, 5.531440734863281, 6.655368328094482, 4.826515197753906, 5.934474945068359, 5.493908882141113, 4.883021831512451, 4.126404285430908, 5.435316562652588, 16.92027473449707, 3.7355196475982666, 6.070873737335205, 5.562711715698242, 4.439483642578125, 6.140024185180664, 4.831902503967285, 5.455681324005127, 4.659157752990723, 4.844164848327637, 16.56666374206543, 15.305999755859375, 5.166651248931885, 12.284716606140137, 16.49880599975586, 3.557940721511841, 5.313605308532715, 5.895386219024658, 4.882980823516846, 16.031654357910156, 12.438274383544922, 5.208725452423096, 4.651567459106445, 5.934334754943848, 3.986253499984741, 4.683168888092041, 5.303420066833496, 6.647350788116455, 5.248594284057617, 17.610992431640625, 7.078606605529785, 17.66975975036621, 4.878314018249512, 5.55654764175415, 15.901625633239746, 5.9350690841674805, 5.015913009643555, 4.212636470794678, 13.69482707977295, 5.26161003112793, 15.01228141784668, 5.259084224700928, 5.466668605804443, 5.2920074462890625, 5.401974201202393, 6.236171722412109, 6.044290065765381, 8.89900016784668, 6.062585353851318, 4.635223865509033, 6.829409122467041, 3.4812419414520264, 6.347158908843994, 5.949413776397705, 4.42786169052124, 4.836082935333252, 16.949337005615234, 11.93038558959961, 10.690998077392578, 5.427066326141357, 6.611827373504639, 16.107608795166016, 3.734866142272949, 14.86738109588623, 5.835628986358643, 5.2717766761779785, 5.602692604064941, 7.683040142059326, 6.4071173667907715, 5.443731784820557, 5.922720909118652, 13.468992233276367, 7.005310535430908, 6.474362373352051, 6.454335689544678, 4.684953689575195, 5.6088104248046875, 5.911934852600098, 5.776264667510986, 3.6950104236602783, 4.652420520782471, 6.006820201873779, 4.779083728790283, 4.678459167480469, 6.633170127868652, 5.607666969299316, 6.11450719833374, 4.882696628570557, 4.84362268447876, 4.044914722442627, 13.153940200805664, 11.34823989868164, 5.9370436668396, 4.844581127166748, 16.337505340576172, 7.175551891326904, 15.434565544128418, 6.231355667114258, 15.262784957885742, 4.288167476654053, 6.773815155029297, 5.5882887840271, 5.928107261657715, 5.431972026824951, 5.671044826507568, 11.597414016723633, 5.930744171142578, 5.408535003662109, 5.878618240356445, 14.65119457244873, 4.888559818267822, 4.9577741622924805, 5.921069622039795, 17.383625030517578, 5.909540176391602, 17.82659339904785, 5.956468105316162, 6.5879645347595215, 4.825173854827881, 3.442249298095703, 5.580198287963867, 5.129675388336182, 5.389156341552734, 4.832022190093994, 5.361412525177002, 11.042940139770508, 4.868027210235596, 4.438808441162109, 4.07532262802124, 6.011806488037109, 4.587943077087402, 5.954315662384033, 13.020306587219238, 5.993134498596191, 4.28907585144043, 16.501529693603516, 4.661335468292236, 6.809658527374268, 5.821055889129639, 6.91588830947876, 13.784855842590332, 4.055122375488281, 17.903301239013672, 4.613775253295898, 6.4277448654174805, 5.559630870819092, 4.018560409545898, 5.266357898712158, 4.27487325668335, 5.431421756744385, 3.71406626701355, 17.171472549438477, 10.730803489685059, 17.64055061340332, 5.245337009429932, 4.855235576629639, 3.9900834560394287, 5.924744129180908, 4.895356178283691, 5.465732097625732, 5.944390773773193, 15.146449089050293, 6.219683647155762, 6.524270534515381, 6.133021354675293, 5.086709499359131, 5.021731853485107, 11.343159675598145, 5.320201396942139, 4.416370868682861, 4.9538469314575195, 5.827125072479248, 15.058402061462402, 4.4932942390441895, 6.211272716522217, 5.903878211975098, 14.831218719482422, 4.211177349090576, 3.7381465435028076, 5.923696041107178, 6.369758605957031, 16.69371223449707, 5.098536014556885, 5.563340187072754, 5.702109336853027, 4.836955547332764, 3.1700875759124756, 5.559463024139404, 15.69192123413086, 4.4023542404174805, 6.445155620574951, 9.705787658691406, 7.081454753875732, 10.289624214172363, 6.425999164581299, 6.310361862182617, 3.233854055404663, 3.9540722370147705, 4.215782165527344, 6.121737480163574, 4.837401390075684, 5.013082981109619, 6.836811542510986, 17.279569625854492, 6.670310020446777, 5.129898548126221, 17.33483123779297, 5.813338279724121, 4.855775833129883, 4.711152076721191, 5.900322914123535, 11.379839897155762, 5.567109107971191, 5.418854713439941, 4.637080192565918, 4.720226764678955, 4.852309703826904, 5.977977275848389, 12.381485939025879, 5.568328380584717, 5.341791152954102, 6.46464729309082, 6.4097418785095215, 5.570160865783691, 5.415396213531494, 4.916562080383301, 4.2485151290893555, 5.37127161026001, 6.171494960784912, 3.453272581100464, 4.830450534820557, 6.5113325119018555, 8.723502159118652, 5.387376308441162, 5.947817325592041, 4.444432258605957, 14.153671264648438, 5.958278656005859, 14.21023941040039, 6.600262641906738, 5.0199737548828125, 4.408529758453369, 14.736215591430664, 5.958603382110596, 9.843636512756348, 6.1260833740234375, 5.7825775146484375, 16.021238327026367, 4.073268890380859, 6.47908353805542, 4.869097709655762, 17.224332809448242, 5.20156717300415, 18.636764526367188, 5.8286237716674805, 6.391427040100098, 17.048492431640625, 11.389655113220215, 4.637620449066162, 5.288036823272705, 11.176068305969238, 16.182432174682617, 4.6216816902160645, 4.16739559173584, 5.422572135925293, 4.716423034667969, 5.941159248352051, 5.463530540466309, 4.860368728637695, 5.409469127655029, 4.849177837371826, 5.032475471496582, 6.9185028076171875, 3.696718215942383, 6.991545677185059, 5.970986843109131, 6.810564041137695, 3.4186513423919678, 5.5626630783081055, 5.954687595367432, 3.4331960678100586, 15.61780071258545, 5.57694149017334, 5.404026031494141, 5.910586833953857, 4.242337226867676, 5.507342338562012, 18.37445068359375, 16.013586044311523, 4.421586990356445, 6.32520055770874, 4.633114337921143, 5.475667476654053, 5.389167308807373, 6.301962375640869, 4.12528133392334, 3.9270355701446533, 16.744665145874023, 5.835605144500732, 4.195606708526611, 4.783751010894775, 15.590320587158203, 4.9343342781066895, 14.844054222106934, 16.598464965820312, 4.62744665145874, 11.645886421203613, 5.533687591552734, 5.210233211517334, 6.8097429275512695, 5.797113418579102, 5.020812511444092, 4.184089183807373, 5.497379302978516, 6.018317699432373, 4.269236087799072, 9.961942672729492, 5.427319526672363, 6.703507423400879, 6.045782089233398, 3.7923991680145264, 5.646612167358398, 5.928455829620361, 5.0588250160217285, 4.4181084632873535, 5.225076198577881, 13.560537338256836, 4.432321548461914, 5.271368980407715, 4.270526885986328, 4.932945251464844, 4.364927768707275, 16.232372283935547, 6.38916015625, 6.1159844398498535, 9.874043464660645, 6.037219524383545, 5.152271270751953, 4.843410968780518, 4.71754264831543, 6.679310321807861, 13.006902694702148, 15.918825149536133, 4.654396057128906, 4.000673294067383, 16.6195125579834, 4.04025936126709, 5.821075916290283, 4.270040988922119, 4.869165897369385, 4.811427593231201, 6.458718299865723, 4.890999794006348, 11.115935325622559, 5.580833435058594, 15.798968315124512, 5.436046600341797, 16.1956787109375, 5.556253910064697, 16.280385971069336, 5.920779228210449, 9.905783653259277, 5.86483097076416, 7.0977349281311035, 12.75699520111084, 6.212645530700684, 13.556265830993652, 7.202931880950928, 5.089291572570801, 6.662087440490723, 17.293487548828125, 3.6904211044311523, 5.404915809631348, 5.212503910064697, 6.287794589996338, 6.938445568084717, 5.401123046875, 4.2033891677856445, 5.500632286071777, 4.999945640563965, 4.901962757110596, 5.412994384765625, 4.840908527374268, 4.820117473602295, 18.16556167602539, 4.819808006286621, 14.819968223571777, 5.238794803619385, 4.9058942794799805, 5.260248184204102, 3.161533832550049, 16.070751190185547, 6.103315353393555, 4.317958831787109, 5.044317722320557, 18.095457077026367, 6.5886454582214355, 4.892825126647949, 13.716743469238281, 16.03227996826172, 4.841343879699707, 15.435635566711426, 6.520886421203613, 7.128550052642822, 6.9205708503723145, 6.206110954284668, 7.831424713134766, 3.961846351623535, 6.0811543464660645, 5.7277655601501465, 16.364606857299805, 5.632436275482178, 5.912569999694824, 4.05512809753418, 5.041677951812744, 5.561464786529541, 9.45598316192627, 16.315868377685547, 5.902476787567139, 6.325954437255859, 3.276050090789795, 4.878554821014404, 5.395946025848389, 5.919267654418945, 5.203689098358154, 4.939342498779297, 13.2255220413208, 5.232935428619385, 4.319462299346924, 2.86550235748291, 16.18425941467285, 5.791572093963623, 5.232548236846924, 4.675771236419678, 14.033334732055664, 4.272599697113037, 5.077343463897705, 6.289714336395264, 12.765673637390137, 4.183852195739746, 3.988071918487549, 4.445306777954102, 5.241564750671387, 5.969879150390625, 5.4786057472229, 6.640127658843994, 5.925417423248291, 6.208798408508301, 4.028144359588623, 4.146152019500732, 5.32552433013916, 5.879903316497803, 3.256359577178955, 6.395310878753662, 15.64908218383789, 6.316394805908203, 5.373654365539551, 5.192948341369629, 5.068923473358154, 3.7815921306610107, 3.839785575866699, 5.781514644622803, 4.834381580352783, 5.920943737030029, 4.642948627471924, 5.594290733337402, 13.04820728302002, 5.760988712310791, 17.57781219482422, 5.714820861816406, 4.013225555419922, 5.412148952484131, 5.931083679199219, 4.437373161315918, 16.386117935180664, 5.851903438568115, 4.701416969299316, 5.500497817993164, 4.306379318237305, 5.765003204345703, 5.3871049880981445, 6.372707843780518, 2.7219223976135254, 4.247499942779541, 13.414327621459961, 18.01946449279785, 5.059566497802734, 16.56504249572754, 17.180418014526367, 6.1298723220825195, 4.384038925170898, 4.190800189971924, 4.194316387176514, 5.056366920471191, 6.433991432189941, 5.0767903327941895, 4.187489032745361, 4.826481819152832, 5.936301231384277, 13.758082389831543, 2.9017746448516846, 3.9355812072753906, 4.883338451385498, 15.832025527954102, 6.385931968688965, 4.881346702575684, 6.224410057067871, 5.979866981506348, 4.223471164703369, 16.895973205566406, 11.828804969787598, 4.684147357940674, 6.041689872741699, 16.634641647338867, 3.8193252086639404, 5.281414031982422, 6.288026332855225, 3.9319043159484863, 14.788911819458008, 14.812174797058105, 16.602811813354492, 6.244949817657471, 8.110681533813477, 5.013778209686279, 4.840099811553955, 3.546403408050537, 5.911744594573975, 3.937380075454712, 5.800062656402588, 5.959566593170166, 6.071965217590332, 12.265851020812988, 4.414609909057617, 5.706989288330078, 13.239933013916016, 6.5227227210998535, 6.142638683319092, 15.54690170288086, 12.231595039367676, 5.235355377197266, 5.350074768066406, 4.2215657234191895, 5.022610664367676, 5.418880939483643, 17.470516204833984, 3.6926751136779785, 4.93011474609375, 5.687436580657959, 11.191421508789062, 5.561201095581055, 4.85378885269165, 7.025862216949463, 6.689939498901367, 3.9770238399505615, 5.503577709197998, 4.270911693572998, 6.3839335441589355, 5.527867317199707, 4.819559097290039, 4.662914752960205, 6.052024841308594, 8.480986595153809, 5.717089653015137, 6.089735984802246, 6.790610313415527, 4.499523639678955, 5.929253101348877, 19.686092376708984, 5.892280578613281, 5.049580097198486, 5.311437129974365, 5.046368598937988, 4.671238899230957, 5.015986919403076, 11.787604331970215, 5.066372394561768, 5.91739559173584, 4.575372695922852, 7.478100299835205, 6.788588047027588, 5.920234203338623, 4.580618858337402, 6.379134178161621, 5.317147254943848, 5.51274299621582, 5.610703468322754, 5.822144031524658, 15.836233139038086, 6.0012359619140625, 4.655797481536865, 5.92341947555542, 4.591981410980225, 17.423038482666016, 5.470419883728027, 5.579456806182861, 12.167080879211426, 6.597379207611084, 5.700570583343506, 8.024649620056152, 17.155101776123047, 5.587701320648193, 17.137624740600586, 9.610382080078125, 6.901078224182129, 4.107238292694092, 4.810197830200195, 6.407618522644043, 14.084010124206543, 4.9072136878967285, 5.325383186340332, 16.961891174316406, 4.854886531829834, 6.722252368927002, 5.03420352935791, 5.3988542556762695, 16.0277042388916, 4.652034759521484, 5.560595989227295, 6.516277313232422, 5.155697345733643, 7.0766706466674805, 5.84050989151001, 4.81662130355835, 5.617175579071045, 6.945145606994629, 5.190353870391846, 17.07202911376953, 5.945302963256836, 17.11383628845215, 5.2101731300354, 17.56207847595215, 5.56532621383667, 5.176953315734863, 6.188149452209473, 6.524850845336914, 8.641634941101074, 6.268307685852051, 5.042351722717285, 15.578235626220703, 4.929967403411865, 5.599271297454834, 4.879284381866455, 5.608489990234375, 5.909296989440918, 6.065794944763184, 18.430601119995117, 14.917628288269043, 4.732822895050049, 16.59259796142578, 6.405698299407959, 16.219375610351562, 4.860825538635254, 4.388102054595947, 5.716550350189209, 14.433211326599121, 16.747377395629883, 3.7848596572875977, 3.7627806663513184, 5.131202220916748, 5.962584018707275, 16.187856674194336, 3.9662158489227295, 5.577181816101074, 6.78558874130249, 12.463883399963379, 5.521646022796631, 6.005914211273193, 12.112706184387207, 5.021043300628662, 15.685322761535645, 4.686949729919434, 4.449690341949463, 5.911118984222412, 5.470656394958496, 6.07078742980957, 5.412425994873047, 5.568456172943115, 16.868972778320312, 4.9914422035217285, 6.728602886199951, 16.477941513061523, 6.460339546203613, 4.428618431091309, 5.234235763549805, 4.567774295806885, 4.224915504455566, 5.008829593658447, 6.38012170791626, 5.306202411651611, 5.634239196777344, 5.9911651611328125, 16.255929946899414, 5.1460065841674805, 5.801466464996338, 5.202211380004883, 5.026450157165527, 7.294841766357422, 15.871256828308105, 5.026556968688965, 5.042625904083252, 15.992105484008789, 5.700495719909668, 5.543124198913574, 5.27647066116333, 6.193397045135498, 5.099025249481201, 3.7241463661193848, 5.535069465637207, 16.065895080566406, 6.671057224273682, 3.84002685546875, 4.195217609405518, 5.224460124969482, 5.428014278411865, 5.175198078155518, 7.481255054473877, 5.394295692443848, 3.536428689956665, 18.192485809326172, 4.617194175720215, 5.542716026306152, 4.813021183013916, 13.508538246154785, 5.456469535827637, 5.501736640930176, 16.65081787109375, 5.221272945404053, 5.0171003341674805, 6.4190568923950195, 5.012068271636963, 2.847987651824951, 4.066226959228516, 4.611184597015381, 5.645064830780029, 5.605999946594238, 5.359229564666748, 4.179233074188232, 5.940674304962158, 3.9671483039855957, 7.005896091461182, 13.903393745422363, 5.411679267883301, 9.85088062286377, 5.097326755523682, 4.227881908416748, 10.397139549255371, 5.42501974105835, 16.99350929260254, 14.93707275390625, 4.574787139892578, 3.794142246246338, 17.083316802978516, 4.034303665161133, 5.430368423461914, 3.6073694229125977, 5.454861164093018, 18.506563186645508, 13.48049545288086, 4.506532192230225, 3.1920814514160156, 5.257538795471191, 4.657751560211182, 5.542837619781494, 4.122694969177246, 6.320207118988037, 5.381298542022705, 15.09993839263916, 17.70368766784668, 3.992946147918701, 5.946171760559082, 6.88026762008667, 4.47900390625, 5.027129173278809, 6.100150108337402, 4.517327308654785, 4.648612022399902, 15.527649879455566, 6.082276344299316, 15.213127136230469, 5.425971031188965, 4.430052280426025, 6.128520488739014, 7.560832500457764, 5.893462657928467, 5.007390022277832, 3.7269346714019775, 5.264310359954834, 5.476591110229492, 7.166389465332031, 5.763251781463623, 4.6465301513671875, 7.100398540496826, 14.198080062866211, 16.926721572875977, 16.544321060180664, 5.338293552398682, 5.404913425445557, 5.455931186676025, 5.874202728271484, 4.570988655090332, 4.070367336273193, 5.084377765655518, 5.117162704467773, 17.83945655822754, 3.977344036102295, 4.9587225914001465, 5.887119770050049, 14.684048652648926, 4.886721134185791, 4.305197715759277, 5.212568759918213, 16.10049057006836, 4.295173645019531, 4.185972213745117, 5.631126403808594, 5.5962395668029785, 16.455692291259766, 5.405378341674805, 4.382659435272217, 13.47524642944336, 3.7450809478759766, 4.1945366859436035, 5.151828765869141, 5.735867023468018, 5.036900997161865, 5.7076215744018555, 4.85177755355835, 4.952457904815674, 4.647012710571289, 5.425037860870361, 4.687191963195801, 16.476232528686523, 4.201411247253418, 4.863358497619629, 4.845821380615234, 5.980910778045654, 15.918350219726562, 4.911385536193848, 4.470769882202148, 5.623058795928955, 4.623219966888428, 5.042331218719482, 4.843227386474609, 4.608208179473877, 4.852539539337158, 5.549447536468506, 16.764917373657227, 17.42365074157715, 3.6940789222717285, 17.141712188720703, 17.088376998901367, 4.496157169342041, 5.219386577606201, 5.0029988288879395, 4.241121292114258, 4.831018924713135, 4.403986930847168, 4.048257827758789, 4.092267990112305, 4.214261054992676, 2.9004974365234375, 3.5143725872039795, 4.219780921936035, 5.710973262786865, 4.1874542236328125, 5.615997791290283, 5.541273593902588, 8.00025463104248, 4.670731067657471, 5.155662536621094, 5.245850563049316, 17.81977081298828, 10.027453422546387, 16.82231330871582, 0.5863438248634338, 4.928100109100342, 7.494912147521973, 5.785163402557373, 5.573025703430176, 5.024968147277832, 17.533443450927734, 5.442381381988525, 6.371542930603027, 4.845101833343506, 4.276601791381836, 6.667244911193848, 7.845198154449463, 4.421488285064697, 5.465485095977783, 5.101075172424316, 5.461050033569336, 5.016407489776611, 5.224144458770752, 5.103853225708008, 14.798166275024414, 5.591781139373779, 5.787082195281982, 3.253430128097534, 6.113583087921143, 4.572032451629639, 14.670969009399414, 6.03100061416626, 5.42214822769165, 16.388376235961914, 6.056673526763916, 5.9258527755737305, 10.03902530670166, 8.485511779785156, 8.013867378234863, 5.185879230499268, 4.897526741027832, 6.387862682342529, 6.881892204284668, 4.904061794281006, 4.688989639282227, 15.251153945922852, 6.082802772521973, 17.403135299682617, 4.667222023010254, 4.641811847686768, 3.4564387798309326, 17.162153244018555, 4.625310897827148, 10.850674629211426, 12.59949016571045, 5.4076313972473145, 5.431614875793457, 5.900168418884277, 18.245635986328125, 5.925654888153076, 12.982306480407715, 6.401467800140381, 12.499588012695312, 6.943159103393555, 7.29539680480957, 4.916383266448975, 5.032736778259277, 5.678824424743652, 5.549371719360352, 4.826460361480713, 10.888989448547363, 5.982069969177246, 6.086837291717529, 4.876918792724609, 4.726522445678711, 5.041192531585693, 6.889196872711182, 16.15568733215332, 5.921138763427734, 9.612652778625488, 4.8682732582092285, 4.677304744720459, 4.208774089813232, 6.104826927185059, 15.557753562927246, 4.017998695373535, 5.904135227203369, 5.39424467086792, 3.2257561683654785, 2.895658254623413, 16.697534561157227, 5.564655303955078, 6.466972351074219, 5.023475646972656, 5.586193561553955, 4.513675689697266, 11.084609031677246, 5.012890338897705, 5.477331638336182, 4.262060642242432, 4.636885643005371, 7.352688312530518, 15.894993782043457, 6.826938152313232, 6.523172378540039, 5.095617294311523, 6.167275428771973, 5.999532222747803, 5.695244312286377, 6.214667320251465, 17.304798126220703, 5.021212100982666, 4.460753440856934, 5.740026950836182, 4.868129730224609, 5.583134651184082, 7.107426643371582, 5.886284351348877, 4.4072585105896, 5.044268608093262, 5.957897186279297, 3.286597728729248, 7.663543224334717, 15.616236686706543, 7.113474369049072, 4.229493618011475, 18.163002014160156, 4.876574516296387, 4.877108097076416, 5.314500331878662, 4.204364776611328, 4.917842864990234]
Cosines similarity random samples
[0.8404098749160767, 0.8995736241340637, 0.8571125268936157, 0.8942492604255676, -0.33604133129119873, -0.7024476528167725, 0.08525960147380829, 0.965641975402832, -0.6604037284851074, 0.9030590057373047, 0.5977920293807983, 0.8168166875839233, 0.8289833068847656, 0.9312849044799805, 0.7446185350418091, -0.572180986404419, -0.16085900366306305, 0.8158153295516968, 0.8957951068878174, 0.8830817937850952, 0.8524155616760254, 0.781822919845581, 0.7907264232635498, 0.8562673330307007, 0.884746253490448, 0.6250098347663879, 0.9197032451629639, 0.8232868909835815, 0.6421418190002441, 0.5932937264442444, 0.8860927820205688, 0.8534030914306641, -0.6804332733154297, 0.8719662427902222, 0.8746750354766846, 0.8944639563560486, 0.8511593341827393, 0.835181713104248, 0.8433091640472412, 0.8773966431617737, 0.9487552046775818, 0.8532291054725647, 0.843755841255188, 0.384969025850296, 0.9128657579421997, 0.8828807473182678, 0.8603528738021851, 0.8621522784233093, 0.23166441917419434, -0.704738974571228, 0.7623957395553589, 0.8567719459533691, 0.8059684634208679, -0.5038150548934937, 0.876046895980835, 0.8862018585205078, 0.9239802956581116, 0.8190448880195618, 0.8262366652488708, 0.8470265865325928, -0.20088857412338257, 0.4545784592628479, 0.3218355178833008, 0.8270643353462219, 0.8555371761322021, 0.17072221636772156, -0.39679187536239624, 0.8540658354759216, 0.6762257814407349, 0.7863739728927612, 0.8548274636268616, 0.8846895694732666, 0.5924410223960876, 0.8764210939407349, 0.7225196957588196, -0.21710169315338135, -0.7185285687446594, 0.8352036476135254, 0.6089953184127808, 0.8467812538146973, 0.9272146821022034, 0.8132900595664978, 0.8323745727539062, 0.7399579882621765, 0.8037850856781006, 0.8692704439163208, 0.8261762857437134, 0.506486713886261, 0.5603263974189758, 0.28681907057762146, 0.9133056402206421, 0.8530433177947998, 0.8924419283866882, 0.7472536563873291, 0.8194606304168701, 0.8993149995803833, 0.8345565795898438, 0.7785453200340271, 0.871878981590271, 0.5107605457305908, 0.4129653573036194, 0.827969491481781, -0.16497114300727844, 0.9066833257675171, 0.8783267140388489, 0.8797587752342224, 0.8228238821029663, 0.818373441696167, 0.837282657623291, 0.8398414254188538, 0.8349916934967041, 0.912865161895752, 0.8178830146789551, 0.8923958539962769, 0.7507154941558838, 0.8324671387672424, 0.8892604112625122, 0.9047463536262512, 0.44744986295700073, 0.8174108266830444, 0.7913851737976074, 0.8423178195953369, 0.9051492810249329, -0.22269459068775177, -0.5136643052101135, 0.8768044114112854, 0.8370722532272339, 0.8278545141220093, 0.7652537226676941, 0.8902637362480164, 0.8944204449653625, 0.8216173648834229, 0.8353831768035889, 0.8580647706985474, 0.826045036315918, 0.9129815101623535, 0.7900094985961914, 0.9128247499465942, 0.6963918209075928, 0.8941597938537598, -0.41533786058425903, 0.8467631936073303, 0.8258060216903687, 0.8760801553726196, 0.8716245889663696, 0.8937763571739197, 0.8339858055114746, -0.35979586839675903, 0.9032701849937439, 0.7217705845832825, 0.8881788849830627, 0.7825095057487488, 0.8165760040283203, 0.8852514028549194, 0.7368208169937134, 0.3611941933631897, 0.8549654483795166, 0.8616260290145874, 0.8840373754501343, 0.7916512489318848, 0.8916372060775757, 0.8497169017791748, 0.8502262830734253, 0.8638936877250671, 0.7427631616592407, -0.559363842010498, 0.9131932258605957, 0.7824965119361877, -0.6173725128173828, 0.48811256885528564, 0.8257806301116943, 0.8547717332839966, -0.5809836387634277, 0.9334079623222351, 0.8600561618804932, 0.8851187229156494, 0.9164493680000305, 0.8728217482566833, 0.9218380451202393, 0.861308217048645, 0.653933048248291, 0.9090126156806946, 0.8395822048187256, 0.8546795845031738, 0.895819902420044, -0.4829493761062622, 0.9076132774353027, 0.8746350407600403, -0.48581579327583313, 0.8828972578048706, 0.900473415851593, 0.8288632035255432, 0.8925939798355103, -0.6393814086914062, 0.8553358316421509, 0.8314067125320435, 0.8883363604545593, 0.8257604837417603, 0.7932339906692505, 0.8210560083389282, 0.9601582288742065, 0.8907798528671265, 0.5627590417861938, 0.8993476033210754, -0.11005653440952301, -0.344730406999588, 0.8368762731552124, 0.8385453224182129, 0.8264250755310059, 0.8456462621688843, 0.913368821144104, 0.862108051776886, 0.8286821842193604, -0.6694969534873962, 0.8841701745986938, 0.8944637775421143, 0.2039487361907959, 0.45874765515327454, 0.8452334403991699, -0.6409382820129395, 0.9035202264785767, 0.8758009672164917, 0.8844420909881592, 0.6103866100311279, 0.8716686964035034, 0.9018266201019287, 0.903741717338562, 0.8505980968475342, 0.8603107929229736, -0.5848591327667236, 0.8941136598587036, 0.8436974883079529, 0.8724907636642456, 0.8455797433853149, 0.9288896322250366, 0.8656865358352661, 0.9124132394790649, 0.5445050597190857, 0.8838682770729065, 0.9124715328216553, 0.9023703336715698, 0.8471136689186096, 0.43636465072631836, 0.8286338448524475, -0.5118937492370605, 0.8493980765342712, 0.799796998500824, 0.882560670375824, -0.5014551281929016, 0.7285388112068176, 0.8358013033866882, 0.902276337146759, 0.8584244251251221, 0.8452166318893433, 0.8897526860237122, 0.33725598454475403, 0.8631795644760132, 0.8552507162094116, 0.8865194320678711, 0.8929448127746582, -0.5164054036140442, 0.8624697327613831, 0.9221200942993164, 0.8061035871505737, 0.5850417613983154, 0.8673843741416931, 0.9160255193710327, 0.8385192155838013, 0.8556153178215027, 0.8407727479934692, 0.7906931638717651, 0.8699836730957031, 0.3674126863479614, 0.866584300994873, 0.8132191300392151, 0.8397162556648254, -0.48703306913375854, 0.8854579925537109, 0.8270263075828552, 0.9129117131233215, -0.2683712840080261, 0.8526138663291931, 0.8616530895233154, 0.8353793621063232, 0.9736976623535156, 0.8164886236190796, 0.8455392718315125, -0.6433112621307373, 0.8942093253135681, 0.8016140460968018, -0.6695625185966492, 0.7499146461486816, 0.8603079319000244, 0.7714008688926697, 0.8405959010124207, 0.8233925700187683, 0.8829848766326904, 0.6931830644607544, 0.8399656414985657, 0.8431574106216431, 0.8753839731216431, 0.8530452847480774, 0.335598886013031, 0.9108842611312866, 0.880835771560669, 0.8720551133155823, 0.8709653615951538, 0.8188127279281616, -0.6836735606193542, 0.4669431447982788, 0.5454318523406982, 0.8643734455108643, 0.8920295238494873, 0.8631061911582947, 0.8461571931838989, 0.9033695459365845, 0.7333638668060303, 0.8833324909210205, 0.8419072031974792, -0.19844293594360352, 0.8540922403335571, 0.8561887145042419, 0.8572797775268555, 0.8649833798408508, 0.48889267444610596, 0.880495548248291, 0.3664590120315552, 0.8538898229598999, 0.852128267288208, 0.8756822347640991, 0.8861145377159119, 0.8425390720367432, 0.828217089176178, 0.9317600131034851, 0.8469018936157227, 0.0136680006980896, 0.8722884654998779, 0.887177586555481, 0.856765866279602, 0.36363959312438965, 0.8906364440917969, -0.5950182676315308, 0.9040780663490295, 0.8939695954322815, 0.800956666469574, 0.9215895533561707, 0.055753953754901886, 0.9588063955307007, 0.4305104613304138, 0.9254164099693298, -0.5729691982269287, 0.9072282910346985, 0.9286530017852783, 0.8883708119392395, 0.8796823024749756, 0.8445767760276794, 0.7533559799194336, 0.851608157157898, 0.8889877200126648, 0.9226962924003601, 0.8413047790527344, 0.83411705493927, 0.30723321437835693, 0.9204108715057373, -0.48221975564956665, 0.3939412534236908, 0.8201409578323364, 0.8834537267684937, 0.6065971255302429, -0.6794872283935547, 0.8584614992141724, 0.8798438310623169, 0.9183512926101685, 0.8284340500831604, 0.9051797986030579, 0.7490359544754028, 0.15229570865631104, 0.8673838973045349, 0.9013257026672363, -0.15768617391586304, 0.7686474919319153, 0.823796272277832, 0.8978191018104553, 0.9042140245437622, 0.48758623003959656, 0.8823330402374268, 0.8755159378051758, 0.8136212825775146, 0.8212337493896484, 0.8390448093414307, 0.8788566589355469, 0.0984020009636879, 0.830528736114502, 0.6410008668899536, -0.6746246814727783, 0.43498483300209045, 0.958608865737915, 0.8498075008392334, -0.130266010761261, 0.8488979935646057, 0.9125914573669434, 0.8172206878662109, 0.9380000829696655, 0.8479370474815369, 0.8007479906082153, 0.25511929392814636, 0.9146974086761475, 0.8476683497428894, -0.6486315727233887, 0.8756798505783081, 0.32627519965171814, 0.8749440312385559, 0.9023405313491821, 0.8851573467254639, 0.8845506906509399, 0.8857054710388184, 0.8851157426834106, 0.8591694831848145, -0.6710768938064575, -0.24572303891181946, 0.8789262771606445, 0.856721043586731, -0.5950135588645935, 0.8770884275436401, 0.5783116221427917, 0.7622640132904053, 0.8625882863998413, 0.9312136769294739, 0.8766993284225464, 0.8526120185852051, 0.8716225624084473, 0.03459876775741577, 0.8551654815673828, 0.882790744304657, 0.851041316986084, 0.8375287055969238, 0.017615370452404022, 0.8910834789276123, 0.6322005987167358, 0.8613587617874146, 0.8882133960723877, 0.8568635582923889, 0.6965039372444153, -0.5276619791984558, 0.9780049324035645, 0.8151271939277649, 0.8771483898162842, 0.8665579557418823, 0.9083638787269592, 0.875721275806427, 0.9060673117637634, 0.9113463163375854, 0.8563560843467712, -0.13993670046329498, 0.8688645958900452, 0.884784460067749, 0.7795892357826233, 0.9410398006439209, 0.7849614024162292, 0.8546895384788513, 0.7997417449951172, 0.8756701350212097, -0.4072805941104889, 0.8021295666694641, 0.9362800717353821, 0.8093238472938538, 0.38690727949142456, 0.8410459160804749, 0.8562384247779846, 0.8718875646591187, 0.8245461583137512, 0.8909165859222412, 0.8562228679656982, 0.8729943037033081, 0.9026464819908142, 0.8841103315353394, 0.9199047088623047, 0.8022975325584412, 0.865776777267456, 0.8515077829360962, 0.5152336359024048, 0.2317761927843094, 0.9392268657684326, 0.7974759340286255, 0.680325984954834, 0.9171130657196045, 0.9320040941238403, 0.8269837498664856, 0.813159167766571, 0.8575398325920105, 0.8814681768417358, 0.8397566080093384, 0.8674595355987549, 0.8043122291564941, 0.8526477813720703, 0.8380155563354492, 0.8359144926071167, -0.5682506561279297, 0.73543781042099, 0.7915096879005432, 0.8328539729118347, 0.0734330266714096, 0.853084921836853, 0.8674459457397461, -0.37482815980911255, -0.4600837230682373, 0.008577734231948853, 0.8131626844406128, 0.9075872898101807, 0.9257678985595703, 0.8906071186065674, 0.6764662861824036, 0.7767903804779053, 0.9132630825042725, -0.7612492442131042, 0.9181565046310425, 0.8793755173683167, -0.5684027671813965, 0.8268939256668091, 0.8724550604820251, 0.9797117114067078, 0.7272872924804688, 0.8157278299331665, 0.8480498790740967, 0.8995466232299805, -0.4022839665412903, 0.8760920763015747, 0.887863039970398, 0.9144051671028137, 0.8549555540084839, -0.6073697209358215, 0.8786537647247314, 0.8776116371154785, 0.8283559083938599, 0.8530534505844116, 0.8829726576805115, 0.824211597442627, 0.8571455478668213, 0.43985792994499207, 0.9232879281044006, 0.8525879383087158, 0.9394600987434387, 0.8973903656005859, 0.8712122440338135, 0.8487050533294678, 0.9459629058837891, 0.8918651342391968, 0.8834925889968872, 0.0785229429602623, 0.9026687741279602, 0.870344877243042, 0.8214737176895142, 0.8264692425727844, 0.9097167253494263, 0.8654947280883789, -0.7125022411346436, 0.82049560546875, 0.9216771125793457, 0.884046733379364, 0.31649914383888245, -0.7461233139038086, 0.8851407766342163, 0.8995236754417419, 0.633387565612793, 0.8571909070014954, 0.847547173500061, 0.8633737564086914, 0.852818489074707, 0.9102792739868164, 0.8717000484466553, 0.775240421295166, -0.5127019882202148, 0.8191373944282532, 0.853158712387085, 0.9110032320022583, 0.7595968246459961, 0.8581915497779846, 0.9006015062332153, 0.8190466165542603, 0.5432450771331787, 0.9431710243225098, 0.898195207118988, 0.8278087377548218, 0.9041218757629395, 0.13378220796585083, 0.8507890105247498, 0.8817061185836792, 0.8575910329818726, 0.8807123899459839, 0.7989227771759033, 0.8905450105667114, 0.7841788530349731, 0.8569180369377136, 0.913953423500061, -0.7545347213745117, 0.8372134566307068, 0.8277469873428345, 0.9503359198570251, -0.41405317187309265, 0.8795218467712402, 0.7092883586883545, -0.1679265797138214, 0.8347108960151672, 0.8863502740859985, 0.8841103315353394, 0.8351283073425293, 0.898462176322937, 0.31407931447029114, 0.8947789072990417, 0.054331112653017044, 0.8281786441802979, 0.846381425857544, 0.740746259689331, 0.9229680299758911, -0.04764341562986374, 0.8699338436126709, 0.857272744178772, 0.8105907440185547, 0.8543581962585449, 0.8850104808807373, 0.8349511623382568, 0.8075007200241089, 0.8544050455093384, 0.9147888422012329, 0.8784735202789307, 0.8837684392929077, 0.8150866627693176, 0.9107347726821899, 0.47813332080841064, 0.7909379005432129, 0.8521332740783691, 0.885219931602478, -0.08839654922485352, 0.8464148044586182, 0.8823665380477905, 0.8185795545578003, -0.021113820374011993, 0.9083852171897888, 0.8675953149795532, -0.3439045548439026, 0.8082296252250671, 0.8671313524246216, 0.9008548259735107, 0.8293078541755676, 0.8158711791038513, 0.9325547218322754, 0.7753894925117493, 0.9315824508666992, 0.7541420459747314, 0.912602424621582, -0.5761549472808838, 0.8630293607711792, 0.906904399394989, 0.8171679973602295, 0.8823724985122681, 0.86757892370224, 0.8506367206573486, 0.15258118510246277, -0.6000089645385742, 0.9170873165130615, 0.9486558437347412, 0.8321528434753418, -0.5524665117263794, 0.846017599105835, -0.7186565399169922, 0.7760089039802551, 0.8293020725250244, -0.5548327565193176, -0.025744929909706116, 0.2832023799419403, 0.855634331703186, 0.8774256110191345, -0.6184241771697998, 0.7966160774230957, 0.8314471244812012, 0.8233959674835205, 0.734119176864624, 0.2808448076248169, 0.9124364852905273, 0.8199312686920166, 0.8078374862670898, 0.8854478597640991, 0.8294695615768433, 0.8580310344696045, 0.8208228349685669, -0.5984712243080139, 0.8790756464004517, 0.8469662666320801, 0.885007381439209, 0.8668953776359558, 0.8342869281768799, 0.42265164852142334, 0.6424907445907593, 0.811357855796814, 0.8557730913162231, 0.9084657430648804, 0.769375741481781, 0.8146542906761169, 0.8521472215652466, -0.3989366888999939, 0.6285309791564941, 0.9173175096511841, 0.7457080483436584, 0.6395978927612305, 0.8847947120666504, 0.8903651237487793, 0.9323174953460693, 0.857959508895874, -0.25372907519340515, 0.8535555005073547, 0.8010367155075073, -0.666048526763916, 0.8573099970817566, 0.8720307946205139, 0.846835732460022, 0.8285982012748718, 0.2865351140499115, 0.8813143968582153, 0.8632044792175293, 0.2966920733451843, 0.9608228206634521, 0.7891166806221008, 0.9613363742828369, 0.8958125114440918, 0.912601113319397, 0.8277006149291992, 0.7529430389404297, -0.2451941967010498, 0.8427818417549133, 0.8324410319328308, 0.7167614102363586, 0.7898264527320862, 0.8049992918968201, 0.8754663467407227, 0.8494371175765991, 0.8713514804840088, 0.8746733069419861, 0.8938683867454529, 0.8727656602859497, 0.8379945755004883, -0.7043742537498474, -0.03411713242530823, 0.9042019248008728, 0.9121856689453125, 0.9106725454330444, 0.8746410608291626, 0.9114599227905273, 0.899598240852356, 0.8008082509040833, 0.861112654209137, 0.853641152381897, 0.5317331552505493, 0.9459825754165649, 0.8164598345756531, 0.836641788482666, -0.5206433534622192, 0.8759798407554626, 0.2528854310512543, 0.769062876701355, 0.8279997110366821, -0.5597190856933594, 0.5432198643684387, 0.8811625242233276, -0.16457383334636688, 0.8902624249458313, 0.9129499197006226, 0.8466267585754395, 0.7474817037582397, 0.8795679211616516, 0.8377679586410522, 0.963695764541626, 0.8012140989303589, 0.8516499996185303, -0.6937471628189087, -0.18372878432273865, 0.8602576851844788, -0.6718137264251709, 0.8089340329170227, 0.8923365473747253, 0.9411981701850891, 0.9200388193130493, 0.8525629043579102, 0.9381999969482422, 0.8567714095115662, 0.8944271206855774, 0.8031203746795654, 0.9017810821533203, 0.9238826036453247, 0.838302731513977, 0.580065131187439, 0.8882098197937012, 0.875081479549408, 0.8602533936500549, 0.8437128663063049, 0.8399642705917358, 0.8532211780548096, 0.9011980295181274, 0.9022896885871887, 0.8359415531158447, 0.8650446534156799, 0.8235328793525696, 0.6591578722000122, 0.8648647665977478, 0.9437648057937622, 0.8897088170051575, 0.828048825263977, -0.3525215983390808, 0.842719554901123, -0.6081085205078125, 0.8777045607566833, 0.82267165184021, 0.8891207575798035, 0.8782400488853455, 0.8576937913894653, 0.8433412313461304, -0.3415992259979248, 0.8373658657073975, 0.8128272294998169, 0.8813868761062622, 0.952633261680603, 0.852648138999939, 0.8439064025878906, 0.8272933959960938, 0.9121699333190918, 0.4251134991645813, 0.9127919673919678, 0.8456554412841797, 0.3991416096687317, 0.8790234327316284, 0.8235138058662415, 0.8455897569656372, 0.9448932409286499, 0.8272843360900879, 0.8887292742729187, 0.7366392612457275, -0.632758617401123, 0.8762301206588745, 0.9328681230545044, 0.8831230401992798, 0.8230447769165039, 0.8657145500183105, 0.8646792769432068, -0.4612160921096802, 0.8723160624504089, -0.2385166883468628, 0.8766540884971619, -0.6057045459747314, 0.8343263864517212, 0.9604580402374268, 0.8263739347457886, 0.8362264633178711, 0.8773027062416077, -0.4453544020652771, 0.8891151547431946, 0.8886342644691467, -0.6774097681045532, 0.9020029902458191, -0.7322920560836792, 0.6409642696380615, 0.7588212490081787, 0.872586727142334, 0.01945391297340393, 0.8731848001480103, 0.9071141481399536, 0.6047912836074829, 0.8479312658309937, 0.8446794748306274, 0.8567671775817871, 0.8814470767974854, 0.8287805914878845, 0.8863697052001953, 0.7234710454940796, 0.8485930562019348, 0.9123424291610718, 0.9094180464744568, 0.853295087814331, 0.7281832695007324, 0.8517993092536926, 0.7304251790046692, 0.7968904376029968, 0.9209345579147339, 0.8882149457931519, 0.8513491153717041, 0.8271431922912598, 0.14105667173862457, 0.3170773983001709, 0.1780240535736084, 0.9040591716766357, 0.8851812481880188, -0.7490397095680237, 0.8835445642471313, 0.8442655205726624, 0.6675962209701538, 0.8923203945159912, 0.7174201011657715, 0.8157626390457153, 0.8483662605285645, 0.8257527351379395, 0.8814440369606018, 0.8728190660476685, 0.8559600114822388, 0.822116494178772, 0.9025973081588745, 0.7817038297653198, -0.08744484186172485, 0.9478230476379395, 0.9102079272270203, 0.8679834604263306, 0.25989797711372375, 0.8757413625717163, 0.9128667116165161, 0.8937349915504456, 0.8934410810470581, 0.4318752884864807, 0.7918391227722168, 0.8820749521255493, 0.8933517336845398, 0.8693628311157227, 0.8570897579193115, 0.7031407356262207, 0.822324275970459, 0.9062885046005249, 0.7657047510147095, 0.8566515445709229, 0.01035982370376587, 0.8429871201515198, 0.7695105075836182, -0.2526230216026306, 0.5778034925460815, 0.8529258370399475, -0.6931542158126831, -0.5110227465629578, 0.8819406032562256, 0.8235968947410583, 0.670490026473999, 0.8573873043060303, 0.2857133746147156, 0.9014759063720703, 0.8733405470848083, 0.8237720727920532, 0.9305177330970764, 0.8851799964904785, 0.8376205563545227, 0.9271780848503113, 0.8249287605285645, 0.8932162523269653, 0.7370726466178894, 0.814811646938324, 0.9189853668212891, -0.7137472629547119, 0.8737661838531494, 0.8675709962844849, 0.919631838798523, 0.8588878512382507, 0.8516387939453125, -0.3598683774471283, 0.8689757585525513, 0.844437301158905, 0.905081033706665, 0.8843367695808411, 0.7550931572914124, 0.8261361122131348, 0.8513840436935425, 0.8285260796546936, 0.4980849027633667, 0.9127978086471558, 0.6544317007064819, 0.9243205189704895, 0.863060474395752, 0.9208194613456726, 0.7525458931922913, 0.8423436880111694, 0.8316837549209595, 0.9106943011283875, 0.3079739809036255, 0.8046363592147827, 0.8962587118148804, 0.9035742282867432, 0.9078535437583923, 0.8877298831939697, 0.2681560218334198, -0.3340560793876648, 0.811571478843689, 0.8124546408653259, 0.7388770580291748, 0.8377463221549988, 0.7594872713088989, 0.8932109475135803, 0.33164161443710327, -0.6773099899291992, 0.775895357131958, -0.665502667427063, 0.8492676019668579, 0.672704815864563, 0.8268088102340698, 0.8479204177856445, 0.8523489832878113, 0.41258296370506287, 0.8814306259155273, 0.5482322573661804, 0.9198267459869385, 0.9293597936630249, 0.9111490249633789, 0.8569311499595642, 0.8766523599624634, 0.5551816821098328, 0.813681960105896, -0.0187058225274086, 0.909042477607727, 0.7903603315353394, 0.847629189491272, 0.6419450044631958, 0.8539320230484009, 0.8430237770080566, 0.8103745579719543, -0.6594430208206177, 0.8708023428916931, -0.6823807954788208, 0.8855202198028564, 0.8045310974121094, 0.8992514610290527, 0.8458806276321411, -0.6450934410095215, 0.9137163162231445, -0.5141109824180603, 0.8513875007629395, 0.8747968673706055, 0.8241151571273804, 0.899268388748169, 0.7357456088066101, 0.9236890077590942, 0.80628901720047, 0.8091832399368286, 0.770611047744751, 0.8940131664276123, 0.8564534187316895, 0.841363787651062, 0.9295092821121216, 0.827792763710022, 0.8559142351150513, 0.8127612471580505, 0.8560934066772461, 0.7710359692573547, 0.7407917976379395, 0.8571796417236328, 0.859015703201294, 0.8896385431289673, 0.8286399841308594, 0.8416203856468201, 0.8838936686515808, 0.8850285410881042, 0.8904702067375183, 0.9048540592193604, 0.3805370032787323, 0.8935003876686096, -0.1481778770685196, -0.5343856811523438, 0.8893824219703674, 0.8953893780708313, 0.8617596626281738, -0.6469941735267639, 0.8566553592681885, 0.898381233215332, 0.7823497653007507, 0.3374227285385132, -0.5643225908279419, 0.9328598976135254, 0.8850032687187195, 0.8925968408584595, 0.8561093211174011, 0.8570817708969116, 0.9102797508239746, 0.9094924330711365, 0.8087902665138245, 0.8725484013557434, 0.82007896900177, -0.6470514535903931, 0.9327332973480225, 0.8508481979370117, 0.9147633910179138, 0.9670958518981934, 0.8788738250732422, 0.8488142490386963, 0.9142805337905884, 0.9020184278488159, 0.8102949857711792, -0.04955552518367767, 0.9023915529251099, 0.8459084033966064, 0.20287317037582397, 0.8486502170562744, 0.7580583095550537, 0.8847601413726807, 0.8180034160614014, 0.8430875539779663, 0.8824549913406372, 0.9176985621452332, 0.8517870903015137, -0.6086479425430298, 0.9295265674591064, 0.8561146259307861, 0.8470075130462646, 0.9013329744338989, 0.8305873274803162, 0.8814845085144043, 0.8624524474143982, 0.8889408111572266, 0.8816059231758118, -0.599620521068573, -0.1041526272892952, 0.8755087852478027, 0.01878207176923752, 0.295268177986145, 0.9383289813995361, 0.871518611907959, 0.8324753046035767, 0.8774809241294861, -0.5378238558769226, 0.41452187299728394, 0.8619341850280762, 0.8910360336303711, 0.8291252851486206, 0.9202837944030762, 0.8978372812271118, 0.855098307132721, 0.7911407947540283, 0.8667876124382019, -0.649147629737854, 0.7514463067054749, -0.7095321416854858, 0.8778159618377686, 0.8493615388870239, 0.43549644947052, 0.8343638777732849, 0.8753246068954468, 0.9121658802032471, 0.28045547008514404, 0.8537910580635071, -0.13758313655853271, 0.8606405258178711, 0.8543875217437744, 0.8594810962677002, 0.85771644115448, 0.809670090675354, 0.8201336860656738, 0.7075639963150024, 0.8385173082351685, 0.8928987383842468, 0.777834415435791, 0.9407317638397217, 0.7791203856468201, 0.8280351758003235, 0.9029266834259033, 0.8844969868659973, -0.495394766330719, 0.3873001039028168, 0.2816847264766693, 0.856876790523529, 0.7984743118286133, -0.6169347763061523, 0.9301687479019165, -0.15468208491802216, 0.8342139720916748, 0.8590982556343079, 0.8337942361831665, 0.7109739780426025, 0.7787268161773682, 0.8587362766265869, 0.8215341567993164, -0.17174740135669708, 0.7572367191314697, 0.7737035751342773, 0.7698773145675659, 0.9078868627548218, 0.8438052535057068, 0.8238205313682556, 0.8563324213027954, 0.9327014684677124, 0.89288729429245, 0.8100670576095581, 0.8905691504478455, 0.8896375894546509, 0.7593400478363037, 0.8409088850021362, 0.8308056592941284, 0.883167028427124, 0.8839302062988281, 0.9169000387191772, -0.08585213124752045, 0.4325413405895233, 0.8251320123672485, 0.8825002908706665, -0.5826244354248047, 0.7380905747413635, 0.3100755512714386, 0.8102869987487793, 0.4861251711845398, 0.910327672958374, 0.807373046875, 0.8433109521865845, 0.825302004814148, 0.8496723175048828, 0.8307234048843384, 0.29641449451446533, 0.8216394186019897, 0.8549444675445557, 0.8206382989883423, -0.38368698954582214, 0.8820882439613342, 0.8818519115447998, 0.8276820182800293, -0.7063930034637451, 0.8267430067062378, -0.7014930248260498, 0.8170322775840759, 0.7610176801681519, 0.8849871158599854, 0.9413468837738037, 0.8409854173660278, 0.8811594247817993, 0.8560740351676941, 0.8846664428710938, 0.8487018346786499, 0.46226879954338074, 0.8787910342216492, 0.902097225189209, 0.9220974445343018, 0.8351884484291077, 0.8916025161743164, 0.8232001066207886, -0.06380670517683029, 0.8258111476898193, 0.9076576232910156, -0.6129794120788574, 0.8911930918693542, 0.7713578939437866, 0.8277021646499634, 0.7298077344894409, 0.17836061120033264, 0.9186186790466309, -0.4502490758895874, 0.8950564861297607, 0.7774800062179565, 0.8439505100250244, 0.9180963039398193, 0.8609170913696289, 0.9062808752059937, 0.8522833585739136, 0.9328012466430664, -0.65436851978302, 0.5020644068717957, -0.709606409072876, 0.8613337278366089, 0.8853657245635986, 0.9194163680076599, 0.8277829885482788, 0.8853749632835388, 0.8625635504722595, 0.8312658071517944, -0.22905975580215454, 0.8088729381561279, 0.8068411946296692, 0.8265522718429565, 0.8742755651473999, 0.8791664838790894, 0.27697011828422546, 0.862350583076477, 0.9044088125228882, 0.8739916086196899, 0.8271150588989258, 0.08760373294353485, 0.9065579175949097, 0.8161090612411499, 0.8221614956855774, -0.025113150477409363, 0.9123681783676147, 0.9292206168174744, 0.8251660466194153, 0.8223370313644409, -0.6415736675262451, 0.8724507093429565, 0.8441215753555298, 0.8293458819389343, 0.8812190294265747, 0.9497907161712646, 0.8481582999229431, -0.5573177337646484, 0.9018467664718628, 0.8093208074569702, 0.4710347056388855, 0.7146106958389282, 0.6493436098098755, 0.8189458847045898, 0.7974666357040405, 0.9478278160095215, 0.9220048785209656, 0.9166783094406128, 0.8249422311782837, 0.8824821710586548, 0.875874400138855, 0.801795482635498, -0.5841721296310425, 0.7520039081573486, 0.8656104803085327, -0.6378195881843567, 0.823314368724823, 0.890332818031311, 0.8964295983314514, 0.8301020860671997, 0.32029905915260315, 0.8346998691558838, 0.8573415279388428, 0.8939919471740723, 0.8874568343162537, 0.8796875476837158, 0.8258726596832275, 0.4054996967315674, 0.8384904265403748, 0.8663303852081299, 0.8085299730300903, 0.7933651208877563, 0.849987268447876, 0.8568221926689148, 0.8770300149917603, 0.9163269400596619, 0.8611537218093872, 0.7909573316574097, 0.942979097366333, 0.8853144645690918, 0.7906695008277893, 0.7922109365463257, 0.8563772439956665, 0.8242249488830566, 0.903645932674408, -0.33301669359207153, 0.8271263241767883, 0.3380880653858185, 0.7566353678703308, 0.8736163973808289, 0.9040650725364685, -0.15149766206741333, 0.8078193068504333, 0.5794364213943481, 0.803945779800415, 0.8205761313438416, -0.2353055626153946, 0.9195579290390015, 0.768351137638092, 0.8785345554351807, -0.6210060119628906, 0.8668823838233948, -0.2784973978996277, 0.8499102592468262, 0.795319676399231, -0.6195892095565796, 0.4306654930114746, 0.8934235572814941, 0.8629511594772339, 0.16790872812271118, -0.22448323667049408, 0.8942551612854004, 0.9144976139068604, 0.8581347465515137, 0.8895817995071411, 0.8284766674041748, 0.8524463176727295, 0.8811088800430298, 0.8629626035690308, 0.8847901821136475, 0.8749654293060303, 0.7401949167251587, 0.9323331117630005, 0.7306991219520569, 0.8249013423919678, 0.7698103785514832, 0.942349910736084, 0.8473435640335083, 0.8338921070098877, 0.9417985081672668, -0.37678420543670654, 0.845679521560669, 0.8553951978683472, 0.8294082880020142, 0.9079445600509644, 0.8412082195281982, -0.42147311568260193, 0.5165284872055054, 0.9055832624435425, 0.7871837615966797, 0.8907578587532043, 0.8613053560256958, 0.8576760292053223, 0.8062958717346191, 0.9153614640235901, 0.9240252375602722, -0.5520503520965576, 0.82407546043396, 0.9114338159561157, 0.8828125, -0.11815094947814941, 0.8757244348526001, -0.1588517725467682, -0.6001682877540588, 0.8916223645210266, 0.4634109139442444, 0.8496877551078796, 0.8565481901168823, 0.7612799406051636, 0.8262730836868286, 0.8734226226806641, 0.9136945009231567, 0.8536293506622314, 0.8106788396835327, 0.9097708463668823, 0.5137103796005249, 0.8488408923149109, 0.775213897228241, 0.8104994297027588, 0.9334887266159058, 0.8451848030090332, 0.8283843994140625, 0.8673713207244873, 0.9009838104248047, 0.8555361032485962, -0.19192196428775787, 0.9089806079864502, 0.8591973185539246, 0.909693717956543, 0.8736945390701294, 0.9130961894989014, -0.5678280591964722, 0.7914046049118042, 0.810763955116272, 0.7255457639694214, 0.8042393922805786, 0.8618960380554199, 0.886809766292572, 0.8867998123168945, 0.774421215057373, 0.04649156704545021, -0.35419392585754395, 0.8938043117523193, 0.9232058525085449, -0.5156242847442627, 0.9256700873374939, 0.8205353021621704, 0.9126297235488892, 0.8783988952636719, 0.886135458946228, 0.8038489818572998, 0.8788333535194397, 0.3370479941368103, 0.8465533256530762, -0.4581677317619324, 0.8502978086471558, -0.5083270072937012, 0.848069965839386, -0.5696439743041992, 0.8207663893699646, 0.4396635591983795, 0.8205465078353882, 0.7486168146133423, 0.3684290945529938, 0.8086622953414917, 0.2888851761817932, 0.705954372882843, 0.8636375069618225, 0.7919049263000488, -0.5700268149375916, 0.9328433275222778, 0.8621246814727783, 0.8661324977874756, 0.7825143337249756, 0.7684192657470703, 0.856095552444458, 0.9127737283706665, 0.8553888201713562, 0.8796024918556213, 0.8760737776756287, 0.8547191619873047, 0.8846005201339722, 0.8879969120025635, -0.6525779962539673, 0.8850298523902893, 0.3431010842323303, 0.868638277053833, 0.8800983428955078, 0.8606191873550415, 0.9504504203796387, -0.483428418636322, 0.8190180063247681, 0.9146795272827148, 0.8799269795417786, -0.6719310879707336, 0.7674382328987122, 0.8813849091529846, -0.12601692974567413, -0.48809564113616943, 0.8846529126167297, -0.19827620685100555, 0.7896651029586792, 0.7717920541763306, 0.7388707995414734, 0.7908931374549866, 0.7046853303909302, 0.9226890206336975, 0.8188124895095825, 0.8384818434715271, 0.05760660022497177, 0.83066725730896, 0.8295631408691406, 0.9158631563186646, 0.8757661581039429, 0.8471653461456299, 0.5702546238899231, 0.3667655289173126, 0.8276056051254272, 0.7788710594177246, 0.9458690881729126, 0.8811097741127014, 0.8452674150466919, 0.8256269693374634, 0.881192684173584, 0.8837598562240601, 0.6158351898193359, 0.8663800954818726, 0.9041779041290283, 0.9599143266677856, -0.4323592185974121, 0.8283002972602844, 0.8648749589920044, 0.8889138102531433, 0.3252824544906616, 0.9148361086845398, 0.8703994750976562, 0.7902600765228271, 0.5883756875991821, 0.9146362543106079, 0.9214705228805542, 0.8990039229393005, 0.8640542030334473, 0.8089885115623474, 0.8395943641662598, 0.761507511138916, 0.8310200572013855, 0.8100513219833374, 0.9172787666320801, 0.9163496494293213, 0.8523885011672974, 0.829623281955719, 0.9485585689544678, 0.7767621278762817, -0.39258283376693726, 0.8139269948005676, 0.862520158290863, 0.8615409731864929, 0.8692467212677002, 0.9302349090576172, 0.928277850151062, 0.8200807571411133, 0.8816437721252441, 0.8270685076713562, 0.8913366794586182, 0.8443942070007324, 0.6357818841934204, 0.8317000865936279, -0.46828508377075195, 0.823975682258606, 0.9175832271575928, 0.8536185026168823, 0.8348579406738281, 0.9023398160934448, -0.5866260528564453, 0.8431637287139893, 0.8849120140075684, 0.8556495904922485, 0.9100186228752136, 0.8339430093765259, 0.8565660715103149, 0.7979435920715332, 0.9629309773445129, 0.9083272218704224, 0.3057694733142853, -0.6633646488189697, 0.8696838021278381, 0.3960942327976227, -0.6424919366836548, 0.8108847141265869, 0.900707483291626, 0.91303950548172, 0.9132360219955444, 0.873854398727417, 0.7821147441864014, 0.8673434257507324, 0.9104510545730591, 0.8853048086166382, 0.8276338577270508, 0.12509873509407043, 0.9614115953445435, 0.9236952066421509, 0.8821752071380615, 0.26252397894859314, 0.7962703108787537, 0.8833925724029541, 0.8047349452972412, 0.835503101348877, 0.9165894985198975, -0.6280105710029602, 0.4120468497276306, 0.8892606496810913, 0.8007427453994751, -0.6384222507476807, 0.9288594722747803, 0.8635485172271729, 0.7963206768035889, 0.9239581823348999, 0.21536585688591003, -0.21862336993217468, -0.6211585998535156, 0.8173447847366333, 0.7943199276924133, 0.8732569813728333, 0.8850448131561279, 0.9373794794082642, 0.8266386389732361, 0.9236623048782349, 0.8249638676643372, 0.8304318785667419, 0.8124513626098633, 0.34372180700302124, 0.9033256769180298, 0.8392507433891296, -0.15984363853931427, 0.7809776067733765, 0.8032431602478027, -0.45366722345352173, 0.3073016405105591, 0.8659641742706299, 0.8607882261276245, 0.9123404026031494, 0.8767541646957397, 0.8454830646514893, -0.5772266387939453, 0.931678295135498, 0.8782038688659668, 0.8260611295700073, 0.664905846118927, 0.8457899689674377, 0.8805548548698425, 0.7458354234695435, 0.7707973718643188, 0.9198645949363708, 0.84521484375, 0.9086301326751709, 0.7950329184532166, 0.8504252433776855, 0.8853064775466919, 0.8910032510757446, 0.8189677000045776, 0.6007148027420044, 0.8395590782165527, 0.8105578422546387, 0.7727330923080444, 0.9018535017967224, 0.8346257209777832, -0.7880308628082275, 0.8269178867340088, 0.8738657236099243, 0.8649802207946777, 0.8769978880882263, 0.8926547765731812, 0.8759075999259949, 0.4556894302368164, 0.872002899646759, 0.8222328424453735, 0.8922650814056396, 0.6819320321083069, 0.7838166952133179, 0.8128854632377625, 0.8968328833580017, 0.8173966407775879, 0.8693392276763916, 0.8556464314460754, 0.845392107963562, 0.8272808194160461, -0.5048630237579346, 0.8284922242164612, 0.8918210864067078, 0.8209361433982849, 0.8999889492988586, -0.6614959239959717, 0.8417603969573975, 0.8460173010826111, 0.32751062512397766, 0.7747512459754944, 0.8285990953445435, 0.8258066177368164, -0.36260852217674255, 0.8457721471786499, -0.7240300178527832, 0.6180503368377686, 0.7325356602668762, 0.9199460744857788, 0.884899914264679, 0.8015326261520386, -0.3106364607810974, 0.8768244385719299, 0.8496640920639038, -0.5898025035858154, 0.8834654092788696, 0.7816125154495239, 0.878890872001648, 0.8553016185760498, -0.3261023461818695, 0.8907766342163086, 0.8488811254501343, 0.7785167694091797, 0.8628376722335815, 0.8110546469688416, 0.8332715034484863, 0.885529100894928, 0.8525185585021973, 0.7470982074737549, 0.8829141855239868, -0.644160270690918, 0.8175026774406433, -0.6573606133460999, 0.8570272922515869, -0.6529067158699036, 0.8459157943725586, 0.868710994720459, 0.8205485939979553, 0.791978120803833, 0.6436254978179932, 0.7936185598373413, 0.8742470145225525, -0.35831934213638306, 0.8752774000167847, 0.840375542640686, 0.8793509006500244, 0.8514941930770874, 0.8271390795707703, 0.8482380509376526, -0.6496939063072205, 0.3752463459968567, 0.8850131630897522, 0.040622562170028687, 0.7883955836296082, -0.6194626092910767, 0.8830300569534302, 0.9048708081245422, 0.8278847932815552, 0.21384239196777344, -0.2894545793533325, 0.9304540157318115, 0.9295387268066406, 0.8646206259727478, 0.8066226840019226, -0.4730929732322693, 0.9222015738487244, 0.8464670181274414, 0.7850109338760376, 0.6041579246520996, 0.8408375978469849, 0.8372392058372498, 0.21828693151474, 0.8752256631851196, -0.4244406223297119, 0.8924245238304138, 0.9024168252944946, 0.8282353281974792, 0.844329833984375, 0.8118888735771179, 0.8562436103820801, 0.846380352973938, -0.500983715057373, 0.8772870302200317, 0.7512991428375244, -0.23847751319408417, 0.8527138829231262, 0.9029620885848999, 0.8668742179870605, 0.8929160833358765, 0.9093824625015259, 0.877680242061615, 0.7987117767333984, 0.8545855283737183, 0.8309987783432007, 0.831561803817749, -0.05600014701485634, 0.8613184690475464, 0.8472132682800293, 0.8678820133209229, 0.8754788637161255, 0.7542806267738342, 0.20828120410442352, 0.8751688003540039, 0.8727450370788574, -0.3741312623023987, 0.857529878616333, 0.8498597145080566, 0.8683710098266602, 0.8483355045318604, 0.8686727285385132, 0.930618405342102, 0.8474617004394531, -0.4423927664756775, 0.7530181407928467, 0.9265255331993103, 0.9145873785018921, 0.866300106048584, 0.8559653759002686, 0.8738304972648621, 0.7906661033630371, 0.8535528182983398, 0.9398099184036255, -0.6439265012741089, 0.8925222158432007, 0.8475274443626404, 0.8855840563774109, -0.09545786678791046, 0.8562952280044556, 0.855396032333374, -0.33830493688583374, 0.8655496835708618, 0.8731083869934082, 0.7916715145111084, 0.8762239217758179, 0.9598677158355713, 0.9193741083145142, 0.8976047039031982, 0.8288418054580688, 0.8388015627861023, 0.8702910542488098, 0.9105693101882935, 0.826938807964325, 0.9209825992584229, 0.7570101022720337, 0.5420077443122864, 0.8530188202857971, 0.4881138205528259, 0.8665748834609985, 0.9118882417678833, 0.31894928216934204, 0.856186032295227, -0.628770112991333, -0.28093671798706055, 0.8983083367347717, 0.9265511631965637, -0.6861361265182495, 0.9195429682731628, 0.8489034175872803, 0.933853030204773, 0.8508991599082947, -0.689943253993988, 0.5319520235061646, 0.8970533609390259, 0.9497209191322327, 0.8654499053955078, 0.8910671472549438, 0.8479137420654297, 0.9212228655815125, 0.7827408909797668, 0.855270266532898, -0.05167079344391823, -0.6655557155609131, 0.9195292592048645, 0.8308291435241699, 0.7340844869613647, 0.9002120494842529, 0.8766726851463318, 0.8022717237472534, 0.8950185775756836, 0.8892217874526978, -0.3189491629600525, 0.8167402148246765, -0.36194586753845215, 0.854388952255249, 0.9059601426124573, 0.8027541041374207, 0.689957857131958, 0.825197696685791, 0.877237856388092, 0.9314028024673462, 0.8710908889770508, 0.8657337427139282, 0.8081259727478027, 0.8378681540489197, 0.8952932357788086, 0.7292356491088867, -0.29334259033203125, -0.5868765115737915, -0.6013240814208984, 0.8537589311599731, 0.8519880771636963, 0.8458472490310669, 0.8267449140548706, 0.8920530080795288, 0.915835976600647, 0.8740354180335999, 0.8819271326065063, -0.6868023872375488, 0.9212441444396973, 0.8731734752655029, 0.819132924079895, 0.3747301399707794, 0.8843302130699158, 0.910457193851471, 0.864067554473877, -0.3130401372909546, 0.9062511920928955, 0.9132583141326904, 0.8442448377609253, 0.8434945940971375, -0.5554472804069519, 0.856660008430481, 0.90553879737854, -0.12208384275436401, 0.9351353645324707, 0.9135245084762573, 0.8789486885070801, 0.8419802188873291, 0.8749110698699951, 0.8611056804656982, 0.8835667371749878, 0.8871821761131287, 0.8930695056915283, 0.8440783023834229, 0.891264021396637, -0.5574861764907837, 0.9126933813095093, 0.8892613649368286, 0.8837294578552246, 0.8122096061706543, -0.5490710735321045, 0.8770319223403931, 0.8994831442832947, 0.8399201035499573, 0.891842246055603, 0.8740169405937195, 0.8821547031402588, 0.8957713842391968, 0.8829704523086548, 0.8481245636940002, -0.3437395989894867, -0.5074341297149658, 0.9329702854156494, -0.5918861627578735, -0.5015982389450073, 0.896080493927002, 0.8677816390991211, 0.8718342781066895, 0.9118342399597168, 0.8843506574630737, 0.9049223065376282, 0.9212468862533569, 0.917967677116394, 0.9121371507644653, 0.9621974229812622, 0.9388213157653809, 0.9119623899459839, 0.8243576288223267, 0.9136415123939514, 0.8385775089263916, 0.8466207981109619, 0.7012115716934204, 0.8927010297775269, 0.8617218136787415, 0.865656852722168, -0.6812560558319092, 0.4799383282661438, -0.5973139405250549, 0.9983146786689758, 0.8819969296455383, 0.682306170463562, 0.8434781432151794, 0.8407294154167175, 0.872909665107727, -0.6138848662376404, 0.8475928902626038, 0.797950267791748, 0.8842225670814514, 0.9065436720848083, 0.7803997993469238, 0.6804956197738647, 0.9036599397659302, 0.8503425717353821, 0.8681062459945679, 0.8488707542419434, 0.875538170337677, 0.8654583096504211, 0.8739331960678101, 0.36249640583992004, 0.8450748324394226, 0.8288801312446594, 0.9465712308883667, 0.8009085655212402, 0.9020740985870361, -0.46241459250450134, 0.8054225444793701, 0.8470195531845093, 0.5043612122535706, 0.8150075674057007, 0.823562502861023, 0.4696871042251587, 0.6178543567657471, 0.6565409898757935, 0.8715908527374268, 0.8767421245574951, 0.8004589080810547, 0.7542018890380859, 0.8761368989944458, 0.8879878520965576, 0.040093500167131424, 0.8111134171485901, -0.5942752957344055, 0.8916237354278564, 0.8918812274932861, 0.9431667327880859, -0.5787279605865479, 0.8943054676055908, 0.3626132905483246, 0.27029794454574585, 0.8555885553359985, 0.8596818447113037, 0.8224862813949585, -0.6423231363296509, 0.8218120336532593, 0.5842175483703613, 0.7760933041572571, 0.4258296489715576, 0.7327988147735596, 0.8147068023681641, 0.8818880319595337, 0.8761614561080933, 0.8372198343276978, 0.8503396511077881, 0.8853366374969482, 0.44788438081741333, 0.8268203139305115, 0.8202580809593201, 0.8799649477005005, 0.8835467100143433, 0.8669623136520386, 0.7339497208595276, -0.5833780765533447, 0.8267935514450073, 0.6772562265396118, 0.889668881893158, 0.8880983591079712, 0.9125593304634094, 0.8142043352127075, -0.25176119804382324, 0.9247221946716309, 0.8278660178184509, 0.8563833236694336, 0.9477870464324951, 0.9611380100250244, 0.24751617014408112, 0.8466076850891113, 0.7782820463180542, 0.8744901418685913, 0.8481796383857727, 0.8951542377471924, 0.31517988443374634, 0.888154149055481, 0.8555825352668762, 0.9071682691574097, 0.8938595652580261, 0.7488811612129211, 0.46678489446640015, 0.7521189451217651, 0.7877483367919922, 0.868909478187561, 0.8014128804206848, 0.8269874453544617, 0.8572059869766235, 0.8073151707649231, 0.1066754013299942, 0.8865750432014465, 0.8983744978904724, 0.8361241221427917, 0.8820403814315796, 0.8418337106704712, 0.712488055229187, 0.8454164862632751, 0.9041960835456848, 0.8724465370178223, 0.8183983564376831, 0.9454554915428162, 0.65834641456604, 0.2668604254722595, 0.7436517477035522, 0.917352557182312, -0.3231496810913086, 0.8800573945045471, 0.8885985612869263, 0.853702187538147, 0.9128541350364685, 0.8743318319320679]
