sample name: ['Cc1ccc2c(c1)C(=O)N(CCC(=O)NCC(C1CC1)C1CC1)C2=O']
atom_index,distance,cosine_similarity
0,0.0281903076171875,-0.006164116635918617
1,0.0014996337890625,0.0005222836136817932
2,-0.29098663330078123,0.02958819404244423
3,0.0017352294921875,-0.007658549919724465
4,-0.3561160278320312,0.03589366376399994
5,0.10225921630859375,-0.019576681405305864
6,-0.10589599609375,0.0077252061665058136
7,-0.19708587646484374,0.024401529282331465
8,0.178397216796875,-0.02162731796503067
9,0.09883026123046874,-0.014942340552806854
10,0.18455352783203124,-0.017357918843626977
11,-0.04194732666015625,0.004104502573609352
12,0.0550933837890625,-0.006527999565005303
13,-0.17868316650390625,0.03218939751386642
14,0.13356719970703124,-0.02450757510960102
15,-0.2946142578125,0.03831119488924742
16,-0.08396087646484375,0.009065046533942222
17,-0.0806573486328125,0.009053724110126496
18,-0.13840240478515625,0.020999928787350654
19,0.415050048828125,-0.04749122828245163
20,0.1914605712890625,-0.024686335623264312

Sum of phi values for distance
-0.37771331787109363
Sum of phi values for cosine similarity
0.021314607374370097
Average distance random samples:
5.401326864276614
Average cosine similarity random samples:
0.7128414053141716
Distances random samples
[3.9131555557250977, 4.108151435852051, 3.0379889011383057, 4.468523025512695, 4.7104411125183105, 6.410754680633545, 5.334390640258789, 3.9021546840667725, 5.460472583770752, 7.132087230682373, 4.77741813659668, 5.527217864990234, 2.861443519592285, 4.164702415466309, 5.577621936798096, 4.805774211883545, 6.871207237243652, 3.754485845565796, 7.1972246170043945, 5.978307247161865, 5.456760883331299, 6.859925746917725, 4.9801411628723145, 6.663992881774902, 4.935058116912842, 8.024968147277832, 4.743642330169678, 3.8297712802886963, 6.253712177276611, 5.356587886810303, 4.0538177490234375, 5.145346641540527, 7.924310207366943, 4.854120254516602, 4.12943696975708, 1.5805362462997437, 4.385130405426025, 2.8635616302490234, 9.081223487854004, 6.596399784088135, 7.733759880065918, 6.760339736938477, 3.2130279541015625, 5.113162040710449, 6.871264934539795, 6.688137531280518, 4.468048095703125, 4.617806911468506, 5.724207401275635, 3.9926202297210693, 6.78333044052124, 7.171842098236084, 3.2424111366271973, 5.778390407562256, 7.230367183685303, 5.480746746063232, 8.55651569366455, 4.69585657119751, 7.5892653465271, 4.401892185211182, 6.417154312133789, 3.89909029006958, 7.72086763381958, 6.804764747619629, 4.647249698638916, 5.047858238220215, 6.805617332458496, 5.4121575355529785, 5.151338577270508, 4.866878986358643, 6.221837043762207, 2.963662624359131, 4.944772720336914, 4.157773971557617, 6.822545528411865, 4.827133655548096, 6.389636516571045, 5.038083553314209, 4.471107006072998, 6.394139766693115, 4.2310004234313965, 5.311638355255127, 6.47704553604126, 4.458406925201416, 3.773592948913574, 6.678619384765625, 4.392758369445801, 3.9623465538024902, 6.276315689086914, 5.81490421295166, 5.319414138793945, 4.67854642868042, 8.609278678894043, 5.24298095703125, 5.570682048797607, 5.299427509307861, 4.4329633712768555, 3.896521806716919, 6.042040824890137, 8.913786888122559, 9.376808166503906, 14.805245399475098, 6.355432987213135, 5.622435569763184, 6.638674259185791, 5.4269280433654785, 5.613184928894043, 4.652141571044922, 3.763608694076538, 5.515624046325684, 3.274099588394165, 4.65095329284668, 4.858414173126221, 5.329514503479004, 6.400482654571533, 6.836314678192139, 6.910958766937256, 6.39773416519165, 4.175757884979248, 6.765430450439453, 5.028624534606934, 7.047458648681641, 4.456299781799316, 4.418501377105713, 6.573920726776123, 6.087099075317383, 4.694324970245361, 5.420726776123047, 4.488083362579346, 5.437382698059082, 2.8424766063690186, 6.317360877990723, 4.445773124694824, 5.399087905883789, 5.463491916656494, 4.926666259765625, 4.798923492431641, 4.308774948120117, 5.402027606964111, 4.972330570220947, 4.049459934234619, 4.8366379737854, 4.906173229217529, 4.533790111541748, 5.197503566741943, 6.3560638427734375, 4.9338507652282715, 7.6432271003723145, 4.316980838775635, 7.058191299438477, 5.477390766143799, 6.631628513336182, 3.996189832687378, 5.224697589874268, 6.767463207244873, 7.4918718338012695, 3.82647967338562, 3.9285337924957275, 4.699718952178955, 4.82081413269043, 4.840282917022705, 5.127145290374756, 4.527917385101318, 4.911419868469238, 3.632930040359497, 6.710948467254639, 3.208103656768799, 5.04065465927124, 7.893322467803955, 1.493409276008606, 3.915001392364502, 4.354831695556641, 6.870148658752441, 3.806016683578491, 4.214720249176025, 4.917116641998291, 9.606752395629883, 4.974607467651367, 3.386842966079712, 15.692360877990723, 7.132570266723633, 5.116681098937988, 5.767674446105957, 4.9679274559021, 6.436542987823486, 5.864978313446045, 6.350179672241211, 5.913285255432129, 5.27142858505249, 4.953595161437988, 6.606195449829102, 6.173952102661133, 4.97658109664917, 4.698270797729492, 4.29252290725708, 6.821170806884766, 3.8325135707855225, 6.646586894989014, 14.79013442993164, 3.6127092838287354, 4.8946332931518555, 7.090269565582275, 6.028726100921631, 4.5090413093566895, 5.272512435913086, 6.67189359664917, 5.018105983734131, 4.175820350646973, 5.000273704528809, 5.071638584136963, 4.125106334686279, 14.384313583374023, 6.152227401733398, 6.405003070831299, 4.8949971199035645, 4.620910167694092, 3.9154000282287598, 7.56834077835083, 4.734913349151611, 6.326739311218262, 4.964543342590332, 4.325249671936035, 4.713957786560059, 5.4629998207092285, 4.7184367179870605, 4.141876697540283, 7.273959636688232, 7.33383846282959, 4.714544296264648, 6.586280822753906, 4.367782115936279, 7.088319301605225, 5.607827186584473, 4.745325088500977, 7.210897922515869, 5.457563400268555, 5.674374580383301, 5.046387672424316, 3.843453884124756, 6.014486312866211, 5.110336780548096, 5.427745819091797, 5.894609451293945, 4.557638645172119, 7.453371047973633, 6.452907562255859, 5.455001354217529, 5.282613754272461, 6.650341987609863, 3.1223113536834717, 4.2408223152160645, 3.939876079559326, 6.073986053466797, 8.84549617767334, 5.3991007804870605, 5.1883134841918945, 4.088141918182373, 5.114176273345947, 1.9618005752563477, 6.17030668258667, 5.470441818237305, 6.403155326843262, 4.446414947509766, 3.5472841262817383, 6.634954452514648, 6.232200622558594, 4.434803009033203, 3.2109930515289307, 4.707197189331055, 3.9453063011169434, 4.715813159942627, 5.242570400238037, 7.271660804748535, 4.802418231964111, 4.9822258949279785, 4.035801410675049, 4.454198360443115, 5.3315749168396, 2.7065036296844482, 5.451827526092529, 5.799317359924316, 5.556320667266846, 4.6946120262146, 5.104422569274902, 4.297888278961182, 7.679563522338867, 7.899056434631348, 2.5195531845092773, 6.013256549835205, 4.101939678192139, 7.011382102966309, 3.035245656967163, 4.898306369781494, 6.333728313446045, 4.682851314544678, 6.867088794708252, 4.701568603515625, 7.479341983795166, 4.464432716369629, 8.159290313720703, 2.9269731044769287, 4.792055606842041, 9.33297348022461, 4.482024669647217, 4.675896167755127, 4.689320087432861, 7.54806661605835, 3.881425142288208, 6.362836837768555, 4.549992084503174, 10.124457359313965, 3.9316928386688232, 4.094682693481445, 6.787929534912109, 2.2921319007873535, 5.103545665740967, 4.195628643035889, 6.011881351470947, 6.8741679191589355, 5.329793930053711, 8.615876197814941, 3.781968593597412, 4.175594329833984, 2.870178461074829, 6.233482360839844, 11.512479782104492, 4.383133888244629, 6.832217693328857, 4.607465744018555, 4.111839771270752, 5.610897064208984, 4.674279689788818, 5.489870548248291, 5.54622745513916, 4.476302146911621, 4.10008430480957, 6.431507587432861, 3.5013766288757324, 5.335002899169922, 5.258617401123047, 5.604775428771973, 5.635701656341553, 4.651072025299072, 3.8293685913085938, 4.055839538574219, 4.816784858703613, 4.976531505584717, 9.62313461303711, 9.789229393005371, 6.4945807456970215, 6.2300286293029785, 4.361606597900391, 4.12363338470459, 6.835413932800293, 3.510707378387451, 5.552618980407715, 5.966208457946777, 4.598042011260986, 4.801673889160156, 6.348755359649658, 5.141383171081543, 4.843806743621826, 4.50075626373291, 4.789359092712402, 4.275108337402344, 4.882822513580322, 4.824914932250977, 4.821516990661621, 5.458804607391357, 5.041275978088379, 5.529031753540039, 4.336980819702148, 5.698062896728516, 5.160162925720215, 5.094069957733154, 4.854221343994141, 7.748178005218506, 6.669046401977539, 5.376152515411377, 5.7958221435546875, 5.4478230476379395, 5.091918468475342, 5.510532379150391, 1.5435097217559814, 4.4732208251953125, 6.339120864868164, 5.425159931182861, 7.075246334075928, 7.599668025970459, 6.351248264312744, 4.475930690765381, 5.383075714111328, 6.846120357513428, 4.219295501708984, 6.1061811447143555, 4.0247802734375, 4.256190776824951, 4.251644134521484, 6.8039751052856445, 4.834476947784424, 7.14358377456665, 6.8286452293396, 7.173768520355225, 5.430856227874756, 7.2295942306518555, 4.745522975921631, 5.297226428985596, 5.086540699005127, 4.682908058166504, 5.336896896362305, 4.990162372589111, 4.228678226470947, 5.103686332702637, 4.256569862365723, 3.034065008163452, 3.3602654933929443, 4.495234966278076, 3.1385481357574463, 4.977494239807129, 9.244510650634766, 6.956615924835205, 3.9090523719787598, 5.585532188415527, 4.0142130851745605, 4.736072540283203, 7.385335445404053, 4.207703113555908, 5.665666580200195, 4.503011226654053, 5.2307538986206055, 4.856122016906738, 4.3782758712768555, 7.136250972747803, 6.900580406188965, 3.5156664848327637, 3.4041309356689453, 5.458511829376221, 4.824041843414307, 6.298841953277588, 4.925219535827637, 4.539557456970215, 5.659312725067139, 7.329052925109863, 4.43439245223999, 4.025990009307861, 4.410785675048828, 3.994403123855591, 4.454934120178223, 3.213888645172119, 4.138848781585693, 5.53192663192749, 7.442049980163574, 3.4070115089416504, 3.9115841388702393, 6.0865349769592285, 3.8313019275665283, 4.409428596496582, 4.378096580505371, 4.650610446929932, 5.6410088539123535, 5.572121620178223, 6.628843307495117, 4.569920539855957, 4.637026786804199, 6.0854716300964355, 3.608819007873535, 7.723381996154785, 4.590101718902588, 4.694130897521973, 4.316192150115967, 3.9436185359954834, 4.709865093231201, 5.16090726852417, 4.440881729125977, 5.241807460784912, 7.355852127075195, 4.862308502197266, 6.386719226837158, 4.3192362785339355, 4.576591491699219, 6.128130912780762, 4.53219747543335, 4.643282413482666, 5.151084899902344, 6.8212127685546875, 4.215972423553467, 5.054391860961914, 4.290493965148926, 5.308333396911621, 6.472468852996826, 5.000231742858887, 3.9984915256500244, 5.122619152069092, 3.9352893829345703, 7.8346710205078125, 3.94736385345459, 6.960917949676514, 5.110477447509766, 6.895698070526123, 4.941488265991211, 4.809543609619141, 5.146724224090576, 2.156482219696045, 2.8764114379882812, 8.14931869506836, 5.354357719421387, 6.891375541687012, 9.456788063049316, 4.7931976318359375, 4.447052478790283, 5.487325191497803, 6.152095317840576, 5.236859321594238, 7.608534336090088, 4.23366117477417, 4.6888322830200195, 5.899110317230225, 5.643214225769043, 6.890242099761963, 4.355857849121094, 5.0771026611328125, 5.735916614532471, 3.8265438079833984, 3.4160261154174805, 6.46612548828125, 4.717990398406982, 4.8547682762146, 6.428131103515625, 5.173649311065674, 4.271754741668701, 8.490490913391113, 6.801784038543701, 4.43238639831543, 5.465244770050049, 3.8324100971221924, 4.746984958648682, 4.410192489624023, 5.244400501251221, 5.375326156616211, 4.598071098327637, 4.977128982543945, 7.242537021636963, 4.660135746002197, 4.465574264526367, 5.482490062713623, 6.4485554695129395, 4.187908172607422, 6.788902282714844, 3.47692608833313, 4.220977783203125, 2.9265029430389404, 4.927342891693115, 5.705932140350342, 5.124927043914795, 3.7628517150878906, 6.919046401977539, 4.15431547164917, 4.408237934112549, 7.745028495788574, 6.442673683166504, 6.652477264404297, 5.470093727111816, 8.60175895690918, 5.767443656921387, 7.5309576988220215, 4.319693088531494, 4.161281585693359, 6.137455940246582, 4.7744293212890625, 7.465178489685059, 5.127106666564941, 11.600973129272461, 4.552928924560547, 4.49713659286499, 5.307056903839111, 4.750731945037842, 4.127397537231445, 6.562779426574707, 4.713447093963623, 5.827852249145508, 4.279036045074463, 5.345005512237549, 4.839096546173096, 5.094905376434326, 6.025608539581299, 6.8161516189575195, 6.894574165344238, 7.1074910163879395, 7.225433349609375, 4.593344211578369, 4.399927616119385, 6.333835601806641, 4.938628673553467, 5.482034206390381, 9.66527271270752, 3.1932177543640137, 4.778259754180908, 5.376613140106201, 4.577755928039551, 4.2969746589660645, 4.333968639373779, 6.202777862548828, 5.388360977172852, 2.9541585445404053, 4.66526985168457, 4.991851806640625, 7.188209533691406, 4.367928981781006, 4.627226829528809, 7.049180507659912, 6.863080978393555, 4.1422953605651855, 5.558640956878662, 4.16455602645874, 5.608281135559082, 5.932204246520996, 5.119895935058594, 5.127216339111328, 4.414463043212891, 3.8110554218292236, 5.325509548187256, 5.42761754989624, 5.114106178283691, 3.9428229331970215, 3.9820244312286377, 3.309239625930786, 4.126558303833008, 6.672270774841309, 4.567250728607178, 5.459635257720947, 7.541440486907959, 4.4312052726745605, 7.477830410003662, 5.2588582038879395, 7.3267107009887695, 3.244874954223633, 5.915372371673584, 6.346200466156006, 5.108083248138428, 5.190950870513916, 4.632901668548584, 3.420487642288208, 6.687510967254639, 4.017404556274414, 7.295032978057861, 4.8579511642456055, 5.58118200302124, 4.29304838180542, 5.747180938720703, 5.3506999015808105, 6.211339950561523, 6.2887749671936035, 5.401055812835693, 3.850757598876953, 6.303139686584473, 5.303938388824463, 5.133933067321777, 4.695156574249268, 5.4030046463012695, 7.246024131774902, 5.239446640014648, 3.813000440597534, 5.754390239715576, 4.845922946929932, 4.1775007247924805, 4.715507984161377, 4.202512741088867, 5.828252792358398, 8.729569435119629, 6.260511875152588, 3.9078876972198486, 4.702783107757568, 5.9604926109313965, 6.805055141448975, 3.852515697479248, 6.284609317779541, 6.067981243133545, 5.164775848388672, 5.901479721069336, 5.214717864990234, 5.639975070953369, 4.081247329711914, 4.0095534324646, 4.239274024963379, 4.9811224937438965, 6.909393310546875, 4.596807479858398, 4.901660442352295, 4.91624641418457, 6.382564067840576, 3.7309534549713135, 5.031665802001953, 5.8552398681640625, 8.684149742126465, 4.841411590576172, 4.177955627441406, 5.073631763458252, 6.934621334075928, 3.3950116634368896, 4.673274040222168, 7.807257175445557, 4.169332981109619, 5.449016571044922, 7.15997838973999, 4.3266448974609375, 4.825235366821289, 5.036673545837402, 4.24967098236084, 3.7448863983154297, 6.652046203613281, 4.824893951416016, 4.294174671173096, 4.752991199493408, 3.102208137512207, 5.3674635887146, 6.080273151397705, 4.4648051261901855, 6.411818027496338, 5.4943437576293945, 4.8551154136657715, 2.1059203147888184, 3.7267587184906006, 4.642859935760498, 3.1455163955688477, 7.12454080581665, 4.940482139587402, 7.059362888336182, 7.417325496673584, 4.712061405181885, 8.281376838684082, 7.296535015106201, 4.980659484863281, 6.739418983459473, 6.4665846824646, 4.852606773376465, 4.444663047790527, 5.75351095199585, 3.2239136695861816, 5.758529186248779, 4.948124885559082, 2.449880599975586, 9.25154972076416, 6.718282222747803, 4.131107330322266, 4.790711879730225, 7.143287658691406, 4.517590045928955, 7.538168430328369, 6.329780101776123, 5.422916889190674, 4.221341609954834, 6.295345306396484, 3.225205898284912, 7.107621192932129, 4.610423564910889, 1.7617870569229126, 4.226603984832764, 6.6571946144104, 9.120689392089844, 4.0179219245910645, 6.938111782073975, 9.730517387390137, 4.72944450378418, 6.970954418182373, 7.258432388305664, 4.094994068145752, 6.486579418182373, 3.1647000312805176, 9.38901424407959, 2.819213628768921, 6.368725776672363, 2.9251556396484375, 7.889318943023682, 7.040762901306152, 6.037145614624023, 6.660614013671875, 10.277743339538574, 6.799578666687012, 4.352663040161133, 3.4132518768310547, 4.749444484710693, 4.475498676300049, 6.665584564208984, 4.57211446762085, 3.423344612121582, 1.8318707942962646, 5.074792861938477, 5.816184043884277, 4.169262409210205, 6.861594200134277, 5.259562015533447, 1.4896771907806396, 7.337586879730225, 6.4772515296936035, 3.9517621994018555, 4.170722961425781, 4.848356246948242, 4.244756698608398, 7.088111400604248, 4.0273542404174805, 6.080585479736328, 4.607995986938477, 4.173109531402588, 4.762862205505371, 5.326328754425049, 5.1790995597839355, 5.616953372955322, 6.823739528656006, 6.146048545837402, 7.1802144050598145, 6.849950313568115, 5.137261867523193, 5.169820785522461, 5.3714680671691895, 4.676161289215088, 7.009336471557617, 4.885951519012451, 4.301222324371338, 5.639254570007324, 4.477384090423584, 4.740539073944092, 4.514612197875977, 4.2604146003723145, 7.665915012359619, 8.403718948364258, 5.1362714767456055, 4.175454139709473, 10.940780639648438, 4.7137227058410645, 4.427315711975098, 4.472471237182617, 6.465376377105713, 1.5304687023162842, 4.471019268035889, 3.1763041019439697, 4.181563377380371, 5.825061798095703, 4.460010528564453, 4.546830654144287, 5.476848125457764, 4.676889419555664, 3.4575486183166504, 4.25084114074707, 4.033708095550537, 4.143402099609375, 3.7362265586853027, 7.347871780395508, 6.187472820281982, 5.8622636795043945, 4.301290512084961, 4.4347381591796875, 5.692138671875, 5.703199863433838, 4.532555103302002, 4.976681709289551, 5.663877487182617, 4.500792980194092, 7.791471004486084, 10.231660842895508, 6.382201671600342, 6.5393147468566895, 5.597499370574951, 6.398526191711426, 4.793752193450928, 4.696359157562256, 4.712963581085205, 6.296070575714111, 4.452360153198242, 5.160432815551758, 3.939222574234009, 4.735257625579834, 6.042957305908203, 4.517958164215088, 4.294874668121338, 5.420641899108887, 5.766106605529785, 3.496145009994507, 3.469942092895508, 6.597835063934326, 3.7703256607055664, 4.340646266937256, 4.325459003448486, 4.839311122894287, 4.254072666168213, 4.426770210266113, 8.862817764282227, 6.008066654205322, 5.626117706298828, 6.175267219543457, 6.897855758666992, 4.0823893547058105, 7.1752190589904785, 4.677281379699707, 4.0333757400512695, 5.63514518737793, 5.817258358001709, 4.818043231964111, 4.379166126251221, 7.0016188621521, 6.298647880554199, 4.199508190155029, 4.8991265296936035, 4.8165717124938965, 4.477531433105469, 6.101357460021973, 4.726861953735352, 4.439161777496338, 4.065962314605713, 6.766734600067139, 5.458780288696289, 6.867095470428467, 3.197096109390259, 6.57525110244751, 4.456031322479248, 8.163975715637207, 5.135744094848633, 3.919192314147949, 5.467741966247559, 4.134787082672119, 7.0622687339782715, 4.263614177703857, 3.8406505584716797, 4.8483147621154785, 5.594841480255127, 5.212907314300537, 4.6731858253479, 3.9440393447875977, 8.653144836425781, 15.530150413513184, 3.9407131671905518, 6.0663628578186035, 6.296571254730225, 4.260817050933838, 5.103721618652344, 5.62030029296875, 3.532829999923706, 7.05043888092041, 5.12475061416626, 4.4571990966796875, 4.399869918823242, 5.43701171875, 6.779987335205078, 3.8183021545410156, 3.9717507362365723, 6.761007785797119, 6.561316967010498, 3.0573761463165283, 8.879117012023926, 3.1661784648895264, 3.9988324642181396, 4.545754909515381, 3.88763165473938, 5.260446548461914, 4.053880214691162, 3.9616055488586426, 6.7959675788879395, 4.189006805419922, 5.020225524902344, 7.301825046539307, 6.966722011566162, 6.917407035827637, 5.114443302154541, 7.1633453369140625, 4.614482879638672, 3.9106638431549072, 5.509897232055664, 15.079404830932617, 4.751428604125977, 8.080854415893555, 4.556241035461426, 6.7403788566589355, 6.582228183746338, 4.154905796051025, 4.686232089996338, 9.300832748413086, 5.220611572265625, 6.268482208251953, 7.074479579925537, 4.041530132293701, 4.305241107940674, 4.4368791580200195, 7.038968563079834, 4.435880661010742, 4.465165615081787, 5.6668291091918945, 5.119039058685303, 6.803277492523193, 4.149442195892334, 6.843749523162842, 4.890807151794434, 13.509767532348633, 5.3755903244018555, 4.676774024963379, 4.637630462646484, 4.861183166503906, 4.64963960647583, 6.080902576446533, 5.310619831085205, 6.71720552444458, 6.324987888336182, 5.362001419067383, 5.065038681030273, 5.774045467376709, 3.386835813522339, 5.233745098114014, 5.224918365478516, 4.384015083312988, 4.725281238555908, 4.418663024902344, 4.415295600891113, 3.8956475257873535, 7.506455898284912, 5.6281843185424805, 4.064661026000977, 7.964956760406494, 6.818365097045898, 5.24899959564209, 4.197459697723389, 4.437868118286133, 5.409748077392578, 4.636503219604492, 7.575633525848389, 4.40984582901001, 4.8973774909973145, 8.492341041564941, 4.148735523223877, 3.999953031539917, 6.178541660308838, 1.5384200811386108, 4.703096389770508, 4.746070861816406, 4.424350261688232, 4.250258922576904, 4.659854412078857, 4.8835978507995605, 7.992214202880859, 4.332592487335205, 4.935641765594482, 5.039013862609863, 4.730833530426025, 6.579870700836182, 3.876349925994873, 7.492637634277344, 5.380995273590088, 3.416064977645874, 3.819298505783081, 4.168570041656494, 4.525676727294922, 4.4073710441589355, 4.033524513244629, 4.889101982116699, 5.329133987426758, 3.2627344131469727, 8.366103172302246, 3.252730131149292, 7.854857921600342, 4.681394577026367, 5.053279876708984, 4.731446266174316, 4.763182640075684, 6.400358200073242, 4.83772087097168, 4.270852565765381, 4.063333034515381, 5.426977634429932, 6.718557357788086, 3.0794432163238525, 4.452023506164551, 3.036475419998169, 5.517457008361816, 4.676729679107666, 4.895122051239014, 3.9851443767547607, 5.408730506896973, 6.526591777801514, 5.114477157592773, 4.656914234161377, 4.428881645202637, 5.126418590545654, 4.645478248596191, 3.5174741744995117, 6.838268756866455, 6.899669170379639, 3.5832550525665283, 5.7111287117004395, 4.060976505279541, 5.1234450340271, 7.733575344085693, 5.037709712982178, 5.509056568145752, 3.0556516647338867, 4.3140435218811035, 5.495828628540039, 5.586665630340576, 4.291540622711182, 3.827909469604492, 6.607522964477539, 5.487497329711914, 7.32558012008667, 5.161174774169922, 4.220244884490967, 4.254419326782227, 4.278188705444336, 4.398083686828613, 4.708694934844971, 4.066951274871826, 6.623112678527832, 4.566383361816406, 5.2213544845581055, 4.556994915008545, 4.456817626953125, 6.681265354156494, 10.885955810546875, 6.697138786315918, 4.481805324554443, 6.102169990539551, 4.137452125549316, 6.774665832519531, 4.907458782196045, 4.138510227203369, 4.793585300445557, 5.5817341804504395, 4.032342433929443, 4.504850387573242, 4.797857761383057, 4.457339763641357, 6.160153388977051, 6.867681503295898, 4.757161617279053, 6.7098894119262695, 3.9867329597473145, 5.9278388023376465, 4.157919406890869, 4.70310115814209, 3.9683001041412354, 4.3114166259765625, 5.610860824584961, 6.395382881164551, 6.439456462860107, 4.42855167388916, 5.3555989265441895, 9.389412879943848, 4.743669033050537, 5.058290958404541, 7.701681137084961, 4.432543754577637, 9.568631172180176, 7.13854455947876, 4.368292331695557, 4.104022979736328, 4.48455810546875, 5.314288139343262, 7.017919063568115, 2.871126413345337, 5.195968151092529, 5.505251407623291, 6.301885604858398, 6.196468830108643, 4.729029655456543, 7.623651027679443, 3.8535923957824707, 14.924989700317383, 6.049838542938232, 2.8531863689422607, 4.278937816619873, 8.7441987991333, 6.5242133140563965, 3.81727933883667, 5.579427242279053, 6.2624688148498535, 7.05330753326416, 5.47467041015625, 4.19688081741333, 9.249398231506348, 6.0766801834106445, 7.180596351623535, 6.062060356140137, 4.152237415313721, 4.239192962646484, 5.198171138763428, 4.731967449188232, 6.498786926269531, 5.093016624450684, 4.2618088722229, 7.164505958557129, 1.7623119354248047, 2.7738258838653564, 5.239471435546875, 5.509771347045898, 4.968775272369385, 5.4502034187316895, 4.399633884429932, 3.1816177368164062, 9.291251182556152, 7.072029113769531, 5.445097923278809, 5.254230976104736, 3.9675986766815186, 4.0887322425842285, 4.882913112640381, 4.2420654296875, 6.947171688079834, 4.909905433654785, 5.697096347808838, 3.1117892265319824, 5.532973766326904, 4.402421951293945, 4.644896507263184, 5.419856071472168, 5.3112592697143555, 4.5332818031311035, 6.519301414489746, 4.806793689727783, 3.837186574935913, 4.3587517738342285, 6.75417423248291, 4.845881462097168, 4.697517395019531, 5.072720050811768, 8.435640335083008, 4.163318157196045, 3.8266429901123047, 6.454442024230957, 4.727960109710693, 5.218685150146484, 4.738346576690674, 4.836116790771484, 14.894116401672363, 3.0353734493255615, 4.9518141746521, 5.2083892822265625, 6.852628231048584, 5.740045070648193, 6.337173938751221, 5.119850158691406, 4.409334659576416, 6.498955726623535, 4.264954090118408, 4.563345432281494, 4.70947265625, 5.538784027099609, 4.819676399230957, 4.752464294433594, 6.218289852142334, 2.9316935539245605, 6.48726224899292, 6.8078532218933105, 6.522311210632324, 5.317927360534668, 6.9657182693481445, 9.76845645904541, 6.397751808166504, 3.8407137393951416, 6.559061527252197, 7.546258926391602, 6.311640739440918, 6.724792957305908, 7.118462085723877, 5.730710983276367, 8.093963623046875, 4.237886905670166, 6.856347560882568, 11.293248176574707, 5.0513200759887695, 7.105967044830322, 5.281596660614014, 5.18741512298584, 1.6799625158309937, 4.587216854095459, 4.943281173706055, 2.932173728942871, 7.438565731048584, 5.502037048339844, 4.417823314666748, 4.904052257537842, 4.450687408447266, 5.6966552734375, 4.941490173339844, 5.0023956298828125, 4.380479335784912, 4.134849548339844, 5.672783374786377, 4.766918659210205, 7.655474662780762, 3.9315452575683594, 6.353002071380615, 6.641933441162109, 5.458853244781494, 3.3545448780059814, 6.999288082122803, 7.102136135101318, 4.579200744628906, 11.212635040283203, 6.178994178771973, 4.352895259857178, 6.137923717498779, 4.350212574005127, 3.8846960067749023, 2.8869028091430664, 4.439919471740723, 5.817748069763184, 5.114295482635498, 4.183330059051514, 4.279167652130127, 9.363977432250977, 5.414932727813721, 4.970839500427246, 5.661037921905518, 3.305751085281372, 4.777480125427246, 6.497321605682373, 4.1537766456604, 3.0018606185913086, 5.330142974853516, 6.236976623535156, 3.792262077331543, 5.08950138092041, 4.768431186676025, 9.577231407165527, 4.431417942047119, 5.242397785186768, 5.161459922790527, 5.118664264678955, 5.22441291809082, 6.421545028686523, 6.162210464477539, 6.92053747177124, 3.8900177478790283, 5.527291297912598, 5.083346843719482, 4.415772914886475, 1.6225697994232178, 3.1542296409606934, 14.614009857177734, 7.169740676879883, 3.742871046066284, 5.106818199157715, 7.35701322555542, 3.934006452560425, 4.289234161376953, 6.997926712036133, 4.761297225952148, 7.060555458068848, 6.5305585861206055, 4.864362716674805, 5.049363613128662, 6.708812713623047, 4.20994234085083, 4.993995189666748, 4.584028244018555, 6.971887111663818, 4.6785054206848145, 4.110623359680176, 4.5647053718566895, 6.8540520668029785, 5.066586494445801, 4.322860240936279, 4.932538986206055, 6.4973530769348145, 4.572246074676514, 5.161512851715088, 5.722546100616455, 6.249744892120361, 7.298139572143555, 12.136210441589355, 3.9756975173950195, 5.423260688781738, 4.59555721282959, 4.697404861450195, 3.1892740726470947, 4.787834167480469, 4.27200174331665, 7.969286918640137, 5.736347675323486, 4.970090866088867, 5.118422031402588, 4.622625350952148, 4.608548641204834, 4.332776069641113, 5.670651912689209, 5.105241775512695, 5.592440605163574, 6.2154974937438965, 8.285480499267578, 5.865124225616455, 3.753089427947998, 4.2996392250061035, 4.438574314117432, 4.104724407196045, 6.513009548187256, 7.19402551651001, 7.703329086303711, 4.711764335632324, 7.391730308532715, 5.771028518676758, 6.047252178192139, 3.874295234680176, 7.237715244293213, 5.036719799041748, 15.406595230102539, 4.809207916259766, 5.522578716278076, 3.94014835357666, 5.266254425048828, 5.588354110717773, 6.948740482330322, 5.64544677734375, 4.625006675720215, 4.359764099121094, 7.1519389152526855, 2.890232563018799, 4.4576735496521, 5.187580108642578, 4.041597843170166, 4.867366790771484, 3.7635672092437744, 7.973304748535156, 4.693291664123535, 5.507166385650635, 5.27394437789917, 4.318577766418457, 2.9365451335906982, 3.913905382156372, 7.263957977294922, 6.654190540313721, 4.423946380615234, 5.242456912994385, 4.61204195022583, 5.1499738693237305, 6.953952789306641, 6.774478435516357, 7.812910556793213, 6.680768013000488, 8.23897647857666, 1.8580989837646484, 7.3240461349487305, 7.453310489654541, 5.438531398773193, 7.695773124694824, 8.125840187072754, 7.63883113861084, 4.749224662780762, 4.705691337585449, 5.96466588973999, 6.923486709594727, 3.1145176887512207, 6.480421543121338, 4.642171382904053, 4.702794075012207, 6.747564315795898, 5.416401386260986, 4.4645891189575195, 5.665543556213379, 8.368611335754395, 4.628433704376221, 4.3321943283081055, 5.5654754638671875, 7.108644962310791, 5.3836541175842285, 5.1983771324157715, 6.19018030166626, 7.029497146606445, 4.897055149078369, 4.6344804763793945, 4.465649604797363, 5.030106544494629, 7.052639007568359, 4.602753639221191, 4.772402763366699, 5.307262420654297, 5.747457027435303, 3.970822334289551, 6.180561065673828, 6.972661018371582, 4.029176712036133, 4.5456862449646, 4.388996124267578, 4.424773693084717, 4.041532039642334, 5.132174491882324, 4.8705525398254395, 5.043252944946289, 3.8184239864349365, 4.808929920196533, 4.6444807052612305, 4.609728813171387, 4.791030406951904, 6.587925434112549, 5.454840660095215, 6.212457656860352, 4.316370487213135, 11.799867630004883, 3.569540500640869, 5.08157205581665, 4.731197357177734, 4.732406139373779, 3.591073513031006, 5.787862300872803, 4.925742149353027, 5.751081466674805, 3.2290050983428955, 4.870340824127197, 3.9434077739715576, 6.149756908416748, 7.200829029083252, 4.248833656311035, 6.927772521972656, 5.512645721435547, 5.321587562561035, 7.100505352020264, 4.419421195983887, 4.030389785766602, 4.067785263061523, 7.386664867401123, 3.811514139175415, 4.068960666656494, 4.234440326690674, 4.239673137664795, 2.8866474628448486, 3.937957525253296, 5.920454502105713, 4.465346336364746, 8.591174125671387, 4.724859714508057, 7.0863037109375, 4.213680744171143, 7.144309043884277, 5.164326190948486, 6.694541931152344, 6.799950122833252, 4.730313301086426, 4.874115467071533, 6.857713222503662, 5.143599510192871, 5.508427143096924, 3.9497015476226807, 6.316039562225342, 7.104240417480469, 4.948040962219238, 4.673734664916992, 7.035420894622803, 4.966979503631592, 6.048135280609131, 5.138301849365234, 3.9489457607269287, 4.698761940002441, 2.8851213455200195, 4.411412239074707, 8.025951385498047, 4.589673042297363, 2.8450021743774414, 4.836195468902588, 6.485631942749023, 3.7185864448547363, 5.731890678405762, 4.545587539672852, 4.023237705230713, 4.8736891746521, 5.002475738525391, 7.262714385986328, 5.904525279998779, 4.065387725830078, 6.976458549499512, 3.925560474395752, 7.944203853607178, 3.9599835872650146, 6.2571330070495605, 6.253592014312744, 4.823519706726074, 4.18888521194458, 4.138507843017578, 4.233284950256348, 3.817652702331543, 7.337048530578613, 5.393099308013916, 4.818603038787842, 2.7009851932525635, 7.468742370605469, 4.2627153396606445, 8.691826820373535, 6.923633575439453, 4.42340612411499, 7.557806015014648, 5.222724437713623, 4.130406856536865, 5.319370269775391, 5.663304328918457, 5.996891021728516, 5.247615814208984, 6.323203086853027, 3.940976858139038, 6.482874393463135, 8.090750694274902, 5.427310943603516, 3.450263500213623, 1.5492044687271118, 3.2957944869995117, 6.212267875671387, 4.353947162628174, 5.231107711791992, 4.050249099731445, 5.419971942901611, 4.876455783843994, 5.027901649475098, 4.954452037811279, 5.294252395629883, 6.51193380355835, 5.106884479522705, 6.022356986999512, 3.7655036449432373, 6.531966209411621, 4.753197193145752, 5.48361873626709, 5.242598056793213, 5.635829925537109, 4.263451099395752, 6.496429443359375, 6.5232038497924805, 6.8540358543396, 5.747772216796875, 9.393312454223633, 4.463559627532959, 4.246262550354004, 4.08574104309082, 4.448988437652588, 3.0594000816345215, 4.776167392730713, 4.0050153732299805, 3.964097023010254, 8.308945655822754, 5.146083354949951, 6.402092456817627, 5.091841697692871, 6.813408851623535, 7.8403191566467285, 4.648346900939941, 4.221994400024414, 8.779561996459961, 1.5604838132858276, 5.116216659545898, 7.144311428070068, 3.7004735469818115, 3.1782054901123047, 5.118735313415527, 5.691920757293701, 6.287050247192383, 9.40284252166748, 8.327152252197266, 4.178037643432617, 6.726945400238037, 5.263242244720459, 4.156486988067627, 4.602783679962158, 4.582999229431152, 5.271739959716797, 4.83341646194458, 7.080320835113525, 2.288224697113037, 5.2329511642456055, 4.140883445739746, 5.473927021026611, 4.844719409942627, 4.115509510040283, 7.718908786773682, 4.010812759399414, 6.4886794090271, 4.468814849853516, 7.513962745666504, 4.880486011505127, 5.075808048248291, 3.896674871444702, 5.126547813415527, 4.624515056610107, 4.117154121398926, 5.017275333404541, 4.695708751678467, 5.493377208709717, 4.827610492706299, 3.9449803829193115, 4.371944904327393, 9.719184875488281, 3.8611464500427246, 4.191318511962891, 7.371510982513428, 6.694176197052002, 4.346545219421387, 3.585883617401123, 7.13909387588501, 4.061917781829834, 5.08004093170166, 5.989254474639893, 4.8192572593688965, 4.5328850746154785, 6.336026191711426, 7.860706806182861, 4.7012224197387695, 6.70086145401001, 6.089310646057129, 5.054985523223877, 4.531294822692871, 4.349881649017334, 4.771301746368408, 4.489791393280029, 4.850155353546143, 4.717745780944824, 4.6564178466796875, 6.685634613037109, 6.696591854095459, 8.1486234664917, 4.31130838394165, 2.9346678256988525, 3.8781583309173584, 5.706820487976074, 7.456923961639404, 4.306644439697266, 5.3033318519592285, 5.803154945373535, 4.423734664916992, 6.7093048095703125, 3.617806911468506, 6.553857326507568, 6.5969624519348145, 5.938268661499023, 5.861156463623047, 3.940115451812744, 3.754023313522339, 6.605061054229736, 6.734577655792236, 4.125677585601807, 5.061574459075928, 5.057312965393066, 4.921995639801025, 4.124560832977295, 8.576407432556152, 5.459499359130859, 4.721052169799805, 5.149081707000732, 4.421134948730469, 4.4809746742248535, 4.123823165893555, 6.64334774017334, 6.513665676116943, 7.404816150665283, 6.353060722351074, 3.6824049949645996, 4.2466888427734375, 4.453775405883789, 1.8762011528015137, 7.344533443450928, 4.820849418640137, 3.915201425552368, 4.996634006500244, 6.398067474365234, 4.4734649658203125, 4.602114200592041, 4.7499799728393555, 4.1938066482543945, 7.052597999572754, 8.782362937927246, 7.716553688049316, 4.782040596008301, 3.6402106285095215, 6.987292289733887, 5.962523937225342, 7.287219524383545, 7.1953816413879395, 3.823716640472412, 5.7445220947265625, 4.793822765350342, 7.404292106628418, 5.639519214630127, 6.1487717628479, 4.736227035522461, 3.8978664875030518, 7.003385066986084, 5.461451053619385, 6.062916278839111, 4.973247528076172, 6.1211042404174805, 4.606010437011719, 4.4161601066589355, 3.667776346206665, 5.757894039154053, 4.344355583190918, 6.84518575668335, 4.917697906494141, 4.349494934082031, 5.288793087005615, 3.810743808746338, 4.577205657958984, 4.691999912261963, 7.215841293334961, 4.182674884796143, 4.133669376373291, 7.465577125549316, 6.959704875946045, 4.750434875488281, 5.152629852294922, 5.064987659454346, 6.442314624786377, 4.7753777503967285, 5.173863887786865, 8.77402400970459, 4.2632646560668945, 3.588961362838745, 4.1300368309021, 5.965551853179932, 6.084475517272949, 3.7237234115600586, 5.480474472045898, 4.524716854095459, 4.794441223144531, 4.939627647399902, 6.472951889038086, 7.101249694824219, 5.14109468460083, 4.299224376678467, 4.239536285400391, 6.6666998863220215, 4.2970662117004395, 4.245942115783691, 4.806925296783447, 15.58068561553955, 5.812692165374756, 4.297617435455322, 4.701988220214844, 4.508586406707764, 3.833495616912842, 2.9388339519500732, 5.655839920043945, 5.138463020324707, 13.901388168334961, 6.622537612915039, 8.630284309387207, 5.660341739654541, 6.802424430847168, 5.623113632202148, 4.160608291625977, 3.9264371395111084, 4.406492233276367, 4.122860431671143, 3.8547255992889404, 5.122438430786133, 9.31314754486084, 3.658947229385376, 7.051924228668213, 15.335907936096191, 6.379981994628906, 6.827183723449707, 7.488243103027344, 3.0152640342712402, 3.897341251373291, 6.705262184143066, 7.074850559234619, 4.947303295135498, 4.451757431030273, 4.772783279418945, 3.8448455333709717, 6.380365371704102, 5.004953861236572, 5.608300685882568, 4.53019380569458, 4.751492023468018, 8.839503288269043, 6.0819549560546875, 4.337746620178223, 6.147895812988281, 6.806551456451416, 5.618212699890137, 3.732851266860962, 5.323272705078125, 5.341056823730469, 5.81691837310791, 4.451444625854492, 4.867964744567871, 6.739685535430908, 5.820854663848877, 6.477049350738525, 4.690764904022217, 5.407778739929199, 5.3489580154418945, 5.627100467681885, 4.344677448272705, 5.232978343963623, 5.705700874328613, 7.966261863708496, 7.541950702667236, 4.720914840698242, 4.247064113616943, 6.959893226623535, 4.034694671630859, 6.199899196624756, 8.334110260009766, 4.457078456878662, 5.913496017456055, 6.100476264953613, 5.007503509521484, 3.8887386322021484, 2.970289707183838, 7.170610427856445, 5.1092705726623535, 5.736671447753906, 3.5862464904785156, 4.109670162200928, 4.267999649047852, 3.7534008026123047, 5.424551963806152, 6.4257025718688965, 5.885033130645752, 6.060475826263428, 6.183570384979248, 5.489049911499023, 5.135605812072754, 3.0382027626037598, 4.145801067352295, 4.683610439300537, 4.224637031555176, 5.200847148895264, 6.9239115715026855, 9.084580421447754, 11.136319160461426, 4.777181148529053, 4.0200347900390625, 8.475578308105469, 4.115013599395752, 6.480197906494141, 4.176245212554932, 6.865955829620361, 4.263979911804199, 4.154005527496338, 4.471632957458496, 4.898067474365234, 4.937378883361816, 4.358543395996094, 5.267892837524414, 4.209473133087158, 5.329532146453857, 6.370330333709717, 4.117638111114502, 3.817636489868164, 1.8718417882919312, 6.424774646759033, 6.605213642120361, 4.89998722076416, 4.727882385253906, 9.721420288085938, 4.7291083335876465, 6.437291622161865, 4.27282190322876, 5.623101711273193, 5.253464221954346, 4.184652805328369, 7.2669196128845215, 6.993703365325928, 6.127171993255615, 4.237680435180664, 4.133292198181152, 4.154839038848877, 9.500970840454102, 3.224320888519287, 6.108677864074707, 3.8288028240203857, 4.287755012512207, 5.992435932159424, 4.7304182052612305, 7.131814479827881, 9.994282722473145, 7.104051113128662, 5.109331130981445, 4.236245632171631, 3.9603939056396484, 7.136722564697266, 6.237625598907471, 4.106321811676025, 6.162541389465332, 6.837908744812012, 4.6237335205078125, 5.244045734405518, 7.832084655761719, 4.231982707977295, 4.050487518310547, 4.327225208282471, 4.609241962432861, 4.4490065574646, 5.043708801269531, 4.297363758087158, 4.855156898498535, 4.287654399871826, 3.9467711448669434, 5.312096118927002, 4.691627025604248, 6.002976894378662, 3.2662906646728516, 4.087165355682373, 3.052717924118042, 4.579273223876953, 5.852541446685791, 6.0275397300720215, 4.590197563171387, 6.366943359375, 4.92132043838501, 3.8421735763549805, 1.9997609853744507, 4.756319522857666, 7.195600509643555, 6.145967483520508, 6.404463291168213, 3.448336601257324, 4.173581600189209, 5.398882865905762, 6.488507270812988, 4.666018009185791, 5.806704521179199, 7.73130464553833, 4.7029337882995605, 7.0369486808776855, 4.946767330169678, 4.104769229888916, 4.9885711669921875, 5.0057268142700195, 4.386849880218506, 5.784477233886719, 5.623745441436768, 3.8581278324127197, 5.310204982757568, 5.589191436767578, 4.540379524230957, 4.779797077178955, 6.7406182289123535, 6.662298202514648, 6.953324794769287, 5.230114459991455, 8.066564559936523, 5.476008415222168, 4.043158054351807, 7.893377304077148, 5.947351455688477, 4.165604114532471, 4.991943359375, 7.319723129272461, 4.326783657073975, 7.139093399047852, 4.037477970123291, 5.328060626983643, 5.299685478210449, 7.046908378601074, 6.604160785675049, 3.4555132389068604, 5.119846820831299, 6.794375896453857, 5.258410930633545, 6.64456033706665, 3.9147908687591553, 5.478034496307373, 4.312961578369141, 4.262086391448975, 6.29672384262085, 6.564312934875488, 5.350265979766846, 2.9155220985412598, 4.960111618041992, 6.452325820922852, 5.1253228187561035, 5.257410049438477, 4.265096664428711, 4.366663455963135, 2.318042516708374, 6.375792980194092, 5.125936031341553, 4.436522960662842, 5.74975061416626, 6.281589508056641, 7.525001049041748, 6.38588285446167, 5.278922080993652, 7.174661159515381, 5.18095588684082, 4.82535982131958, 7.669239044189453, 5.4170427322387695, 6.317163467407227, 3.486112117767334, 5.353880882263184, 6.68598747253418, 4.604453086853027, 6.921065807342529, 4.138685703277588, 4.22562837600708, 5.844814777374268, 3.2321174144744873, 4.928592205047607, 4.393843650817871, 5.484018802642822, 4.343078136444092, 4.714387893676758, 5.2183332443237305, 4.75581169128418, 3.3682234287261963, 4.500323295593262, 4.630213260650635]
Cosines similarity random samples
[0.8777942657470703, 0.8950701951980591, 0.9247715473175049, 0.8406559228897095, 0.8111655712127686, 0.5994700193405151, 0.7765867710113525, 0.888479471206665, 0.7382177114486694, 0.4612260162830353, 0.794212281703949, 0.7362694144248962, 0.9310817122459412, 0.8642874956130981, 0.8076274394989014, 0.827831506729126, 0.5593627691268921, 0.9081520438194275, 0.47677674889564514, 0.6990644931793213, 0.74642413854599, 0.49922358989715576, 0.8340656161308289, 0.5286029577255249, 0.8096526861190796, 0.3467344641685486, 0.804763913154602, 0.8772788047790527, 0.5975223779678345, 0.8233082890510559, 0.8706321120262146, 0.8094467520713806, 0.34827107191085815, 0.8271230459213257, 0.8596948385238647, 0.9802439212799072, 0.8464890718460083, 0.9312634468078613, 0.14980658888816833, 0.5367190837860107, 0.363665908575058, 0.5887668132781982, 0.9137701392173767, 0.7575039863586426, 0.4957510530948639, 0.5198901891708374, 0.8366988897323608, 0.8086196184158325, 0.7156038880348206, 0.874991774559021, 0.5431864857673645, 0.43625253438949585, 0.9143864512443542, 0.7731626033782959, 0.46054792404174805, 0.7633364796638489, 0.224303737282753, 0.8208459615707397, 0.3714051842689514, 0.8312050104141235, 0.568008542060852, 0.9141989946365356, 0.411449134349823, 0.5462445020675659, 0.8315621018409729, 0.762438178062439, 0.5249802470207214, 0.8073215484619141, 0.7533681392669678, 0.838699996471405, 0.6662710905075073, 0.9262781143188477, 0.8412795066833496, 0.8601105213165283, 0.6342999935150146, 0.8643932342529297, 0.6318931579589844, 0.7959523797035217, 0.8342173099517822, 0.5979143381118774, 0.8432407379150391, 0.7826768159866333, 0.5771579742431641, 0.8443983793258667, 0.8944379687309265, 0.5270649194717407, 0.8455479145050049, 0.904996395111084, 0.5932072401046753, 0.8231238126754761, 0.746858537197113, 0.8258416652679443, 0.14520373940467834, 0.8165140151977539, 0.7030497789382935, 0.7606598138809204, 0.8391674757003784, 0.8719332218170166, 0.6327700614929199, 0.12376009672880173, 0.034148890525102615, -0.6768062114715576, 0.616890013217926, 0.6992505788803101, 0.5342607498168945, 0.7417045831680298, 0.7131421566009521, 0.805488109588623, 0.8890673518180847, 0.7640649080276489, 0.9146080613136292, 0.8466852307319641, 0.8090726137161255, 0.7400287389755249, 0.6034814715385437, 0.5177322626113892, 0.5148938298225403, 0.588628351688385, 0.8638636469841003, 0.529840350151062, 0.7991390824317932, 0.5341027975082397, 0.8339163064956665, 0.8250827193260193, 0.5693368315696716, 0.6440634727478027, 0.8162145614624023, 0.760226309299469, 0.8588112592697144, 0.7615258097648621, 0.9340949654579163, 0.5936811566352844, 0.8530232310295105, 0.7436633110046387, 0.7430083751678467, 0.8026801347732544, 0.8054053783416748, 0.8408961892127991, 0.7896358966827393, 0.8032959699630737, 0.8550387024879456, 0.8043979406356812, 0.8169258832931519, 0.8182939291000366, 0.7554024457931519, 0.63325035572052, 0.7814366221427917, 0.7276742458343506, 0.8646507263183594, 0.5494546890258789, 0.7238696813583374, 0.578288197517395, 0.8633888959884644, 0.7771905660629272, 0.5906838178634644, 0.39220231771469116, 0.8789058923721313, 0.8756516575813293, 0.8125134706497192, 0.810936689376831, 0.7882208824157715, 0.8379287719726562, 0.859514594078064, 0.8085494041442871, 0.8903588056564331, 0.5411332845687866, 0.9167435765266418, 0.7952200174331665, 0.3264651596546173, 0.9818689823150635, 0.8732710480690002, 0.8421212434768677, 0.5010744333267212, 0.882257342338562, 0.8436350226402283, 0.8169952034950256, 0.08188062161207199, 0.7755903005599976, 0.9018851518630981, -0.7524968385696411, 0.599243700504303, 0.7738144397735596, 0.7415818572044373, 0.8261659145355225, 0.5804010629653931, 0.6812379360198975, 0.647162139415741, 0.6529173851013184, 0.7632550001144409, 0.8197331428527832, 0.5930277109146118, 0.6180419325828552, 0.7806062698364258, 0.8114273548126221, 0.8458755016326904, 0.5124645233154297, 0.891449511051178, 0.5367803573608398, -0.6588473320007324, 0.9034784436225891, 0.7913333177566528, 0.46580934524536133, 0.6343632936477661, 0.8158625960350037, 0.7644096612930298, 0.5721230506896973, 0.8508834838867188, 0.8515254259109497, 0.7861688733100891, 0.7848091125488281, 0.8614864945411682, -0.43788254261016846, 0.6139873266220093, 0.6190993785858154, 0.7934965491294861, 0.8257700204849243, 0.8875718116760254, 0.4468808174133301, 0.8194557428359985, 0.6209795475006104, 0.8328240513801575, 0.8664367198944092, 0.7967896461486816, 0.7902660369873047, 0.8101889491081238, 0.857500433921814, 0.4469241797924042, 0.3878607153892517, 0.8307838439941406, 0.5670789480209351, 0.8335243463516235, 0.4630674123764038, 0.7384281754493713, 0.8357313871383667, 0.5276206135749817, 0.7269055843353271, 0.725304901599884, 0.8501936793327332, 0.8790262341499329, 0.6675270795822144, 0.7845151424407959, 0.7779343724250793, 0.7090462446212769, 0.8188647627830505, 0.4483494758605957, 0.6345217227935791, 0.7560436725616455, 0.7549627423286438, 0.6119807958602905, 0.9302008152008057, 0.8411515355110168, 0.8722839951515198, 0.6542237997055054, 0.08582660555839539, 0.7502923607826233, 0.7650154829025269, 0.8715569972991943, 0.7863534092903137, 0.9685479998588562, 0.6190142035484314, 0.7623898983001709, 0.7890133261680603, 0.8512163758277893, 0.9110209941864014, 0.568523108959198, 0.6311200261116028, 0.8282776474952698, 0.9167426824569702, 0.8211339712142944, 0.8654667139053345, 0.8402062058448792, 0.7814888954162598, 0.49270015954971313, 0.8555567860603333, 0.7714189291000366, 0.8687703013420105, 0.855101466178894, 0.7865371704101562, 0.959413468837738, 0.7570819854736328, 0.677828311920166, 0.7482573986053467, 0.8167396783828735, 0.7969921827316284, 0.8404793739318848, 0.41041484475135803, 0.33964860439300537, 0.9520986080169678, 0.6999222040176392, 0.8915492296218872, 0.4930390417575836, 0.9248678088188171, 0.8297869563102722, 0.6272367238998413, 0.8396291732788086, 0.5218452215194702, 0.8180279731750488, 0.3355441689491272, 0.8521372675895691, 0.20646165311336517, 0.9290571808815002, 0.8165444135665894, 0.07822714745998383, 0.8185360431671143, 0.8696272969245911, 0.8157095313072205, 0.3704398274421692, 0.8786510229110718, 0.6139572858810425, 0.8359508514404297, -0.17355720698833466, 0.8712404370307922, 0.8712184429168701, 0.6262775659561157, 0.9613825082778931, 0.7823954820632935, 0.8512468338012695, 0.6591217517852783, 0.5011401772499084, 0.7990583777427673, 0.18329715728759766, 0.8825807571411133, 0.8688074946403503, 0.9334583282470703, 0.6578696966171265, 0.011040851473808289, 0.890859842300415, 0.4947969913482666, 0.8116452097892761, 0.8549625873565674, 0.7175269722938538, 0.8273752331733704, 0.7411338686943054, 0.7200363874435425, 0.8404881954193115, 0.8748401999473572, 0.5960884094238281, 0.919961154460907, 0.743060290813446, 0.8615421652793884, 0.7391489148139954, 0.6984781622886658, 0.812743067741394, 0.8865144848823547, 0.8742063045501709, 0.8416241407394409, 0.76986163854599, -0.08437289297580719, -0.14243827760219574, 0.6408791542053223, 0.6026252508163452, 0.837304949760437, 0.8725566267967224, 0.5276969075202942, 0.9086769819259644, 0.7218399047851562, 0.665169358253479, 0.8108761310577393, 0.8131101131439209, 0.5976867079734802, 0.7687069177627563, 0.8038221597671509, 0.8772745132446289, 0.7897671461105347, 0.8465479016304016, 0.7805690765380859, 0.8111493587493896, 0.8070617914199829, 0.7524223327636719, 0.800333559513092, 0.7074233293533325, 0.8397988080978394, 0.717789351940155, 0.7691164612770081, 0.7993650436401367, 0.8660944700241089, 0.3795561194419861, 0.5702489018440247, 0.7448940277099609, 0.6697345972061157, 0.7587428092956543, 0.796123743057251, 0.7792433500289917, 0.9815455675125122, 0.8562253713607788, 0.6006886959075928, 0.740886926651001, 0.5002514123916626, 0.4233567714691162, 0.657788872718811, 0.846910834312439, 0.7884095907211304, 0.5892210006713867, 0.8409298062324524, 0.6278608441352844, 0.8626629114151001, 0.8560633659362793, 0.843072772026062, 0.5346680879592896, 0.7880696654319763, 0.46004998683929443, 0.5387066006660461, 0.4621194899082184, 0.7626144886016846, 0.42113161087036133, 0.8370643258094788, 0.7489075660705566, 0.774057149887085, 0.8362255096435547, 0.7975885272026062, 0.7979515790939331, 0.8487417697906494, 0.7862178683280945, 0.8465512990951538, 0.9248857498168945, 0.9029659032821655, 0.829361617565155, 0.9158514738082886, 0.8344928026199341, -0.07048165798187256, 0.5422816872596741, 0.8662000894546509, 0.7280446887016296, 0.8586757183074951, 0.8328202962875366, 0.39654740691185, 0.8470520973205566, 0.7943421602249146, 0.8226116299629211, 0.7547280788421631, 0.8249557018280029, 0.8647822141647339, 0.4613479673862457, 0.5707682371139526, 0.8940218687057495, 0.9023873805999756, 0.74833744764328, 0.8057177066802979, 0.5909554362297058, 0.8102797269821167, 0.8199323415756226, 0.6897237300872803, 0.42215412855148315, 0.8279299736022949, 0.8684841394424438, 0.8366261720657349, 0.8594461679458618, 0.8320655226707458, 0.9180179834365845, 0.8564796447753906, 0.7407897710800171, 0.3590131402015686, 0.9254248142242432, 0.9050986766815186, 0.6753922700881958, 0.8813602924346924, 0.8406845331192017, 0.8276904821395874, 0.8147294521331787, 0.7190343737602234, 0.7037282586097717, 0.6459486484527588, 0.8597003817558289, 0.8212378621101379, 0.6629032492637634, 0.8973041772842407, 0.4649837613105774, 0.8096826672554016, 0.8157161474227905, 0.8447405099868774, 0.8695940375328064, 0.8136268854141235, 0.7798252105712891, 0.828150749206543, 0.7515430450439453, 0.39016029238700867, 0.7835254669189453, 0.5873786211013794, 0.8475459218025208, 0.8722943067550659, 0.6341656446456909, 0.8564649224281311, 0.8217840194702148, 0.798416793346405, 0.5618220567703247, 0.855802059173584, 0.7895902395248413, 0.8440055847167969, 0.8118189573287964, 0.557232677936554, 0.7744231224060059, 0.8609688878059387, 0.7606276273727417, 0.8779736161231995, 0.44860416650772095, 0.9126670360565186, 0.484611451625824, 0.8522465229034424, 0.5455144047737122, 0.8024846315383911, 0.8126871585845947, 0.7515023946762085, 0.9691997766494751, 0.9362520575523376, 0.2852616608142853, 0.7600627541542053, 0.5462372899055481, 0.0022548437118530273, 0.8062283992767334, 0.8803763389587402, 0.7402344942092896, 0.6242443323135376, 0.7858076095581055, 0.346698522567749, 0.8728569746017456, 0.8321971893310547, 0.6859029531478882, 0.7397788166999817, 0.5590091943740845, 0.8380571603775024, 0.7673391103744507, 0.6955979466438293, 0.884982168674469, 0.9156297445297241, 0.5606678128242493, 0.8181368112564087, 0.8153531551361084, 0.575333833694458, 0.8018506765365601, 0.844360888004303, 0.39629554748535156, 0.5952427387237549, 0.8536424040794373, 0.7587541937828064, 0.8865475654602051, 0.8085777163505554, 0.8550217747688293, 0.7421428561210632, 0.7906954288482666, 0.8284164667129517, 0.7929794788360596, 0.4882131516933441, 0.8158605098724365, 0.8359596133232117, 0.7686870098114014, 0.644515872001648, 0.8572604656219482, 0.5474065542221069, 0.9037259221076965, 0.8564766645431519, 0.9268636107444763, 0.8291200399398804, 0.6856194734573364, 0.7832224369049072, 0.9084633588790894, 0.5040823221206665, 0.8666785955429077, 0.8308687806129456, 0.3830717206001282, 0.6362698674201965, 0.5458315014839172, 0.7577629685401917, 0.24731245636940002, 0.7186334133148193, 0.4082675874233246, 0.8380581736564636, 0.8644816875457764, 0.6210985779762268, 0.7999891042709351, 0.4858929514884949, 0.7706233859062195, -0.16729772090911865, 0.8776646852493286, 0.847040057182312, 0.842305064201355, 0.8750924468040466, 0.8777061104774475, 0.5874935388565063, 0.812163233757019, 0.7056862115859985, 0.856544017791748, 0.8376737236976624, 0.7841715812683105, 0.7837054133415222, 0.6462011933326721, 0.5141676664352417, 0.5232291221618652, 0.5042166709899902, 0.4278814196586609, 0.8256130218505859, 0.8398295640945435, 0.6314252614974976, 0.8276165723800659, 0.7779896259307861, 0.06516595184803009, 0.9192438125610352, 0.8642634749412537, 0.7742360830307007, 0.8235259056091309, 0.8422287702560425, 0.8680585622787476, 0.6132352352142334, 0.7225252389907837, 0.9281418323516846, 0.8135747313499451, 0.7776339054107666, 0.45899662375450134, 0.8621864318847656, 0.825739324092865, 0.4375956058502197, 0.5634756088256836, 0.8529277443885803, 0.7217239141464233, 0.8474968671798706, 0.7175993919372559, 0.6889329552650452, 0.7726323008537292, 0.8066408634185791, 0.8254879117012024, 0.8734029531478882, 0.7907861471176147, 0.732739269733429, 0.8072466254234314, 0.8816300630569458, 0.8626139163970947, 0.9081104397773743, 0.8585878014564514, 0.5710827112197876, 0.8400753736495972, 0.7596092224121094, 0.4145086407661438, 0.8310118913650513, 0.4656696915626526, 0.7395329475402832, 0.44463178515434265, 0.91987544298172, 0.6642327904701233, 0.5836134552955627, 0.7730910778045654, 0.772022545337677, 0.8209500908851624, 0.8991932272911072, 0.5385390520095825, 0.8686697483062744, 0.4312098026275635, 0.7915822267532349, 0.7230921387672424, 0.8492752313613892, 0.6957934498786926, 0.786587655544281, 0.6863471269607544, 0.6322594285011292, 0.7505577802658081, 0.874272346496582, 0.5963598489761353, 0.8191476464271545, 0.7944834232330322, 0.8014793395996094, 0.8392720222473145, 0.45117682218551636, 0.7573873996734619, 0.8722345232963562, 0.7447155714035034, 0.8427237272262573, 0.8442312479019165, 0.8116873502731323, 0.8705286383628845, 0.8257880806922913, 0.11644826829433441, 0.6321167945861816, 0.8755491971969604, 0.8008947372436523, 0.6493498086929321, 0.5235391855239868, 0.8871006965637207, 0.5923915505409241, 0.6820783019065857, 0.7623919248580933, 0.7049616575241089, 0.756209135055542, 0.7100958228111267, 0.8694919347763062, 0.8820325136184692, 0.8612653017044067, 0.8494658470153809, 0.4820331931114197, 0.8310616612434387, 0.7992058396339417, 0.8823560476303101, 0.6253440380096436, 0.8835461735725403, 0.8011872172355652, 0.7103411555290222, 0.08209581673145294, 0.7918456792831421, 0.8482623100280762, 0.7859623432159424, 0.5282377004623413, 0.9092978835105896, 0.8260824680328369, 0.4039793014526367, 0.8494210243225098, 0.7420626878738403, 0.45628267526626587, 0.8919413089752197, 0.7895893454551697, 0.7988436222076416, 0.8591816425323486, 0.9102439880371094, 0.6706882119178772, 0.8112630844116211, 0.8498623967170715, 0.8296595215797424, 0.9208957552909851, 0.8262999653816223, 0.732294499874115, 0.8311344981193542, 0.602834939956665, 0.7439537048339844, 0.7860498428344727, 0.9645745754241943, 0.8982242345809937, 0.8163100481033325, 0.9250822067260742, 0.4616893529891968, 0.7832915186882019, 0.5297020673751831, 0.37750735878944397, 0.8223289251327515, 0.26966392993927, 0.4041488766670227, 0.7902644276618958, 0.5788034796714783, 0.6174932718276978, 0.7919857501983643, 0.8223850727081299, 0.7255623936653137, 0.9113072156906128, 0.6928872466087341, 0.7766110301017761, 0.9517188668251038, 0.09927639365196228, 0.5311974287033081, 0.8615670204162598, 0.7986717820167542, 0.4531104266643524, 0.8614872097969055, 0.3555501401424408, 0.595962405204773, 0.7665739059448242, 0.848666787147522, 0.6484497785568237, 0.9131218194961548, 0.5260143876075745, 0.8499393463134766, 0.9807291626930237, 0.8723711371421814, 0.5858908891677856, 0.07621622830629349, 0.881102442741394, 0.5244891047477722, -0.0777113288640976, 0.8351243138313293, 0.5364057421684265, 0.4253731966018677, 0.8768764138221741, 0.5765774250030518, 0.9308518767356873, -0.0014288872480392456, 0.9373435974121094, 0.5773847103118896, 0.9378088712692261, 0.30876439809799194, 0.5687416791915894, 0.6607545614242554, 0.5953746438026428, -0.26856255531311035, 0.5399049520492554, 0.8355352878570557, 0.9305384755134583, 0.8148423433303833, 0.8289285898208618, 0.5355659127235413, 0.8159346580505371, 0.9110699892044067, 0.9840846657752991, 0.7914371490478516, 0.6801762580871582, 0.8687525987625122, 0.5163885951042175, 0.7684656381607056, 0.9837204217910767, 0.5231750011444092, 0.5562196373939514, 0.8861698508262634, 0.8641144037246704, 0.7912278175354004, 0.871860146522522, 0.5071195363998413, 0.8682748079299927, 0.625720739364624, 0.826359212398529, 0.8570266366004944, 0.8126899600028992, 0.7812906503677368, 0.7734338641166687, 0.6943061947822571, 0.5402292013168335, 0.7857580184936523, 0.47249308228492737, 0.566222608089447, 0.7807633280754089, 0.7579573392868042, 0.7371077537536621, 0.8265710473060608, 0.45339155197143555, 0.7819404006004333, 0.889754056930542, 0.7137911319732666, 0.8390244245529175, 0.8025935888290405, 0.8231164216995239, 0.8449726104736328, 0.4339858293533325, 0.3627183139324188, 0.7797133922576904, 0.8444995284080505, -0.30104759335517883, 0.8174060583114624, 0.8556420803070068, 0.8336946964263916, 0.5840352177619934, 0.9805320501327515, 0.8653780817985535, 0.9158390760421753, 0.8657642602920532, 0.7951688766479492, 0.8411142826080322, 0.819304347038269, 0.7226889133453369, 0.8627158403396606, 0.9062758684158325, 0.8479876518249512, 0.8558323383331299, 0.8784555196762085, 0.8861348628997803, 0.4353810250759125, 0.6082876920700073, 0.6664841771125793, 0.8596001863479614, 0.8323379755020142, 0.7243366837501526, 0.7194958925247192, 0.8135337829589844, 0.7928450107574463, 0.7055901288986206, 0.8831936717033386, 0.3808998763561249, -0.1794462651014328, 0.6249907612800598, 0.5463112592697144, 0.7997996211051941, 0.5745943784713745, 0.8241994976997375, 0.805934488773346, 0.8072315454483032, 0.6264420747756958, 0.8312404751777649, 0.7826763987541199, 0.8800119161605835, 0.8264177441596985, 0.80870121717453, 0.8379695415496826, 0.8667961955070496, 0.7403571605682373, 0.677118182182312, 0.9135867953300476, 0.9024379253387451, 0.5782545804977417, 0.8907284140586853, 0.8321897387504578, 0.8345562219619751, 0.8005530834197998, 0.8535373210906982, 0.8346107006072998, 0.1365613043308258, 0.7986189723014832, 0.7118915319442749, 0.653226375579834, 0.5583419799804688, 0.852863073348999, 0.445335328578949, 0.877130925655365, 0.8618456125259399, 0.7498321533203125, 0.6712806224822998, 0.8061903715133667, 0.8279950618743896, 0.5054458379745483, 0.5891625881195068, 0.8493745923042297, 0.8046947121620178, 0.7994176149368286, 0.8457064628601074, 0.6247099041938782, 0.8363683819770813, 0.8320034742355347, 0.865217924118042, 0.832228422164917, 0.7578807473182678, 0.49940574169158936, 0.9136393666267395, 0.8460571765899658, 0.8277002573013306, 0.27765917778015137, 0.7603374719619751, 0.8762787580490112, 0.7464762926101685, 0.8583908081054688, 0.8155791759490967, 0.8448718786239624, 0.8824900388717651, 0.8083866834640503, 0.6963084936141968, 0.7466157674789429, 0.8355040550231934, 0.8792215585708618, 0.19243435561656952, -0.7711582183837891, 0.8645551204681396, 0.6451030969619751, 0.615038275718689, 0.8630656599998474, 0.7572165727615356, 0.7380947470664978, 0.8927844166755676, 0.5097882747650146, 0.7943823337554932, 0.8391382694244385, 0.8272712826728821, 0.7491123676300049, 0.5453110933303833, 0.8821989297866821, 0.8777484893798828, 0.5122634172439575, 0.5400694012641907, 0.9406114816665649, 0.12097039818763733, 0.9144545197486877, 0.9071455001831055, 0.8315812945365906, 0.8898998498916626, 0.7627283334732056, 0.8852943181991577, 0.8633567094802856, 0.6243908405303955, 0.8455933928489685, 0.7865763902664185, 0.44763296842575073, 0.4754254221916199, 0.5214484930038452, 0.8417606353759766, 0.4915442168712616, 0.8605815172195435, 0.8665304183959961, 0.7753664255142212, -0.6821586489677429, 0.7966017127037048, 0.23056980967521667, 0.8162882328033447, 0.5815610885620117, 0.7763192653656006, 0.8705819845199585, 0.8524720668792725, 0.10944652557373047, 0.7478145956993103, 0.6027871966362, 0.5858012437820435, 0.8708351850509644, 0.8750343322753906, 0.8302356004714966, 0.4701765775680542, 0.8277537822723389, 0.8301341533660889, 0.7143497467041016, 0.7898104190826416, 0.5437074899673462, 0.8554472327232361, 0.5259445309638977, 0.8274939060211182, -0.6765945553779602, 0.7852193117141724, 0.8147591948509216, 0.8234840631484985, 0.8964585065841675, 0.8192631006240845, 0.6656423211097717, 0.7453809976577759, 0.5392588973045349, 0.646226167678833, 0.7320230007171631, 0.7997146844863892, 0.7309712171554565, 0.9011484980583191, 0.7494174242019653, 0.8003941774368286, 0.8287254571914673, 0.8134657740592957, 0.8358123302459717, 0.8528040647506714, 0.8797867298126221, 0.3778291344642639, 0.6922345757484436, 0.855876624584198, 0.2356082946062088, 0.5010205507278442, 0.7839638590812683, 0.8500039577484131, 0.8548316955566406, 0.7458833456039429, 0.8299378752708435, 0.4382733404636383, 0.8454684615135193, 0.7917931079864502, 0.06206211447715759, 0.868159294128418, 0.8940991759300232, 0.6243789196014404, 0.9812247157096863, 0.8134220838546753, 0.8039640188217163, 0.8334082365036011, 0.8715091943740845, 0.8662008047103882, 0.7816919088363647, 0.2546618580818176, 0.8636636137962341, 0.7989364862442017, 0.805999755859375, 0.8262542486190796, 0.5530100464820862, 0.8817620277404785, 0.3835355043411255, 0.8117328882217407, 0.9100885391235352, 0.8806340098381042, 0.8576136827468872, 0.8208848834037781, 0.8505890369415283, 0.8653339743614197, 0.8073416948318481, 0.7626843452453613, 0.9191633462905884, 0.22186049818992615, 0.909035861492157, 0.3004235625267029, 0.8164609670639038, 0.781965434551239, 0.8136889338493347, 0.8026292324066162, 0.6253565549850464, 0.8126598596572876, 0.8565014600753784, 0.8534480333328247, 0.7705245018005371, 0.5360082387924194, 0.9285826683044434, 0.8330819606781006, 0.9253405332565308, 0.7370330095291138, 0.8151655197143555, 0.8322042226791382, 0.8650436997413635, 0.7754666209220886, 0.5873467326164246, 0.7784520983695984, 0.8263412714004517, 0.8421100378036499, 0.7804275751113892, 0.8326644897460938, 0.8980754613876343, 0.5127125382423401, 0.5603199005126953, 0.8946253061294556, 0.6808105707168579, 0.8587646484375, 0.8424358367919922, 0.3031640946865082, 0.7703362703323364, 0.7186509370803833, 0.9246147871017456, 0.8614658713340759, 0.760441243648529, 0.7831393480300903, 0.8486502766609192, 0.8787562847137451, 0.5616025924682617, 0.7368391156196594, 0.3952437937259674, 0.7686622142791748, 0.853264570236206, 0.8631348609924316, 0.8402267098426819, 0.8268604874610901, 0.8304855227470398, 0.8678798079490662, 0.5992628335952759, 0.8527451753616333, 0.8293657302856445, 0.8204784989356995, 0.8346091508865356, 0.5856499671936035, -0.25440338253974915, 0.5705322623252869, 0.8207520246505737, 0.6927096843719482, 0.8661999702453613, 0.5880016088485718, 0.8431950211524963, 0.8637832999229431, 0.7944650053977966, 0.7400408983230591, 0.8702055811882019, 0.8456457853317261, 0.7924628257751465, 0.8451284766197205, 0.6431931257247925, 0.5603798627853394, 0.8357412815093994, 0.534949779510498, 0.8765109181404114, 0.6589932441711426, 0.8524296283721924, 0.8189941048622131, 0.8671599626541138, 0.8436278104782104, 0.6960114240646362, 0.5827232003211975, 0.6189883947372437, 0.8315896391868591, 0.7607417106628418, -0.024226084351539612, 0.8237751722335815, 0.7685542106628418, 0.4500614404678345, 0.8589000701904297, 0.03897690773010254, 0.4494328796863556, 0.8465744256973267, 0.8983314633369446, 0.8572186231613159, 0.731500506401062, 0.5363290309906006, 0.9336106777191162, 0.8191185593605042, 0.7328736782073975, 0.6527237296104431, 0.6243549585342407, 0.8066122531890869, 0.39789125323295593, 0.8721321821212769, -0.6796561479568481, 0.6494075059890747, 0.934961199760437, 0.8779686093330383, 0.19229258596897125, 0.5914616584777832, 0.8783653974533081, 0.7853504419326782, 0.6363232135772705, 0.5181561708450317, 0.7796520590782166, 0.8716517686843872, 0.16738004982471466, 0.6381916403770447, 0.5337033271789551, 0.6464787721633911, 0.8597527146339417, 0.8440529108047485, 0.7535366415977478, 0.8088416457176208, 0.5546802878379822, 0.83824223279953, 0.8663804531097412, 0.4472163915634155, 0.9756982922554016, 0.9348214268684387, 0.7484428882598877, 0.7727667093276978, 0.8166626691818237, 0.7758827209472656, 0.846538245677948, 0.9129756689071655, 0.06120477616786957, 0.4810910224914551, 0.7991436719894409, 0.7496660351753235, 0.867892861366272, 0.8834534883499146, 0.788668692111969, 0.8425265550613403, 0.46564388275146484, 0.7799094319343567, 0.6830722093582153, 0.9170249700546265, 0.7728399634361267, 0.8459747433662415, 0.8253705501556396, 0.7560350894927979, 0.7480485439300537, 0.8731412887573242, 0.5713006258010864, 0.7876965403556824, 0.9003143906593323, 0.8413093090057373, 0.6007094383239746, 0.8576633930206299, 0.8216670751571655, 0.8007624745368958, 0.1793670952320099, 0.8521490097045898, 0.8816559314727783, 0.5657731294631958, 0.81377774477005, 0.8218203186988831, 0.8103189468383789, 0.818048357963562, -0.7403011322021484, 0.9215584397315979, 0.8003324270248413, 0.7780380249023438, 0.5093491077423096, 0.6806125044822693, 0.661934494972229, 0.8004121780395508, 0.843344509601593, 0.5717313885688782, 0.8744562864303589, 0.8377233147621155, 0.8193837404251099, 0.7039850950241089, 0.8110272288322449, 0.8212937116622925, 0.6223560571670532, 0.9266701340675354, 0.5588345527648926, 0.605367124080658, 0.5763197541236877, 0.7405794262886047, 0.49958813190460205, -0.0558755062520504, 0.6034553050994873, 0.8872609734535217, 0.5401802659034729, 0.41679471731185913, 0.588168740272522, 0.5075846314430237, 0.4920402467250824, 0.6802754402160645, 0.29493820667266846, 0.8619279861450195, 0.517579197883606, -0.36467474699020386, 0.7695542573928833, 0.4953053593635559, 0.7986940145492554, 0.7795340418815613, 0.9782940149307251, 0.8695879578590393, 0.7758955955505371, 0.9296892881393433, 0.4865613281726837, 0.7200015783309937, 0.8503650426864624, 0.7928576469421387, 0.8441557884216309, 0.688620924949646, 0.7920823097229004, 0.7697753310203552, 0.8663708567619324, 0.8648692965507507, 0.6873241066932678, 0.810179591178894, 0.34688496589660645, 0.8666884303092957, 0.5854372978210449, 0.5354599952697754, 0.7551771402359009, 0.919906735420227, 0.5472716689109802, 0.5429737567901611, 0.8255807757377625, -0.3803752064704895, 0.6283658742904663, 0.8471618890762329, 0.626096248626709, 0.8492206931114197, 0.8796536922454834, 0.9358930587768555, 0.8567944765090942, 0.7002389430999756, 0.8747812509536743, 0.8977494239807129, 0.9271769523620605, 0.07476415485143661, 0.7403686046600342, 0.7825684547424316, 0.7126462459564209, 0.9113891124725342, 0.8508124351501465, 0.6059536337852478, 0.856349766254425, 0.927752673625946, 0.7443875670433044, 0.8046107888221741, 0.8753800392150879, 0.7692701816558838, 0.7951968908309937, -0.23533040285110474, 0.835165798664093, 0.7528958320617676, 0.7817572355270386, 0.8050583600997925, 0.7546612620353699, 0.6692655086517334, 0.6306176781654358, 0.5906378030776978, 0.8900147080421448, 0.7311269640922546, 0.7923622131347656, 0.8399880528450012, 0.9780911207199097, 0.9145322442054749, -0.6487489938735962, 0.5210247039794922, 0.8885430693626404, 0.7554448843002319, 0.46683269739151, 0.8989918231964111, 0.8414575457572937, 0.5085463523864746, 0.8203316330909729, 0.48327186703681946, 0.7611640095710754, 0.7935504913330078, 0.7858872413635254, 0.5516632795333862, 0.8569878339767456, 0.780388593673706, 0.8290101289749146, 0.4966546297073364, 0.8117916584014893, 0.8733631372451782, 0.8149838447570801, 0.5321463346481323, 0.8187376260757446, 0.8639925718307495, 0.784806489944458, 0.6197231411933899, 0.825687050819397, 0.7729001045227051, 0.7543952465057373, 0.5978069305419922, 0.4139321446418762, -0.4718610644340515, 0.8635690212249756, 0.7657084465026855, 0.8266675472259521, 0.8082060813903809, 0.9171901345252991, 0.8489742875099182, 0.837786078453064, 0.17156682908535004, 0.6987564563751221, 0.7764743566513062, 0.7881309986114502, 0.8363217115402222, 0.8343121409416199, 0.8404902219772339, 0.6999756097793579, 0.7957538366317749, 0.8701854348182678, 0.6106220483779907, 0.23556765913963318, 0.7815415859222412, 0.8962215781211853, 0.8365239500999451, 0.8670350313186646, 0.8534000515937805, 0.6225230693817139, 0.5224961638450623, 0.3634391725063324, 0.810893177986145, 0.36640632152557373, 0.7101504802703857, 0.6415942907333374, 0.8760527968406677, 0.5134527087211609, 0.815257728099823, -0.7915621995925903, 0.8653491735458374, 0.7156177163124084, 0.8636937141418457, 0.7485369443893433, 0.8065189719200134, 0.4880417585372925, 0.6895701289176941, 0.804905116558075, 0.8290238380432129, 0.4900699853897095, 0.9323294162750244, 0.8340045213699341, 0.8179334402084351, 0.8679990768432617, 0.7971737384796143, 0.8803166151046753, 0.30050718784332275, 0.8387569785118103, 0.7374371290206909, 0.7552078366279602, 0.8352737426757812, 0.9386085271835327, 0.8760667443275452, 0.5262564420700073, 0.5498855113983154, 0.8386242389678955, 0.7423316240310669, 0.8666812777519226, 0.8052607178688049, 0.5106339454650879, 0.5246778130531311, 0.43318289518356323, 0.5742703676223755, 0.13488854467868805, 0.975564181804657, 0.4869237542152405, 0.40764814615249634, 0.7360877990722656, 0.512029767036438, 0.25678080320358276, 0.45159268379211426, 0.8343789577484131, 0.8100407123565674, 0.6437332630157471, 0.48459097743034363, 0.9302111864089966, 0.5556164979934692, 0.8326742649078369, 0.8216745853424072, 0.500988781452179, 0.7969038486480713, 0.8516758680343628, 0.7907517552375793, 0.26916974782943726, 0.8150153160095215, 0.8351175785064697, 0.7170339226722717, 0.4916841387748718, 0.7906812429428101, 0.844806432723999, 0.6281308531761169, 0.5295907258987427, 0.8206686973571777, 0.8258482217788696, 0.8968652486801147, 0.8312240839004517, 0.5159754753112793, 0.808755099773407, 0.8151499032974243, 0.7649033069610596, 0.691057562828064, 0.8613870739936829, 0.6550601124763489, 0.5310803651809692, 0.8606859445571899, 0.8338960409164429, 0.840303897857666, 0.8247234225273132, 0.8689233064651489, 0.7566757798194885, 0.8063322305679321, 0.7983919382095337, 0.8836844563484192, 0.8087336421012878, 0.8168452978134155, 0.8149433732032776, 0.7965723276138306, 0.7136169075965881, 0.7560789585113525, 0.6118541955947876, 0.8606374859809875, -0.38253054022789, 0.8983741998672485, 0.8203773498535156, 0.8368961811065674, 0.8087650537490845, 0.8991835117340088, 0.6735517978668213, 0.7831131219863892, 0.6910879611968994, 0.9159232378005981, 0.8127622008323669, 0.8786755800247192, 0.6872959136962891, 0.45556578040122986, 0.8644170165061951, 0.48937901854515076, 0.7331910133361816, 0.7326368093490601, 0.5345991849899292, 0.836301326751709, 0.8610367178916931, 0.8538878560066223, 0.4989444613456726, 0.8764411807060242, 0.8605038523674011, 0.86195307970047, 0.8653690814971924, 0.9330030083656311, 0.8633391857147217, 0.6511698365211487, 0.8214044570922852, 0.22625821828842163, 0.7985444068908691, 0.5117031335830688, 0.8456059694290161, 0.4632599949836731, 0.8058295845985413, 0.5660760998725891, 0.5939429402351379, 0.8065499663352966, 0.7856231927871704, 0.48105549812316895, 0.7753978967666626, 0.7392429113388062, 0.879123330116272, 0.6024973392486572, 0.5092797875404358, 0.782549262046814, 0.8191993236541748, 0.4859338402748108, 0.8264830112457275, 0.6427034139633179, 0.781576931476593, 0.8707114458084106, 0.8216227889060974, 0.9362163543701172, 0.8475521206855774, 0.31463822722435, 0.8085248470306396, 0.9335001707077026, 0.8446357250213623, 0.5753718614578247, 0.882802426815033, 0.6857537031173706, 0.8201231956481934, 0.8696757555007935, 0.7966800928115845, 0.8132404088973999, 0.5797344446182251, 0.6779851317405701, 0.86946702003479, 0.504067063331604, 0.8652661442756653, 0.3239624500274658, 0.8697448968887329, 0.6307476758956909, 0.6382710337638855, 0.785530686378479, 0.865654706954956, 0.8596168756484985, 0.8474516868591309, 0.910915195941925, 0.5043361186981201, 0.8053381443023682, 0.7942265272140503, 0.9382847547531128, 0.3760755956172943, 0.8517423868179321, 0.19575589895248413, 0.4911368191242218, 0.8269010782241821, 0.3791639804840088, 0.8011040687561035, 0.8594053983688354, 0.7454338073730469, 0.8368256688117981, 0.6569778323173523, 0.7407071590423584, 0.6131792068481445, 0.8658791780471802, 0.5648295879364014, 0.3420340418815613, 0.7506645321846008, 0.8970744609832764, 0.980841338634491, 0.9065167307853699, 0.6345388889312744, 0.85462486743927, 0.7580406069755554, 0.8722947835922241, 0.7579976916313171, 0.7969799041748047, 0.7728050947189331, 0.7787706851959229, 0.7459250092506409, 0.8431501984596252, 0.7887881398200989, 0.7570695281028748, 0.8939658403396606, 0.6132102608680725, 0.8046286106109619, 0.7311174869537354, 0.7567179203033447, 0.7119036912918091, 0.8610184788703918, 0.5589693784713745, 0.5798320174217224, 0.511123776435852, 0.7183459401130676, 0.007985800504684448, 0.833341658115387, 0.8633133172988892, 0.8608304262161255, 0.8334017395973206, 0.9244382977485657, 0.7978206872940063, 0.8609362840652466, 0.8641853928565979, 0.20444321632385254, 0.7828222513198853, 0.5715052485466003, 0.8123908042907715, 0.5201054215431213, 0.34661751985549927, 0.8641128540039062, 0.85933917760849, 0.16089078783988953, 0.9826104640960693, 0.7828609347343445, 0.49698007106781006, 0.940025806427002, 0.9275282621383667, 0.756732702255249, 0.6853294372558594, 0.6324464082717896, 0.05511252582073212, 0.2906273901462555, 0.8487365245819092, 0.530976414680481, 0.780694305896759, 0.857485830783844, 0.8120181560516357, 0.8671779632568359, 0.8229174613952637, 0.7989550232887268, 0.5076574683189392, 0.956646203994751, 0.7963305115699768, 0.8660394549369812, 0.766767144203186, 0.7922771573066711, 0.8729740381240845, 0.36918655037879944, 0.8923401236534119, 0.6901389360427856, 0.882372260093689, 0.4044603705406189, 0.8204385042190552, 0.7857381701469421, 0.8905291557312012, 0.7795346975326538, 0.8077948093414307, 0.8526244163513184, 0.7755377292633057, 0.8169846534729004, 0.7750474214553833, 0.8103124499320984, 0.8931316137313843, 0.8668452501296997, -0.0032260213047266006, 0.8737844228744507, 0.8542611598968506, 0.44906413555145264, 0.5216586589813232, 0.8561894297599792, 0.9175567626953125, 0.45452794432640076, 0.8733177185058594, 0.7668316960334778, 0.6402332782745361, 0.7899105548858643, 0.8639748692512512, 0.824287474155426, 0.3892901539802551, 0.8257979154586792, 0.5118056535720825, 0.7574725151062012, 0.8669378757476807, 0.8264058828353882, 0.8696956634521484, 0.8037809133529663, 0.818860650062561, 0.7899376153945923, 0.7969430088996887, 0.8340342044830322, 0.5429742336273193, 0.5708298087120056, 0.27272284030914307, 0.867304265499115, 0.9277766942977905, 0.876453697681427, 0.6843733787536621, 0.45436638593673706, 0.8494199514389038, 0.7563918828964233, 0.7093346118927002, 0.8555458784103394, 0.5328706502914429, 0.8958555459976196, 0.5708209872245789, 0.6305797100067139, 0.6659103035926819, 0.6689184904098511, 0.8644192814826965, 0.8791239261627197, 0.5922221541404724, 0.5945603847503662, 0.8528319597244263, 0.8293832540512085, 0.7775595188140869, 0.7912185192108154, 0.8896455764770508, 0.18800893425941467, 0.7364334464073181, 0.8201560974121094, 0.7525898218154907, 0.8237084150314331, 0.8269186019897461, 0.8628863096237183, 0.5728833675384521, 0.5991516709327698, 0.45210567116737366, 0.6159296035766602, 0.8904619216918945, 0.8691045045852661, 0.8207025527954102, 0.9776104092597961, 0.43813177943229675, 0.793712317943573, 0.8759146332740784, 0.8055057525634766, 0.5904251337051392, 0.864667534828186, 0.8456218838691711, 0.8071177005767822, 0.8473946452140808, 0.6055698394775391, 0.03503832966089249, 0.4556334912776947, 0.8121745586395264, 0.8872342109680176, 0.4953140318393707, 0.6619204878807068, 0.4399130642414093, 0.4539300203323364, 0.8816283941268921, 0.675849199295044, 0.7999782562255859, 0.49812769889831543, 0.7817630171775818, 0.6426452398300171, 0.8113151788711548, 0.8902584314346313, 0.5009636282920837, 0.7366482615470886, 0.6485804319381714, 0.8331838846206665, 0.7483544945716858, 0.8376095294952393, 0.8472788333892822, 0.8856967687606812, 0.7015529870986938, 0.8542721271514893, 0.5472478270530701, 0.8430700302124023, 0.8364652991294861, 0.7418757081031799, 0.8835347890853882, 0.809407651424408, 0.8434285521507263, 0.43032634258270264, 0.872995138168335, 0.8618500232696533, 0.3833850920200348, 0.4795234501361847, 0.8117786049842834, 0.7728044390678406, 0.8063981533050537, 0.5938827991485596, 0.8739318251609802, 0.8013803958892822, 0.16890010237693787, 0.8397535085678101, 0.8976908922195435, 0.8564010262489319, 0.6501150727272034, 0.6422215700149536, 0.8981115818023682, 0.711414635181427, 0.8651926517486572, 0.8035074472427368, 0.829715371131897, 0.5803314447402954, 0.500029444694519, 0.8044074773788452, 0.8848488330841064, 0.8703709244728088, 0.5797654986381531, 0.8649033308029175, 0.8677065372467041, 0.7959960103034973, -0.5353360772132874, 0.7169086933135986, 0.8402342796325684, 0.8078328371047974, 0.8181235790252686, 0.8749440312385559, 0.9294687509536743, 0.7529197931289673, 0.7831177711486816, -0.6404577493667603, 0.5946720838546753, 0.008683592081069946, 0.7066491842269897, 0.537744402885437, 0.6955697536468506, 0.8534942269325256, 0.8653552532196045, 0.8264731168746948, 0.8515607714653015, 0.8737305998802185, 0.7871860265731812, -0.05917057394981384, 0.882964551448822, 0.483853280544281, -0.5943887233734131, 0.5745320320129395, 0.558837354183197, 0.44284623861312866, 0.9239566922187805, 0.8676753044128418, 0.5711022615432739, 0.4980611801147461, 0.843453049659729, 0.8420499563217163, 0.792269229888916, 0.8796238899230957, 0.6236114501953125, 0.7934642434120178, 0.7987306714057922, 0.8248836994171143, 0.835242748260498, 0.10081326961517334, 0.6589412689208984, 0.8660545349121094, 0.6389355659484863, 0.5553746223449707, 0.8327653408050537, 0.8778738379478455, 0.7483585476875305, 0.7435458302497864, 0.7783185243606567, 0.8586232662200928, 0.7857231497764587, 0.5632808208465576, 0.8283840417861938, 0.6186285018920898, 0.8111190795898438, 0.7674244046211243, 0.8167241811752319, 0.7236760854721069, 0.8393532037734985, 0.7471040487289429, 0.7111159563064575, 0.3610766530036926, 0.4073781967163086, 0.8044580221176147, 0.8532647490501404, 0.5317316651344299, 0.8864607214927673, 0.6251437664031982, 0.32344934344291687, 0.8522958755493164, 0.8156187534332275, 0.7073173522949219, 0.7669297456741333, 0.8801202774047852, 0.9245349168777466, 0.4390828311443329, 0.7928315997123718, 0.8293576240539551, 0.8900271654129028, 0.8497549891471863, 0.8676438331604004, 0.8980254530906677, 0.750339150428772, 0.6050771474838257, 0.6566065549850464, 0.6652864217758179, 0.6258291006088257, 0.8353856801986694, 0.7617284059524536, 0.921065628528595, 0.8583842515945435, 0.8160940408706665, 0.8826726078987122, 0.7698787450790405, 0.5010430216789246, 0.08616068959236145, 0.06533081829547882, 0.7962576150894165, 0.873584508895874, 0.24265925586223602, 0.8594858646392822, 0.588824450969696, 0.8782398700714111, 0.5615839958190918, 0.8457292318344116, 0.8550637364387512, 0.8609805107116699, 0.8074302673339844, 0.7802977561950684, 0.8381534814834595, 0.7955613136291504, 0.8536825776100159, 0.7443498969078064, 0.6095293164253235, 0.853736937046051, 0.8818849325180054, 0.970930814743042, 0.5698564052581787, 0.5424215197563171, 0.7958182096481323, 0.8237094879150391, -0.19061033427715302, 0.8346196413040161, 0.6086956262588501, 0.8471671342849731, 0.7104102373123169, 0.739783525466919, 0.8439626693725586, 0.4138033390045166, 0.5211181640625, 0.618132472038269, 0.8504436612129211, 0.8633463382720947, 0.8598381876945496, -0.06550606340169907, 0.9163267016410828, 0.6330117583274841, 0.8778670430183411, 0.8441588878631592, 0.6397992372512817, 0.7948973774909973, 0.43612489104270935, -0.22995787858963013, 0.5272116661071777, 0.7825882434844971, 0.9098206758499146, 0.8872862458229065, 0.4627014994621277, 0.6275312900543213, 0.8772329092025757, 0.737504243850708, 0.5366195440292358, 0.8274863958358765, 0.7746531367301941, 0.38639935851097107, 0.860953688621521, 0.8662285804748535, 0.9078017473220825, 0.8148884773254395, 0.8398705720901489, 0.80846107006073, 0.843766450881958, 0.807138204574585, 0.8515807390213013, 0.8879067897796631, 0.7763131856918335, 0.821800947189331, 0.6388189792633057, 0.9087298512458801, 0.8780144453048706, 0.9248612523078918, 0.8201062679290771, 0.6821185946464539, 0.6384451389312744, 0.8131935596466064, 0.5943456888198853, 0.7839064598083496, 0.8768548369407654, 0.9702126383781433, 0.8029026389122009, 0.538221538066864, 0.6172249913215637, 0.6635740399360657, 0.9010719060897827, 0.857664942741394, 0.7227327227592468, 0.562188446521759, 0.8358504772186279, 0.6681723594665527, 0.33726173639297485, 0.8355023860931396, 0.4810662865638733, 0.8151202201843262, 0.8837530016899109, 0.7910359501838684, 0.7675498723983765, 0.8284792900085449, 0.7562130093574524, 0.812384843826294, 0.8805040121078491, 0.7319891452789307, 0.7282298803329468, 0.8210675716400146, 0.7983897924423218, 0.5095981955528259, 0.5882562398910522, 0.4982437491416931, 0.7429277896881104, 0.4338061213493347, 0.7475020885467529, 0.8629088401794434, 0.3252013027667999, 0.7242847084999084, 0.8961924314498901, 0.7823357582092285, 0.46212220191955566, 0.8704181909561157, 0.520763635635376, 0.8706170320510864, 0.7536075115203857, 0.7983479499816895, 0.47782352566719055, 0.5496873259544373, 0.9104399681091309, 0.7793725728988647, 0.5405925512313843, 0.750424325466156, 0.5347023010253906, 0.8760973215103149, 0.7585361003875732, 0.8689686059951782, 0.8529880046844482, 0.6052999496459961, 0.5792136192321777, 0.7317291498184204, 0.9318410158157349, 0.8380856513977051, 0.6036568880081177, 0.7795472145080566, 0.7805192470550537, 0.8434919118881226, 0.8483672738075256, 0.9596006274223328, 0.6482944488525391, 0.8059479594230652, 0.8522143363952637, 0.686064600944519, 0.5992199182510376, 0.3367432653903961, 0.5999717116355896, 0.7515923380851746, 0.4421754777431488, 0.7830049395561218, 0.8082959651947021, 0.3591347336769104, 0.7672313451766968, 0.6366562843322754, 0.8959442377090454, 0.7331613898277283, 0.5819451808929443, 0.8197293877601624, 0.46132200956344604, 0.8612837195396423, 0.8403926491737366, 0.672751784324646, 0.9207361340522766, 0.8397096395492554, 0.8358154892921448, 0.7163428068161011, 0.8378775119781494, 0.8222854733467102, 0.7973868250846863, 0.7994680404663086, 0.9026319980621338, 0.8214497566223145, 0.8536441326141357]
