sample name: ['Cc1ccc(CCNC(=O)NCCc2csc(N3CCCC3)n2)c(C)c1']
atom_index,distance,cosine_similarity
0,-0.0044384765625,-0.01192703828215599
1,0.2883172607421875,-0.028046121671795845
2,-0.437333984375,0.03776051715016365
3,-0.8888720703125,0.09509269557893277
4,-0.140257568359375,0.002157471999526024
5,-0.3333502197265625,0.03656622510403395
6,-0.61831298828125,0.061369238570332524
7,0.0451800537109375,-0.005855786055326462
8,-0.5746533203125,0.06088129416108132
9,-0.2099493408203125,0.029346978589892388
10,-1.093955078125,0.13190217852592467
11,-0.096324462890625,0.03160377983003855
12,-0.6386444091796875,0.07419721312820911
13,-0.4850091552734375,0.04059602864086628
14,-0.1172796630859375,0.021455984637141226
15,-0.19865234375,0.017764388769865035
16,-0.7644293212890625,0.08044155612587929
17,-0.570445556640625,0.05398762702941894
18,-0.6527685546875,0.06598043698817492
19,-0.6064007568359375,0.06555389065295458
20,0.150501708984375,-0.024639417082071305

Sum of phi values for distance
-7.94707824707031
Sum of phi values for cosine similarity
0.8361891423910858
Average distance random samples:
7.498543747422241
Average cosine similarity random samples:
0.5378402992364552
Distances random samples
[5.587838172912598, 16.628490447998047, 4.746649742126465, 4.765817642211914, 6.9031195640563965, 4.316411018371582, 5.679642200469971, 4.7117180824279785, 16.023576736450195, 9.81351089477539, 3.9959187507629395, 13.278048515319824, 10.78174114227295, 17.051748275756836, 5.465242862701416, 5.2449517250061035, 13.069525718688965, 17.187353134155273, 14.125296592712402, 16.912187576293945, 13.525442123413086, 5.286837577819824, 4.554697036743164, 17.061805725097656, 3.3729350566864014, 5.255624771118164, 4.565362930297852, 12.651374816894531, 13.138137817382812, 7.602592468261719, 4.269670009613037, 5.0881853103637695, 2.5793657302856445, 10.318033218383789, 4.820838451385498, 3.859867811203003, 4.611438751220703, 4.997645854949951, 17.42971420288086, 3.8862926959991455, 15.155978202819824, 4.223789691925049, 19.790904998779297, 14.214656829833984, 4.523445129394531, 16.815690994262695, 3.8539276123046875, 5.379213333129883, 5.718618392944336, 4.6370649337768555, 5.785886287689209, 15.84464168548584, 5.913147449493408, 8.220189094543457, 3.7239091396331787, 4.21536922454834, 6.296324253082275, 4.5093536376953125, 13.024191856384277, 15.966924667358398, 6.482278347015381, 17.245033264160156, 11.246895790100098, 16.545263290405273, 5.313014507293701, 16.727066040039062, 7.068134784698486, 10.103039741516113, 15.972885131835938, 7.585764408111572, 5.061330318450928, 12.23542594909668, 5.678985595703125, 5.708032608032227, 16.5858097076416, 17.190664291381836, 6.7426934242248535, 5.019060134887695, 12.712217330932617, 3.6587018966674805, 12.237102508544922, 16.193099975585938, 5.170080184936523, 5.597353458404541, 9.000143051147461, 16.710601806640625, 5.18119478225708, 5.799347400665283, 14.153728485107422, 7.555746078491211, 4.007969856262207, 4.594038963317871, 6.550825595855713, 6.229668617248535, 12.532134056091309, 5.049497127532959, 5.183289051055908, 4.2639923095703125, 4.098949432373047, 3.9924895763397217, 7.34290885925293, 5.198610305786133, 5.188911437988281, 5.455297946929932, 8.465313911437988, 18.05585289001465, 4.566904067993164, 5.515623569488525, 3.4272513389587402, 5.133347034454346, 9.538543701171875, 5.848428249359131, 4.843569278717041, 5.307298183441162, 5.442440986633301, 5.454037189483643, 5.1649932861328125, 4.163381099700928, 9.73214340209961, 5.997311592102051, 4.028314590454102, 5.858020305633545, 6.313971519470215, 6.4920549392700195, 5.476801872253418, 5.300422191619873, 5.027353763580322, 4.24131965637207, 3.9783785343170166, 4.704927921295166, 4.867127895355225, 4.654674530029297, 4.239119529724121, 5.2920613288879395, 16.093515396118164, 17.063730239868164, 5.078887939453125, 18.140466690063477, 14.69620418548584, 7.232507228851318, 5.784487724304199, 10.131011962890625, 4.846864700317383, 4.398060321807861, 9.690823554992676, 5.79410982131958, 4.909311771392822, 8.23062515258789, 2.436338186264038, 14.312882423400879, 16.79145050048828, 8.623223304748535, 12.471565246582031, 4.5921173095703125, 8.777973175048828, 3.2016141414642334, 4.8111653327941895, 11.722036361694336, 10.354784965515137, 5.869600296020508, 17.429420471191406, 4.297152519226074, 9.472667694091797, 18.047008514404297, 18.049524307250977, 4.778140068054199, 3.645517587661743, 5.422074794769287, 4.090402126312256, 6.254103183746338, 5.491852283477783, 4.839376926422119, 4.8757805824279785, 4.935063362121582, 3.950197458267212, 5.692595958709717, 4.860985279083252, 18.023372650146484, 4.839595794677734, 9.803712844848633, 4.6362833976745605, 3.856476068496704, 5.383708477020264, 7.9969401359558105, 16.438457489013672, 11.562727928161621, 4.883328437805176, 3.6726303100585938, 11.831326484680176, 4.133520603179932, 4.045254707336426, 5.236721038818359, 12.428976058959961, 5.059504985809326, 17.77542495727539, 15.655329704284668, 5.005086421966553, 4.33428955078125, 4.395777702331543, 5.707548141479492, 4.6013407707214355, 18.155031204223633, 5.01887321472168, 3.870349884033203, 6.873600006103516, 7.5841779708862305, 16.79534339904785, 5.4247846603393555, 5.46941614151001, 8.391090393066406, 5.097347736358643, 14.384791374206543, 9.670220375061035, 4.6029276847839355, 5.697682857513428, 5.869532108306885, 17.4709415435791, 5.476466655731201, 17.73724365234375, 13.229628562927246, 7.812441349029541, 3.908508539199829, 3.826157808303833, 10.060147285461426, 18.51263427734375, 17.76133918762207, 4.869440078735352, 5.211647033691406, 5.0865702629089355, 15.491790771484375, 4.923539161682129, 3.7428345680236816, 4.222485065460205, 4.752358913421631, 4.466092586517334, 5.303618907928467, 3.4324073791503906, 5.588159561157227, 4.158366680145264, 5.695427894592285, 19.71843719482422, 7.828705310821533, 5.120812892913818, 4.725574016571045, 3.5522823333740234, 6.2833099365234375, 3.953557014465332, 4.796351909637451, 5.264196395874023, 4.662338733673096, 11.922176361083984, 16.6737003326416, 5.713078022003174, 5.075063228607178, 5.111635684967041, 9.98767375946045, 5.408957004547119, 4.867537498474121, 5.174137592315674, 4.198354721069336, 17.95515251159668, 4.6041364669799805, 4.724971294403076, 8.646339416503906, 9.252570152282715, 4.476507663726807, 6.317193508148193, 5.321497917175293, 3.792644500732422, 5.089081287384033, 3.9527788162231445, 4.996519088745117, 4.46292781829834, 10.28145980834961, 6.658015251159668, 4.684891700744629, 3.159376621246338, 5.151881694793701, 5.766811847686768, 7.46766471862793, 15.970514297485352, 4.777626037597656, 5.968705177307129, 4.561298847198486, 16.702301025390625, 6.94027853012085, 4.634336471557617, 4.080968379974365, 3.921884298324585, 12.942741394042969, 6.532895565032959, 5.0100274085998535, 6.822044372558594, 5.867035865783691, 5.299398422241211, 4.6055474281311035, 9.09725570678711, 12.729687690734863, 5.4451422691345215, 10.853525161743164, 10.022632598876953, 16.48812484741211, 4.675813674926758, 18.21324348449707, 6.070870399475098, 4.952726364135742, 5.384875297546387, 5.062877655029297, 3.810865879058838, 4.900304794311523, 4.1407575607299805, 4.239985942840576, 10.077410697937012, 4.172470569610596, 8.923105239868164, 12.193310737609863, 10.226046562194824, 3.742143154144287, 3.84588885307312, 19.43412208557129, 5.179717540740967, 4.207016468048096, 4.851007461547852, 4.324707984924316, 6.951094627380371, 5.233624458312988, 6.031905651092529, 5.137697219848633, 10.188190460205078, 5.181282997131348, 11.143914222717285, 5.693603515625, 4.928570747375488, 2.7959513664245605, 5.9108147621154785, 5.060985565185547, 4.881305694580078, 3.135178804397583, 4.361620903015137, 7.170687198638916, 8.421491622924805, 7.753499984741211, 4.928474426269531, 3.9888739585876465, 5.078751564025879, 9.683547019958496, 8.474026679992676, 5.014023780822754, 3.7206599712371826, 5.158586025238037, 8.256001472473145, 4.99698543548584, 13.71790599822998, 4.887022972106934, 5.766729831695557, 4.3830647468566895, 6.250120639801025, 17.82779884338379, 5.00309419631958, 5.33775520324707, 6.7609453201293945, 18.777976989746094, 5.321126937866211, 5.700408935546875, 16.743654251098633, 5.8443803787231445, 3.866711378097534, 3.4085257053375244, 4.0589423179626465, 10.425674438476562, 8.623335838317871, 6.304422378540039, 4.747768878936768, 5.320563316345215, 5.3781585693359375, 7.167949199676514, 5.242868423461914, 12.604205131530762, 5.086688995361328, 9.709487915039062, 9.970070838928223, 19.602630615234375, 5.917511940002441, 9.41130256652832, 16.800884246826172, 4.990288734436035, 5.055670738220215, 4.766940593719482, 4.483335494995117, 13.074113845825195, 17.944744110107422, 6.296023845672607, 12.766942977905273, 16.624408721923828, 5.627779960632324, 13.232410430908203, 5.113517761230469, 3.657564640045166, 6.58319091796875, 4.75198221206665, 5.011865139007568, 12.314697265625, 5.163987159729004, 5.680818557739258, 5.052526950836182, 5.995649814605713, 5.991095066070557, 16.853530883789062, 7.644548416137695, 4.45761775970459, 9.967489242553711, 3.8547275066375732, 4.207168102264404, 4.5603132247924805, 4.855284214019775, 17.312593460083008, 4.6792216300964355, 13.618667602539062, 4.284693241119385, 5.839925765991211, 3.8400158882141113, 4.427076816558838, 17.2438907623291, 4.579769611358643, 5.469810485839844, 3.9588685035705566, 4.156652927398682, 17.839210510253906, 12.878496170043945, 4.893240928649902, 5.17510461807251, 5.369223594665527, 5.367509841918945, 5.652128219604492, 4.785604476928711, 4.438258171081543, 4.232728481292725, 5.394250392913818, 11.53095531463623, 4.453938961029053, 5.574938774108887, 19.125696182250977, 4.575556755065918, 4.068065643310547, 4.916847229003906, 4.428032398223877, 6.023089408874512, 5.206239223480225, 5.088490009307861, 4.780333995819092, 4.1462178230285645, 5.557767868041992, 4.414625644683838, 2.8528106212615967, 4.394718170166016, 5.286922931671143, 5.286307334899902, 5.528189182281494, 5.0164384841918945, 5.280236721038818, 7.315098285675049, 9.949850082397461, 16.78936004638672, 5.090090751647949, 3.962937116622925, 5.758795738220215, 6.408069610595703, 4.197329998016357, 4.116252422332764, 14.274858474731445, 17.18434715270996, 5.17449426651001, 5.2942214012146, 4.510300636291504, 5.434134006500244, 5.29049825668335, 18.639602661132812, 4.9987053871154785, 5.810002326965332, 4.242454528808594, 17.05209732055664, 5.115090847015381, 5.001101970672607, 5.114658355712891, 12.463713645935059, 4.804161548614502, 4.776900768280029, 4.39635705947876, 7.021817207336426, 5.189152240753174, 18.068016052246094, 6.031333923339844, 12.492879867553711, 5.691170692443848, 5.788658618927002, 8.928929328918457, 5.42723274230957, 4.329232215881348, 15.634989738464355, 12.798208236694336, 5.43088960647583, 4.1553053855896, 11.698223114013672, 3.991485834121704, 8.295119285583496, 8.691938400268555, 11.075990676879883, 4.87606143951416, 5.2560811042785645, 4.910260200500488, 17.297033309936523, 10.55781364440918, 4.0149736404418945, 5.555013179779053, 3.804982900619507, 4.867589473724365, 18.50926971435547, 6.338895320892334, 6.3811869621276855, 7.192346096038818, 5.830541610717773, 11.4960355758667, 18.394134521484375, 4.668496131896973, 11.897417068481445, 4.283578395843506, 4.469308376312256, 14.118430137634277, 4.849945545196533, 4.5927228927612305, 9.327322959899902, 10.57667064666748, 4.225245952606201, 4.176954746246338, 4.919382095336914, 6.1022210121154785, 5.469026565551758, 4.678199291229248, 7.040465831756592, 18.83323097229004, 10.017117500305176, 4.021029472351074, 8.5842866897583, 5.283518314361572, 4.542233943939209, 4.020733833312988, 3.4742066860198975, 4.1022443771362305, 5.883773326873779, 4.775146961212158, 4.034495830535889, 3.9486281871795654, 3.164865255355835, 5.874133110046387, 5.492913722991943, 5.046205043792725, 12.027471542358398, 3.9356536865234375, 4.648193359375, 11.688408851623535, 4.417392730712891, 5.879745006561279, 12.666166305541992, 5.535770416259766, 5.0794477462768555, 3.6463420391082764, 17.322830200195312, 5.693022727966309, 18.374162673950195, 4.47103214263916, 4.866275310516357, 16.951404571533203, 5.425509452819824, 17.946895599365234, 16.27882957458496, 3.892693281173706, 5.120674133300781, 6.680971145629883, 4.864545822143555, 5.420904636383057, 3.168015480041504, 8.355838775634766, 12.634699821472168, 10.371920585632324, 9.270659446716309, 17.84894371032715, 5.68387508392334, 4.986644268035889, 6.572991847991943, 4.163605690002441, 3.6590042114257812, 8.2207612991333, 10.340180397033691, 1.9692680835723877, 5.330901145935059, 4.039052486419678, 4.996975898742676, 5.131158828735352, 17.77208709716797, 4.825564384460449, 4.866944313049316, 7.44697380065918, 5.029904842376709, 10.227666854858398, 4.66964864730835, 4.419121742248535, 5.1234822273254395, 11.996810913085938, 4.28975248336792, 17.2835750579834, 3.468118906021118, 4.314558982849121, 5.202536582946777, 4.035337924957275, 16.71724510192871, 16.710193634033203, 5.508271217346191, 3.5525214672088623, 4.184515476226807, 4.6141767501831055, 8.115008354187012, 11.963274955749512, 5.164310932159424, 4.105908393859863, 4.633591651916504, 3.4854862689971924, 4.908645153045654, 15.31765365600586, 5.205228328704834, 9.610136032104492, 6.175069808959961, 8.313438415527344, 12.810287475585938, 4.910318374633789, 5.416994571685791, 4.534398555755615, 5.394448280334473, 5.585684776306152, 1.9544788599014282, 12.73017406463623, 3.121073007583618, 5.301467418670654, 5.5144243240356445, 5.140965938568115, 9.913028717041016, 10.23773193359375, 10.052763938903809, 15.879009246826172, 17.731468200683594, 6.001264572143555, 5.717029571533203, 4.474551200866699, 4.002254009246826, 5.594303131103516, 4.714792251586914, 4.276090621948242, 9.433369636535645, 4.745173931121826, 5.404497146606445, 5.606659412384033, 18.74289894104004, 17.706119537353516, 16.04179573059082, 5.709929943084717, 7.851849555969238, 14.192229270935059, 4.132184982299805, 5.575318336486816, 11.311281204223633, 8.312521934509277, 4.77588415145874, 3.93253493309021, 3.3413779735565186, 15.354866981506348, 5.725249290466309, 4.586160659790039, 4.635398864746094, 13.8546724319458, 6.098098278045654, 0.8544206619262695, 5.083201885223389, 15.324087142944336, 11.320013046264648, 5.523890495300293, 10.715375900268555, 5.91785192489624, 5.192943096160889, 5.26437520980835, 18.135387420654297, 4.880270004272461, 5.487912178039551, 9.98879337310791, 4.191704273223877, 12.25986385345459, 16.671293258666992, 4.588677406311035, 2.7788028717041016, 4.683054447174072, 6.2134623527526855, 7.101561069488525, 4.951628684997559, 5.841495037078857, 5.266854286193848, 5.60306453704834, 5.2210822105407715, 4.1836066246032715, 5.269783973693848, 4.165567398071289, 5.984055042266846, 3.462833881378174, 4.9487738609313965, 6.955235481262207, 8.340400695800781, 4.944548606872559, 4.495143413543701, 5.080407619476318, 3.624398946762085, 5.375175476074219, 5.2636871337890625, 5.18423318862915, 4.864831924438477, 3.6812713146209717, 3.6347312927246094, 5.308730125427246, 4.70431661605835, 17.7843074798584, 4.353451251983643, 5.831287860870361, 3.376352310180664, 5.784163951873779, 4.140426158905029, 5.520138263702393, 11.339242935180664, 4.391229629516602, 5.0990753173828125, 6.797316074371338, 5.510008811950684, 4.711260795593262, 6.310365200042725, 3.7569870948791504, 16.326744079589844, 13.580044746398926, 5.846918106079102, 4.16231632232666, 5.268901824951172, 5.716292858123779, 4.4139628410339355, 8.862497329711914, 6.321109771728516, 4.9429521560668945, 4.545063018798828, 3.9259045124053955, 4.723808288574219, 17.114229202270508, 8.808921813964844, 6.068728923797607, 4.894901275634766, 6.252993583679199, 5.664592742919922, 5.386472225189209, 17.068321228027344, 10.90324592590332, 9.448309898376465, 5.319267749786377, 5.276018142700195, 5.158083438873291, 4.92841911315918, 11.392430305480957, 4.898763656616211, 18.67207145690918, 4.653241157531738, 8.991445541381836, 5.670907974243164, 4.775108814239502, 5.782705307006836, 3.9640376567840576, 16.77600860595703, 3.8151726722717285, 16.965667724609375, 4.090855598449707, 4.410749912261963, 3.141925811767578, 5.97437047958374, 5.570590019226074, 7.044471740722656, 4.572306156158447, 5.261855602264404, 15.978496551513672, 5.2166008949279785, 4.757989406585693, 5.575254440307617, 3.923480272293091, 5.845677375793457, 5.427659511566162, 9.78000545501709, 4.554790496826172, 17.39704704284668, 5.881169319152832, 6.821146488189697, 3.3484034538269043, 16.587936401367188, 4.423880100250244, 4.536326885223389, 4.720785617828369, 3.6014134883880615, 5.893238544464111, 7.994601726531982, 5.365724563598633, 10.728780746459961, 4.27456521987915, 4.190986156463623, 5.521304130554199, 4.559027194976807, 3.571944236755371, 16.636180877685547, 15.52329158782959, 13.970962524414062, 9.77115249633789, 6.346497058868408, 4.961671352386475, 4.97989559173584, 4.575289726257324, 4.869270324707031, 9.903947830200195, 9.917891502380371, 4.929311752319336, 3.5772862434387207, 3.9988818168640137, 9.412531852722168, 4.872233867645264, 4.778675079345703, 17.926719665527344, 9.574862480163574, 7.171012878417969, 4.736440658569336, 4.9711527824401855, 3.569275379180908, 5.1569952964782715, 4.245985507965088, 16.602252960205078, 4.979304790496826, 4.96047830581665, 18.088102340698242, 5.009486675262451, 15.782561302185059, 5.38006067276001, 7.844120979309082, 4.858005523681641, 5.480324745178223, 5.690220832824707, 14.424417495727539, 10.213250160217285, 15.42310905456543, 5.709155559539795, 8.868321418762207, 4.36685037612915, 5.234324932098389, 16.664281845092773, 3.159188985824585, 5.391909122467041, 12.472002029418945, 7.462753772735596, 15.986893653869629, 5.4886794090271, 5.304733753204346, 5.441426753997803, 4.1309919357299805, 3.942882537841797, 15.433664321899414, 4.342031955718994, 5.270403861999512, 9.032527923583984, 5.787250995635986, 5.0050249099731445, 4.972466945648193, 14.660398483276367, 7.410786151885986, 16.19410514831543, 11.666838645935059, 8.716715812683105, 4.875698566436768, 5.147710800170898, 10.296585083007812, 4.575799465179443, 15.164341926574707, 3.922004461288452, 4.465185165405273, 4.441378116607666, 4.539424419403076, 12.378962516784668, 4.571922302246094, 17.245487213134766, 12.309487342834473, 5.678265571594238, 5.493025302886963, 9.0049409866333, 4.540256023406982, 17.470109939575195, 4.921535491943359, 4.469634532928467, 14.838179588317871, 2.8616456985473633, 13.656441688537598, 8.938496589660645, 5.9379353523254395, 9.708582878112793, 4.791161060333252, 4.961093902587891, 4.8390326499938965, 5.221670627593994, 4.759946346282959, 5.00451135635376, 4.485438823699951, 14.88934326171875, 4.794125556945801, 16.15117073059082, 4.017219543457031, 6.069971084594727, 3.916926622390747, 5.692111492156982, 5.328644275665283, 5.240100383758545, 18.870492935180664, 4.73681116104126, 4.985250473022461, 5.325106620788574, 17.285173416137695, 3.968419313430786, 6.851021766662598, 18.234872817993164, 4.498399257659912, 16.604347229003906, 4.543107509613037, 10.207505226135254, 16.834457397460938, 5.13913631439209, 4.614691734313965, 3.867003917694092, 9.287996292114258, 3.4107751846313477, 4.971663951873779, 4.527617931365967, 4.206037521362305, 9.139809608459473, 5.412139415740967, 5.419539928436279, 13.783617973327637, 4.684541702270508, 11.50581169128418, 5.461727619171143, 8.22856616973877, 9.014128684997559, 18.112232208251953, 4.781689643859863, 3.958024263381958, 7.334780216217041, 14.672249794006348, 5.148801803588867, 14.206254005432129, 12.700435638427734, 5.360087871551514, 5.411590099334717, 13.731684684753418, 1.4740421772003174, 4.205642223358154, 5.146283149719238, 6.69182825088501, 5.284487247467041, 17.610689163208008, 5.308448791503906, 9.187891960144043, 5.511882781982422, 12.993651390075684, 5.201409339904785, 16.172443389892578, 16.18697738647461, 11.284660339355469, 13.927471160888672, 4.768048286437988, 4.856058597564697, 4.007380485534668, 5.944908142089844, 5.991602897644043, 18.194679260253906, 4.949914932250977, 6.006508827209473, 9.041060447692871, 12.343942642211914, 6.181450366973877, 16.038076400756836, 15.839325904846191, 4.25264835357666, 5.0832929611206055, 4.5194411277771, 10.26010799407959, 4.102516174316406, 15.126924514770508, 11.763565063476562, 5.675550937652588, 6.537642955780029, 5.30029821395874, 9.586747169494629, 5.384067535400391, 3.431487560272217, 4.7086710929870605, 16.61550521850586, 9.572734832763672, 16.213953018188477, 5.294348239898682, 3.6375858783721924, 4.0629353523254395, 5.2757439613342285, 4.94969367980957, 15.674513816833496, 15.94344711303711, 5.3497819900512695, 4.253325939178467, 17.71210479736328, 5.800292491912842, 7.6814985275268555, 5.034080505371094, 4.577473163604736, 5.647481441497803, 6.294337272644043, 8.963360786437988, 4.355963230133057, 5.6943039894104, 4.87103796005249, 5.625885486602783, 4.9586005210876465, 3.6383471488952637, 4.62514591217041, 4.171265125274658, 4.966671943664551, 5.0145111083984375, 3.5760340690612793, 5.458901405334473, 6.142523765563965, 4.927914619445801, 8.978778839111328, 14.936347961425781, 4.901942729949951, 9.21436882019043, 5.4903974533081055, 5.587099075317383, 4.178223609924316, 4.278294563293457, 3.9128894805908203, 3.511622428894043, 10.064881324768066, 4.1869707107543945, 5.30642032623291, 5.695420265197754, 5.04068660736084, 13.172009468078613, 11.841590881347656, 4.987701892852783, 4.489640712738037, 4.664095401763916, 18.02486228942871, 7.1639275550842285, 4.8662919998168945, 4.5783820152282715, 10.412775039672852, 7.422938346862793, 16.441587448120117, 4.437652111053467, 5.577195644378662, 4.236672401428223, 1.4617046117782593, 3.653409004211426, 9.144935607910156, 16.12525749206543, 4.792043209075928, 15.215559959411621, 13.135375022888184, 5.168981075286865, 5.110931873321533, 5.527249336242676, 4.370715141296387, 3.4838333129882812, 4.6507344245910645, 9.276618957519531, 4.795173645019531, 9.315988540649414, 18.330366134643555, 5.475668430328369, 4.874328136444092, 3.8980298042297363, 10.612934112548828, 3.3346192836761475, 14.45909309387207, 4.02327299118042, 4.166727066040039, 17.492061614990234, 5.618460655212402, 5.73433780670166, 4.5690999031066895, 15.29421615600586, 3.1124773025512695, 14.137901306152344, 5.770784854888916, 18.24285125732422, 9.269817352294922, 4.475401401519775, 7.906494140625, 5.351233959197998, 5.7275495529174805, 3.506791114807129, 18.517099380493164, 4.982475280761719, 8.405303001403809, 5.6551008224487305, 4.729908466339111, 17.730344772338867, 12.82408332824707, 3.1491055488586426, 7.946909427642822, 5.159238338470459, 5.5083327293396, 5.2829270362854, 4.9302239418029785, 4.78588342666626, 6.5256547927856445, 4.38662052154541, 5.8115081787109375, 5.589649677276611, 5.5010809898376465, 4.984186172485352, 6.247101306915283, 4.834266662597656, 4.4889349937438965, 5.7461934089660645, 5.632397174835205, 4.866955280303955, 4.697996139526367, 9.596945762634277, 4.696826934814453, 9.836319923400879, 5.399960041046143, 5.326645851135254, 15.90640640258789, 6.190189838409424, 6.3905792236328125, 3.87935733795166, 5.324825763702393, 7.724606037139893, 9.958910942077637, 4.370391845703125, 11.646844863891602, 5.299623966217041, 4.772032737731934, 4.0882954597473145, 4.237067699432373, 7.1177778244018555, 3.8801090717315674, 4.361505508422852, 5.31558084487915, 5.701057434082031, 15.856217384338379, 5.4828925132751465, 18.084321975708008, 5.017258644104004, 3.8527450561523438, 17.253549575805664, 5.669928550720215, 5.001354694366455, 5.86946964263916, 4.397924900054932, 12.453119277954102, 4.610584735870361, 4.576504707336426, 9.891459465026855, 5.231205463409424, 4.674141883850098, 4.060332775115967, 5.688318252563477, 5.3795294761657715, 4.003812789916992, 3.9427809715270996, 5.223635673522949, 5.878639221191406, 6.446362495422363, 2.409088611602783, 5.750527858734131, 4.997925758361816, 4.818491458892822, 6.9666571617126465, 5.765656471252441, 15.06555461883545, 17.38678741455078, 13.110530853271484, 4.892358303070068, 4.948024749755859, 4.162730693817139, 4.447110176086426, 3.952847719192505, 4.928448677062988, 4.802790641784668, 12.580344200134277, 11.514838218688965, 19.018020629882812, 4.627404689788818, 7.137544631958008, 3.4243428707122803, 4.16361665725708, 11.08262825012207, 4.578158855438232, 4.30559778213501, 4.75395393371582, 4.794183731079102, 4.809300422668457, 9.990781784057617, 16.84625816345215, 8.826750755310059, 4.4857306480407715, 5.084991455078125, 5.265183448791504, 4.74143648147583, 6.933696269989014, 4.096906661987305, 5.2881760597229, 15.90960693359375, 15.178458213806152, 4.572925090789795, 5.22788143157959, 6.175386428833008, 16.641437530517578, 18.30646514892578, 5.161543369293213, 5.115921497344971, 4.788153171539307, 9.795342445373535, 5.226686000823975, 3.8991012573242188, 4.582719326019287, 3.5910730361938477, 13.452926635742188, 8.742103576660156, 5.339931488037109, 7.629883766174316, 3.522639513015747, 8.130553245544434, 19.297019958496094, 4.776333332061768, 15.28116512298584, 3.905468463897705, 17.74565315246582, 16.37787628173828, 4.141350269317627, 5.254485130310059, 4.811609745025635, 4.89701509475708, 5.15955924987793, 5.767725944519043, 4.855787754058838, 5.728444576263428, 4.975045680999756, 13.55111026763916, 5.249566555023193, 17.357450485229492, 9.960661888122559, 9.367000579833984, 5.503269672393799, 4.227321147918701, 7.636475563049316, 8.88616943359375, 14.150561332702637, 17.839433670043945, 7.249100685119629, 13.085487365722656, 6.21331787109375, 3.4494404792785645, 5.578438758850098, 5.616977214813232, 10.033432960510254, 11.085895538330078, 12.888455390930176, 4.987318515777588, 9.215659141540527, 4.652819633483887, 4.191356182098389, 4.7505059242248535, 5.385178089141846, 4.8634138107299805, 5.689328193664551, 17.66573143005371, 10.5630521774292, 4.2191314697265625, 8.39780330657959, 3.8993544578552246, 4.7801995277404785, 12.413884162902832, 4.855877876281738, 17.498109817504883, 8.080907821655273, 4.394140720367432, 4.577850818634033, 13.352136611938477, 3.8412718772888184, 4.582111835479736, 5.092599391937256, 11.546152114868164, 4.230600357055664, 5.2905378341674805, 5.8963541984558105, 5.153008937835693, 6.58938455581665, 4.621254920959473, 4.188817024230957, 4.051820755004883, 5.883238792419434, 5.093384265899658, 5.794832706451416, 5.704147815704346, 4.432221412658691, 13.917903900146484, 4.735692024230957, 9.001957893371582, 6.282591342926025, 5.753157615661621, 4.5092573165893555, 5.604104518890381, 4.332974910736084, 5.806093215942383, 4.911642551422119, 9.641677856445312, 15.685468673706055, 4.152571201324463, 4.28510856628418, 5.695672512054443, 13.292905807495117, 3.1589081287384033, 4.405185699462891, 4.8735880851745605, 5.0057220458984375, 5.528336048126221, 13.607759475708008, 5.520782947540283, 4.568814754486084, 6.023126602172852, 5.527018070220947, 8.648265838623047, 4.787334442138672, 12.173604011535645, 15.312649726867676, 18.442590713500977, 15.933497428894043, 3.1207175254821777, 6.701879024505615, 4.097505569458008, 4.78389310836792, 6.80219841003418, 14.035174369812012, 8.382955551147461, 13.602025032043457, 2.8092739582061768, 4.837080001831055, 4.976807594299316, 11.446352005004883, 5.337191104888916, 5.5233073234558105, 3.685549259185791, 5.70161771774292, 4.290441513061523, 16.433334350585938, 5.383758544921875, 6.164776802062988, 4.5669684410095215, 4.663444519042969, 5.444896221160889, 4.966372013092041, 12.1646089553833, 4.601335048675537, 19.743080139160156, 3.849679708480835, 4.248370170593262, 5.100600242614746, 4.537076950073242, 3.4168264865875244, 5.147960662841797, 4.092576026916504, 5.083664894104004, 13.53656005859375, 3.871143341064453, 3.4197399616241455, 3.6049742698669434, 4.792603015899658, 15.481821060180664, 4.012922763824463, 5.623436450958252, 16.991497039794922, 5.570096492767334, 3.295619010925293, 4.737823009490967, 18.511375427246094, 12.761547088623047, 4.829447269439697, 5.70287561416626, 17.20340347290039, 5.9448628425598145, 17.202423095703125, 4.074915409088135, 4.608834266662598, 13.273241996765137, 5.156360149383545, 4.502120018005371, 6.914081573486328, 6.808211803436279, 4.9272918701171875, 4.428197860717773, 3.490206480026245, 9.40109920501709, 4.173561096191406, 14.783365249633789, 4.747813701629639, 5.390636444091797, 8.04813003540039, 5.2118306159973145, 4.758921146392822, 5.645862579345703, 14.312030792236328, 2.772843837738037, 4.144632339477539, 4.3478827476501465, 5.910486698150635, 5.626541614532471, 4.672111988067627, 14.096301078796387, 4.540987014770508, 4.330505847930908, 5.3209147453308105, 7.057753562927246, 5.273687839508057, 4.245570659637451, 5.8997483253479, 4.724819183349609, 4.575780391693115, 4.9565277099609375, 10.822437286376953, 6.513185977935791, 4.6817498207092285, 3.13710618019104, 10.134294509887695, 4.054530143737793, 5.824538230895996, 18.231624603271484, 4.938630104064941, 4.618199825286865, 17.39588165283203, 5.2936530113220215, 4.042985439300537, 4.971514701843262, 17.910144805908203, 0.7597392797470093, 5.135287284851074, 8.047223091125488, 5.171938896179199, 5.0878214836120605, 13.962712287902832, 9.28056812286377, 5.798428058624268, 10.696807861328125, 4.659793853759766, 5.800816535949707, 4.277886390686035, 4.606522560119629, 5.409090518951416, 10.276830673217773, 5.056215286254883, 4.799256801605225, 5.566600322723389, 6.685091018676758, 4.19278621673584, 3.593003749847412, 5.256026744842529, 5.709917068481445, 6.023956775665283, 4.813398838043213, 3.604116439819336, 3.6566073894500732, 13.328492164611816, 3.884899377822876, 4.859320640563965, 5.567119598388672, 6.709951400756836, 5.129270553588867, 5.027602672576904, 17.58645248413086, 6.807895183563232, 4.207676887512207, 5.317876815795898, 9.1485013961792, 5.723977088928223, 5.416094779968262, 4.074343681335449, 16.744094848632812, 9.47919750213623, 4.87747859954834, 18.144399642944336, 4.537970066070557, 4.56981897354126, 16.993885040283203, 4.184398174285889, 8.675846099853516, 5.25027322769165, 4.075338840484619, 4.867942810058594, 15.476789474487305, 4.513105869293213, 12.948792457580566, 4.230592727661133, 10.246190071105957, 3.9647157192230225, 10.705375671386719, 5.04829740524292, 3.9168756008148193, 11.739184379577637, 5.171066761016846, 5.2840704917907715, 4.077499866485596, 5.8603315353393555, 3.749516487121582, 3.9914135932922363, 2.007500410079956, 4.443281650543213, 5.135672092437744, 3.1952414512634277, 6.245026588439941, 4.737468242645264, 7.043097496032715, 5.614617347717285, 4.742159843444824, 9.082432746887207, 6.0368828773498535, 16.878816604614258, 6.203141689300537, 9.863031387329102, 3.575624465942383, 4.250164031982422, 8.93974781036377, 2.8369693756103516, 9.530848503112793, 8.953651428222656, 5.5337629318237305, 3.565737247467041, 5.292840003967285, 4.472931385040283, 6.305346488952637, 11.704421043395996, 4.0968403816223145, 3.854983329772949, 5.8365349769592285, 4.694853782653809, 4.780688285827637, 4.199889183044434, 4.884629726409912, 13.655293464660645, 3.404285192489624, 5.340752601623535, 9.333574295043945, 5.900458335876465, 4.077600002288818, 10.9691743850708, 5.802872657775879, 5.490789890289307, 6.506844520568848, 5.047847270965576, 5.139890670776367, 12.85936450958252, 9.109688758850098, 4.708040714263916, 5.388936519622803, 7.413506507873535, 4.74444580078125, 10.473916053771973, 4.364403247833252, 19.916990280151367, 6.003182411193848, 13.329666137695312, 11.429893493652344, 4.3295793533325195, 7.185513019561768, 3.2265472412109375, 4.556113243103027, 3.938052177429199, 12.305727005004883, 18.65304946899414, 4.990274906158447, 16.178205490112305, 17.01116943359375, 10.34047794342041, 4.622848987579346, 5.407375812530518, 5.083709716796875, 3.838762044906616, 9.695716857910156, 10.604921340942383, 5.146234035491943, 6.162493705749512, 4.796123504638672, 4.966983318328857, 14.281834602355957, 13.244072914123535, 6.132192134857178, 5.206665515899658, 10.538848876953125, 3.1581366062164307, 8.171610832214355, 5.8519768714904785, 4.939114570617676, 3.6674530506134033, 5.278059959411621, 10.410043716430664, 11.187859535217285, 3.769955635070801, 7.380324840545654, 5.559079647064209, 17.293750762939453, 8.481412887573242, 4.532980918884277, 9.030858993530273, 4.878405570983887, 0.5525501370429993, 8.817208290100098, 5.292510509490967, 4.6018385887146, 10.929823875427246, 10.288370132446289, 4.56279993057251, 4.8547282218933105, 4.58426570892334, 2.8136351108551025, 4.723130226135254, 8.5847749710083, 9.90490436553955, 17.663959503173828, 4.99736213684082, 4.758634090423584, 3.5316848754882812, 5.40754508972168, 3.8718674182891846, 5.52437162399292, 4.390127658843994, 11.601245880126953, 11.669689178466797, 4.224447727203369, 5.117090225219727, 5.576958656311035, 7.980676651000977, 4.797872066497803, 4.553390979766846, 4.782534122467041, 7.96834659576416, 4.544752597808838, 10.300091743469238, 5.029601573944092, 5.387632369995117, 5.197963714599609, 5.011967182159424, 4.1798095703125, 4.312105178833008, 5.38770055770874, 5.164140224456787, 9.521637916564941, 5.401515483856201, 10.099892616271973, 3.217256784439087, 11.738581657409668, 4.932708263397217, 5.161968231201172, 4.860837459564209, 7.409418106079102, 15.467297554016113, 0.625713050365448, 16.886735916137695, 3.550079584121704, 4.483725547790527, 15.527804374694824, 5.288922309875488, 9.961874961853027, 7.870619773864746, 5.821113586425781, 11.589868545532227, 5.36251974105835, 17.007234573364258, 12.238170623779297, 9.022762298583984, 5.411997318267822, 5.3268632888793945, 17.9832706451416, 6.707976818084717, 5.359307289123535, 5.073541164398193, 3.903844118118286, 13.572258949279785, 4.918647289276123, 4.724095344543457, 6.085539817810059, 4.905282497406006, 5.316808700561523, 7.576704502105713, 3.7543277740478516, 9.560233116149902, 6.463103294372559, 15.497243881225586, 4.4777045249938965, 4.930558204650879, 9.051606178283691, 16.998062133789062, 4.939849853515625, 4.533146381378174, 13.759794235229492, 8.422121047973633, 4.88905143737793, 4.923354148864746, 5.413599491119385, 5.0434722900390625, 6.168622970581055, 9.053313255310059, 4.710900783538818, 4.3548102378845215, 18.40618324279785, 9.186301231384277, 4.484053611755371, 5.080824851989746, 4.534501552581787, 4.948848724365234, 4.447262763977051, 17.66156578063965, 3.6989946365356445, 16.297853469848633, 9.308836936950684, 5.432798385620117, 4.56945276260376, 4.927335739135742, 15.924722671508789, 4.781860828399658, 4.874379634857178, 5.089339256286621, 4.9433393478393555, 5.662953853607178, 5.982258319854736, 5.698737621307373, 4.801936626434326, 4.882804870605469, 4.65864896774292, 5.652343273162842, 18.904878616333008, 12.90839958190918, 5.389618873596191, 5.114054203033447, 5.977748394012451, 16.894027709960938, 4.902403831481934, 18.031789779663086, 3.6626133918762207, 10.100138664245605, 5.392909526824951, 4.207057476043701, 4.991602897644043, 5.215423583984375, 5.914412498474121, 5.162014961242676, 6.15925931930542, 15.544574737548828, 4.375046253204346, 9.469862937927246, 5.98131799697876, 17.471628189086914, 4.708193302154541, 4.283176898956299, 5.685408115386963, 5.956037521362305, 4.946157455444336, 6.993307590484619, 4.8957905769348145, 5.259479999542236, 11.30413818359375, 5.245723724365234, 3.9569544792175293, 4.160654067993164, 3.7804596424102783, 5.745484828948975, 16.46352767944336, 14.343297958374023, 5.681270122528076, 0.2211192548274994, 3.2413904666900635, 5.061291694641113, 17.571916580200195, 17.3749942779541, 6.742552280426025, 5.2832465171813965, 5.003400802612305, 9.678141593933105, 14.41076374053955, 18.67646026611328, 4.4373555183410645, 5.763525485992432, 5.290554046630859, 5.578383445739746, 6.142703056335449, 4.544278144836426, 4.080691814422607, 4.515472412109375, 10.64168930053711, 18.740694046020508, 4.808432102203369, 6.763735771179199, 4.9580206871032715, 5.103048801422119, 5.8887529373168945, 4.827510833740234, 18.704896926879883, 16.178499221801758, 5.171924591064453, 4.6435980796813965, 7.942286014556885, 4.128066062927246, 5.692991733551025, 4.742391586303711, 3.19827938079834, 4.250856399536133, 5.098504066467285, 16.988399505615234, 4.124575614929199, 3.3434598445892334, 9.798343658447266, 15.567570686340332, 5.46074104309082, 9.746344566345215, 4.538334846496582, 5.0450568199157715, 12.480701446533203, 17.613319396972656, 5.336267948150635, 9.886280059814453, 4.019351482391357, 2.7369368076324463, 15.91619873046875, 18.85167694091797, 4.533132553100586, 12.250948905944824, 9.384003639221191, 5.141171932220459, 10.497587203979492, 5.050812244415283, 5.183955669403076, 6.058342456817627, 3.8781378269195557, 5.407353401184082, 6.940542697906494, 5.1551833152771, 4.836435317993164, 6.913813591003418, 13.429344177246094, 4.816117286682129, 16.631202697753906, 4.654872417449951, 3.535578966140747, 16.332780838012695, 5.223834037780762, 5.950067520141602, 4.401759624481201, 4.5684967041015625, 4.131927967071533, 4.8056159019470215, 11.258794784545898, 12.96188735961914, 4.6598405838012695, 4.243185043334961, 6.169990062713623, 4.47083854675293, 14.07408618927002, 9.745400428771973, 4.129695892333984, 5.060113430023193, 5.3347344398498535, 4.763850212097168, 9.76848316192627, 4.860693454742432, 16.837547302246094, 5.48192834854126, 4.547539234161377, 13.46053409576416, 10.25805377960205, 4.206869602203369, 3.1210901737213135, 5.542235374450684, 6.649587154388428, 5.5669403076171875, 8.089856147766113, 5.25497579574585, 15.37397575378418, 6.023521423339844, 9.827489852905273, 17.76358985900879, 4.253828048706055, 4.9796037673950195, 9.691815376281738, 6.030429840087891, 10.47301959991455, 4.235976696014404, 9.758578300476074, 4.159473419189453, 4.977309703826904, 5.56557559967041, 4.447849273681641, 6.82604455947876, 4.8728227615356445, 5.089329719543457, 13.431197166442871, 18.454946517944336, 16.858108520507812, 18.245586395263672, 4.1665425300598145, 10.337074279785156, 8.803390502929688, 5.589755058288574, 9.252717018127441, 6.272918224334717, 13.745993614196777, 5.560050010681152, 4.8952956199646, 10.997546195983887, 5.578849792480469, 5.504248142242432, 4.221126079559326, 4.542354106903076, 5.661348819732666, 4.125456809997559, 13.828805923461914, 5.249897480010986, 5.07535457611084, 1.5240920782089233, 3.4265477657318115, 4.408884048461914, 12.545013427734375, 4.722862243652344, 5.112371921539307, 4.298107147216797, 17.80093765258789, 5.380257606506348, 10.446455955505371, 5.350578308105469, 8.329919815063477, 5.696229934692383, 3.4453036785125732, 3.8269569873809814, 4.400829792022705, 4.730633735656738, 5.345382213592529, 16.973072052001953, 4.993830680847168, 5.228094100952148, 11.861927032470703, 4.849030017852783, 6.126089096069336, 5.213295936584473, 3.6331310272216797, 4.698171615600586, 4.811903476715088, 6.566351413726807, 16.082712173461914, 5.63743257522583, 18.332406997680664, 5.425284385681152, 4.93419885635376, 16.46904945373535, 4.623778820037842, 6.012820243835449, 4.498906135559082, 16.045448303222656, 6.630606651306152, 9.548623085021973, 8.545031547546387, 4.777827739715576, 5.042407035827637, 11.06450080871582, 13.244645118713379, 6.298330783843994, 5.089191436767578, 4.508915901184082, 5.38694953918457, 18.844741821289062, 17.662492752075195, 4.567634105682373, 5.283456802368164, 4.301668643951416, 4.102339744567871, 4.744431495666504, 4.541780471801758, 5.449141979217529, 10.673383712768555, 4.213878154754639, 9.620116233825684, 11.928851127624512, 17.698322296142578, 4.527482986450195, 4.250715732574463, 4.9311676025390625, 4.180272102355957, 17.57564926147461, 14.726486206054688, 5.750840663909912, 6.32056999206543, 7.167953968048096, 17.095247268676758, 4.550541400909424, 6.470370292663574, 17.671398162841797, 5.176708221435547, 5.479227066040039, 4.597165584564209, 4.572997093200684, 5.36638879776001, 3.582608699798584, 14.89480209350586, 7.917712211608887, 5.470879554748535, 8.874250411987305, 9.422606468200684, 4.499136447906494, 9.964296340942383, 4.753875732421875, 5.476876258850098, 4.536990165710449, 8.611437797546387, 9.697113990783691, 7.094192981719971, 5.421297550201416, 4.575097560882568, 4.475356578826904, 10.724327087402344, 10.926695823669434, 6.146275043487549, 17.041494369506836, 4.5519795417785645, 5.729084491729736, 5.553272724151611, 5.534028053283691, 17.74648094177246, 4.560746192932129, 5.402727127075195, 16.9025936126709, 4.855098724365234, 5.014077663421631, 4.838773250579834, 7.112124443054199, 4.137135028839111, 14.634710311889648, 4.881044864654541, 12.918622970581055, 4.713795185089111, 4.491790294647217, 2.8466432094573975, 4.23569393157959, 14.531092643737793, 4.314256191253662, 3.5499866008758545, 10.644963264465332, 3.9707210063934326, 4.956233501434326, 11.389063835144043, 14.346067428588867, 13.715473175048828, 5.501480579376221, 13.061945915222168, 5.796255111694336, 4.515982627868652, 10.000367164611816, 9.70873737335205, 15.20440673828125, 15.553820610046387, 15.40332317352295, 6.226231098175049, 16.944664001464844, 17.303428649902344, 5.432724475860596, 4.863205909729004, 5.713768482208252, 5.910871505737305, 5.055561542510986, 3.827002763748169, 9.239110946655273, 5.756455421447754, 4.299037456512451, 9.454136848449707, 5.527407169342041, 10.364731788635254, 4.537576198577881, 5.30263090133667, 5.8929595947265625, 8.597977638244629, 17.63896942138672, 4.277556419372559, 17.759981155395508, 5.766334056854248, 4.736630439758301]
Cosines similarity random samples
[0.7808941602706909, -0.6555613279342651, 0.8439297676086426, 0.8436532020568848, 0.6427873969078064, 0.8814759850502014, 0.7499638795852661, 0.8483989834785461, -0.5785456299781799, 0.4061969518661499, 0.8894140720367432, -0.23465891182422638, 0.23808987438678741, -0.6045642495155334, 0.8283498883247375, 0.8149288892745972, -0.26912906765937805, -0.6152063608169556, -0.13463576138019562, -0.7567182779312134, -0.31084612011909485, 0.8103723526000977, 0.8568611145019531, -0.5407425165176392, 0.9210981130599976, 0.8195335865020752, 0.8541404008865356, -0.26246774196624756, -0.3055857717990875, 0.5680091977119446, 0.8762288093566895, 0.8557258248329163, 0.9561583995819092, 0.20871666073799133, 0.8364548087120056, 0.8968915939331055, 0.8549623489379883, 0.8330600261688232, -0.5154789686203003, 0.8930212259292603, -0.5434969663619995, 0.8739952445030212, -0.82342529296875, -0.5480284690856934, 0.8570996522903442, -0.5496614575386047, 0.8944422006607056, 0.7852081060409546, 0.7710745334625244, 0.8633705377578735, 0.7636281251907349, -0.5937715172767639, 0.7362048625946045, 0.6021527051925659, 0.9070934057235718, 0.8740477561950684, 0.7445220947265625, 0.8589242696762085, -0.23773787915706635, -0.6587251424789429, 0.7294241189956665, -0.5602625012397766, -0.04673337936401367, -0.7192143797874451, 0.8078905344009399, -0.5742357969284058, 0.6834704875946045, 0.24508136510849, -0.6801148056983948, 0.5792710781097412, 0.8223686218261719, -0.10611774027347565, 0.7775517702102661, 0.7745413184165955, -0.6843129396438599, -0.6423093676567078, 0.6908369660377502, 0.8580188751220703, -0.24083973467350006, 0.9055027365684509, -0.08364050090312958, -0.42974424362182617, 0.8124403953552246, 0.7996342778205872, 0.4770262539386749, -0.44723543524742126, 0.8118853569030762, 0.7984115481376648, -0.27310508489608765, 0.5936787128448486, 0.8893313407897949, 0.8537346124649048, 0.6622778177261353, 0.7537599802017212, -0.031511977314949036, 0.8274010419845581, 0.8060542941093445, 0.8695963025093079, 0.878369152545929, 0.8932728171348572, 0.6835857033729553, 0.8070585131645203, 0.8416013717651367, 0.7912659645080566, 0.5208076238632202, -0.6521198749542236, 0.8557402491569519, 0.783475399017334, 0.9178054332733154, 0.8106081485748291, 0.40260446071624756, 0.7725895643234253, 0.837943434715271, 0.8058431148529053, 0.7949942350387573, 0.8026113510131836, 0.8172610402107239, 0.8805336356163025, 0.2990725636482239, 0.7234969735145569, 0.8892028331756592, 0.7707600593566895, 0.7479953765869141, 0.6684094667434692, 0.7821434736251831, 0.8053885698318481, 0.8302522897720337, 0.8784777522087097, 0.889556884765625, 0.848390519618988, 0.8352377414703369, 0.8414006233215332, 0.8763861060142517, 0.8068211078643799, -0.6363706588745117, -0.36230844259262085, 0.8190371990203857, -0.7701589465141296, -0.2941649258136749, 0.6716420650482178, 0.7610666155815125, 0.3228398561477661, 0.8409918546676636, 0.8658195734024048, 0.40906164050102234, 0.7643377184867859, 0.8295987844467163, 0.5671029686927795, 0.9591289758682251, -0.2038198709487915, -0.7471297979354858, 0.3084966242313385, -0.21894003450870514, 0.8564695119857788, 0.47562655806541443, 0.9310625791549683, 0.8332265019416809, 0.15665721893310547, 0.29531359672546387, 0.7608959674835205, -0.5992981791496277, 0.868919312953949, 0.4208427965641022, -0.6029760241508484, -0.3884451985359192, 0.8480870723724365, 0.9078776836395264, 0.808159351348877, 0.88099604845047, 0.7386417388916016, 0.7957297563552856, 0.8351634740829468, 0.8293639421463013, 0.8250570893287659, 0.8923435211181641, 0.7778648138046265, 0.8464397192001343, -0.7074064612388611, 0.8357640504837036, 0.35070231556892395, 0.858171820640564, 0.896713137626648, 0.8035256862640381, 0.6297380924224854, -0.6887287497520447, -0.10265770554542542, 0.8622119426727295, 0.9099641442298889, -0.3057841956615448, 0.8775008320808411, 0.8887849450111389, 0.8049244284629822, -0.06394074112176895, 0.8325437307357788, -0.6026781797409058, -0.5149223804473877, 0.8274276256561279, 0.8641101121902466, 0.8604823350906372, 0.778438925743103, 0.8523329496383667, -0.5863234400749207, 0.824260950088501, 0.8970528841018677, 0.7041971683502197, 0.6116386651992798, -0.575568675994873, 0.834050178527832, 0.8064098358154297, 0.5535091161727905, 0.8212431073188782, -0.19312888383865356, 0.38301557302474976, 0.8482707142829895, 0.775854229927063, 0.7608568072319031, -0.5612309575080872, 0.8077248334884644, -0.5259860754013062, -0.24550214409828186, 0.6680586338043213, 0.8957983255386353, 0.895875096321106, 0.3441768288612366, -0.8200957775115967, -0.5719669461250305, 0.8360036611557007, 0.8069608211517334, 0.8233737349510193, -0.19825515151023865, 0.8341360688209534, 0.9035868644714355, 0.8979901671409607, 0.840074360370636, 0.8672820925712585, 0.8003147840499878, 0.9178115129470825, 0.8000950813293457, 0.8815338611602783, 0.7795531749725342, -0.8188100457191467, 0.6744095683097839, 0.8155910968780518, 0.8439944386482239, 0.9125725030899048, 0.6868430972099304, 0.8922773599624634, 0.8374389410018921, 0.8286114931106567, 0.8539589643478394, -0.03991863131523132, -0.53636634349823, 0.7835496664047241, 0.8236379027366638, 0.8221436142921448, 0.3160630166530609, 0.8041106462478638, 0.8357502222061157, 0.8049395084381104, 0.8779300451278687, -0.6607265472412109, 0.8555132150650024, 0.8444597721099854, 0.49062004685401917, 0.4222721457481384, 0.8556408882141113, 0.7409695386886597, 0.8108466863632202, 0.900473952293396, 0.8130607604980469, 0.8940867781639099, 0.8307366371154785, 0.8768349289894104, 0.3288778066635132, 0.6276383399963379, 0.8460174798965454, 0.9320347309112549, 0.817314624786377, 0.7647072672843933, 0.6830259561538696, -0.6388369798660278, 0.8390935659408569, 0.7565257549285889, 0.8571392297744751, -0.674252986907959, 0.6642196178436279, 0.8475297093391418, 0.8877655863761902, 0.8943925499916077, -0.17480570077896118, 0.7058311700820923, 0.8312453031539917, 0.7172357439994812, 0.7826167345046997, 0.8079439401626587, 0.8490325212478638, 0.513691782951355, -0.25278934836387634, 0.7934162020683289, 0.09179715812206268, 0.34149765968322754, -0.6946542263031006, 0.8483515381813049, -0.6051565408706665, 0.7529007196426392, 0.8291916847229004, 0.8055607080459595, 0.8221234083175659, 0.9014289379119873, 0.8515266180038452, 0.8785728216171265, 0.8742928504943848, 0.34532430768013, 0.8812601566314697, 0.48232585191726685, -0.15165069699287415, 0.27707141637802124, 0.9032861590385437, 0.8989125490188599, -0.680446207523346, 0.8161129355430603, 0.8776460886001587, 0.8347294330596924, 0.8700263500213623, 0.699841320514679, 0.8654850125312805, 0.7119280099868774, 0.8135310411453247, 0.3096904158592224, 0.8025437593460083, 0.18026214838027954, 0.7781771421432495, 0.8278100490570068, 0.9447516798973083, 0.7587513327598572, 0.8301056623458862, 0.8315118551254272, 0.9320931434631348, 0.8664059042930603, 0.6751542091369629, 0.5249995589256287, 0.5893594026565552, 0.8322792649269104, 0.8923613429069519, 0.8247551918029785, 0.35730165243148804, 0.510112464427948, 0.82002192735672, 0.9008386135101318, 0.8107648491859436, 0.5454803705215454, 0.8222924470901489, -0.20161157846450806, 0.8399682641029358, 0.7875010371208191, 0.8635964393615723, 0.7478370666503906, -0.7970634698867798, 0.831298828125, 0.8016276359558105, 0.6606137752532959, -0.7872868180274963, 0.8051193952560425, 0.794904351234436, -0.5587486028671265, 0.7698817849159241, 0.8975852727890015, 0.9197867512702942, 0.8973225355148315, 0.20030446350574493, 0.561800479888916, 0.793919563293457, 0.8386733531951904, 0.8026502728462219, 0.8025394678115845, 0.6587185263633728, 0.7987450361251831, -0.1639929711818695, 0.8139619827270508, 0.3221856951713562, 0.24569761753082275, -0.8441640138626099, 0.762939453125, 0.3368075489997864, -0.5027070045471191, 0.8276453614234924, 0.8217490911483765, 0.8455054759979248, 0.8552101850509644, -0.3066878318786621, -0.6387054920196533, 0.7614574432373047, -0.24971380829811096, -0.4958817958831787, 0.8091535568237305, -0.3044305741786957, 0.8202547430992126, 0.9081968069076538, 0.7624818086624146, 0.8379529118537903, 0.8374145030975342, -0.15505261719226837, 0.8064453601837158, 0.7744705677032471, 0.8173942565917969, 0.7106878757476807, 0.7377715110778809, -0.5641859173774719, 0.6322507858276367, 0.8572070598602295, 0.3730906546115875, 0.8941047191619873, 0.8720203638076782, 0.8560959696769714, 0.8366849422454834, -0.6576226949691772, 0.8485082387924194, -0.39184439182281494, 0.8778474926948547, 0.7580583691596985, 0.8955711126327515, 0.8649770617485046, -0.5615651607513428, 0.8509895205497742, 0.7933223247528076, 0.8914923667907715, 0.8800435662269592, -0.7569067478179932, -0.22713084518909454, 0.833828330039978, 0.8125960826873779, 0.7993074655532837, 0.7995686531066895, 0.7929276823997498, 0.8383017182350159, 0.8592798113822937, 0.8704887628555298, 0.797950029373169, 0.09346629679203033, 0.8621897101402283, 0.7895692586898804, -0.7306878566741943, 0.8577677011489868, 0.8855239748954773, 0.8313730955123901, 0.8611755967140198, 0.7273105978965759, 0.8399269580841064, 0.8183351159095764, 0.8413452506065369, 0.883901834487915, 0.7697985768318176, 0.8651805520057678, 0.9424705505371094, 0.8810826539993286, 0.807829737663269, 0.823448657989502, 0.7789822816848755, 0.829694926738739, 0.7994896769523621, 0.5566350221633911, 0.35328954458236694, -0.6230801343917847, 0.8180361390113831, 0.8912517428398132, 0.7687307000160217, 0.7404272556304932, 0.8728413581848145, 0.8806308507919312, -0.21364285051822662, -0.6123644113540649, 0.817885160446167, 0.8049803972244263, 0.8536943197250366, 0.7882034778594971, 0.7987060546875, -0.6623728275299072, 0.823732316493988, 0.7642233371734619, 0.8749738931655884, -0.5073760747909546, 0.8253899812698364, 0.8284515142440796, 0.812520444393158, -0.031668223440647125, 0.8363997936248779, 0.8407108783721924, 0.8664096593856812, 0.6706874370574951, 0.8076980710029602, -0.6125588417053223, 0.7062593698501587, -0.2239638864994049, 0.757967472076416, 0.7905314564704895, 0.45116370916366577, 0.7882217168807983, 0.8770272731781006, -0.36082419753074646, -0.08704696595668793, 0.7829458117485046, 0.8757675886154175, -0.22261583805084229, 0.8890213966369629, 0.6006350517272949, 0.5380144715309143, 0.1828320324420929, 0.8390823006629944, 0.8201501369476318, 0.8605072498321533, -0.5549734830856323, 0.2825632095336914, 0.8877406120300293, 0.7761069536209106, 0.9078730344772339, 0.8373258113861084, -0.6280732154846191, 0.7196176052093506, 0.7618597745895386, 0.5969890356063843, 0.7290726900100708, -0.06270980834960938, -0.6353986263275146, 0.8517779111862183, -0.08006024360656738, 0.8683518171310425, 0.8576177954673767, -0.16816270351409912, 0.8369171023368835, 0.8516789674758911, 0.19801953434944153, 0.19051887094974518, 0.8729124069213867, 0.8791987299919128, 0.8487340807914734, 0.7526596784591675, 0.807864785194397, 0.8407348990440369, 0.5963659286499023, -0.7834182977676392, 0.37697553634643555, 0.8924161791801453, 0.5769214630126953, 0.8362201452255249, 0.8568710088729858, 0.8875402212142944, 0.9148643016815186, 0.8802586793899536, 0.7944888472557068, 0.8418160676956177, 0.8876193761825562, 0.8958554863929749, 0.9308414459228516, 0.7595056295394897, 0.7957884669303894, 0.825468897819519, -0.06015922501683235, 0.8919998407363892, 0.8594179749488831, 0.31526485085487366, 0.8624361753463745, 0.7615399956703186, -0.21019239723682404, 0.7940404415130615, 0.809817910194397, 0.9064247608184814, -0.4867403507232666, 0.7684585452079773, -0.8448376059532166, 0.8591270446777344, 0.8284224271774292, -0.5552785396575928, 0.8012340068817139, -0.6040635108947754, -0.3872755765914917, 0.9037980437278748, 0.8187490701675415, 0.6227468848228455, 0.834274172782898, 0.804500937461853, 0.9296040534973145, 0.5434297323226929, -0.030662206932902336, 0.2698439359664917, 0.42350536584854126, -0.6318483352661133, 0.779512882232666, 0.8254051208496094, 0.6811145544052124, 0.8895977735519409, 0.9082100987434387, 0.693526029586792, 0.3253834843635559, 0.9730182886123657, 0.8151674866676331, 0.8883306384086609, 0.821787416934967, 0.8201497793197632, -0.6161363124847412, 0.8467384576797485, 0.8361368775367737, 0.6804795265197754, 0.8224060535430908, 0.37670254707336426, 0.8475971817970276, 0.8614190816879272, 0.8106142282485962, 0.007841058075428009, 0.8723533153533936, -0.5576440691947937, 0.917509138584137, 0.8673790693283081, 0.8126087188720703, 0.8847813606262207, -0.6372177600860596, -0.5775774717330933, 0.7858306169509888, 0.9138858914375305, 0.8779406547546387, 0.8517850041389465, 0.6175976991653442, -0.011542282998561859, 0.8476338982582092, 0.8822618722915649, 0.8446516990661621, 0.9137306809425354, 0.8366960883140564, -0.23055867850780487, 0.8188055753707886, 0.5403459072113037, 0.7040628790855408, 0.5887795686721802, -0.2255321890115738, 0.828992486000061, 0.7926638126373291, 0.858700156211853, 0.7857295274734497, 0.7750948667526245, 0.973824679851532, -0.13178279995918274, 0.9329560995101929, 0.7999624013900757, 0.7878383994102478, 0.8183074593544006, 0.3507564067840576, 0.324435830116272, 0.24322789907455444, -0.31849807500839233, -0.5869759321212769, 0.7718407511711121, 0.7908000946044922, 0.8694219589233398, 0.8887473940849304, 0.7903892993927002, 0.8485784530639648, 0.876065194606781, 0.38869959115982056, 0.8394832015037537, 0.8134725093841553, 0.7896751761436462, -0.65966796875, -0.5592920780181885, -0.30370843410491943, 0.786139726638794, 0.5467715859413147, -0.12531234323978424, 0.8831253051757812, 0.7999842166900635, 0.15503987669944763, 0.5590569972991943, 0.8428630828857422, 0.8872953057289124, 0.9207745790481567, -0.250519722700119, 0.7752025127410889, 0.8478463888168335, 0.8458026647567749, -0.4177699387073517, 0.7531492710113525, 0.9954681992530823, 0.8198937177658081, -0.264034628868103, 0.15314605832099915, 0.7831662893295288, 0.3347177505493164, 0.7522587180137634, 0.8233801126480103, 0.8087435960769653, -0.4400847554206848, 0.8373209238052368, 0.7727766036987305, 0.32253170013427734, 0.8783308267593384, -0.24869579076766968, -0.5464445352554321, 0.8533564209938049, 0.9464399218559265, 0.8433336019515991, 0.7249136567115784, 0.7133883237838745, 0.8311759233474731, 0.727302610874176, 0.8041412830352783, 0.7908481359481812, 0.8113768696784973, 0.8750308156013489, 0.809711217880249, 0.8797628879547119, 0.724675178527832, 0.9184896349906921, 0.828690767288208, 0.6907660961151123, 0.5402467846870422, 0.8308405876159668, 0.8602335453033447, 0.8223663568496704, 0.9092832803726196, 0.8081902265548706, 0.8454558849334717, 0.8084484338760376, 0.8404926657676697, 0.904850959777832, 0.9094991683959961, 0.8103310465812683, 0.84861159324646, -0.8057007193565369, 0.8706212043762207, 0.7568333148956299, 0.9195098876953125, 0.772966742515564, 0.8748029470443726, 0.7855900526046753, 0.0212550051510334, 0.8903787136077881, 0.8175220489501953, 0.6259084343910217, 0.7903566360473633, 0.8509988188743591, 0.71124267578125, 0.8982963562011719, -0.41948434710502625, -0.11061510443687439, 0.7658454179763794, 0.8781899213790894, 0.8033780455589294, 0.7741122245788574, 0.8648138046264648, 0.46982118487358093, 0.7501134872436523, 0.8369262218475342, 0.8517643213272095, 0.8953147530555725, 0.8414347767829895, -0.6764596700668335, 0.48918306827545166, 0.744826078414917, 0.8337130546569824, 0.7545117139816284, 0.7790094614028931, 0.8047667741775513, -0.6106343865394592, 0.20152944326400757, 0.45175236463546753, 0.8165401220321655, 0.8020168542861938, 0.81793612241745, 0.8322516679763794, 0.1215287297964096, 0.830804705619812, -0.6110491752624512, 0.8437553644180298, 0.5353428721427917, 0.7957137823104858, 0.8456904888153076, 0.7639210820198059, 0.8916652202606201, -0.37438273429870605, 0.8997241258621216, -0.7359607219696045, 0.8855884671211243, 0.863288164138794, 0.930025577545166, 0.7345308065414429, 0.7789516448974609, 0.6883000135421753, 0.8633475303649902, 0.8089617490768433, -0.1549537628889084, 0.8150826692581177, 0.8479909300804138, 0.8015157580375671, 0.8934303522109985, 0.7829537391662598, 0.7755162119865417, 0.37456414103507996, 0.8604735136032104, -0.7475992441177368, 0.77537602186203, 0.6422010064125061, 0.9225101470947266, -0.7240036725997925, 0.8676725029945374, 0.8577545285224915, 0.840756893157959, 0.9107435941696167, 0.7570767402648926, 0.48407065868377686, 0.803849458694458, 0.19521166384220123, 0.8698754906654358, 0.877293050289154, 0.7890030145645142, 0.8523647785186768, 0.9081519246101379, -0.47679415345191956, -0.6333073973655701, -0.17554333806037903, 0.37124574184417725, 0.6678236126899719, 0.8316596746444702, 0.8263367414474487, 0.8513222336769104, 0.8296279311180115, 0.3468036949634552, 0.1824721097946167, 0.8291438817977905, 0.91054767370224, 0.8909094333648682, 0.38152268528938293, 0.8351422548294067, 0.842901349067688, -0.6413640975952148, 0.38244929909706116, 0.6815698146820068, 0.8429139852523804, 0.8326337337493896, 0.9121649861335754, 0.8170719742774963, 0.8702892065048218, -0.49058404564857483, 0.8309894800186157, 0.8228893280029297, -0.7569175958633423, 0.8217059969902039, -0.6392519474029541, 0.795263946056366, 0.5927090644836426, 0.8310278654098511, 0.7916815876960754, 0.7702622413635254, -0.22787751257419586, 0.258053183555603, -0.5680649280548096, 0.7594462633132935, 0.522347629070282, 0.8599937558174133, 0.8183014988899231, -0.547448992729187, 0.9313490390777588, 0.7984411120414734, -0.0952533632516861, 0.6885886192321777, -0.5735296010971069, 0.7801430225372314, 0.7996258735656738, 0.7953288555145264, 0.8873376846313477, 0.8966013789176941, -0.2744622230529785, 0.8699769377708435, 0.802099347114563, 0.4450274705886841, 0.7710427045822144, 0.82924884557724, 0.823069155216217, -0.37563586235046387, 0.7370295524597168, -0.7252354025840759, 0.021809712052345276, 0.5134947896003723, 0.83306884765625, 0.8044916391372681, 0.3305607736110687, 0.8553832173347473, -0.3389133810997009, 0.8934436440467834, 0.8730128407478333, 0.8624547719955444, 0.8582004308700562, 0.041731417179107666, 0.8527336120605469, -0.5816903114318848, -0.0341007262468338, 0.7761688828468323, 0.7861578464508057, 0.49862760305404663, 0.8573477864265442, -0.7637061476707458, 0.8290635347366333, 0.8559350371360779, -0.21844841539859772, 0.9441055059432983, -0.35966628789901733, 0.465734601020813, 0.7421867251396179, 0.38436031341552734, 0.8368828296661377, 0.8317618370056152, 0.861452579498291, 0.8128653764724731, 0.8370190858840942, 0.8184859156608582, 0.8604654669761658, -0.23156926035881042, 0.8436048030853271, -0.5870732069015503, 0.8881862759590149, 0.7411246299743652, 0.8933976888656616, 0.785469651222229, 0.8258500099182129, 0.8070284724235535, -0.8390277624130249, 0.8403127193450928, 0.8186153769493103, 0.8121393918991089, -0.6267522573471069, 0.8952635526657104, 0.632847785949707, -0.6069611310958862, 0.8708568811416626, -0.48362207412719727, 0.853162407875061, 0.3719770312309265, -0.4428066611289978, 0.8130099773406982, 0.8484514951705933, 0.8958173990249634, 0.44631606340408325, 0.9179322719573975, 0.828446090221405, 0.8590525388717651, 0.8747523427009583, 0.4826925992965698, 0.7885743975639343, 0.7967616319656372, -0.39278438687324524, 0.8427517414093018, 0.08874593675136566, 0.7971280217170715, 0.49674883484840393, 0.5162860155105591, -0.6295578479766846, 0.8432654738426208, 0.8906650543212891, 0.6638756394386292, -0.28481268882751465, 0.8186842799186707, -0.1655036062002182, -0.17933866381645203, 0.8191074728965759, 0.8023911714553833, -0.2663496732711792, 0.9849974513053894, 0.8777564167976379, 0.8178753852844238, 0.7044095396995544, 0.8063881397247314, -0.643429160118103, 0.8011617064476013, 0.44354093074798584, 0.7998766899108887, -0.23329219222068787, 0.8143904805183411, -0.4902712106704712, -0.5872283577919006, 0.06068623811006546, -0.14630809426307678, 0.8383208513259888, 0.8365662097930908, 0.8902775049209595, 0.7709851861000061, 0.736339807510376, -0.6041018962860107, 0.8147265315055847, 0.7261782884597778, 0.4886665940284729, -0.09361349791288376, 0.738723874092102, -0.3819401264190674, -0.4685046076774597, 0.8792167901992798, 0.8198010325431824, 0.8697537183761597, 0.3106539845466614, 0.8837746977806091, -0.2240687757730484, 0.14918933808803558, 0.7689786553382874, 0.7006250023841858, 0.8006978631019592, 0.33852195739746094, 0.7949360609054565, 0.9205722808837891, 0.8416919708251953, -0.5588459968566895, 0.36924493312835693, -0.6173617839813232, 0.8063665628433228, 0.91005939245224, 0.8882479071617126, 0.8309866189956665, 0.8521254658699036, -0.5706820487976074, -0.3312690258026123, 0.810393214225769, 0.8737457990646362, -0.612014889717102, 0.7716506719589233, 0.6008148193359375, 0.8277562260627747, 0.856419563293457, 0.7871101498603821, 0.7142036557197571, 0.45609769225120544, 0.8705922365188599, 0.7796103954315186, 0.8338733911514282, 0.7935078144073486, 0.8316235542297363, 0.9081742763519287, 0.8442638516426086, 0.8774887919425964, 0.8456660509109497, 0.8217247724533081, 0.9105643033981323, 0.7948187589645386, 0.7515139579772949, 0.8368147611618042, 0.3116829991340637, -0.37212467193603516, 0.8299679160118103, 0.4722931981086731, 0.7923974990844727, 0.7862343788146973, 0.8807215690612793, 0.8715846538543701, 0.8920459151268005, 0.9150333404541016, 0.3202943801879883, 0.8835182189941406, 0.7990453243255615, 0.7703474760055542, 0.8177517056465149, -0.3916177749633789, 0.041801825165748596, 0.8264015913009644, 0.8656895160675049, 0.8444098234176636, -0.5742346048355103, 0.6737500429153442, 0.8411946892738342, 0.850462019443512, 0.26150089502334595, 0.6649308204650879, -0.5253115296363831, 0.8644911050796509, 0.784440279006958, 0.8759937286376953, 0.9852794408798218, 0.9053935408592224, 0.43253570795059204, -0.6359007954597473, 0.8430187702178955, -0.30278995633125305, -0.15001079440116882, 0.813946008682251, 0.8168118000030518, 0.7930307984352112, 0.8687191009521484, 0.91316157579422, 0.847480297088623, 0.3942714333534241, 0.838240385055542, 0.4266546070575714, -0.6285303831100464, 0.8276369571685791, 0.8337202072143555, 0.894203245639801, 0.2533879280090332, 0.9247987270355225, -0.32537469267845154, 0.8908175230026245, 0.8810586929321289, -0.6185019612312317, 0.771443247795105, 0.7675041556358337, 0.8533893823623657, -0.27260053157806396, 0.93245530128479, -0.09101913869380951, 0.7702673673629761, -0.8084118962287903, 0.4059664011001587, 0.863024115562439, 0.6601406931877136, 0.7956023216247559, 0.7841519117355347, 0.9170130491256714, -0.7027223706245422, 0.845098614692688, 0.5526891946792603, 0.7959580421447754, 0.8410546779632568, -0.5502439737319946, -0.24989214539527893, 0.9308260679244995, 0.5617347359657288, 0.8139785528182983, 0.7917433977127075, 0.8010156750679016, 0.8290522694587708, 0.8402990102767944, 0.7173564434051514, 0.8682962656021118, 0.7737244367599487, 0.7840724587440491, 0.7844597697257996, 0.8322888612747192, 0.7384167313575745, 0.8362431526184082, 0.8577186465263367, 0.7714924812316895, 0.8119330406188965, 0.8314687609672546, 0.8595894575119019, 0.41491568088531494, 0.8391600251197815, 0.4131369888782501, 0.7915209531784058, 0.8024035096168518, -0.6127516031265259, 0.7414233684539795, 0.7590477466583252, 0.8949688076972961, 0.7998881340026855, 0.6223962903022766, 0.32765135169029236, 0.8740402460098267, 0.032849621027708054, 0.8110500574111938, 0.8311983942985535, 0.8849773406982422, 0.8765267133712769, 0.6991468071937561, 0.8942520618438721, 0.8769820928573608, 0.7933883666992188, 0.7726057171821594, -0.5261132121086121, 0.790416955947876, -0.6488174200057983, 0.8242485523223877, 0.8946182131767273, -0.554375171661377, 0.7849545478820801, 0.849719226360321, 0.7566008567810059, 0.8685146570205688, -0.052338406443595886, 0.8526670932769775, 0.8594258427619934, 0.3613049387931824, 0.8140131235122681, 0.8533203601837158, 0.8886255025863647, 0.7921620607376099, 0.8033599853515625, 0.890136182308197, 0.8870367407798767, 0.8077132105827332, 0.7621179819107056, 0.6681280136108398, 0.959381103515625, 0.776382565498352, 0.8270406126976013, 0.8513765931129456, 0.6862284541130066, 0.7648515701293945, -0.2795877456665039, -0.62202388048172, -0.2798493206501007, 0.8299249410629272, 0.8287855386734009, 0.8808110356330872, 0.8614679574966431, 0.8924620151519775, 0.8276174664497375, 0.8418532013893127, -0.20490825176239014, -0.019521117210388184, -0.8530123829841614, 0.8526910543441772, 0.6508651971817017, 0.9189221262931824, 0.8975282907485962, 0.18527156114578247, 0.8505868911743164, 0.869918704032898, 0.8367522358894348, 0.8429609537124634, 0.8448875546455383, 0.33674362301826477, -0.6243239641189575, 0.4784640073776245, 0.8568668365478516, 0.8227270245552063, 0.8059391379356384, 0.8470268249511719, 0.6206557750701904, 0.8851792812347412, 0.8069148063659668, -0.42718076705932617, -0.21955129504203796, 0.8582177758216858, 0.8059438467025757, 0.7415179014205933, -0.5461693406105042, -0.6160216331481934, 0.8095034956932068, 0.8103267550468445, 0.8381003141403198, 0.24386925995349884, 0.8321810960769653, 0.891625702381134, 0.8579742908477783, 0.9110065698623657, -0.3605252206325531, 0.5487351417541504, 0.799278736114502, 0.612407922744751, 0.9147798418998718, 0.6490820646286011, -0.8174321055412292, 0.8439581394195557, -0.2379118800163269, 0.896522045135498, -0.7739269733428955, -0.6321026682853699, 0.8807126879692078, 0.810534656047821, 0.8397569060325623, 0.8333126902580261, 0.8224694728851318, 0.7685112953186035, 0.8360767960548401, 0.7604555487632751, 0.828784704208374, -0.08531637489795685, 0.8046109676361084, -0.5440887212753296, 0.42232996225357056, 0.447010338306427, 0.7909705638885498, 0.8735044002532959, 0.6467168927192688, 0.4841834008693695, -0.32100778818130493, -0.5571725368499756, 0.5546835064888, -0.20251843333244324, 0.7717893123626709, 0.9210329055786133, 0.7873156666755676, 0.7930483222007751, 0.20346328616142273, 0.07132719457149506, -0.24774271249771118, 0.8235549330711365, 0.45985978841781616, 0.854212760925293, 0.872036337852478, 0.8447137475013733, 0.7965371608734131, 0.8362054824829102, 0.78243088722229, -0.590770959854126, 0.2590690553188324, 0.8818848133087158, 0.5691293478012085, 0.8919072151184082, 0.8413509726524353, -0.19181379675865173, 0.8361788988113403, -0.5592308640480042, 0.5246331691741943, 0.8690069317817688, 0.8573375940322876, -0.2834141254425049, 0.8979570865631104, 0.8546093106269836, 0.8297075033187866, 0.20228183269500732, 0.8725916147232056, 0.8126595616340637, 0.7578461170196533, 0.8199048042297363, 0.7162027359008789, 0.8521130084991455, 0.9039220809936523, 0.8844089508056641, 0.7598013877868652, 0.8215361833572388, 0.7592142224311829, 0.7819505929946899, 0.8603641986846924, -0.16186115145683289, 0.8368555903434753, 0.4498611390590668, 0.7631183862686157, 0.7635588645935059, 0.8590826988220215, 0.7894663214683533, 0.87176913022995, 0.7603535056114197, 0.8330007791519165, 0.4482133090496063, -0.37196558713912964, 0.8821648359298706, 0.8731064796447754, 0.7817994952201843, -0.2943353056907654, 0.930905818939209, 0.8647472262382507, 0.8343172073364258, 0.8231362104415894, 0.7853402495384216, -0.3394618630409241, 0.7939583659172058, 0.8574821352958679, 0.7623599767684937, 0.7979972958564758, 0.48929333686828613, 0.8438942432403564, -0.11022907495498657, -0.6325950622558594, -0.39236223697662354, -0.46476858854293823, 0.9311714172363281, 0.7201212644577026, 0.8829796314239502, 0.8376197218894958, 0.6548950672149658, -0.13243468105793, 0.4758646488189697, -0.2488149106502533, 0.9474096298217773, 0.8299624919891357, 0.8309653997421265, 0.03837459534406662, 0.8009063005447388, 0.7936872243881226, 0.9027637243270874, 0.7746922969818115, 0.870139479637146, -0.6654390096664429, 0.7980698347091675, 0.7098312973976135, 0.8554110527038574, 0.8504577875137329, 0.8028390407562256, 0.827764093875885, -0.03299812227487564, 0.8481026291847229, -0.8494444489479065, 0.8973764777183533, 0.8807477951049805, 0.8430300951004028, 0.8595410585403442, 0.9187948107719421, 0.8152697086334229, 0.8789825439453125, 0.8172819018363953, -0.2686212956905365, 0.8988027572631836, 0.9178246855735779, 0.9140663743019104, 0.8404038548469543, -0.7071064710617065, 0.8938854932785034, 0.7660290598869324, -0.7336285710334778, 0.7897629737854004, 0.9232295751571655, 0.8423519134521484, -0.8036578893661499, 0.2350752353668213, 0.8346707224845886, 0.7773976922035217, -0.45333099365234375, 0.7743663787841797, -0.5788062810897827, 0.8825864195823669, 0.849310576915741, -0.18535152077674866, 0.8193343877792358, 0.8585265874862671, 0.588309109210968, 0.619128942489624, 0.8281646966934204, 0.8679396510124207, 0.9155833721160889, 0.4479505717754364, 0.8768266439437866, -0.17170977592468262, 0.8414892554283142, 0.790123701095581, 0.6426211595535278, 0.8120782971382141, 0.8394820690155029, 0.8001745939254761, -0.3765600025653839, 0.9463736414909363, 0.8798583149909973, 0.8686490654945374, 0.7730764746665955, 0.759268045425415, 0.8491317629814148, -0.266315758228302, 0.8665294647216797, 0.8676878809928894, 0.8091050982475281, 0.6798686981201172, 0.8176723718643188, 0.8723536729812622, 0.7567929029464722, 0.8491322994232178, 0.8504483699798584, 0.8338528275489807, 0.19038766622543335, 0.6772297024726868, 0.8496454954147339, 0.9300577044487, 0.31960588693618774, 0.8821531534194946, 0.7623834609985352, -0.562553882598877, 0.8301296234130859, 0.8540139198303223, -0.7309607267379761, 0.8095707893371582, 0.8891899585723877, 0.8306706547737122, -0.8045891523361206, 0.9960646629333496, 0.8446544408798218, 0.6103053092956543, 0.8026621341705322, 0.8191070556640625, -0.07500191777944565, 0.46736806631088257, 0.7738319635391235, 0.22715893387794495, 0.8504078388214111, 0.7754168510437012, 0.8790359497070312, 0.8488697409629822, 0.7964932918548584, 0.3626670837402344, 0.8242249488830566, 0.8453541994094849, 0.7843255996704102, 0.6191628575325012, 0.8815444707870483, 0.9101682901382446, 0.8086875081062317, 0.8187069296836853, 0.7180629968643188, 0.8351060152053833, 0.9059751033782959, 0.906234085559845, -0.11446309089660645, 0.8992069363594055, 0.8308488726615906, 0.7780430316925049, 0.6910492181777954, 0.8123711347579956, 0.8211878538131714, -0.6431620717048645, 0.7135990858078003, 0.8731983304023743, 0.8037217855453491, 0.4448928236961365, 0.7758255004882812, 0.798008382320404, 0.8849771022796631, -0.6384865045547485, 0.36961084604263306, 0.8313102722167969, -0.6464403867721558, 0.8587137460708618, 0.8593199253082275, -0.6305640935897827, 0.8851901888847351, 0.5531519651412964, 0.826124370098114, 0.8829964995384216, 0.8347182273864746, -0.21390950679779053, 0.8586821556091309, -0.11159223318099976, 0.8697935342788696, 0.29732081294059753, 0.8909289836883545, 0.25350552797317505, 0.8278668522834778, 0.8945177793502808, 0.025395411998033524, 0.8094135522842407, 0.8059664368629456, 0.87980055809021, 0.7550530433654785, 0.9037486910820007, 0.888077974319458, 0.972844123840332, 0.869647741317749, 0.8182857036590576, 0.9317047595977783, 0.7675431966781616, 0.8531758189201355, 0.7088051438331604, 0.7551441192626953, 0.8400472402572632, 0.47052860260009766, 0.7440071105957031, -0.7220362424850464, 0.7622777223587036, 0.3571118116378784, 0.9120563268661499, 0.8755086660385132, 0.4879504144191742, 0.9434996247291565, 0.42107272148132324, 0.4986795485019684, 0.7925839424133301, 0.9121711254119873, 0.804320752620697, 0.8571772575378418, 0.7275651097297668, 0.005708642303943634, 0.8833183646202087, 0.8936583995819092, 0.7296030521392822, 0.8442174792289734, 0.8371634483337402, 0.8747702836990356, 0.8368717432022095, -0.160269632935524, 0.9176003932952881, 0.8302740454673767, 0.403739869594574, 0.7905313372612, 0.8880664706230164, 0.08501391112804413, 0.7897914052009583, 0.7931219935417175, 0.7306420207023621, 0.8468925952911377, 0.8123437166213989, -0.19539016485214233, 0.47958827018737793, 0.8451932072639465, 0.8026598691940308, 0.7112263441085815, 0.8366958498954773, 0.281793475151062, 0.8681564927101135, -0.8529125452041626, 0.7595018148422241, -0.30200886726379395, 0.3089914619922638, 0.8694155812263489, 0.6038563847541809, 0.9276589155197144, 0.8574193716049194, 0.891639232635498, 0.08808457851409912, -0.7621843814849854, 0.8160080313682556, -0.42826271057128906, -0.5808300971984863, 0.3038628101348877, 0.8502171635627747, 0.7967488765716553, 0.8183912634849548, 0.8970665335655212, 0.3742453157901764, 0.24593102931976318, 0.8163829445838928, 0.689785897731781, 0.842721164226532, 0.8277296423912048, -0.3486263155937195, -0.28966033458709717, 0.7742400169372559, 0.8026166558265686, 0.19377078115940094, 0.929780125617981, 0.5698273777961731, 0.7395163178443909, 0.8373178243637085, 0.9031356573104858, 0.8025060892105103, 0.2556866407394409, 0.21057648956775665, 0.9007469415664673, 0.6324385404586792, 0.7910778522491455, -0.5491926670074463, 0.5474261045455933, 0.8613970279693604, 0.3973117768764496, 0.8367297649383545, 0.9982179999351501, 0.5029178857803345, 0.804953932762146, 0.848273754119873, 0.25965121388435364, 0.4649631381034851, 0.8538007140159607, 0.8325974941253662, 0.8461127281188965, 0.9458844661712646, 0.8407468795776367, 0.5749433636665344, 0.35658392310142517, -0.5732563138008118, 0.8268675208091736, 0.8536030054092407, 0.9128760695457458, 0.7986483573913574, 0.9004335403442383, 0.781609296798706, 0.8597630858421326, 0.1037224605679512, 0.06950618326663971, 0.8804415464401245, 0.826308012008667, 0.7826523780822754, 0.5811800956726074, 0.8442919254302979, 0.8562259674072266, 0.8317651748657227, 0.5535920858383179, 0.8597042560577393, 0.28929683566093445, 0.8331356644630432, 0.7997727394104004, 0.8355247974395752, 0.8326613903045654, 0.8806354999542236, 0.8704305291175842, 0.8352742791175842, 0.8172139525413513, 0.40199896693229675, 0.8101520538330078, 0.21879185736179352, 0.9261012673377991, 0.06597873568534851, 0.8321272730827332, 0.8186728954315186, 0.8368973731994629, 0.512454092502594, -0.5426466464996338, 0.9973067045211792, -0.7086495161056519, 0.9111541509628296, 0.8663982152938843, -0.47717368602752686, 0.8041269183158875, 0.32317379117012024, 0.604232907295227, 0.7566664218902588, 0.07271406054496765, 0.7915380001068115, -0.5590418577194214, -0.12041877210140228, 0.5274527668952942, 0.799673318862915, 0.7939915657043457, -0.6244441270828247, 0.6156362295150757, 0.799201250076294, 0.8046923279762268, 0.8919686675071716, -0.2725624740123749, 0.8290982246398926, 0.8486323952674866, 0.7364609837532043, 0.8470097780227661, 0.8470345139503479, 0.6490598320960999, 0.8994322419166565, 0.4006232023239136, 0.7273015975952148, -0.2432209700345993, 0.863657534122467, 0.8291546106338501, 0.4994247853755951, -0.5896631479263306, 0.8280433416366577, 0.8589916825294495, -0.2793835699558258, 0.5135697722434998, 0.8374549746513367, 0.8296205401420593, 0.7956388592720032, 0.8249829411506653, 0.7420759797096252, 0.4706215262413025, 0.8496008515357971, 0.8650965690612793, -0.8131932020187378, 0.5355691909790039, 0.8564122319221497, 0.8223884105682373, 0.8572832942008972, 0.8337935209274292, 0.8582321405410767, -0.56535404920578, 0.9047855138778687, -0.6771916151046753, 0.4598512053489685, 0.7911111116409302, 0.8537731170654297, 0.8279944658279419, -0.4072291851043701, 0.8426957130432129, 0.8346448540687561, 0.8220032453536987, 0.8237032294273376, 0.7943381667137146, 0.7370904684066772, 0.7764742374420166, 0.8456829786300659, 0.8339316844940186, 0.8407796621322632, 0.794295608997345, -0.8515027165412903, -0.16897286474704742, 0.7989734411239624, 0.8201432228088379, 0.713904857635498, -0.5061498880386353, 0.831710934638977, -0.5747758746147156, 0.907103419303894, 0.3314913809299469, 0.7955188751220703, 0.8769046068191528, 0.8279088735580444, 0.8477548360824585, 0.7608727216720581, 0.8147391676902771, 0.7630096673965454, -0.5801267623901367, 0.8665786981582642, 0.29817724227905273, 0.7353130578994751, -0.7629033923149109, 0.8456149697303772, 0.867633044719696, 0.7781639695167542, 0.766974925994873, 0.8296754360198975, 0.5839885473251343, 0.8704714775085449, 0.8143143653869629, 0.028563816100358963, 0.8107183575630188, 0.8916990160942078, 0.8794214725494385, 0.9030972719192505, 0.7829400897026062, -0.326938271522522, -0.09964454174041748, 0.7692636251449585, 0.9997166991233826, 0.9295728802680969, 0.816063642501831, -0.601050615310669, -0.5781667232513428, 0.7184101343154907, 0.8064956665039062, 0.8296527862548828, 0.32354557514190674, -0.12150832265615463, -0.686667263507843, 0.8666567206382751, 0.800995945930481, 0.8062636852264404, 0.7838354110717773, 0.7805888056755066, 0.8525401949882507, 0.8846781253814697, 0.8565300107002258, 0.2292596846818924, -0.8003019094467163, 0.841166615486145, 0.7100543975830078, 0.8407952785491943, 0.8200967311859131, 0.7852163314819336, 0.8462321162223816, -0.7911199927330017, -0.6192577481269836, 0.8179104328155518, 0.8674308061599731, 0.6252667903900146, 0.8814102411270142, 0.7952175140380859, 0.8441601991653442, 0.9284947514533997, 0.8735949397087097, 0.8214623928070068, -0.5655953884124756, 0.8785858154296875, 0.9228248596191406, 0.382454514503479, -0.3704140782356262, 0.7865960597991943, 0.3997229337692261, 0.8571065664291382, 0.8253726959228516, -0.2242112010717392, -0.5981056690216064, 0.8158421516418457, 0.43421876430511475, 0.8861270546913147, 0.9482682943344116, -0.6928485631942749, -0.6979698538780212, 0.8570906519889832, -0.03770224750041962, 0.41292476654052734, 0.8166137933731079, 0.04534614086151123, 0.8148254752159119, 0.8060528635978699, 0.7583246231079102, 0.8955109119415283, 0.7901357412338257, 0.712845504283905, 0.8073434829711914, 0.8382273316383362, 0.7361946105957031, -0.31069231033325195, 0.8428797721862793, -0.7519171237945557, 0.8492434620857239, 0.9111424684524536, -0.2798323333263397, 0.8197816610336304, 0.7494750022888184, 0.8576070666313171, 0.8580192923545837, 0.8804613351821899, 0.8395189046859741, 0.16844488680362701, -0.22186894714832306, 0.8476171493530273, 0.8693737387657166, 0.7464693784713745, 0.8644523024559021, -0.1883249282836914, 0.4138132929801941, 0.8884083032608032, 0.8232041001319885, 0.8000370264053345, 0.8457651138305664, 0.3902244567871094, 0.8338297605514526, -0.722441554069519, 0.7895829677581787, 0.8642679452896118, -0.04617217183113098, 0.22048047184944153, 0.8736447691917419, 0.9325116872787476, 0.7743983268737793, 0.6432750225067139, 0.7865073680877686, 0.6655570268630981, 0.8020150065422058, -0.3568699359893799, 0.7336825132369995, 0.2649568021297455, -0.5784957408905029, 0.8676263093948364, 0.8251631855964661, 0.4302451014518738, 0.8082412481307983, 0.2627379596233368, 0.8771635293960571, 0.30647847056388855, 0.8796934485435486, 0.8314030170440674, 0.7818844318389893, 0.8606894612312317, 0.7024274468421936, 0.8362851142883301, 0.82049161195755, -0.1732676923274994, -0.7078007459640503, -0.5771489143371582, -0.6122821569442749, 0.8817190527915955, 0.245340496301651, 0.49564167857170105, 0.7837737202644348, 0.5240028500556946, 0.7649314403533936, -0.21513089537620544, 0.7922892570495605, 0.8358344435691833, 0.20575863122940063, 0.7870457172393799, 0.7978354096412659, 0.8732450008392334, 0.8522334098815918, 0.7865258455276489, 0.8822635412216187, -0.18614742159843445, 0.8152210712432861, 0.815032958984375, 0.9839516878128052, 0.9194788336753845, 0.8679078817367554, -0.16503354907035828, 0.8472230434417725, 0.8148078322410583, 0.8675917387008667, -0.6036243438720703, 0.8073384761810303, 0.24583756923675537, 0.7920217514038086, 0.5215559005737305, 0.7696928977966309, 0.9160827398300171, 0.894281804561615, 0.8649598360061646, 0.8392884731292725, 0.8163080215454102, -0.5685189962387085, 0.8239337205886841, 0.8141052722930908, 0.013211503624916077, 0.8353723287582397, 0.7489558458328247, 0.8121234178543091, 0.9102398753166199, 0.8462305068969727, 0.8445855379104614, 0.6995052099227905, -0.6806716322898865, 0.7596429586410522, -0.7189779281616211, 0.7947745323181152, 0.8253375887870789, -0.6102308034896851, 0.8594253659248352, 0.7617674469947815, 0.8540756702423096, -0.5138283967971802, 0.627056360244751, 0.4018091857433319, 0.48087167739868164, 0.8434173464775085, 0.8276380300521851, 0.2028287947177887, -0.3100736141204834, 0.7281743288040161, 0.8221256732940674, 0.8592441082000732, 0.8225898742675781, -0.8320552110671997, -0.7495592832565308, 0.8491001129150391, 0.8370921611785889, 0.871380090713501, 0.8835533261299133, 0.8399478197097778, 0.8549031019210815, 0.7912954092025757, 0.22919908165931702, 0.8732773065567017, 0.37980353832244873, 0.07868649065494537, -0.7306439876556396, 0.8598416447639465, 0.8696714639663696, 0.8350801467895508, 0.8727558851242065, -0.6508908271789551, -0.2410569190979004, 0.8041715621948242, 0.7271600961685181, 0.6993873119354248, -0.5019659996032715, 0.8543981313705444, 0.737099289894104, -0.5484905242919922, 0.8178834915161133, 0.7885972857475281, 0.8502486944198608, 0.8585659265518188, 0.804688572883606, 0.9101014733314514, -0.5239432454109192, 0.5334603786468506, 0.7945327758789062, 0.42619019746780396, 0.429638147354126, 0.8616046905517578, 0.3569176197052002, 0.8498309850692749, 0.8019613027572632, 0.8576998114585876, 0.5231260061264038, 0.3787897825241089, 0.6638782620429993, 0.7715955972671509, 0.8580294847488403, 0.8614897727966309, 0.25367462635040283, 0.06392542272806168, 0.7320470213890076, -0.49954479932785034, 0.854188859462738, 0.7756007313728333, 0.7837355136871338, 0.7898309826850891, -0.7527846097946167, 0.8499295711517334, 0.7950079441070557, -0.5363290905952454, 0.8384677171707153, 0.8289687633514404, 0.8497775793075562, 0.6913083791732788, 0.8819314241409302, -0.18268311023712158, 0.8339450359344482, -0.26089367270469666, 0.8461610078811646, 0.8592954874038696, 0.9433346390724182, 0.871174693107605, -0.2572857439517975, 0.8702355623245239, 0.919183611869812, 0.26607292890548706, 0.8899205923080444, 0.8195621967315674, 0.3639163076877594, -0.15219376981258392, -0.07906568050384521, 0.7897813320159912, -0.27068570256233215, 0.7800527811050415, 0.8572584390640259, 0.3570805788040161, 0.39216747879981995, -0.5318436026573181, -0.603675365447998, -0.2460343837738037, 0.7534269094467163, -0.7310919761657715, -0.610580563545227, 0.819061279296875, 0.8305748701095581, 0.7694905400276184, 0.7461954355239868, 0.8183919787406921, 0.8971716165542603, 0.44711512327194214, 0.7703008651733398, 0.8733059167861938, 0.5061790347099304, 0.7931829690933228, 0.16728542745113373, 0.8575904369354248, 0.8477834463119507, 0.7816559076309204, 0.5924736261367798, -0.5991055369377136, 0.897337794303894, -0.6367665529251099, 0.7703173160552979, 0.850849449634552]
