sample name: ['C[C@H](NC(=O)NCc1cccnc1)c1cccc(OCc2ccccn2)c1']
atom_index,distance,cosine_similarity
0,-0.049620361328125,0.003314170390367508
1,0.0398309326171875,-0.014504063874483109
2,-0.109866943359375,0.008153687566518783
3,-0.121768798828125,0.01076463133096695
4,-0.045511474609375,0.005097113400697708
5,0.0815576171875,-0.012683765292167663
6,0.189437255859375,-0.0169215390086174
7,0.1183087158203125,0.0014407336711883545
8,0.1102008056640625,-0.0008356970548629761
9,0.0786785888671875,-0.0034744825959205626
10,-0.15205322265625,0.014283319637179374
11,0.0270440673828125,-0.0034065330028533935
12,-0.1004248046875,0.011489955931901932
13,0.0570074462890625,-0.0027638627588748932
14,-0.1713482666015625,0.012271992862224579
15,0.0732061767578125,-0.013014398217201233
16,-0.206680908203125,0.025578680038452147
17,-0.122554931640625,0.008458665013313294
18,0.0869921875,-0.007893177270889283
19,-0.21027099609375,0.013098101615905761
20,-0.172596435546875,0.01772784560918808

Sum of phi values for distance
-0.6004333496093751
Sum of phi values for cosine similarity
0.05618137799203396
Average distance random samples:
6.396036477145694
Average cosine similarity random samples:
0.6968340623520669
Distances random samples
[6.371077537536621, 8.069552421569824, 5.179224491119385, 5.529799938201904, 8.53060245513916, 5.926276683807373, 5.9094438552856445, 5.703917026519775, 5.92334508895874, 6.483688831329346, 5.702708721160889, 7.081695079803467, 4.730232238769531, 5.60592794418335, 6.464975357055664, 5.601023197174072, 5.463813304901123, 5.039531707763672, 5.948367595672607, 6.407052993774414, 5.553838729858398, 8.27254867553711, 5.418193340301514, 4.5072550773620605, 9.032885551452637, 7.201641082763672, 5.208897113800049, 10.775558471679688, 7.314884185791016, 5.006997585296631, 2.6647257804870605, 5.433474540710449, 6.629454612731934, 4.511103630065918, 6.034614562988281, 5.3303656578063965, 6.301790237426758, 7.350679874420166, 5.643586158752441, 5.578638076782227, 5.546412944793701, 5.373635292053223, 6.2947235107421875, 7.278506278991699, 5.900718688964844, 5.690904140472412, 5.696476936340332, 5.027431011199951, 9.23265552520752, 5.539180278778076, 5.051186561584473, 7.938182353973389, 7.102241039276123, 6.20257043838501, 4.583704948425293, 4.16678524017334, 7.929330825805664, 4.346624374389648, 5.759105682373047, 5.723389625549316, 5.913900375366211, 6.352596282958984, 6.599870681762695, 6.623557090759277, 7.465188980102539, 6.748165607452393, 6.75415563583374, 7.391717433929443, 6.263340473175049, 5.6980414390563965, 7.635180950164795, 4.854384899139404, 5.169292449951172, 6.284306049346924, 8.3325777053833, 4.8348565101623535, 4.542268753051758, 8.170611381530762, 8.81205940246582, 4.6015167236328125, 8.107912063598633, 5.854033946990967, 4.406970500946045, 6.398609161376953, 5.54788875579834, 6.770461082458496, 5.848779678344727, 7.940096378326416, 6.562233924865723, 4.849945068359375, 6.028208255767822, 6.55374002456665, 9.668623924255371, 8.241604804992676, 6.589537143707275, 6.464179992675781, 4.794840335845947, 8.43765640258789, 6.3762969970703125, 4.147670745849609, 8.94605827331543, 5.001344203948975, 3.521160125732422, 6.960193634033203, 8.476602554321289, 6.647830486297607, 8.283003807067871, 5.403101921081543, 7.221456527709961, 6.4855499267578125, 8.795293807983398, 6.002418518066406, 5.005022048950195, 6.574277400970459, 6.280358791351318, 4.3675737380981445, 5.558070659637451, 5.706714630126953, 6.750420570373535, 5.327671051025391, 16.454145431518555, 7.0978899002075195, 6.30264139175415, 5.43021297454834, 5.960878372192383, 4.361861705780029, 5.337393760681152, 4.241247177124023, 5.771447658538818, 6.732463359832764, 5.173380374908447, 6.630843639373779, 4.987751483917236, 7.396820545196533, 4.900660514831543, 5.426421642303467, 6.038206577301025, 8.753768920898438, 8.530890464782715, 6.402243137359619, 6.603946208953857, 4.819990634918213, 5.995544910430908, 6.670520305633545, 6.959766864776611, 6.42055082321167, 5.66841983795166, 5.270493030548096, 5.570269584655762, 7.307716369628906, 6.2594757080078125, 5.693778038024902, 6.453891754150391, 6.034581184387207, 5.861093997955322, 5.8516411781311035, 4.891076564788818, 5.318084239959717, 6.771376609802246, 6.715559005737305, 7.49769401550293, 7.426060199737549, 5.85302734375, 6.485036849975586, 8.394998550415039, 4.180028438568115, 7.998234748840332, 16.118953704833984, 4.491299152374268, 5.845254421234131, 5.901181221008301, 5.384493827819824, 8.316915512084961, 6.613827705383301, 16.521299362182617, 5.856451988220215, 5.9135894775390625, 8.020217895507812, 5.870447158813477, 6.785256385803223, 14.786605834960938, 17.099262237548828, 5.22371244430542, 6.587179660797119, 8.773369789123535, 7.137558937072754, 6.017733097076416, 5.020698070526123, 5.135293483734131, 5.822469711303711, 6.6583571434021, 6.979817867279053, 5.9570183753967285, 9.153424263000488, 6.069881916046143, 6.033114433288574, 5.175217151641846, 7.065103054046631, 5.4747843742370605, 5.377552509307861, 8.895995140075684, 8.70346450805664, 10.744451522827148, 6.559488296508789, 5.10563850402832, 4.502223491668701, 6.184421062469482, 8.455337524414062, 5.921059608459473, 7.131732940673828, 5.507385730743408, 7.810976028442383, 9.694549560546875, 5.700080871582031, 6.141587734222412, 5.344199180603027, 5.37896728515625, 5.317660331726074, 6.33983039855957, 5.641396522521973, 4.938719749450684, 8.444145202636719, 6.335763931274414, 7.438112258911133, 5.47376823425293, 6.228576183319092, 5.885328769683838, 9.393133163452148, 5.877348899841309, 4.25826358795166, 4.873260974884033, 5.019593238830566, 6.697159290313721, 4.857924461364746, 6.035942554473877, 6.106661796569824, 4.594890594482422, 6.9119038581848145, 4.972841739654541, 5.256327152252197, 4.219293117523193, 6.223918437957764, 8.26351547241211, 5.8830766677856445, 4.165853500366211, 5.807037830352783, 6.714666843414307, 6.172905921936035, 5.238593578338623, 6.1448235511779785, 6.742041110992432, 5.57021951675415, 6.161043643951416, 5.870164394378662, 8.702676773071289, 8.143057823181152, 5.013453960418701, 5.60214900970459, 5.36881685256958, 5.009967803955078, 6.076329231262207, 4.371309280395508, 5.2938151359558105, 6.627297401428223, 7.046753406524658, 5.2197346687316895, 5.429256439208984, 9.239089012145996, 5.543179988861084, 16.85655975341797, 3.7286949157714844, 5.97199821472168, 6.184291362762451, 5.263381481170654, 6.054233074188232, 17.654422760009766, 5.9837727546691895, 5.127666473388672, 6.952949047088623, 4.144892692565918, 5.329468727111816, 4.223719120025635, 5.686202049255371, 7.120882034301758, 7.2682390213012695, 5.574810028076172, 6.694513320922852, 7.497016429901123, 4.942898750305176, 6.710948467254639, 9.767821311950684, 6.002686977386475, 5.856019020080566, 9.545903205871582, 6.43520450592041, 6.038275241851807, 5.256696701049805, 6.751619815826416, 5.329719543457031, 6.496613025665283, 6.323859214782715, 6.197339057922363, 5.383518695831299, 5.58546781539917, 5.001590251922607, 6.068313121795654, 6.292366981506348, 4.351423263549805, 7.423327445983887, 7.7617411613464355, 4.428657054901123, 5.082664489746094, 6.1297502517700195, 17.03676414489746, 5.418389797210693, 8.0291166305542, 4.1775383949279785, 6.066283702850342, 6.045193672180176, 6.144357681274414, 3.99119234085083, 4.6326003074646, 6.249220371246338, 5.329150199890137, 5.695383548736572, 5.653923034667969, 5.716147422790527, 8.034587860107422, 3.9912056922912598, 7.0813140869140625, 6.042941093444824, 7.75946044921875, 6.677619457244873, 8.400805473327637, 18.28946304321289, 6.236405372619629, 5.057331562042236, 5.861120700836182, 5.202773571014404, 5.444379806518555, 8.095032691955566, 6.581055641174316, 5.629114151000977, 5.743535041809082, 4.610569000244141, 6.061748504638672, 6.781135082244873, 6.125714302062988, 6.046262264251709, 6.213868141174316, 7.502437114715576, 6.331531524658203, 5.0101799964904785, 5.569507598876953, 6.069269180297852, 6.469026565551758, 5.612686634063721, 5.76227331161499, 7.320761680603027, 6.5126953125, 7.963221549987793, 6.227787494659424, 5.341870307922363, 7.045018196105957, 6.451623439788818, 8.313822746276855, 6.903302192687988, 6.514182090759277, 5.1032209396362305, 5.0121893882751465, 5.710042476654053, 4.841951847076416, 6.339396953582764, 6.0254645347595215, 5.800482749938965, 5.726991653442383, 5.708446979522705, 5.622631072998047, 5.93484354019165, 8.713375091552734, 6.027385234832764, 5.599697589874268, 5.61249303817749, 8.021320343017578, 6.9249749183654785, 6.123784065246582, 5.77855110168457, 4.8202314376831055, 6.481231689453125, 8.148519515991211, 3.166984796524048, 8.155442237854004, 7.146071910858154, 5.614760398864746, 9.445624351501465, 5.564381122589111, 6.647453308105469, 5.951723575592041, 6.808321475982666, 8.879661560058594, 4.82082462310791, 9.629624366760254, 6.437619209289551, 5.861601829528809, 6.231481552124023, 8.323880195617676, 4.317348957061768, 5.860082149505615, 5.806014060974121, 5.266035079956055, 6.805128574371338, 5.240384578704834, 5.724311351776123, 8.654518127441406, 6.652496337890625, 5.868512153625488, 5.168148994445801, 4.796036720275879, 5.615002155303955, 6.095142841339111, 6.00396203994751, 6.168779373168945, 5.935225963592529, 6.740218639373779, 6.435731410980225, 5.860758304595947, 17.27229881286621, 8.603004455566406, 3.505039930343628, 3.9237594604492188, 7.3880767822265625, 7.152843952178955, 4.7949628829956055, 6.0477776527404785, 5.052567958831787, 6.772972583770752, 8.064650535583496, 5.874855041503906, 6.58329963684082, 5.549557209014893, 9.785386085510254, 6.854001522064209, 4.85246467590332, 5.644558906555176, 5.748028755187988, 5.688822269439697, 5.657196998596191, 5.95047664642334, 5.493066310882568, 5.869533061981201, 5.725582599639893, 6.767658710479736, 5.2056708335876465, 7.399951457977295, 12.570656776428223, 4.3669352531433105, 6.966042995452881, 5.034379959106445, 4.371866703033447, 6.243849754333496, 7.62106990814209, 8.035377502441406, 5.875319004058838, 6.307934761047363, 5.726770877838135, 4.5901594161987305, 7.388181686401367, 12.058948516845703, 3.2260234355926514, 4.645194053649902, 7.511476993560791, 6.13674783706665, 8.04934310913086, 10.425877571105957, 6.616707801818848, 7.439702033996582, 5.83270788192749, 8.558088302612305, 4.859777927398682, 6.01062536239624, 6.00233793258667, 8.703553199768066, 8.7423734664917, 7.2754669189453125, 6.947691917419434, 6.468552589416504, 6.1780877113342285, 6.317018032073975, 6.056466579437256, 5.671116352081299, 6.057350158691406, 6.552282333374023, 6.721040725708008, 6.935342311859131, 8.246903419494629, 9.33956241607666, 3.2142374515533447, 6.050325393676758, 6.6523613929748535, 6.009066581726074, 5.64108419418335, 5.927304744720459, 5.458898067474365, 5.19569206237793, 4.390197277069092, 7.173203945159912, 5.958644390106201, 3.972748041152954, 5.279848098754883, 6.327935218811035, 5.015979766845703, 6.021266460418701, 17.4852294921875, 8.008835792541504, 4.278198719024658, 8.040096282958984, 4.764001846313477, 7.726955413818359, 7.095935821533203, 5.077886581420898, 5.8536176681518555, 10.057257652282715, 6.1921234130859375, 6.1100687980651855, 10.664316177368164, 4.594139099121094, 4.853166580200195, 6.418966770172119, 4.115966320037842, 5.559983253479004, 4.251974582672119, 5.814418315887451, 7.176873683929443, 6.249363422393799, 5.983827590942383, 6.141348838806152, 5.053304672241211, 7.163329601287842, 5.7557196617126465, 5.675738334655762, 4.8014373779296875, 6.301704406738281, 5.687496185302734, 8.325950622558594, 4.148454666137695, 5.072463512420654, 6.790913105010986, 6.939876079559326, 5.305338382720947, 3.679302930831909, 12.871509552001953, 7.496355056762695, 4.891600608825684, 5.437414646148682, 4.6510772705078125, 5.332117080688477, 6.741446018218994, 6.15339469909668, 10.37623119354248, 5.4676432609558105, 3.96285343170166, 5.787156581878662, 6.133990287780762, 5.424871921539307, 9.179461479187012, 7.125844478607178, 6.005877494812012, 5.733349323272705, 5.064107418060303, 6.61546516418457, 8.021960258483887, 7.31614875793457, 6.241244316101074, 4.489012241363525, 4.8044657707214355, 8.781079292297363, 4.984761714935303, 8.815881729125977, 5.684656620025635, 6.042303562164307, 5.745870113372803, 8.670915603637695, 5.839729309082031, 6.510716438293457, 10.440582275390625, 5.667868614196777, 6.018325328826904, 5.098866939544678, 6.373795986175537, 5.317502021789551, 3.5035812854766846, 7.609723091125488, 5.721709728240967, 5.339427947998047, 4.426365375518799, 4.402142524719238, 5.564753532409668, 6.904016971588135, 4.470802307128906, 7.407745361328125, 8.295610427856445, 5.098605155944824, 5.946863174438477, 5.976297855377197, 5.39042329788208, 6.671356678009033, 7.0182785987854, 6.464169979095459, 4.529147148132324, 7.866243362426758, 5.888097763061523, 6.290340423583984, 7.980744361877441, 4.341358661651611, 6.659953594207764, 6.53445291519165, 7.537448883056641, 7.28360652923584, 6.858792304992676, 5.474338054656982, 5.899940490722656, 5.19159460067749, 5.429744720458984, 4.388924598693848, 5.9751996994018555, 5.073064804077148, 5.570117473602295, 5.553605079650879, 4.576758861541748, 6.924445629119873, 6.891021251678467, 6.43568229675293, 5.116703510284424, 6.792245864868164, 4.775602340698242, 5.539098262786865, 7.987682342529297, 7.009175777435303, 5.526024341583252, 6.5378947257995605, 6.406323432922363, 5.789531230926514, 8.906296730041504, 5.939233303070068, 5.505450248718262, 6.925655841827393, 5.668472766876221, 6.2294135093688965, 4.703559398651123, 5.9120283126831055, 7.910828590393066, 5.957902908325195, 6.887587070465088, 6.129123687744141, 4.150867938995361, 6.065518379211426, 4.178491115570068, 5.946073532104492, 5.587947368621826, 8.307499885559082, 5.118744373321533, 4.360175609588623, 5.530699729919434, 6.1958537101745605, 8.68720817565918, 4.796905040740967, 5.579419136047363, 6.885255336761475, 5.618166923522949, 5.836741924285889, 6.337334632873535, 7.007655620574951, 7.73682165145874, 5.805554389953613, 3.939908027648926, 4.897507190704346, 5.516742706298828, 7.847576141357422, 10.298818588256836, 4.409642696380615, 5.822062969207764, 5.86365270614624, 5.878012180328369, 5.031615734100342, 5.70344352722168, 4.961687088012695, 8.581941604614258, 4.980213642120361, 5.7151641845703125, 6.168920040130615, 6.281252861022949, 7.477862358093262, 16.64264488220215, 9.33944034576416, 7.975895881652832, 4.989809989929199, 5.768656253814697, 4.386209964752197, 5.000851631164551, 5.952146053314209, 5.409917831420898, 3.6847198009490967, 5.327027320861816, 6.209118843078613, 4.789443016052246, 4.929403305053711, 4.13753080368042, 5.1678009033203125, 5.829470157623291, 5.49686861038208, 5.687558174133301, 5.970279693603516, 7.806753158569336, 4.906414985656738, 4.887600421905518, 4.815074443817139, 4.504133224487305, 6.152454853057861, 6.744961261749268, 9.95843505859375, 6.1958136558532715, 8.686275482177734, 5.353409290313721, 6.2156877517700195, 4.823070049285889, 8.024746894836426, 4.6686906814575195, 6.428468704223633, 3.427428960800171, 4.852414131164551, 5.762683868408203, 7.398150444030762, 9.151213645935059, 8.034859657287598, 5.957386493682861, 5.732665061950684, 4.972170352935791, 4.604006290435791, 4.862427711486816, 5.323927879333496, 2.1886491775512695, 6.1598219871521, 7.332353591918945, 6.156153678894043, 4.528183460235596, 5.03730583190918, 7.459493637084961, 6.836679458618164, 7.5804266929626465, 4.28590726852417, 6.627069473266602, 5.694257736206055, 3.9875540733337402, 5.286374092102051, 6.0466108322143555, 4.8077592849731445, 8.607398986816406, 8.470357894897461, 5.9224348068237305, 6.654089450836182, 6.23407506942749, 7.692418575286865, 7.269289970397949, 6.811496257781982, 5.6157917976379395, 5.0021820068359375, 9.651037216186523, 8.059776306152344, 5.19776725769043, 5.685442924499512, 6.238131523132324, 6.197639465332031, 6.560499668121338, 6.379844665527344, 7.2177557945251465, 9.193284034729004, 6.9600510597229, 6.0566935539245605, 6.581834316253662, 4.845414161682129, 5.618272304534912, 5.913775444030762, 5.946329593658447, 5.084442615509033, 5.9029669761657715, 6.388957977294922, 5.6913042068481445, 7.963712215423584, 5.624566555023193, 6.051961898803711, 4.984975814819336, 6.267559051513672, 5.02805233001709, 9.971367835998535, 8.926752090454102, 5.721795082092285, 5.199571132659912, 5.926774024963379, 15.562376022338867, 5.175627708435059, 7.204568386077881, 6.025729179382324, 4.383419990539551, 7.09205436706543, 4.826696872711182, 5.372498989105225, 9.401633262634277, 4.430716514587402, 5.149877548217773, 4.606317043304443, 6.858298301696777, 4.011395454406738, 8.420352935791016, 7.651825904846191, 4.818576812744141, 6.963901519775391, 6.65517520904541, 6.497776985168457, 5.037588596343994, 7.231586456298828, 5.617919921875, 5.581594467163086, 6.1298508644104, 6.197329521179199, 8.722387313842773, 5.286325454711914, 8.904632568359375, 5.09335470199585, 7.84922981262207, 8.147773742675781, 6.17028284072876, 6.279599189758301, 5.89025354385376, 5.471012115478516, 5.201054573059082, 6.143503189086914, 5.701406002044678, 10.108747482299805, 7.116399765014648, 4.840977191925049, 5.745175361633301, 5.345339775085449, 4.610374450683594, 5.222064018249512, 5.77437686920166, 8.242464065551758, 4.511106014251709, 7.631430625915527, 7.020185947418213, 4.989666938781738, 5.909717082977295, 6.1004462242126465, 6.71189546585083, 7.187090873718262, 5.8529887199401855, 6.375655174255371, 7.729915142059326, 6.764091491699219, 5.524315357208252, 8.040647506713867, 7.12877082824707, 5.817385196685791, 4.235392093658447, 4.272647857666016, 7.823957920074463, 6.495361804962158, 5.30183219909668, 5.446993827819824, 5.2520599365234375, 4.112509250640869, 4.935771942138672, 7.407078742980957, 5.369256019592285, 4.907651424407959, 7.163607120513916, 7.590454578399658, 9.456329345703125, 3.8712995052337646, 8.552143096923828, 6.737348556518555, 6.703731536865234, 7.043517589569092, 5.884786128997803, 5.64591121673584, 4.795016765594482, 5.763543128967285, 7.052744388580322, 4.216878414154053, 5.841894626617432, 6.497406482696533, 6.481267929077148, 1.084594488143921, 6.889477729797363, 9.59935474395752, 10.074652671813965, 7.548381328582764, 4.380155086517334, 5.561999320983887, 6.187321662902832, 5.99083948135376, 4.183712959289551, 8.151309967041016, 6.106274604797363, 6.3936896324157715, 10.263521194458008, 5.1191086769104, 5.3605265617370605, 8.943428993225098, 6.438579082489014, 4.360381603240967, 5.755743026733398, 4.229223251342773, 6.6644768714904785, 9.247446060180664, 5.545283317565918, 5.988455295562744, 7.393465995788574, 6.9201273918151855, 3.9195339679718018, 7.1404523849487305, 7.911099433898926, 5.8057074546813965, 8.383184432983398, 8.022359848022461, 8.673162460327148, 5.635074138641357, 6.527693271636963, 4.460360050201416, 6.623785495758057, 5.244320869445801, 5.723628520965576, 6.307992458343506, 5.719277381896973, 4.8736891746521, 5.360783100128174, 5.473032474517822, 8.683558464050293, 5.431634426116943, 6.0243916511535645, 6.739421367645264, 5.667298316955566, 5.88422155380249, 5.855825901031494, 9.179803848266602, 8.32003402709961, 8.434440612792969, 8.081849098205566, 8.688872337341309, 6.299442291259766, 6.2123260498046875, 5.923736095428467, 7.730245590209961, 5.653568744659424, 6.053896903991699, 5.2677998542785645, 5.216344833374023, 5.837949275970459, 6.021966934204102, 6.271928310394287, 6.055919170379639, 5.599468231201172, 4.8341064453125, 7.671032905578613, 5.584190845489502, 3.417449951171875, 5.867797374725342, 4.377801418304443, 6.348796367645264, 5.542715072631836, 6.157333850860596, 6.212777137756348, 4.663466453552246, 16.9578800201416, 5.158822536468506, 5.865409851074219, 7.095777988433838, 5.379702568054199, 6.81843900680542, 5.139537334442139, 6.723800182342529, 5.348399639129639, 7.1609015464782715, 5.953718185424805, 6.457907199859619, 10.881447792053223, 7.7712016105651855, 5.580684185028076, 5.50471305847168, 7.719648838043213, 6.475741386413574, 8.932392120361328, 7.571986675262451, 7.955876350402832, 7.050790309906006, 6.317991256713867, 4.7947998046875, 6.464782238006592, 8.458486557006836, 4.392589569091797, 6.376474380493164, 5.5268330574035645, 6.120294094085693, 7.655130863189697, 4.414228916168213, 6.463664531707764, 8.061685562133789, 7.270930290222168, 6.845457553863525, 5.197730541229248, 6.334043025970459, 5.625979900360107, 8.676919937133789, 6.200613975524902, 6.145860195159912, 8.948335647583008, 8.509260177612305, 5.2574849128723145, 4.407314777374268, 6.000319957733154, 5.593684196472168, 4.900905132293701, 8.784132957458496, 7.340597629547119, 6.116064071655273, 8.548572540283203, 6.738625526428223, 6.851971626281738, 5.208953380584717, 6.2291259765625, 4.930829048156738, 4.162089824676514, 5.239460468292236, 6.076543807983398, 4.386195182800293, 4.16533899307251, 5.881208896636963, 4.624574661254883, 6.152170658111572, 6.086061000823975, 4.673588275909424, 6.166543483734131, 5.251560688018799, 4.645285606384277, 6.478471279144287, 4.3369317054748535, 6.573164463043213, 7.2345404624938965, 16.16161346435547, 5.477879524230957, 6.227207660675049, 6.705982685089111, 5.021165370941162, 7.260368824005127, 8.134169578552246, 6.441369533538818, 10.142472267150879, 7.126794815063477, 7.7232255935668945, 7.779422760009766, 4.923199653625488, 6.080524444580078, 5.818600654602051, 5.243873119354248, 6.4570631980896, 5.209131240844727, 5.244335174560547, 6.461057662963867, 5.545044898986816, 4.586061477661133, 4.608295917510986, 5.402344703674316, 5.256712913513184, 5.42047119140625, 6.067133903503418, 6.282217979431152, 5.7579426765441895, 6.1438307762146, 5.51108980178833, 15.748627662658691, 1.6989957094192505, 4.989809989929199, 5.726318836212158, 5.937537670135498, 6.633334159851074, 5.752775192260742, 7.218532085418701, 7.706457138061523, 5.077276229858398, 5.856034278869629, 7.337096691131592, 4.483041286468506, 8.3234224319458, 5.866891384124756, 6.63713264465332, 5.817986488342285, 6.0715107917785645, 7.289236068725586, 6.990560531616211, 8.724885940551758, 13.40585708618164, 6.395440101623535, 6.622008323669434, 5.222087383270264, 5.9297194480896, 5.279757499694824, 6.2121663093566895, 5.211118698120117, 3.140791893005371, 5.889617919921875, 4.2421488761901855, 5.038463115692139, 5.561168670654297, 6.007211685180664, 6.316877841949463, 6.1829633712768555, 6.366049766540527, 5.570289611816406, 7.016758918762207, 5.56568717956543, 5.55689811706543, 4.571650505065918, 6.108297824859619, 3.9566640853881836, 10.183602333068848, 4.409125328063965, 8.233996391296387, 5.298670291900635, 6.191247463226318, 4.821758270263672, 4.786021709442139, 6.189815998077393, 7.278653621673584, 5.879843711853027, 6.669039249420166, 6.028098106384277, 6.023313522338867, 5.553800106048584, 8.857677459716797, 8.248552322387695, 6.470771312713623, 5.100887775421143, 5.419896125793457, 5.5615715980529785, 6.992093563079834, 5.259528160095215, 5.560572624206543, 4.860708236694336, 6.0509114265441895, 6.691800594329834, 5.717422962188721, 7.798662185668945, 9.226853370666504, 8.835672378540039, 4.4019341468811035, 6.037293910980225, 6.13953161239624, 6.354325294494629, 6.832889556884766, 5.824674606323242, 7.918767929077148, 5.1435723304748535, 6.200667858123779, 6.016482353210449, 5.826855182647705, 15.127564430236816, 7.152973651885986, 8.631121635437012, 4.617237091064453, 4.636785984039307, 6.410755634307861, 5.865079879760742, 6.425683975219727, 7.434720993041992, 9.219512939453125, 6.208199501037598, 6.17688512802124, 6.011321544647217, 5.699613094329834, 4.776996612548828, 8.048297882080078, 6.889584541320801, 5.8974833488464355, 6.361907005310059, 5.374434471130371, 9.074362754821777, 5.293581962585449, 6.266419887542725, 6.054958343505859, 7.215953350067139, 4.491801738739014, 5.397860050201416, 4.4488725662231445, 5.202997207641602, 8.297557830810547, 5.937652111053467, 4.8524489402771, 6.164994239807129, 6.4464640617370605, 6.5681633949279785, 7.057050704956055, 5.263531684875488, 5.2464141845703125, 14.160013198852539, 7.257389068603516, 3.9897141456604004, 6.039253234863281, 5.482654094696045, 6.01327657699585, 6.873922348022461, 7.5285868644714355, 6.398439407348633, 5.63787841796875, 6.670703887939453, 6.919314861297607, 5.533230304718018, 6.264817714691162, 4.80795431137085, 4.830361366271973, 6.550018787384033, 7.865429878234863, 5.725763320922852, 6.322840690612793, 5.655354976654053, 5.3983049392700195, 5.655879020690918, 5.2512712478637695, 6.118026256561279, 6.1242170333862305, 6.383552074432373, 5.614284992218018, 8.032864570617676, 4.747992515563965, 7.811045169830322, 7.910798072814941, 4.996216773986816, 5.139645576477051, 6.046513080596924, 9.001346588134766, 3.14113712310791, 4.263039588928223, 7.3492512702941895, 5.291416645050049, 6.714164733886719, 5.189702987670898, 5.7153801918029785, 5.174542427062988, 5.090343475341797, 5.460045337677002, 8.328850746154785, 6.766127586364746, 4.573152542114258, 5.937873363494873, 5.871048450469971, 8.031521797180176, 7.39794397354126, 6.406317234039307, 8.113958358764648, 11.519021034240723, 6.503437519073486, 5.31777286529541, 4.381913185119629, 6.73459005355835, 6.013644218444824, 5.142621994018555, 7.426271438598633, 5.7418646812438965, 6.3462443351745605, 5.300215244293213, 6.619014263153076, 5.663575649261475, 8.953563690185547, 5.98377799987793, 6.779947280883789, 5.745229244232178, 6.16461181640625, 6.1101765632629395, 5.587165355682373, 5.1908063888549805, 5.954006671905518, 8.100589752197266, 6.265020847320557, 7.775312900543213, 17.794790267944336, 5.413944244384766, 6.231100559234619, 4.711650848388672, 8.651557922363281, 6.848054885864258, 4.618458271026611, 7.599942684173584, 9.143532752990723, 6.173892498016357, 5.272785663604736, 6.147071361541748, 6.042245388031006, 5.383003234863281, 2.5530660152435303, 7.168056964874268, 8.11529541015625, 4.427963733673096, 6.016922950744629, 5.619241237640381, 9.244250297546387, 5.571261882781982, 8.689871788024902, 7.218907356262207, 5.912582874298096, 6.248536109924316, 6.575231075286865, 8.948257446289062, 6.777244567871094, 6.053528308868408, 6.896650791168213, 5.243820667266846, 5.250975131988525, 8.461669921875, 5.430154800415039, 6.166206359863281, 10.086713790893555, 8.2367582321167, 6.592114448547363, 5.599583148956299, 5.747600078582764, 5.88902473449707, 9.741376876831055, 6.199496269226074, 7.773202896118164, 5.864065170288086, 6.614640235900879, 5.983835697174072, 5.248942852020264, 5.0829854011535645, 6.436535358428955, 5.2693867683410645, 5.102363109588623, 5.7659010887146, 5.863271713256836, 17.480920791625977, 6.0587286949157715, 5.551647663116455, 7.213358402252197, 6.195105075836182, 7.854659557342529, 5.913562774658203, 15.212706565856934, 5.599850654602051, 6.03546142578125, 6.99311637878418, 6.201932907104492, 6.028138160705566, 5.380424499511719, 6.077592849731445, 9.183431625366211, 5.907971382141113, 6.256137847900391, 7.618340969085693, 5.052219867706299, 4.588926792144775, 7.870008945465088, 5.256786346435547, 5.6403326988220215, 5.583686828613281, 6.8593010902404785, 4.124833583831787, 5.9804768562316895, 5.283684253692627, 4.450664520263672, 5.762296199798584, 7.762118816375732, 6.18597936630249, 7.294519424438477, 4.41244649887085, 7.257113456726074, 8.241192817687988, 4.906613826751709, 5.712580680847168, 5.154552459716797, 6.641642093658447, 9.254072189331055, 5.351754188537598, 4.992009162902832, 4.980259895324707, 7.248877048492432, 6.6824445724487305, 5.80040168762207, 6.485260486602783, 5.9043426513671875, 4.27227258682251, 8.614006996154785, 5.495675086975098, 4.959045886993408, 5.347295761108398, 5.8604512214660645, 8.279876708984375, 5.517720699310303, 5.697516918182373, 4.927347660064697, 4.431084632873535, 4.844486713409424, 5.986428737640381, 6.027134895324707, 8.398164749145508, 5.269010543823242, 16.081253051757812, 5.896903991699219, 5.076644420623779, 7.444576263427734, 5.844466209411621, 6.573194980621338, 5.722920894622803, 5.023804664611816, 3.5368566513061523, 8.108716011047363, 9.070050239562988, 8.220976829528809, 5.691202640533447, 6.084514141082764, 6.018822193145752, 9.598918914794922, 4.7013959884643555, 6.093508720397949, 5.5215582847595215, 6.060125827789307, 5.7393798828125, 5.717541217803955, 7.279324054718018, 6.0455145835876465, 4.609672546386719, 5.1453633308410645, 5.125845432281494, 9.151844024658203, 4.781698703765869, 6.181965351104736, 5.824860095977783, 6.330411434173584, 16.9754581451416, 5.875030040740967, 5.090525150299072, 5.310883045196533, 6.410945892333984, 5.882748126983643, 5.188854694366455, 5.221069812774658, 5.942824840545654, 7.059483051300049, 6.270807266235352, 7.41324520111084, 6.057821273803711, 4.9981279373168945, 8.917452812194824, 4.634981632232666, 8.211373329162598, 6.132879257202148, 7.9148664474487305, 6.992763519287109, 6.869119644165039, 5.517058372497559, 7.40799617767334, 5.99776554107666, 18.643352508544922, 6.834338665008545, 7.265525817871094, 4.666655540466309, 6.230793476104736, 5.605447769165039, 7.728992462158203, 3.952338933944702, 6.3632402420043945, 6.196224689483643, 4.9830322265625, 7.633200645446777, 5.5341901779174805, 18.791568756103516, 6.223094463348389, 6.609504222869873, 4.59790563583374, 6.022252559661865, 6.9570207595825195, 5.873595237731934, 4.746784687042236, 5.950893878936768, 5.851228713989258, 5.996312141418457, 6.561770915985107, 6.081826210021973, 4.971525192260742, 5.192423343658447, 6.506534576416016, 4.982203483581543, 6.291308403015137, 4.6605424880981445, 8.925808906555176, 4.839507579803467, 5.769649505615234, 5.746083736419678, 5.846282005310059, 6.282448768615723, 6.0273518562316895, 5.881457328796387, 5.7318949699401855, 5.543391704559326, 4.881012439727783, 7.373999118804932, 5.40296745300293, 7.746405124664307, 4.563592433929443, 5.373405933380127, 4.147571086883545, 7.50250244140625, 5.014130115509033, 6.21115255355835, 5.779657363891602, 5.585008144378662, 5.35064697265625, 6.896843433380127, 6.610233306884766, 6.479063510894775, 7.750957012176514, 6.478080749511719, 7.144221305847168, 5.812524318695068, 4.910920143127441, 5.38922119140625, 6.6059889793396, 8.2354154586792, 5.489086627960205, 8.074512481689453, 8.157537460327148, 5.3022379875183105, 7.958549976348877, 7.028128623962402, 5.72107458114624, 5.849109649658203, 7.443012237548828, 4.612228870391846, 6.294043064117432, 5.754963397979736, 5.843461036682129, 5.21240758895874, 3.731973886489868, 3.4013593196868896, 6.495967864990234, 5.960201740264893, 4.595094203948975, 5.527076721191406, 5.398501396179199, 3.1686716079711914, 6.744980812072754, 7.440511226654053, 4.7200493812561035, 4.484477519989014, 4.9299235343933105, 5.702920436859131, 5.045886993408203, 6.255357265472412, 13.216659545898438, 5.537126541137695, 5.714509010314941, 5.939617156982422, 8.054515838623047, 7.473048210144043, 6.5946574211120605, 5.79832124710083, 5.763488292694092, 5.385634422302246, 5.024946212768555, 5.31771183013916, 8.835501670837402, 7.161867618560791, 4.008265495300293, 5.410865783691406, 5.693833351135254, 8.191718101501465, 6.4072699546813965, 6.200013160705566, 3.1566476821899414, 6.445615291595459, 8.204513549804688, 6.183513641357422, 5.442758560180664, 5.695829391479492, 15.846030235290527, 8.598657608032227, 5.8084869384765625, 5.546429634094238, 5.76527738571167, 8.98896598815918, 6.161218643188477, 5.894235134124756, 7.865742206573486, 4.864833831787109, 4.694619178771973, 5.204448699951172, 5.40757942199707, 5.217393398284912, 7.356617450714111, 5.557137966156006, 7.683361530303955, 8.733064651489258, 8.947092056274414, 6.023647785186768, 5.132283687591553, 6.093429088592529, 6.219247341156006, 6.720007419586182, 8.612635612487793, 4.440213203430176, 5.983222961425781, 5.2798614501953125, 6.304736614227295, 5.226750373840332, 6.001842975616455, 3.4407503604888916, 5.406609535217285, 5.961333751678467, 7.473784923553467, 3.750669002532959, 8.670385360717773, 4.928190231323242, 6.503368854522705, 6.62453031539917, 5.85340690612793, 7.2458953857421875, 5.8325605392456055, 5.924542427062988, 4.597639560699463, 5.746787071228027, 5.091107368469238, 17.016218185424805, 6.520301342010498, 8.743733406066895, 8.147708892822266, 5.9754157066345215, 7.573105812072754, 9.84669303894043, 6.242948055267334, 7.139456748962402, 6.4860615730285645, 7.796811103820801, 4.7938923835754395, 5.62714958190918, 7.598290920257568, 4.6776909828186035, 7.522807598114014, 7.076903343200684, 4.811232089996338, 5.5772271156311035, 5.0686140060424805, 5.2452592849731445, 6.342845439910889, 4.6859259605407715, 5.351039886474609, 8.439196586608887, 5.583507537841797, 7.076239585876465, 4.871432781219482, 8.95975112915039, 5.898437023162842, 5.873453617095947, 7.02183198928833, 5.570079803466797, 5.908720970153809, 5.320921897888184, 5.789771556854248, 7.9153642654418945, 11.674050331115723, 5.8844709396362305, 7.198777198791504, 8.685380935668945, 5.917592525482178, 7.529172897338867, 4.717034339904785, 4.766239166259766, 5.738218784332275, 5.458212852478027, 4.828928470611572, 5.967787265777588, 3.737724781036377, 5.845785140991211, 5.542216777801514, 5.123732089996338, 5.60464334487915, 5.508718490600586, 6.010000228881836, 5.7992963790893555, 5.873338222503662, 6.15078592300415, 5.559363842010498, 6.045286655426025, 5.727756500244141, 6.03876256942749, 5.198523044586182, 6.256730556488037, 6.812735557556152, 9.062891006469727, 4.800734519958496, 7.340421199798584, 5.404606819152832, 4.339513778686523, 6.359471797943115, 5.757505893707275, 5.24341344833374, 5.70936918258667, 6.042219161987305, 7.181904315948486, 6.074714183807373, 5.476643085479736, 7.666166305541992, 7.925936698913574, 4.671503067016602, 7.500147342681885, 7.00579309463501, 5.70632791519165, 5.857484817504883, 3.9204869270324707, 6.885592460632324, 7.172827243804932, 5.612106800079346, 4.969640731811523, 4.156599044799805, 5.2844696044921875, 6.973780632019043, 5.339140892028809, 6.623788833618164, 5.610381126403809, 6.246296405792236, 5.559879779815674, 5.829257011413574, 4.411258697509766, 5.00473165512085, 7.188121318817139, 5.954801559448242, 4.419946670532227, 7.2007856369018555, 7.728241443634033, 6.647059917449951, 8.565163612365723, 5.306308746337891, 5.031327724456787, 6.377670764923096, 8.249520301818848, 5.54385232925415, 9.084646224975586, 16.39252281188965, 15.654465675354004, 5.752749443054199, 6.9361114501953125, 5.347644329071045, 6.519838333129883, 6.101853370666504, 6.264945983886719, 14.949155807495117, 9.657364845275879, 6.219742298126221, 5.4266204833984375, 5.061513900756836, 5.879904270172119, 6.386380195617676, 6.359646320343018, 6.164574146270752, 4.769350051879883, 10.176525115966797, 6.2760467529296875, 6.480940341949463, 5.4767022132873535, 8.380902290344238, 3.91882061958313, 6.95964241027832, 7.256531238555908, 7.404621601104736, 5.272789478302002, 4.693292617797852, 6.32631254196167, 6.732068061828613, 5.344522953033447, 5.415816783905029, 8.862631797790527, 5.305344104766846, 5.35123348236084, 6.332754135131836, 6.127295970916748, 5.2598652839660645, 6.98138952255249, 5.921805381774902, 5.006392002105713, 6.095907211303711, 5.420210838317871, 6.541115760803223, 4.178478717803955, 6.7570600509643555, 16.039796829223633, 7.814332008361816, 6.394086837768555, 5.436782360076904, 5.4747233390808105, 8.834745407104492, 6.154470920562744, 6.265956401824951, 9.419172286987305, 9.377400398254395, 6.637098789215088, 5.697005748748779, 5.85828161239624, 4.996061325073242, 5.760133743286133, 5.712528228759766, 6.332989692687988, 5.957705020904541, 17.04288101196289, 6.5514140129089355, 5.237480163574219, 4.45957088470459, 8.39129638671875, 6.647951602935791, 6.394289016723633, 5.787442684173584, 7.1041154861450195, 3.979196786880493, 5.124159336090088, 6.0188422203063965, 4.484646320343018, 5.612492561340332, 4.396193027496338, 5.618820667266846, 3.673893690109253, 5.849728584289551, 4.869687557220459, 6.127100467681885, 4.93458366394043, 5.2152886390686035, 7.324988842010498, 5.482036590576172, 4.416196823120117, 7.9524617195129395, 5.909055709838867, 6.181832313537598, 6.208266258239746, 6.439355373382568, 8.146929740905762, 5.9330034255981445, 6.8447136878967285, 6.005343437194824, 5.525158882141113, 7.850381851196289, 6.131386756896973, 6.155211448669434, 6.1701579093933105, 7.313207149505615, 4.415894508361816, 7.491668701171875, 5.683973789215088, 4.386130332946777, 4.7739763259887695, 6.623612880706787, 6.32874870300293, 5.384868144989014, 5.742464065551758, 4.792612075805664, 7.938045978546143, 6.216523170471191, 6.470810890197754, 5.323216438293457, 7.4552741050720215, 5.471673488616943, 5.663772106170654, 5.246623516082764, 6.0902204513549805, 5.359103679656982, 6.469558238983154, 4.731434345245361, 7.310418128967285, 17.421794891357422, 6.708658218383789, 4.678930282592773, 5.642911911010742, 4.503406524658203, 7.9984130859375, 3.4036550521850586, 4.160244941711426, 7.128291606903076, 6.523806095123291, 6.115805625915527, 6.729835510253906, 4.110786437988281, 8.445711135864258, 6.203631401062012, 7.585941314697266, 7.176072120666504, 6.504920959472656, 4.022523403167725, 16.639583587646484, 7.916787147521973, 8.942197799682617, 7.1134443283081055, 4.393668174743652, 5.343956470489502, 7.045386791229248, 6.240463733673096, 6.849069118499756, 4.2691497802734375, 6.309841632843018, 6.389163017272949, 4.738028526306152, 5.719619274139404, 6.01475191116333, 6.164947509765625, 5.791224002838135, 6.650139808654785, 7.872992515563965, 3.9465911388397217, 4.813435077667236, 5.170460224151611, 6.060854434967041, 9.035999298095703, 5.243659973144531, 7.197996139526367, 6.457901477813721, 6.549095153808594, 5.101038932800293, 6.338504791259766, 3.909313201904297, 7.930125713348389, 9.150547981262207, 6.378680229187012, 6.303767681121826, 5.977422714233398, 6.089634418487549, 6.622379779815674, 4.77664852142334, 5.2528204917907715, 4.36948299407959, 6.71062707901001, 6.756634712219238, 5.459426403045654, 6.642387866973877, 5.337515830993652, 6.612986087799072, 8.801567077636719, 7.505375862121582, 6.289586067199707, 6.051968574523926, 5.348318576812744, 7.5454583168029785, 4.944375038146973, 5.801074504852295, 5.060173988342285, 5.347210884094238, 7.15838623046875, 4.784094333648682, 7.7197113037109375, 7.885586738586426, 5.078660488128662, 7.338935375213623, 5.3994832038879395, 8.193527221679688, 6.324258804321289, 5.627613544464111, 6.078310012817383, 9.280858039855957, 5.106715679168701, 4.592714309692383, 6.400639057159424, 5.484726905822754, 5.987808704376221, 6.3168511390686035, 9.632575988769531, 5.932647228240967, 7.981331825256348, 5.719284534454346, 6.391021251678467, 8.56417179107666, 6.196901321411133, 6.207668304443359, 5.488966941833496, 18.426557540893555, 6.986654281616211, 6.388128757476807, 5.732778072357178, 6.488631725311279, 5.733523368835449, 5.609388828277588, 5.7742791175842285, 8.106898307800293, 5.018929481506348, 6.828057289123535, 8.962078094482422, 7.11199951171875, 9.257157325744629, 6.6846089363098145, 4.578760623931885, 4.805028438568115, 7.374082565307617, 3.4177019596099854, 7.043844699859619, 5.1563215255737305, 6.781861305236816, 5.4597063064575195, 7.682496070861816, 4.414730548858643, 5.904959201812744, 5.884450435638428, 5.053677082061768, 5.43463134765625, 7.961887836456299, 7.700166702270508, 9.132003784179688, 11.899803161621094, 6.594611167907715, 5.449794769287109, 7.922221660614014, 4.622306823730469, 5.576372146606445, 6.256844520568848, 9.0218505859375, 5.912923812866211, 4.0687127113342285, 8.726351737976074, 5.774299144744873, 11.105899810791016, 8.809199333190918, 5.168796539306641, 5.795595645904541, 6.353975772857666, 4.175034046173096, 10.129476547241211, 5.449965000152588, 7.257997512817383, 6.627715110778809, 5.558679580688477, 6.242204189300537, 5.723669528961182, 10.155585289001465, 5.8999104499816895, 5.688374996185303, 5.366854667663574, 7.2485809326171875, 8.261726379394531, 6.173542499542236, 8.82547664642334, 7.280689239501953, 5.288151264190674, 6.342865943908691, 5.291751384735107, 4.9011688232421875, 5.08814811706543, 5.89601993560791, 5.177162170410156, 12.805488586425781, 6.69418478012085, 5.0659098625183105, 5.504359722137451, 7.0423583984375, 6.145543575286865, 7.025534152984619, 4.799126625061035, 6.3363847732543945, 6.2870941162109375, 9.045941352844238, 8.702098846435547, 4.798700332641602, 5.0494771003723145, 6.173804759979248, 6.979135990142822, 6.069623947143555, 8.391766548156738, 6.018965721130371, 7.976978778839111, 4.4383039474487305, 5.8054423332214355, 6.823592662811279, 6.616931438446045, 7.904626846313477, 4.708907604217529, 6.174844741821289, 4.829246997833252, 6.153123378753662, 4.7957563400268555, 6.0959649085998535, 5.273180961608887, 5.445680141448975, 5.361606121063232, 5.214333534240723, 5.499261379241943, 5.85090970993042, 9.258970260620117, 7.593589782714844, 4.587063312530518, 4.608643054962158, 6.26391077041626, 4.841507911682129, 8.235082626342773, 5.585775852203369, 6.652184963226318, 5.463878631591797, 4.295797824859619, 5.494869232177734, 4.853923320770264, 6.753518104553223, 8.46998405456543, 5.415552616119385]
Cosines similarity random samples
[0.7101592421531677, 0.5626894235610962, 0.8202112317085266, 0.7764462232589722, 0.5058547854423523, 0.7425724267959595, 0.7389403581619263, 0.7825068235397339, 0.7627209424972534, 0.6627235412597656, 0.7675588130950928, 0.5875383615493774, 0.836638331413269, 0.8025935888290405, 0.6697777509689331, 0.7825632095336914, 0.783908486366272, 0.840445876121521, 0.7386685013771057, 0.7009539008140564, 0.7728191614151001, 0.5293230414390564, 0.8078897595405579, 0.8767663836479187, 0.5201349258422852, 0.6393933296203613, 0.8007425665855408, 0.23192761838436127, 0.587475597858429, 0.8452344536781311, 0.9514293670654297, 0.8020649552345276, 0.7109912633895874, 0.8695794939994812, 0.7387449741363525, 0.8103772401809692, 0.6843432188034058, 0.5645127296447754, 0.7749656438827515, 0.8284768462181091, 0.7907167673110962, 0.7870791554450989, 0.7346264123916626, 0.5406825542449951, 0.7299689054489136, 0.7834790349006653, 0.8074225187301636, 0.8244925141334534, 0.49649205803871155, 0.791429877281189, 0.8182716369628906, 0.4312225878238678, 0.636825680732727, 0.7225461006164551, 0.8631198406219482, 0.8822565078735352, 0.46906226873397827, 0.8709719181060791, 0.7657650709152222, 0.7800091505050659, 0.7408563494682312, 0.7119858264923096, 0.6722093820571899, 0.6582775115966797, 0.584381639957428, 0.7137144804000854, 0.6462312340736389, 0.5917007327079773, 0.6933354139328003, 0.7639632225036621, 0.585769772529602, 0.8351496458053589, 0.8202852010726929, 0.7153016328811646, 0.4866771697998047, 0.8401851654052734, 0.8528085947036743, 0.6001622676849365, 0.32133111357688904, 0.8611860275268555, 0.6691275835037231, 0.7577365040779114, 0.8650751113891602, 0.7954254150390625, 0.7851361036300659, 0.639604926109314, 0.7710750102996826, 0.6700012683868408, 0.7511346340179443, 0.8299801349639893, 0.7561814785003662, 0.6558040380477905, 0.5752344131469727, 0.5377904772758484, 0.6837649345397949, 0.6911820769309998, 0.8528689742088318, 0.41005778312683105, 0.7355780005455017, 0.8894042372703552, 0.32658666372299194, 0.817611575126648, 0.9139578938484192, 0.6777644753456116, 0.3929579257965088, 0.6613091826438904, 0.45524168014526367, 0.7922216653823853, 0.6260640621185303, 0.6615924835205078, 0.5302138924598694, 0.7400708198547363, 0.8289493322372437, 0.674560546875, 0.700372040271759, 0.8708494305610657, 0.7818143367767334, 0.781915545463562, 0.6388471722602844, 0.7910894155502319, -0.6245522499084473, 0.6120972633361816, 0.7016879320144653, 0.8078166842460632, 0.8169465065002441, 0.8730250597000122, 0.7984355092048645, 0.8811728954315186, 0.7568998336791992, 0.6367297172546387, 0.8209409117698669, 0.7224484086036682, 0.8330638408660889, 0.5519798994064331, 0.823745846748352, 0.8184416890144348, 0.7448095083236694, 0.5400530099868774, 0.29399994015693665, 0.7387267351150513, 0.726292610168457, 0.839480459690094, 0.7524915933609009, 0.6882433891296387, 0.6231765151023865, 0.7329824566841125, 0.770311713218689, 0.8195172548294067, 0.7964941263198853, 0.6008248329162598, 0.709816575050354, 0.7551537156105042, 0.665328860282898, 0.7495830059051514, 0.7472596764564514, 0.7964925765991211, 0.8525677919387817, 0.8194615840911865, 0.6762942671775818, 0.6838117837905884, 0.6155097484588623, 0.5375258922576904, 0.7557567358016968, 0.6955768465995789, 0.45141828060150146, 0.8813416957855225, 0.59605473279953, -0.5534723997116089, 0.8751322627067566, 0.7589842081069946, 0.7505069375038147, 0.8007383346557617, 0.5251299142837524, 0.7090495824813843, -0.5345885753631592, 0.7473598718643188, 0.7845286726951599, 0.6710402965545654, 0.783810019493103, 0.6262008547782898, -0.2803899049758911, -0.6864644885063171, 0.8112075328826904, 0.7479367256164551, 0.49837079644203186, 0.5911496877670288, 0.7938153743743896, 0.8209706544876099, 0.8085769414901733, 0.7697526216506958, 0.7363746166229248, 0.7355504035949707, 0.7939976453781128, 0.2585708200931549, 0.7395684719085693, 0.7511729001998901, 0.8174657821655273, 0.6568502187728882, 0.8032153844833374, 0.8019798994064331, 0.5727165937423706, 0.3184588551521301, 0.2504979968070984, 0.6551758050918579, 0.8416056036949158, 0.8555868864059448, 0.7452588081359863, 0.3853831887245178, 0.7634198665618896, 0.6418964862823486, 0.795061469078064, 0.5417529344558716, 0.3945938050746918, 0.7864540815353394, 0.7105284333229065, 0.8097035884857178, 0.7903571128845215, 0.7965294122695923, 0.6818439960479736, 0.7666258811950684, 0.8209159970283508, 0.4994918406009674, 0.7964897155761719, 0.55595862865448, 0.7747516632080078, 0.7174301147460938, 0.7650713324546814, 0.5146419405937195, 0.7347139120101929, 0.8878886103630066, 0.8306751847267151, 0.830208957195282, 0.728487491607666, 0.8504127264022827, 0.753150224685669, 0.7759232521057129, 0.8603392839431763, 0.5992882251739502, 0.8322463631629944, 0.7928855419158936, 0.8729221224784851, 0.7505944967269897, 0.3781760632991791, 0.741155743598938, 0.8891544938087463, 0.7814751863479614, 0.6615379452705383, 0.747527003288269, 0.8082829713821411, 0.7464057803153992, 0.7467564344406128, 0.7731634378433228, 0.7332333922386169, 0.7715624570846558, 0.4491685926914215, 0.4255408048629761, 0.8591139316558838, 0.7967232465744019, 0.7910987138748169, 0.8373380899429321, 0.713737964630127, 0.8720147609710693, 0.822995126247406, 0.6634185314178467, 0.7091018557548523, 0.8161100149154663, 0.8042629957199097, 0.468384325504303, 0.7946590185165405, -0.5572857856750488, 0.9044987559318542, 0.7291103601455688, 0.7587369680404663, 0.8187762498855591, 0.7188434600830078, -0.644173800945282, 0.7227149605751038, 0.8085549473762512, 0.6110515594482422, 0.8835759162902832, 0.7981445789337158, 0.8754544854164124, 0.7777223587036133, 0.728541374206543, 0.6211757659912109, 0.7718645334243774, 0.7210288047790527, 0.5747196674346924, 0.8270230293273926, 0.7185186147689819, 0.39516735076904297, 0.746536910533905, 0.7608378529548645, 0.3319738805294037, 0.6757601499557495, 0.7466154098510742, 0.8201942443847656, 0.726092517375946, 0.8075225353240967, 0.7394780516624451, 0.69978928565979, 0.7407932877540588, 0.7974971532821655, 0.781005859375, 0.8328273296356201, 0.7580766677856445, 0.6890848278999329, 0.8719762563705444, 0.5996802449226379, 0.5546364188194275, 0.863594651222229, 0.8199928402900696, 0.7306459546089172, -0.5285384654998779, 0.8203694224357605, 0.4811466932296753, 0.8809385895729065, 0.7602910995483398, 0.7434455156326294, 0.7419583797454834, 0.895636260509491, 0.8496442437171936, 0.7273613214492798, 0.811355471611023, 0.7801753282546997, 0.7947002053260803, 0.7806515693664551, 0.60188227891922, 0.8878244161605835, 0.7235579490661621, 0.7491239309310913, 0.5737260580062866, 0.6532052159309387, 0.6256543397903442, -0.7027900218963623, 0.7130250930786133, 0.8182404041290283, 0.7340431809425354, 0.8090921640396118, 0.7897768616676331, 0.49598830938339233, 0.6849725246429443, 0.8002853393554688, 0.791580319404602, 0.8532599210739136, 0.7480038404464722, 0.734459638595581, 0.7316449284553528, 0.7575898170471191, 0.7179120182991028, 0.6876785755157471, 0.6896264553070068, 0.830536425113678, 0.8268603682518005, 0.7676977515220642, 0.6783091425895691, 0.7969698905944824, 0.750109076499939, 0.712816596031189, 0.6619703769683838, 0.43228089809417725, 0.7482285499572754, 0.8069493770599365, 0.7513015270233154, 0.6897687911987305, 0.5093933343887329, 0.6309279203414917, 0.7764694094657898, 0.8116172552108765, 0.8260210156440735, 0.7864603996276855, 0.8429767489433289, 0.7292958498001099, 0.7545502185821533, 0.754642128944397, 0.7891190648078918, 0.839111328125, 0.7653903365135193, 0.7409788370132446, 0.5019829273223877, 0.7163819074630737, 0.7793413996696472, 0.7845838069915771, 0.39802834391593933, 0.6269286870956421, 0.7258868217468262, 0.7702454328536987, 0.8436406850814819, 0.7202492952346802, 0.627449631690979, 0.9304379820823669, 0.49867576360702515, 0.6000658869743347, 0.7889484167098999, 0.346072256565094, 0.7984393835067749, 0.6822084784507751, 0.777461051940918, 0.6415321230888367, 0.32003965973854065, 0.8509244322776794, 0.3485053479671478, 0.7155255079269409, 0.7721039652824402, 0.7381725311279297, 0.38703569769859314, 0.8663856983184814, 0.7699854373931885, 0.7604256868362427, 0.8034858703613281, 0.6452448964118958, 0.8098872900009155, 0.773471474647522, 0.5480817556381226, 0.6888934373855591, 0.7401102185249329, 0.8210440278053284, 0.8398562073707581, 0.7787251472473145, 0.7360785007476807, 0.7336196899414062, 0.7422524094581604, 0.782174289226532, 0.7634961009025574, 0.7268204689025879, 0.7551254630088806, -0.6775120496749878, 0.5713120102882385, 0.9137320518493652, 0.8945596814155579, 0.63044273853302, 0.5690499544143677, 0.8440275192260742, 0.7295742630958557, 0.8144820332527161, 0.7443646788597107, 0.6139315366744995, 0.7521251440048218, 0.7273544669151306, 0.7656427621841431, 0.5503956079483032, 0.7700473666191101, 0.8504310250282288, 0.7713422775268555, 0.7757369875907898, 0.7561731338500977, 0.7737747430801392, 0.7441280484199524, 0.7813369035720825, 0.7603103518486023, 0.7700337767601013, 0.7414567470550537, 0.8135015368461609, 0.5469232201576233, -0.2938217520713806, 0.8722693920135498, 0.6882439851760864, 0.8199799060821533, 0.8687865734100342, 0.758488655090332, 0.5362528562545776, 0.616887092590332, 0.7792364358901978, 0.6901954412460327, 0.7724602222442627, 0.8590472936630249, 0.5454428195953369, -0.16883721947669983, 0.9274574518203735, 0.8804876804351807, 0.6189784407615662, 0.7279881238937378, 0.5023304224014282, 0.28598907589912415, 0.7122877836227417, 0.6351486444473267, 0.7963467836380005, 0.5488415360450745, 0.8353488445281982, 0.7346137762069702, 0.7548111081123352, 0.5100848078727722, 0.39979130029678345, 0.5855170488357544, 0.62068772315979, 0.6996785998344421, 0.7456854581832886, 0.7370952367782593, 0.7180764675140381, 0.771536111831665, 0.7412517666816711, 0.679667592048645, 0.6444941163063049, 0.6858717799186707, 0.49724704027175903, 0.4954625964164734, 0.9402213096618652, 0.7187283635139465, 0.6505105495452881, 0.7458744645118713, 0.8479660749435425, 0.8165727853775024, 0.7866864204406738, 0.8128774166107178, 0.8676340579986572, 0.6605883836746216, 0.7271677255630493, 0.8985446095466614, 0.7966389656066895, 0.7963957190513611, 0.8367862701416016, 0.7348836064338684, -0.6932622194290161, 0.5093647837638855, 0.8869692087173462, 0.6307019591331482, 0.8352303504943848, 0.48939192295074463, 0.6579766273498535, 0.8304233551025391, 0.7768651843070984, 0.08833597600460052, 0.6983020305633545, 0.7880726456642151, 0.25778305530548096, 0.8463314771652222, 0.832575798034668, 0.7323811650276184, 0.8864095211029053, 0.7848055958747864, 0.870790421962738, 0.7569658756256104, 0.5726713538169861, 0.7218374013900757, 0.7928100824356079, 0.7389902472496033, 0.8387783169746399, 0.559054970741272, 0.7715756893157959, 0.7540332078933716, 0.8451250791549683, 0.6999214887619019, 0.7909085750579834, 0.5163244009017944, 0.8846467733383179, 0.8219314217567444, 0.6801935434341431, 0.6123607158660889, 0.8048568964004517, 0.9089452028274536, -0.273802250623703, 0.5866474509239197, 0.8399288654327393, 0.792677640914917, 0.8493993282318115, 0.801164984703064, 0.6848533153533936, 0.7438424229621887, 0.5936421751976013, 0.8241766691207886, 0.904211163520813, 0.7703938484191895, 0.7164133787155151, 0.8250386714935303, 0.44654569029808044, 0.6569996476173401, 0.7904552817344666, 0.7555070519447327, 0.8186312913894653, 0.6893248558044434, 0.5858163237571716, 0.5959176421165466, 0.7196436524391174, 0.8587021231651306, 0.8425706624984741, 0.26968780159950256, 0.8333845138549805, 0.27905094623565674, 0.7871524095535278, 0.7624386548995972, 0.7564780116081238, 0.41340893507003784, 0.7609890699386597, 0.6740132570266724, 0.2758423686027527, 0.7665233016014099, 0.751193106174469, 0.8292925357818604, 0.758841335773468, 0.8085092902183533, 0.9218093156814575, 0.5345274209976196, 0.7951171398162842, 0.8127107620239258, 0.869196355342865, 0.8718439340591431, 0.7977403402328491, 0.6432775855064392, 0.8697428703308105, 0.6274645328521729, 0.4180455207824707, 0.8130172491073608, 0.7922380566596985, 0.8090941905975342, 0.7972337007522583, 0.7550711631774902, 0.6100606918334961, 0.6812307834625244, 0.8586598634719849, 0.68172287940979, 0.7600758075714111, 0.7131445407867432, 0.6872475743293762, 0.864182710647583, 0.6476309299468994, 0.7002193927764893, 0.7170010805130005, 0.6712403297424316, 0.6264058351516724, 0.7946411371231079, 0.8391876220703125, 0.8171545267105103, 0.7770228385925293, 0.8698959946632385, 0.8189911246299744, 0.8160223960876465, 0.7723734378814697, 0.7836799621582031, 0.8563955426216125, 0.6543965935707092, 0.6676315069198608, 0.7039154171943665, 0.8153367638587952, 0.646762490272522, 0.8337087035179138, 0.7951492071151733, 0.5623186230659485, 0.719536542892456, 0.7955667972564697, 0.6692126989364624, 0.7064681053161621, 0.7890084981918335, 0.33205631375312805, 0.7384013533592224, 0.8175110220909119, 0.6460779905319214, 0.7662596702575684, 0.7484275698661804, 0.8384466171264648, 0.7440452575683594, 0.5058581829071045, 0.7653689980506897, 0.7248535752296448, 0.7100275158882141, 0.8830441832542419, 0.8039715886116028, 0.8790249228477478, 0.7990022301673889, 0.7907295227050781, 0.520351231098175, 0.8133163452148438, 0.8649150133132935, 0.7917883992195129, 0.7843946218490601, 0.4289665222167969, 0.8860738277435303, 0.7795393466949463, 0.6548246741294861, 0.8072757124900818, 0.7526353597640991, 0.7319785356521606, 0.6006526947021484, 0.6086194515228271, 0.792020320892334, 0.8929741978645325, 0.8253940939903259, 0.7723966836929321, 0.5375884771347046, 0.3882710933685303, 0.8655349016189575, 0.787320077419281, 0.7662633061408997, 0.7605667114257812, 0.8336710929870605, 0.7638142704963684, 0.844765841960907, 0.5724773406982422, 0.8325403928756714, 0.7759965658187866, 0.7271943092346191, 0.7151349782943726, 0.6108075380325317, -0.53077232837677, 0.39778244495391846, 0.5525449514389038, 0.8318140506744385, 0.7564055919647217, 0.8733108639717102, 0.8353581428527832, 0.7405136823654175, 0.7998515367507935, 0.906083881855011, 0.7876863479614258, 0.7201378345489502, 0.8444164991378784, 0.8399238586425781, 0.8861329555511475, 0.8209015727043152, 0.7583819627761841, 0.771438479423523, 0.7858518958091736, 0.7438424825668335, 0.5289539098739624, 0.8437966108322144, 0.8511019349098206, 0.8383398056030273, 0.8715102672576904, 0.7388332486152649, 0.6404064893722534, 0.49981680512428284, 0.7442387342453003, 0.32130521535873413, 0.8085449934005737, 0.7675384283065796, 0.8495751619338989, 0.6153181195259094, 0.8593834638595581, 0.7374534606933594, 0.9179390668869019, 0.8465738296508789, 0.754266619682312, 0.5854835510253906, 0.4757879972457886, 0.5205238461494446, 0.7709932923316956, 0.7793278694152832, 0.8347628116607666, 0.8601564764976501, 0.8334528207778931, 0.8056226372718811, 0.9703752398490906, 0.7063098549842834, 0.6350047588348389, 0.7249698638916016, 0.8535183668136597, 0.8517801761627197, 0.673872172832489, 0.7060520648956299, 0.55399489402771, 0.8774336576461792, 0.7078266143798828, 0.7809704542160034, 0.8882507085800171, 0.8360285758972168, 0.7772117853164673, 0.8789668679237366, 0.5111404657363892, 0.5908132195472717, 0.7502825260162354, 0.703593909740448, 0.7324346899986267, 0.5084697008132935, 0.6484144926071167, 0.6273496150970459, 0.7646718621253967, 0.8336566686630249, 0.18623465299606323, 0.5695635080337524, 0.8132930397987366, 0.7569886445999146, 0.7494816780090332, 0.7063220739364624, 0.6956390142440796, 0.6759445667266846, 0.6172521114349365, 0.23019173741340637, 0.7659684419631958, 0.7673075795173645, 0.6642720699310303, 0.8356538414955139, 0.8036949634552002, 0.7631641626358032, 0.7737216353416443, 0.8205662965774536, 0.762066662311554, 0.6831201910972595, 0.7829742431640625, 0.559276819229126, 0.819443941116333, 0.776197075843811, 0.8257236480712891, 0.7302054762840271, 0.8481611013412476, 0.3136436343193054, 0.5449420809745789, 0.7773323059082031, 0.8172052502632141, 0.7579278945922852, -0.53898024559021, 0.8197817206382751, 0.6852262020111084, 0.742722749710083, 0.8726569414138794, 0.629855751991272, 0.8646776676177979, 0.8070599436759949, 0.7035037279129028, 0.8724424242973328, 0.8024178147315979, 0.8554073572158813, 0.6280146837234497, 0.8888131976127625, 0.4830772876739502, 0.6565218567848206, 0.833166778087616, 0.6337795853614807, 0.7649743556976318, 0.6960281133651733, 0.8225789070129395, 0.7489861845970154, 0.7774778604507446, 0.7790650725364685, 0.796438455581665, 0.728739321231842, 0.37073373794555664, 0.7953354120254517, 0.5573140382766724, 0.8311123847961426, 0.46869415044784546, 0.47151994705200195, 0.7426306009292603, 0.6913403272628784, 0.7575610876083374, 0.7851876020431519, 0.7978070974349976, 0.718104362487793, 0.7857126593589783, 0.3466934263706207, 0.7789534330368042, 0.8589266538619995, 0.7534737586975098, 0.8053255081176758, 0.8717496395111084, 0.8045936822891235, 0.7513551115989685, 0.40815269947052, 0.8756756782531738, 0.6710333824157715, 0.6421909332275391, 0.8516154289245605, 0.8019099235534668, 0.750919759273529, 0.6479664444923401, 0.5644829869270325, 0.7863295078277588, 0.6840245723724365, 0.5416224002838135, 0.6516090631484985, 0.8030678033828735, 0.6293666362762451, 0.6075005531311035, 0.8135256767272949, 0.8745341300964355, 0.879956841468811, 0.6936254501342773, 0.6609668731689453, 0.8040525913238525, 0.7900262475013733, 0.827589750289917, 0.8859506845474243, 0.8217912912368774, 0.5282058715820312, 0.8037117719650269, 0.8495309352874756, 0.7147215604782104, 0.5737969875335693, 0.2581072449684143, 0.8944966793060303, 0.5044485926628113, 0.6709096431732178, 0.744850754737854, 0.6125106811523438, 0.7586588859558105, 0.7870092988014221, 0.8727784752845764, 0.7820813655853271, 0.5883654356002808, 0.8751654028892517, 0.7711297869682312, 0.6576275825500488, 0.6804097890853882, 0.9937856793403625, 0.629784882068634, 0.2051275670528412, 0.229908287525177, 0.6154541969299316, 0.8699551820755005, 0.7902065515518188, 0.7413449287414551, 0.7701059579849243, 0.8823893070220947, 0.7030786275863647, 0.7329567074775696, 0.6993317604064941, 0.3701874017715454, 0.8160785436630249, 0.79743891954422, 0.5942413806915283, 0.7004232406616211, 0.8732022047042847, 0.7649571895599365, 0.8716688752174377, 0.6713840961456299, 0.4989934265613556, 0.8321537971496582, 0.7419313192367554, 0.5801520943641663, 0.60675048828125, 0.8950722813606262, 0.6382982730865479, 0.46736299991607666, 0.8047630786895752, 0.40166065096855164, 0.6153362989425659, 0.6144384145736694, 0.775193452835083, 0.6708123683929443, 0.8783835768699646, 0.6406911611557007, 0.7940084338188171, 0.7726767063140869, 0.8119779825210571, 0.773794949054718, 0.8373522758483887, 0.8401980400085449, 0.8140527009963989, 0.45170319080352783, 0.8102407455444336, 0.8010602593421936, 0.7923091650009155, 0.7794129848480225, 0.751217246055603, 0.7499257922172546, 0.4356364607810974, 0.5713628530502319, 0.5028351545333862, 0.4919686019420624, 0.5296640396118164, 0.6989196538925171, 0.7183132171630859, 0.7731711864471436, 0.6071779727935791, 0.7702557444572449, 0.7339547872543335, 0.8034355044364929, 0.8391968011856079, 0.7512949109077454, 0.7553194165229797, 0.7212236523628235, 0.7370983362197876, 0.7673675417900085, 0.8389251232147217, 0.5291374921798706, 0.7969379425048828, 0.9206639528274536, 0.761753261089325, 0.862000584602356, 0.679128885269165, 0.7996785044670105, 0.7637006044387817, 0.7622514963150024, 0.8496785759925842, -0.7570147514343262, 0.822294294834137, 0.7849684357643127, 0.6318904757499695, 0.7897082567214966, 0.6529027223587036, 0.8044489622116089, 0.6506191492080688, 0.8364006876945496, 0.5672647953033447, 0.723736584186554, 0.6892693042755127, -0.0009350031614303589, 0.7288864254951477, 0.7718331813812256, 0.8057974576950073, 0.6445303559303284, 0.7847061157226562, 0.3623088598251343, 0.6506315469741821, 0.4397023916244507, 0.6460210680961609, 0.7282633185386658, 0.8453022241592407, 0.6932329535484314, 0.6177921295166016, 0.8726187944412231, 0.6782500147819519, 0.7781672477722168, 0.7118995189666748, 0.6687890291213989, 0.8693530559539795, 0.6876969337463379, 0.6218403577804565, 0.6302303075790405, 0.664539635181427, 0.8116284608840942, 0.6850031614303589, 0.795972466468811, 0.3621647357940674, 0.7378275394439697, 0.7107559442520142, 0.35926544666290283, 0.6731619834899902, 0.8046386241912842, 0.8723291754722595, 0.7579619884490967, 0.7786180973052979, 0.8332992792129517, 0.6715232133865356, 0.5596582293510437, 0.7200645208358765, 0.42943212389945984, 0.7013180255889893, 0.6614590883255005, 0.8246126174926758, 0.7561771869659424, 0.8549142479896545, 0.8840847015380859, 0.805734395980835, 0.7641522884368896, 0.8705832958221436, 0.8823959827423096, 0.7721397876739502, 0.8511834740638733, 0.7225522994995117, 0.735165536403656, 0.8639192581176758, 0.7425682544708252, 0.8060315847396851, 0.8539336919784546, 0.7969776391983032, 0.8735204339027405, 0.6474416255950928, 0.6139145493507385, -0.5803229808807373, 0.8192911148071289, 0.7181310653686523, 0.6816517114639282, 0.833087146282196, 0.554280698299408, 0.4764804244041443, 0.6695004105567932, 0.32575514912605286, 0.6184239983558655, 0.5192195773124695, 0.6285917162895203, 0.8267282247543335, 0.7246057987213135, 0.7676531076431274, 0.7995355129241943, 0.7360833883285522, 0.8184267282485962, 0.8338951468467712, 0.7182643413543701, 0.7920631170272827, 0.8579689264297485, 0.8476869463920593, 0.7975581884384155, 0.8275772333145142, 0.7824378609657288, 0.7413643598556519, 0.7155174016952515, 0.7659887075424194, 0.7018990516662598, 0.7953163385391235, -0.49959874153137207, 0.9807062745094299, 0.8354271650314331, 0.7892794609069824, 0.7645066976547241, 0.7140945196151733, 0.7884147763252258, 0.6610314846038818, 0.5559084415435791, 0.8095171451568604, 0.7576185464859009, 0.5439586043357849, 0.8564902544021606, 0.4175395369529724, 0.768661618232727, 0.6915628910064697, 0.7440326809883118, 0.7367842197418213, 0.7128045558929443, 0.6247616410255432, 0.7026584148406982, -0.3395756185054779, 0.7644975781440735, 0.7058869004249573, 0.8083156943321228, 0.740135908126831, 0.8084867000579834, 0.7569716572761536, 0.8278447985649109, 0.93326735496521, 0.7959173917770386, 0.8729891777038574, 0.838704526424408, 0.8212050199508667, 0.734749436378479, 0.6954178810119629, 0.7374968528747559, 0.6963862180709839, 0.78327876329422, 0.7434689998626709, 0.7984601259231567, 0.7914161682128906, 0.8619902729988098, 0.7583367824554443, 0.8904714584350586, 0.4606233239173889, 0.8659312129020691, 0.5316582918167114, 0.7894927859306335, 0.7658056020736694, 0.8484845161437988, 0.8408981561660767, 0.749262809753418, 0.7409939765930176, 0.7440950870513916, 0.7086873054504395, 0.7299343347549438, 0.753804087638855, 0.7919615507125854, 0.43668192625045776, 0.5039441585540771, 0.6915609836578369, 0.8342167139053345, 0.7906448245048523, 0.8281753063201904, 0.5878661870956421, 0.828330934047699, 0.7649992108345032, 0.8478289246559143, 0.7364327907562256, 0.6889690160751343, 0.7718498110771179, 0.536013126373291, 0.4409083127975464, 0.4787145256996155, 0.8717706799507141, 0.7500433921813965, 0.7312761545181274, 0.6876235008239746, 0.7246192693710327, 0.7825663089752197, 0.5155082941055298, 0.8040875196456909, 0.7365623712539673, 0.7899395823478699, 0.7546519041061401, -0.3682078719139099, 0.6087509393692017, 0.4544760286808014, 0.8525214195251465, 0.8525146245956421, 0.6771422028541565, 0.7692763805389404, 0.7146337032318115, 0.5681281685829163, 0.4073958992958069, 0.760155975818634, 0.7401191592216492, 0.7534607648849487, 0.7670958042144775, 0.8462534546852112, 0.5746107697486877, 0.6711977124214172, 0.7428478002548218, 0.7034062743186951, 0.7898255586624146, 0.4813370704650879, 0.7901527881622314, 0.7060979008674622, 0.7222118973731995, 0.6431916952133179, 0.8614954352378845, 0.7846008539199829, 0.8621399402618408, 0.8482219576835632, 0.6199502944946289, 0.7739690542221069, 0.8269513249397278, 0.742814302444458, 0.7094237804412842, 0.6982040405273438, 0.6225608587265015, 0.7959466576576233, 0.8151923418045044, -0.4168094992637634, 0.5870424509048462, 0.8876326084136963, 0.765192449092865, 0.7743915319442749, 0.7571141719818115, 0.6043373942375183, 0.7084354758262634, 0.6754826903343201, 0.7710458636283875, 0.6790105104446411, 0.72021484375, 0.7930688858032227, 0.6984982490539551, 0.8397320508956909, 0.8324717283248901, 0.7077478170394897, 0.6437106728553772, 0.7665343284606934, 0.7319637537002563, 0.7691977024078369, 0.8038564920425415, 0.7574827671051025, 0.8062784671783447, 0.7602814435958862, 0.7926831245422363, 0.6887834668159485, 0.805877685546875, 0.6359145641326904, 0.8695374727249146, 0.7245304584503174, 0.5109010934829712, 0.8321470618247986, 0.8404844999313354, 0.7561948299407959, 0.3402053415775299, 0.9317477941513062, 0.8861783146858215, 0.6934754252433777, 0.8136496543884277, 0.7244623899459839, 0.805411696434021, 0.7559500932693481, 0.817520022392273, 0.8268763422966003, 0.7892522215843201, 0.5912182331085205, 0.6697678565979004, 0.8567204475402832, 0.7293708324432373, 0.7460247278213501, 0.48190179467201233, 0.5434019565582275, 0.7728636860847473, 0.4561045169830322, 0.2611794173717499, 0.775702953338623, 0.7875380516052246, 0.8709956407546997, 0.7259129285812378, 0.7381528615951538, 0.8345639705657959, 0.5763958692550659, 0.7570085525512695, 0.7280838489532471, 0.7991831302642822, 0.6843177676200867, 0.7650583982467651, 0.3806907534599304, 0.749454140663147, 0.6958062648773193, 0.7586325407028198, 0.7206645011901855, 0.7692544460296631, 0.7821363210678101, 0.8006944060325623, 0.7703472971916199, 0.6356659531593323, 0.7285691499710083, 0.6339884996414185, -0.6609551906585693, 0.7846714854240417, 0.7285617589950562, 0.8426482677459717, 0.4773356318473816, 0.7513667345046997, 0.8648858070373535, 0.5863848924636841, 0.2148262858390808, 0.7396782636642456, 0.8161278963088989, 0.7369349002838135, 0.7278901934623718, 0.7837392091751099, 0.9599878787994385, 0.6095342040061951, 0.5238893628120422, 0.8655326962471008, 0.7959701418876648, 0.7909382581710815, 0.24710886180400848, 0.7730506658554077, 0.3567688465118408, 0.6143192052841187, 0.7787498235702515, 0.8164485096931458, 0.6799923181533813, 0.5207772850990295, 0.6734631061553955, 0.7474737167358398, 0.6799412965774536, 0.8052689433097839, 0.8184253573417664, 0.5558117628097534, 0.7920926809310913, 0.7154948711395264, 0.21391388773918152, 0.47446873784065247, 0.7188147902488708, 0.7706672549247742, 0.7898423671722412, 0.7594881057739258, 0.5358482003211975, 0.7840874791145325, 0.5509730577468872, 0.742225170135498, 0.7112945914268494, 0.7594975829124451, 0.8224560022354126, 0.8162018060684204, 0.6717292666435242, 0.8144129514694214, 0.8471121788024902, 0.7875105142593384, 0.7863737344741821, -0.7218915224075317, 0.7419900298118591, 0.7913995981216431, 0.5843033790588379, 0.6992425918579102, 0.6946889162063599, 0.7544986009597778, -0.5132921934127808, 0.7728760838508606, 0.748137354850769, 0.6356678009033203, 0.7591803669929504, 0.7541486024856567, 0.7930600047111511, 0.7691290974617004, 0.4596165716648102, 0.7984325885772705, 0.695871114730835, 0.5715477466583252, 0.8375928997993469, 0.8588647842407227, 0.5259199142456055, 0.8012871742248535, 0.8038942813873291, 0.7710460424423218, 0.7030671834945679, 0.8965415358543396, 0.7797473669052124, 0.794712483882904, 0.8616108894348145, 0.7624447345733643, 0.7061845064163208, 0.739415168762207, 0.5765753388404846, 0.8689662218093872, 0.5616258978843689, 0.6095009446144104, 0.8260666131973267, 0.7806134819984436, 0.8207685947418213, 0.6568398475646973, 0.5290541648864746, 0.8005362153053284, 0.8324639797210693, 0.8378793001174927, 0.7294630408287048, 0.6676599383354187, 0.7624711990356445, 0.7512969970703125, 0.7753832936286926, 0.88511061668396, 0.4207978844642639, 0.784834623336792, 0.8263289332389832, 0.8027777671813965, 0.7715508937835693, 0.6998793482780457, 0.7910956144332886, 0.7818070650100708, 0.8292514681816101, 0.865626335144043, 0.8491121530532837, 0.7230653762817383, 0.7488081455230713, 0.5349400639533997, 0.8267525434494019, -0.575324296951294, 0.7471951246261597, 0.8344095945358276, 0.608445942401886, 0.8050445318222046, 0.6596492528915405, 0.7691261768341064, 0.816859245300293, 0.9192343950271606, 0.4732784032821655, 0.5492699146270752, 0.45435866713523865, 0.7907917499542236, 0.7322649955749512, 0.732872486114502, 0.42428746819496155, 0.8558990955352783, 0.7353652715682983, 0.789042055606842, 0.7116824388504028, 0.7586513757705688, 0.7688458561897278, 0.5931661128997803, 0.7251197099685669, 0.8578951358795166, 0.8122889995574951, 0.8476614356040955, 0.44203904271125793, 0.8444154262542725, 0.7453505992889404, 0.8177505731582642, 0.6819623112678528, -0.6040116548538208, 0.7698544859886169, 0.8401452302932739, 0.8059488534927368, 0.7741473913192749, 0.7691066265106201, 0.8084052801132202, 0.8241411447525024, 0.7386347055435181, 0.6310012340545654, 0.7180970907211304, 0.7092941999435425, 0.7468782067298889, 0.8357120752334595, 0.42655789852142334, 0.8555166125297546, 0.5713074207305908, 0.7046791315078735, 0.7040278911590576, 0.7660648226737976, 0.6694571375846863, 0.7930230498313904, 0.5656046867370605, 0.7837495803833008, -0.7183915376663208, 0.6677156686782837, 0.6950567960739136, 0.8482226729393005, 0.6961866617202759, 0.7824761867523193, 0.5187264680862427, 0.8893470764160156, 0.677077054977417, 0.7095836400985718, 0.837012767791748, 0.5542260408401489, 0.7907648682594299, -0.6713151931762695, 0.7587924599647522, 0.7101274728775024, 0.8567817211151123, 0.7538591623306274, 0.6075146198272705, 0.7788115739822388, 0.8425378799438477, 0.7418681383132935, 0.7768548130989075, 0.7600078582763672, 0.720197319984436, 0.81205153465271, 0.8338581323623657, 0.824594259262085, 0.757003903388977, 0.8330448865890503, 0.746602475643158, 0.860461950302124, 0.3407583236694336, 0.8503293991088867, 0.7850731611251831, 0.766804575920105, 0.7717812657356262, 0.7064439058303833, 0.7613468170166016, 0.7657871246337891, 0.7724928855895996, 0.7701099514961243, 0.8246897459030151, 0.6015951633453369, 0.8137373924255371, 0.5480140447616577, 0.8589869737625122, 0.801421046257019, 0.8846263885498047, 0.755242109298706, 0.8246731758117676, 0.7298918962478638, 0.7623668909072876, 0.7670334577560425, 0.8087261319160461, 0.7219808101654053, 0.7501016855239868, 0.7182327508926392, 0.6276161670684814, 0.6829363107681274, 0.7031673192977905, 0.7949296832084656, 0.8567972779273987, 0.8152635097503662, 0.7755652666091919, 0.5867010951042175, 0.8166569471359253, 0.4244439899921417, 0.5061306357383728, 0.8033677339553833, 0.54170823097229, 0.6400985717773438, 0.7689740061759949, 0.7652466297149658, 0.6007173657417297, 0.8469737768173218, 0.7037132978439331, 0.8049913644790649, 0.7453467845916748, 0.8150128722190857, 0.9032662510871887, 0.919935941696167, 0.6855432987213135, 0.761258065700531, 0.8493016958236694, 0.8195830583572388, 0.8035173416137695, 0.9308574199676514, 0.7397400140762329, 0.5463151931762695, 0.8575313091278076, 0.8699380159378052, 0.8239760398864746, 0.7508949041366577, 0.820173978805542, 0.711430013179779, -0.2966693639755249, 0.774104118347168, 0.7821745872497559, 0.7261266708374023, 0.4618036448955536, 0.5408862829208374, 0.6823777556419373, 0.7590265274047852, 0.7562471628189087, 0.786715567111969, 0.8238045573234558, 0.8034700751304626, 0.47822970151901245, 0.6419979333877563, 0.8884806632995605, 0.8130282163619995, 0.784174919128418, 0.5197838544845581, 0.7367911338806152, 0.7520341873168945, 0.9336848258972168, 0.7185541391372681, 0.44136613607406616, 0.7483438849449158, 0.7895495891571045, 0.7764770984649658, -0.5427030920982361, 0.34590017795562744, 0.7556518316268921, 0.793780505657196, 0.7889938354492188, 0.24870099127292633, 0.7058558464050293, 0.7318858504295349, 0.6575809717178345, 0.8518425226211548, 0.8438054919242859, 0.8029756546020508, 0.7876957654953003, 0.8056666254997253, 0.5878977179527283, 0.7819157242774963, 0.5105075836181641, 0.41905489563941956, 0.43019282817840576, 0.7888802289962769, 0.8375876545906067, 0.7372434139251709, 0.7303459644317627, 0.6671432256698608, 0.44249430298805237, 0.8883218765258789, 0.7398177981376648, 0.8176635503768921, 0.7184830904006958, 0.802204966545105, 0.7614601850509644, 0.9172508716583252, 0.8052124381065369, 0.7342003583908081, 0.5908479690551758, 0.9020282626152039, 0.4501255750656128, 0.8539433479309082, 0.7228144407272339, 0.7017583847045898, 0.7705787420272827, 0.5800238847732544, 0.768912672996521, 0.7447074055671692, 0.8591848611831665, 0.7720664739608765, 0.8143091201782227, -0.7030625939369202, 0.6865105628967285, 0.44363704323768616, 0.5155391693115234, 0.7398868203163147, 0.5374422073364258, 0.39183107018470764, 0.7029726505279541, 0.6558253765106201, 0.7362290620803833, 0.522193193435669, 0.8459311127662659, 0.7592741847038269, 0.5378235578536987, 0.841682493686676, 0.5898182988166809, 0.7091281414031982, 0.8493371605873108, 0.7977814674377441, 0.8328375816345215, 0.804434061050415, 0.7210518717765808, 0.8504995107650757, 0.8064233660697937, 0.4301690459251404, 0.7714913487434387, 0.6211132407188416, 0.8592329025268555, 0.48310527205467224, 0.7417272329330444, 0.7663483619689941, 0.6191043257713318, 0.7636705040931702, 0.7541289329528809, 0.8100188970565796, 0.7879543304443359, 0.5483887195587158, -0.09571588784456253, 0.7766821980476379, 0.6838411092758179, 0.5261249542236328, 0.7768386602401733, 0.5279219746589661, 0.8401139974594116, 0.8386865854263306, 0.7683351039886475, 0.8021687269210815, 0.8335167765617371, 0.7400356531143188, 0.9019608497619629, 0.7383853197097778, 0.7983618378639221, 0.8265727758407593, 0.8411514163017273, 0.7924834489822388, 0.7522121667861938, 0.788337230682373, 0.7721283435821533, 0.721507728099823, 0.765506386756897, 0.7479865550994873, 0.76024329662323, 0.7318998575210571, 0.8107558488845825, 0.7540965676307678, 0.6328743100166321, 0.320636123418808, 0.8340599536895752, 0.6893842220306396, 0.7864449620246887, 0.8741289377212524, 0.7058901786804199, 0.7448900938034058, 0.8067363500595093, 0.7789720892906189, 0.7416683435440063, 0.709256649017334, 0.7525996565818787, 0.786339282989502, 0.6843509674072266, 0.523124635219574, 0.8595818281173706, 0.5543547868728638, 0.6099943518638611, 0.782529354095459, 0.7515453100204468, 0.8954472541809082, 0.7519181966781616, 0.593065619468689, 0.7658309936523438, 0.8287670612335205, 0.8853135108947754, 0.7994791865348816, 0.6522356271743774, 0.819749116897583, 0.7655483484268188, 0.7743644714355469, 0.7068980932235718, 0.7911086082458496, 0.7379348278045654, 0.8707970380783081, 0.8182260990142822, 0.5848358869552612, 0.7236326932907104, 0.8754903078079224, 0.6733866930007935, 0.5420762300491333, 0.6770192980766296, 0.5731386542320251, 0.7922662496566772, 0.8272695541381836, 0.6899216175079346, 0.4413766860961914, 0.7981082201004028, 0.6113677024841309, -0.6870869398117065, -0.5898021459579468, 0.7742118835449219, 0.6890147924423218, 0.7851088047027588, 0.6830675601959229, 0.7356702089309692, 0.7023276090621948, -0.4643482565879822, 0.0729319304227829, 0.7511658668518066, 0.8119434118270874, 0.8195805549621582, 0.7515846490859985, 0.7076174020767212, 0.7285643815994263, 0.7223853468894958, 0.846372127532959, 0.17581388354301453, 0.7629660367965698, 0.7543296813964844, 0.8324971199035645, 0.44881725311279297, 0.8986513614654541, 0.7610098123550415, 0.7648742198944092, 0.5923537611961365, 0.799357533454895, 0.879138171672821, 0.6898018717765808, 0.6287117004394531, 0.8098111152648926, 0.7838607430458069, 0.33506089448928833, 0.8001559972763062, 0.7973858118057251, 0.7067087292671204, 0.7356548309326172, 0.8246342539787292, 0.5887865424156189, 0.7705807089805603, 0.8233761787414551, 0.7562093734741211, 0.7854081392288208, 0.6824214458465576, 0.8848393559455872, 0.7198108434677124, -0.4178805351257324, 0.5967620611190796, 0.6914455890655518, 0.7930984497070312, 0.7966213822364807, 0.31477200984954834, 0.7561064958572388, 0.7230687141418457, 0.3095147907733917, 0.41897186636924744, 0.7674391865730286, 0.7842650413513184, 0.823465883731842, 0.8192077875137329, 0.7637633085250854, 0.7719430327415466, 0.774465799331665, 0.7423087358474731, -0.6874999403953552, 0.6827834844589233, 0.8404445648193359, 0.8591079711914062, 0.4083419144153595, 0.6934511065483093, 0.7118037343025208, 0.7478077411651611, 0.6759955286979675, 0.8932504653930664, 0.8187661170959473, 0.7686529159545898, 0.8861747980117798, 0.7822763919830322, 0.8694313764572144, 0.774100124835968, 0.9092960357666016, 0.7707453966140747, 0.8278802633285522, 0.7464802861213684, 0.8238791227340698, 0.8135055303573608, 0.5521071553230286, 0.7754391431808472, 0.8633183240890503, 0.5489147305488586, 0.7285416126251221, 0.747674822807312, 0.7835845947265625, 0.7579358816146851, 0.5469884276390076, 0.7436938881874084, 0.7011232376098633, 0.7285192012786865, 0.7972007989883423, 0.48800036311149597, 0.7919222116470337, 0.7177972197532654, 0.7167953252792358, 0.5857205390930176, 0.8642936944961548, 0.5306281447410583, 0.8085340261459351, 0.8652890920639038, 0.8479127287864685, 0.6473093032836914, 0.6821510791778564, 0.7970601916313171, 0.7462968230247498, 0.8472974896430969, 0.45637330412864685, 0.7320106029510498, 0.7286701202392578, 0.8397880792617798, 0.5502973198890686, 0.8109993934631348, 0.801214337348938, 0.79738450050354, 0.7153320908546448, 0.8209201097488403, 0.680059552192688, 0.8394496440887451, 0.6842272877693176, -0.5946000218391418, 0.7124366164207458, 0.851585328578949, 0.772080659866333, 0.873140811920166, 0.5182878971099854, 0.9239422678947449, 0.8808441162109375, 0.6771285533905029, 0.6822744607925415, 0.7094472050666809, 0.6272740364074707, 0.8872050046920776, 0.4712042808532715, 0.7093896865844727, 0.5005747079849243, 0.7063692808151245, 0.6630324721336365, 0.8845778703689575, -0.6600333452224731, 0.48633983731269836, 0.5313961505889893, 0.6050682067871094, 0.8694770932197571, 0.8065677285194397, 0.6822104454040527, 0.714835524559021, 0.6282015442848206, 0.8846113681793213, 0.7728612422943115, 0.6919002532958984, 0.8369392156600952, 0.7643136978149414, 0.7179502844810486, 0.7384995818138123, 0.7945957183837891, 0.6651012897491455, 0.6657185554504395, 0.8929804563522339, 0.8433153629302979, 0.8210360407829285, 0.7355384826660156, 0.2786319851875305, 0.8294039964675903, 0.6900795102119446, 0.6634185314178467, 0.7610700726509094, 0.8300994038581848, 0.7347667813301086, 0.9094557762145996, 0.5080694556236267, 0.5053289532661438, 0.7739943265914917, 0.7565699815750122, 0.7225319147109985, 0.7422549724578857, 0.6964751482009888, 0.8476746678352356, 0.8381181955337524, 0.8730535507202148, 0.7141363620758057, 0.7840026617050171, 0.7847943305969238, 0.7912194728851318, 0.7985783815383911, 0.7042279243469238, 0.48247912526130676, 0.5814621448516846, 0.7193029522895813, 0.7506588697433472, 0.8102158308029175, 0.6682310104370117, 0.8380657434463501, 0.7670432925224304, 0.8210134506225586, 0.8004215359687805, 0.8001249432563782, 0.8430466055870056, 0.6972975134849548, 0.7055754065513611, 0.8094321489334106, 0.7172092795372009, 0.812955379486084, 0.5455868244171143, 0.6976721882820129, 0.7727342247962952, 0.7355833053588867, 0.5412420630455017, 0.8175311088562012, 0.8594644069671631, 0.6996903419494629, 0.7962678074836731, 0.7420845627784729, 0.7133530378341675, 0.631716251373291, 0.7408053278923035, 0.6210592985153198, 0.7532253265380859, 0.7279344797134399, 0.550162136554718, 0.7075467109680176, 0.7236462831497192, 0.7922913432121277, -0.6637080311775208, 0.6807470321655273, 0.7180966138839722, 0.7603399157524109, 0.6933854818344116, 0.77070552110672, 0.7760919332504272, 0.7588874101638794, 0.6192764043807983, 0.8358340859413147, 0.6123422384262085, 0.41250160336494446, 0.6464816331863403, 0.1546097695827484, 0.6319530010223389, 0.8603520393371582, 0.8457388877868652, 0.7270858287811279, 0.922347903251648, 0.625085175037384, 0.8091851472854614, 0.6878349184989929, 0.7863130569458008, 0.7774831056594849, 0.8757212162017822, 0.7394806742668152, 0.7434632778167725, 0.8368654847145081, 0.7815641164779663, 0.4617449641227722, 0.5251209735870361, 0.6765716075897217, -0.09035991877317429, 0.6604188680648804, 0.7827192544937134, 0.6692035794258118, 0.8464843034744263, 0.7858599424362183, 0.7479312419891357, 0.42439955472946167, 0.761603593826294, 0.8829177021980286, 0.5009152889251709, 0.7631543278694153, 0.17650435864925385, 0.4353810250759125, 0.822137176990509, 0.7653361558914185, 0.719943642616272, 0.8841692209243774, 0.19500885903835297, 0.7967410683631897, 0.5572922229766846, 0.7505470514297485, 0.8115242719650269, 0.6906359195709229, 0.7765177488327026, 0.29555743932724, 0.7413629293441772, 0.7585731744766235, 0.7978770732879639, 0.5943007469177246, 0.43357720971107483, 0.7423884868621826, 0.47092047333717346, 0.6442779302597046, 0.8292492628097534, 0.7329784631729126, 0.7928721308708191, 0.8322094678878784, 0.830441951751709, 0.7556898593902588, 0.821937084197998, -0.31356385350227356, 0.6528711915016174, 0.8243575096130371, 0.7993520498275757, 0.7074798345565796, 0.7272015810012817, 0.6246997117996216, 0.8440818786621094, 0.7291342616081238, 0.725242555141449, 0.5133252739906311, 0.6974963545799255, 0.8466259241104126, 0.8312525749206543, 0.7362494468688965, 0.6541072726249695, 0.7441539764404297, 0.37221652269363403, 0.7940374612808228, 0.5731050372123718, 0.862687349319458, 0.7641562223434448, 0.6907624006271362, 0.7353664636611938, 0.48628902435302734, 0.8406986594200134, 0.7195450663566589, 0.8325616121292114, 0.724873960018158, 0.8471835255622864, 0.7372544407844543, 0.8196548819541931, 0.7987644076347351, 0.7852258682250977, 0.8030087351799011, 0.8742360472679138, 0.7724851369857788, 0.35648050904273987, 0.7270456552505493, 0.857457160949707, 0.8588324189186096, 0.7047414779663086, 0.8386228084564209, 0.47182735800743103, 0.8011881709098816, 0.6901119947433472, 0.7895234823226929, 0.8715659379959106, 0.7880737781524658, 0.8504220843315125, 0.7096194624900818, 0.4285042881965637, 0.7942836880683899]
