sample name: ['Cc1ccc(CCNC(=O)NCCc2csc(N3CCCC3)n2)c(C)c1']
atom_index,distance,cosine_similarity
0,-0.30969970703125,0.03084160039201379
1,0.1381005859375,0.0015195677056908607
2,-0.659927978515625,0.045342878475785255
3,0.426619873046875,-0.021234096810221672
4,-0.189041748046875,0.015105235166847706
5,0.694111328125,-0.04966579208150506
6,-1.04201171875,0.0693355993181467
7,-0.4897705078125,0.01964209448546171
8,-0.083594970703125,-0.00479396652430296
9,-0.531436767578125,0.0356324102729559
10,0.352664794921875,-0.02390859566628933
11,-0.309267578125,0.02935241352766752
12,-0.155894775390625,0.014474524073302747
13,-0.037635498046875,-0.003950800150632859
14,0.123028564453125,-0.008149720951914788
15,0.0915380859375,-0.012750861756503582
16,0.66728759765625,-0.037490953262895345
17,-1.35216552734375,0.06782766595482827

Sum of phi values for distance
-2.667095947265625
Sum of phi values for cosine similarity
0.1671292021684348
Average distance random samples:
12.23630898502138
Average cosine similarity random samples:
0.5199695912867578
Distances random samples
[10.630762100219727, 8.128168106079102, 18.878772735595703, 14.950101852416992, 15.847262382507324, 11.947643280029297, 16.22303009033203, 7.650085926055908, 14.827970504760742, 11.679766654968262, 10.977810859680176, 8.753164291381836, 12.986583709716797, 9.05735969543457, 10.564742088317871, 6.6983642578125, 13.579554557800293, 11.483175277709961, 7.987005233764648, 11.005535125732422, 11.545120239257812, 7.662283897399902, 14.66121768951416, 14.472891807556152, 11.677753448486328, 14.894353866577148, 10.623671531677246, 15.962170600891113, 9.555192947387695, 12.271004676818848, 9.879220962524414, 11.587182998657227, 14.541694641113281, 10.572715759277344, 10.914037704467773, 9.311189651489258, 10.125981330871582, 13.404359817504883, 10.103961944580078, 12.884389877319336, 9.499812126159668, 12.974879264831543, 11.764546394348145, 10.687640190124512, 9.52192211151123, 9.273361206054688, 11.596155166625977, 10.293371200561523, 16.421937942504883, 15.0878267288208, 20.467344284057617, 5.14555025100708, 6.868259906768799, 13.497117042541504, 17.855440139770508, 14.309174537658691, 5.64315128326416, 12.343215942382812, 9.832571983337402, 19.0632266998291, 13.67160415649414, 17.499969482421875, 18.29241943359375, 7.024492263793945, 10.84836196899414, 12.463961601257324, 10.822904586791992, 8.989049911499023, 10.746459007263184, 13.312095642089844, 9.133502960205078, 10.335774421691895, 14.725075721740723, 11.2799072265625, 10.997291564941406, 8.848835945129395, 11.60533618927002, 10.805243492126465, 15.47938346862793, 11.423331260681152, 8.771231651306152, 9.497739791870117, 12.924463272094727, 9.008611679077148, 9.932433128356934, 9.134432792663574, 8.216595649719238, 11.548783302307129, 17.896671295166016, 8.263675689697266, 18.843002319335938, 17.122407913208008, 8.503166198730469, 16.8760986328125, 15.514769554138184, 13.248162269592285, 9.816505432128906, 8.643111228942871, 9.204752922058105, 8.898059844970703, 14.835139274597168, 11.776952743530273, 11.471254348754883, 22.76812171936035, 13.703280448913574, 6.322587966918945, 10.267589569091797, 10.696676254272461, 18.388412475585938, 14.949602127075195, 10.95337963104248, 7.386886119842529, 8.335587501525879, 12.705087661743164, 13.624348640441895, 8.485251426696777, 17.3249454498291, 11.711812019348145, 15.628562927246094, 17.421218872070312, 11.759808540344238, 17.016538619995117, 6.698596477508545, 7.993260383605957, 10.097879409790039, 15.73972225189209, 11.5412015914917, 8.90335750579834, 9.788040161132812, 9.456621170043945, 11.075347900390625, 8.719919204711914, 12.087675094604492, 14.627957344055176, 10.301138877868652, 6.679243564605713, 9.20207691192627, 9.35107707977295, 7.122196197509766, 10.220972061157227, 15.824620246887207, 11.658225059509277, 10.788448333740234, 11.145596504211426, 10.850632667541504, 17.47801971435547, 11.448394775390625, 10.595291137695312, 10.708091735839844, 20.298526763916016, 16.1224308013916, 11.602218627929688, 10.155040740966797, 12.44227123260498, 18.911239624023438, 8.404875755310059, 17.377086639404297, 10.901557922363281, 6.8702006340026855, 8.405346870422363, 6.752491474151611, 18.604276657104492, 8.658191680908203, 10.812678337097168, 20.57715606689453, 10.283500671386719, 12.902045249938965, 10.8195219039917, 12.453668594360352, 11.714958190917969, 12.943768501281738, 17.196571350097656, 11.307350158691406, 13.433176040649414, 9.419904708862305, 10.46934700012207, 8.827472686767578, 19.377365112304688, 18.220869064331055, 12.415383338928223, 20.855600357055664, 11.842771530151367, 8.674546241760254, 15.49708366394043, 9.767566680908203, 11.498907089233398, 16.488876342773438, 10.836365699768066, 10.928030967712402, 12.909581184387207, 10.516464233398438, 17.358604431152344, 14.562543869018555, 8.267807006835938, 20.12241554260254, 11.942620277404785, 7.18965482711792, 23.67498207092285, 10.90891170501709, 21.5212459564209, 12.182223320007324, 12.746639251708984, 10.411272048950195, 10.897848129272461, 18.393857955932617, 7.976366996765137, 9.631786346435547, 13.255990028381348, 19.38810920715332, 16.199350357055664, 8.450888633728027, 10.791613578796387, 12.718875885009766, 12.107046127319336, 9.730420112609863, 12.272406578063965, 7.545082092285156, 12.871780395507812, 11.538923263549805, 12.383045196533203, 9.83260726928711, 11.075260162353516, 13.262899398803711, 15.282698631286621, 10.595014572143555, 13.316404342651367, 12.885211944580078, 9.577644348144531, 12.294028282165527, 12.464242935180664, 17.705942153930664, 11.534993171691895, 12.202896118164062, 19.49527931213379, 10.763413429260254, 15.750690460205078, 12.805798530578613, 10.864547729492188, 11.317173957824707, 9.594186782836914, 12.802096366882324, 13.317829132080078, 13.888178825378418, 17.91619873046875, 9.205488204956055, 8.517009735107422, 10.936392784118652, 17.4632568359375, 11.457648277282715, 8.092011451721191, 8.649069786071777, 15.591771125793457, 8.435141563415527, 10.924421310424805, 13.992871284484863, 21.275510787963867, 14.746040344238281, 8.830089569091797, 15.558919906616211, 9.997966766357422, 9.783021926879883, 13.668657302856445, 16.295433044433594, 9.088102340698242, 14.475274085998535, 11.68221664428711, 6.087461471557617, 11.211572647094727, 10.088438034057617, 8.041964530944824, 10.399999618530273, 7.738794803619385, 17.163110733032227, 10.64052677154541, 15.229574203491211, 12.415823936462402, 11.929910659790039, 10.805846214294434, 11.532791137695312, 10.027968406677246, 8.16301441192627, 10.031747817993164, 9.955337524414062, 8.147871971130371, 12.70824146270752, 9.243504524230957, 7.236196517944336, 8.873208045959473, 16.64958953857422, 11.297262191772461, 7.516505241394043, 17.287038803100586, 9.22568416595459, 12.945965766906738, 11.844334602355957, 14.44205093383789, 8.154574394226074, 15.050935745239258, 13.281009674072266, 14.182528495788574, 16.844865798950195, 12.359260559082031, 10.549071311950684, 15.594473838806152, 12.204209327697754, 10.584272384643555, 11.925969123840332, 13.570076942443848, 11.672121047973633, 8.11225414276123, 11.477067947387695, 12.10473346710205, 11.215266227722168, 18.065444946289062, 11.210538864135742, 9.502827644348145, 12.228887557983398, 16.346298217773438, 13.972489356994629, 12.005719184875488, 10.426963806152344, 8.853912353515625, 9.107048988342285, 18.003536224365234, 11.19480037689209, 7.36138916015625, 16.59242057800293, 12.3738374710083, 10.80047607421875, 10.252037048339844, 11.140297889709473, 13.886199951171875, 9.25886058807373, 12.062548637390137, 21.56778335571289, 7.591170310974121, 9.23740291595459, 9.23146915435791, 12.002483367919922, 10.72255802154541, 10.717353820800781, 12.631902694702148, 7.58696174621582, 9.705972671508789, 17.580291748046875, 13.662938117980957, 8.567803382873535, 14.727993965148926, 10.395522117614746, 14.941695213317871, 10.220366477966309, 14.204155921936035, 11.494016647338867, 11.658024787902832, 11.417783737182617, 10.251504898071289, 9.19568920135498, 20.0476016998291, 14.861767768859863, 10.563766479492188, 9.690437316894531, 15.191959381103516, 16.126718521118164, 15.232452392578125, 11.673126220703125, 12.552356719970703, 7.733217716217041, 8.20634651184082, 11.614971160888672, 18.070003509521484, 11.661572456359863, 10.253386497497559, 11.134332656860352, 11.562751770019531, 8.956352233886719, 9.676156997680664, 9.768701553344727, 8.280881881713867, 21.788715362548828, 12.862804412841797, 15.178611755371094, 10.215097427368164, 17.28847312927246, 9.705342292785645, 12.960785865783691, 12.300600051879883, 24.2802677154541, 13.77130126953125, 12.636079788208008, 11.502752304077148, 17.60109519958496, 22.157209396362305, 10.779759407043457, 11.215001106262207, 9.742539405822754, 16.160560607910156, 17.69500160217285, 11.185718536376953, 7.946638107299805, 12.753604888916016, 11.99372673034668, 6.940479278564453, 12.294379234313965, 13.92322826385498, 8.540943145751953, 10.870938301086426, 11.55770492553711, 9.781655311584473, 9.59011459350586, 8.38386344909668, 11.301694869995117, 10.809895515441895, 14.904888153076172, 10.733412742614746, 13.031896591186523, 16.915138244628906, 11.002091407775879, 9.611753463745117, 10.099833488464355, 13.618850708007812, 12.345863342285156, 17.061399459838867, 14.214735984802246, 10.94619083404541, 7.78336763381958, 13.520931243896484, 18.00486183166504, 9.510135650634766, 9.497878074645996, 8.975624084472656, 10.0896577835083, 11.348420143127441, 18.73655128479004, 9.3492431640625, 7.76873779296875, 9.35243034362793, 9.834096908569336, 8.900120735168457, 11.271062850952148, 21.489749908447266, 9.343802452087402, 10.776619911193848, 8.029571533203125, 12.819951057434082, 19.178878784179688, 11.579055786132812, 12.690871238708496, 15.680275917053223, 8.233906745910645, 12.388190269470215, 10.05504322052002, 11.527968406677246, 17.877723693847656, 11.187520980834961, 8.302828788757324, 11.147675514221191, 9.92448616027832, 16.323999404907227, 10.475425720214844, 7.793351173400879, 10.777690887451172, 9.834644317626953, 14.717387199401855, 13.475790977478027, 19.40595817565918, 14.864095687866211, 7.525129795074463, 9.82046127319336, 15.518058776855469, 14.246771812438965, 9.749520301818848, 10.331482887268066, 16.944631576538086, 15.682037353515625, 10.388651847839355, 17.372394561767578, 10.061667442321777, 11.418985366821289, 8.000364303588867, 17.348054885864258, 12.896157264709473, 13.698691368103027, 18.893957138061523, 9.609977722167969, 16.252805709838867, 10.416851043701172, 8.746636390686035, 10.755805015563965, 9.867579460144043, 11.11404800415039, 16.478979110717773, 6.856042861938477, 9.003028869628906, 13.011067390441895, 10.771482467651367, 16.225069046020508, 11.903600692749023, 17.42620277404785, 7.88951301574707, 11.196663856506348, 21.311147689819336, 9.473196983337402, 16.08164405822754, 6.87381649017334, 11.159141540527344, 11.26885986328125, 21.369474411010742, 15.954560279846191, 13.197263717651367, 16.536651611328125, 13.282773971557617, 10.33834457397461, 10.617524147033691, 10.86227798461914, 12.88151741027832, 11.25629997253418, 18.669742584228516, 13.338150978088379, 10.389228820800781, 9.522571563720703, 9.203163146972656, 15.251885414123535, 17.417503356933594, 8.073522567749023, 11.731690406799316, 11.405179023742676, 11.344545364379883, 10.266619682312012, 14.336913108825684, 10.211897850036621, 13.783498764038086, 13.597963333129883, 11.468039512634277, 11.70428466796875, 11.92747974395752, 11.309412002563477, 9.268096923828125, 12.510120391845703, 15.000703811645508, 8.8147554397583, 13.215188026428223, 12.373485565185547, 10.334898948669434, 11.3286771774292, 10.238924026489258, 11.301782608032227, 9.808796882629395, 13.797304153442383, 8.7943115234375, 15.981751441955566, 8.822436332702637, 17.622310638427734, 10.555610656738281, 13.268898963928223, 9.297122955322266, 18.276546478271484, 11.916178703308105, 12.047929763793945, 16.139156341552734, 17.911388397216797, 12.052346229553223, 12.913887023925781, 11.225665092468262, 15.265470504760742, 11.471049308776855, 10.619598388671875, 5.4988932609558105, 9.77275276184082, 12.197831153869629, 15.885494232177734, 12.277936935424805, 12.241188049316406, 16.2861270904541, 10.855318069458008, 20.330751419067383, 7.208986282348633, 12.78075122833252, 10.480101585388184, 11.053818702697754, 7.446288585662842, 17.79928970336914, 11.993967056274414, 8.746552467346191, 12.829529762268066, 13.1160888671875, 7.746430397033691, 12.736516952514648, 19.926069259643555, 6.163202285766602, 7.702730178833008, 11.972686767578125, 7.862509727478027, 10.171953201293945, 9.347804069519043, 7.635367393493652, 13.01993179321289, 9.806121826171875, 11.503290176391602, 9.204501152038574, 17.58415412902832, 17.333816528320312, 10.574004173278809, 9.632322311401367, 15.649211883544922, 14.36707592010498, 16.105058670043945, 8.110452651977539, 14.946819305419922, 13.09400749206543, 10.718806266784668, 13.131921768188477, 10.242295265197754, 8.829535484313965, 13.941864967346191, 7.469849109649658, 15.080395698547363, 9.580886840820312, 19.03069305419922, 13.285916328430176, 10.909941673278809, 8.23819637298584, 9.673648834228516, 7.95778751373291, 12.080556869506836, 18.1210994720459, 7.892059326171875, 10.458842277526855, 16.49264907836914, 11.974483489990234, 18.429079055786133, 15.34432601928711, 15.16620922088623, 11.353283882141113, 7.177187919616699, 11.2512788772583, 7.959124565124512, 7.645750045776367, 11.542315483093262, 12.38874340057373, 7.777287483215332, 10.159439086914062, 10.455625534057617, 11.45555305480957, 5.963627338409424, 6.241227626800537, 10.742671966552734, 11.507087707519531, 8.953239440917969, 6.501820087432861, 9.161539077758789, 11.085129737854004, 17.519878387451172, 11.959040641784668, 14.45952033996582, 14.363636016845703, 9.959450721740723, 11.439513206481934, 14.29211139678955, 18.1824951171875, 11.376965522766113, 10.665253639221191, 17.757123947143555, 13.20761489868164, 10.494362831115723, 12.861899375915527, 18.95911979675293, 11.641339302062988, 11.001862525939941, 16.4500789642334, 7.930405616760254, 12.139893531799316, 11.325929641723633, 11.850593566894531, 11.931471824645996, 11.13631820678711, 17.583627700805664, 9.713727951049805, 16.79180335998535, 11.325072288513184, 11.823427200317383, 11.934480667114258, 10.460646629333496, 11.639266014099121, 17.254959106445312, 12.010472297668457, 14.257702827453613, 23.703855514526367, 11.750118255615234, 13.708104133605957, 14.524462699890137, 7.740342617034912, 13.339950561523438, 9.274165153503418, 17.507015228271484, 11.017674446105957, 11.57808780670166, 11.915663719177246, 13.728596687316895, 8.506556510925293, 10.055866241455078, 12.555220603942871, 12.261871337890625, 7.595835208892822, 12.546690940856934, 15.945090293884277, 10.849374771118164, 8.692228317260742, 12.48574161529541, 12.137079238891602, 9.494401931762695, 11.615666389465332, 14.719118118286133, 10.451342582702637, 16.053878784179688, 10.924033164978027, 11.839409828186035, 12.161848068237305, 16.665664672851562, 13.55518627166748, 9.776566505432129, 9.673446655273438, 15.485040664672852, 10.285181999206543, 11.055169105529785, 24.39052963256836, 9.91437816619873, 7.126213073730469, 9.796943664550781, 9.109936714172363, 11.815030097961426, 11.973142623901367, 8.049222946166992, 8.522494316101074, 18.918514251708984, 16.013614654541016, 14.132793426513672, 10.706299781799316, 11.734663963317871, 9.549029350280762, 9.40168285369873, 11.040986061096191, 10.37691593170166, 13.931161880493164, 19.87944984436035, 7.313331604003906, 10.59562873840332, 10.015068054199219, 17.39276695251465, 15.97608470916748, 10.997834205627441, 10.132771492004395, 18.14776039123535, 10.58143424987793, 9.519633293151855, 9.54114055633545, 12.514091491699219, 19.15231704711914, 9.024213790893555, 8.330571174621582, 7.341035842895508, 9.694342613220215, 10.354940414428711, 9.570475578308105, 12.338425636291504, 9.864461898803711, 9.3754243850708, 8.83561897277832, 25.25135612487793, 11.547101020812988, 8.331653594970703, 10.739908218383789, 10.92821216583252, 9.601665496826172, 7.995442867279053, 10.98856258392334, 10.023723602294922, 10.126163482666016, 13.828672409057617, 8.379740715026855, 12.283618927001953, 9.915356636047363, 10.679642677307129, 11.0446195602417, 15.082049369812012, 8.711697578430176, 22.14738655090332, 13.885700225830078, 7.4112396240234375, 13.059993743896484, 10.91716480255127, 12.75257682800293, 12.91161060333252, 17.429534912109375, 12.996413230895996, 11.109284400939941, 15.936922073364258, 11.056246757507324, 19.805706024169922, 13.924392700195312, 11.090085983276367, 9.457691192626953, 10.804444313049316, 13.343751907348633, 18.154537200927734, 11.386838912963867, 7.900660037994385, 6.509929180145264, 11.754135131835938, 16.708538055419922, 12.863570213317871, 11.595418930053711, 9.755885124206543, 16.493946075439453, 15.557916641235352, 11.386548042297363, 18.111738204956055, 18.801944732666016, 10.838029861450195, 12.119175910949707, 11.79760456085205, 12.35554313659668, 10.793034553527832, 18.288894653320312, 7.954076290130615, 15.996702194213867, 10.240683555603027, 12.630237579345703, 13.700637817382812, 11.64841079711914, 8.728535652160645, 13.27863597869873, 10.273346900939941, 14.591532707214355, 11.325504302978516, 16.29679298400879, 11.319502830505371, 17.548965454101562, 6.261891841888428, 11.616714477539062, 14.781632423400879, 11.776485443115234, 12.583260536193848, 8.344949722290039, 12.90037727355957, 7.98931884765625, 11.79471492767334, 15.509428024291992, 11.520689964294434, 18.6428279876709, 14.994784355163574, 12.097197532653809, 9.374429702758789, 17.60148048400879, 7.24086332321167, 13.694538116455078, 6.006535530090332, 19.207382202148438, 13.782047271728516, 11.054204940795898, 18.9754695892334, 11.957659721374512, 12.988128662109375, 15.339295387268066, 9.537179946899414, 18.022916793823242, 13.893865585327148, 14.435765266418457, 10.900486946105957, 8.836471557617188, 16.200395584106445, 15.044897079467773, 12.836919784545898, 14.77782154083252, 15.096611976623535, 6.629199504852295, 9.707818031311035, 15.752018928527832, 15.695460319519043, 13.359676361083984, 9.619241714477539, 13.325715065002441, 14.980491638183594, 12.629276275634766, 9.563179016113281, 11.529768943786621, 8.228084564208984, 13.100661277770996, 8.34887981414795, 13.133289337158203, 12.82210922241211, 11.75542163848877, 14.381304740905762, 15.446213722229004, 16.298084259033203, 13.550484657287598, 7.629772186279297, 14.260499954223633, 11.377887725830078, 10.791653633117676, 13.05247688293457, 11.070670127868652, 12.251092910766602, 9.7657470703125, 12.282447814941406, 11.19473934173584, 13.353081703186035, 15.778193473815918, 10.963751792907715, 16.0909366607666, 10.303886413574219, 8.260337829589844, 8.93884563446045, 17.4208927154541, 10.283817291259766, 15.373247146606445, 11.283952713012695, 6.5230021476745605, 11.314106941223145, 13.514873504638672, 12.770082473754883, 11.178523063659668, 13.408249855041504, 10.672633171081543, 10.416202545166016, 19.159666061401367, 9.376953125, 8.905289649963379, 17.814992904663086, 8.770771980285645, 11.001904487609863, 18.526588439941406, 10.866872787475586, 8.80439281463623, 13.79971694946289, 14.815164566040039, 14.378246307373047, 11.890665054321289, 9.891465187072754, 15.83488941192627, 8.473284721374512, 9.414475440979004, 13.762545585632324, 14.717860221862793, 11.918851852416992, 10.46231460571289, 19.475414276123047, 9.111738204956055, 12.6142578125, 8.104480743408203, 14.541152000427246, 8.523433685302734, 22.33957290649414, 14.78669261932373, 8.9998779296875, 7.476706504821777, 8.09388256072998, 9.593461990356445, 9.737031936645508, 9.991110801696777, 12.747953414916992, 9.045703887939453, 11.791826248168945, 11.00677490234375, 13.404462814331055, 8.390387535095215, 9.155511856079102, 12.521605491638184, 8.637839317321777, 10.535417556762695, 8.884909629821777, 13.596235275268555, 6.83792781829834, 8.153934478759766, 11.255937576293945, 14.119144439697266, 12.400043487548828, 19.68807029724121, 10.7011079788208, 11.340818405151367, 18.90968894958496, 12.334680557250977, 10.741398811340332, 10.662985801696777, 20.232601165771484, 12.212226867675781, 9.251152992248535, 9.570571899414062, 11.87879753112793, 10.535624504089355, 9.374687194824219, 11.790971755981445, 12.860941886901855, 12.428363800048828, 8.60082721710205, 24.25942611694336, 23.969106674194336, 11.130576133728027, 15.473410606384277, 11.888540267944336, 10.134679794311523, 15.318920135498047, 11.102008819580078, 15.254475593566895, 13.192524909973145, 9.671300888061523, 9.638007164001465, 8.496739387512207, 15.748821258544922, 8.809976577758789, 8.467855453491211, 10.158123970031738, 11.541699409484863, 17.523115158081055, 11.346126556396484, 13.043848037719727, 17.065322875976562, 9.895015716552734, 8.18764877319336, 12.733442306518555, 5.74502420425415, 9.179641723632812, 15.498151779174805, 8.876018524169922, 16.209959030151367, 7.527653694152832, 12.417937278747559, 16.195131301879883, 17.482601165771484, 11.4092378616333, 12.551660537719727, 11.299056053161621, 10.358065605163574, 14.469697952270508, 10.33773136138916, 10.995768547058105, 15.230441093444824, 11.863228797912598, 10.40909481048584, 10.350906372070312, 9.732441902160645, 13.733905792236328, 8.780914306640625, 10.375935554504395, 14.730182647705078, 9.823761940002441, 17.354124069213867, 13.232898712158203, 14.94901180267334, 11.111748695373535, 12.920628547668457, 11.686957359313965, 14.14547061920166, 8.436570167541504, 9.701492309570312, 9.65904426574707, 21.80360984802246, 9.34634017944336, 15.102628707885742, 16.450706481933594, 16.25653839111328, 13.242253303527832, 15.311480522155762, 6.849737167358398, 9.16264533996582, 19.581933975219727, 9.002124786376953, 10.69347095489502, 10.002580642700195, 11.565841674804688, 12.053505897521973, 8.911002159118652, 15.0806245803833, 20.570859909057617, 14.688952445983887, 9.884052276611328, 12.008987426757812, 19.261812210083008, 8.898087501525879, 10.408831596374512, 18.67677879333496, 14.03239917755127, 17.936525344848633, 10.294103622436523, 12.651970863342285, 16.579442977905273, 10.83077335357666, 10.282974243164062, 8.529740333557129, 14.33779239654541, 10.001458168029785, 16.908056259155273, 11.699721336364746, 12.512292861938477, 15.605280876159668, 11.767708778381348, 10.971339225769043, 15.440996170043945, 18.393484115600586, 11.861895561218262, 11.961483001708984, 10.508476257324219, 11.881759643554688, 9.300406455993652, 11.476422309875488, 13.318452835083008, 12.177016258239746, 8.43550968170166, 17.048259735107422, 17.15205955505371, 14.751132011413574, 11.973177909851074, 10.445425987243652, 11.149942398071289, 11.103507041931152, 12.84743595123291, 10.371957778930664, 13.529549598693848, 16.646846771240234, 11.181224822998047, 12.986749649047852, 10.642250061035156, 8.677891731262207, 16.139053344726562, 9.292834281921387, 9.29169750213623, 14.557622909545898, 9.067953109741211, 22.83759307861328, 11.371210098266602, 19.250186920166016, 14.77224349975586, 9.768962860107422, 9.073086738586426, 10.010332107543945, 8.593770980834961, 9.598715782165527, 16.84999656677246, 13.288313865661621, 13.17152214050293, 13.829883575439453, 14.131194114685059, 7.422071933746338, 8.132473945617676, 10.648277282714844, 14.467717170715332, 16.042098999023438, 11.490009307861328, 9.00430965423584, 13.466778755187988, 13.109823226928711, 21.284780502319336, 9.908913612365723, 6.5833024978637695, 21.022083282470703, 11.039761543273926, 12.73978042602539, 10.797795295715332, 19.96871566772461, 12.060985565185547, 11.564055442810059, 9.619043350219727, 9.964674949645996, 15.678312301635742, 9.616705894470215, 19.370065689086914, 9.887377738952637, 11.110528945922852, 13.207389831542969, 10.308378219604492, 11.936010360717773, 7.88257360458374, 11.840933799743652, 11.133618354797363, 9.112499237060547, 17.11211395263672, 13.87455940246582, 17.823469161987305, 10.399636268615723, 9.235075950622559, 12.307827949523926, 14.633258819580078, 12.938261985778809, 9.701412200927734, 7.11290168762207, 11.77026081085205, 20.02242660522461, 8.976252555847168, 11.90265941619873, 11.525533676147461, 12.49567699432373, 12.115978240966797, 16.04755210876465, 13.009002685546875, 16.756450653076172, 12.65937328338623, 9.589216232299805, 10.664849281311035, 10.4049711227417, 10.84154987335205, 10.146288871765137, 16.793691635131836, 11.06944465637207, 7.921882629394531, 10.910845756530762, 10.416415214538574, 6.751362323760986, 11.696112632751465, 15.996520042419434, 20.338512420654297, 6.445307731628418, 12.164063453674316, 10.017274856567383, 9.752153396606445, 7.639607906341553, 11.498616218566895, 17.515241622924805, 10.345827102661133, 12.00755500793457, 17.2263240814209, 7.21054220199585, 16.31393051147461, 17.054019927978516, 9.837325096130371, 11.30150032043457, 12.913187026977539, 10.765328407287598, 11.161118507385254, 10.786787033081055, 9.964570045471191, 12.761347770690918, 11.22286605834961, 8.736015319824219, 12.230451583862305, 11.912845611572266, 16.010345458984375, 11.850566864013672, 15.108179092407227, 17.82276725769043, 9.307022094726562, 21.753286361694336, 11.39718246459961, 9.599278450012207, 11.116132736206055, 10.607894897460938, 8.985915184020996, 10.864256858825684, 9.000269889831543, 11.755632400512695, 14.884204864501953, 8.646620750427246, 12.14542293548584, 11.645444869995117, 8.5153226852417, 10.578422546386719, 12.384513854980469, 14.10505199432373, 20.830060958862305, 17.26877212524414, 17.732486724853516, 11.496893882751465, 8.648017883300781, 11.182371139526367, 7.299126625061035, 7.538504600524902, 15.07914924621582, 13.266074180603027, 13.715134620666504, 17.522319793701172, 9.797303199768066, 16.687204360961914, 9.474239349365234, 9.255393028259277, 14.46701717376709, 12.29866886138916, 7.931872844696045, 14.785983085632324, 22.586936950683594, 14.715487480163574, 9.966863632202148, 13.285760879516602, 9.917524337768555, 15.08806324005127, 12.312115669250488, 15.004121780395508, 16.305707931518555, 9.622023582458496, 8.11472225189209, 10.380528450012207, 9.872551918029785, 14.505078315734863, 7.98441743850708, 12.325827598571777, 11.530316352844238, 10.548942565917969, 12.826544761657715, 12.337181091308594, 7.876819610595703, 17.78175163269043, 10.712851524353027, 7.681999206542969, 9.504080772399902, 12.211627960205078, 10.342777252197266, 9.767428398132324, 11.030017852783203, 24.052021026611328, 13.218841552734375, 14.927754402160645, 9.897381782531738, 15.213590621948242, 18.69987678527832, 17.985361099243164, 9.756014823913574, 12.204806327819824, 11.240630149841309, 22.94028091430664, 7.483329772949219, 11.027240753173828, 10.645267486572266, 9.296738624572754, 8.4584321975708, 19.534425735473633, 10.928423881530762, 10.13486385345459, 17.7784366607666, 15.257265090942383, 11.529218673706055, 10.3021240234375, 7.896553993225098, 8.508216857910156, 11.504127502441406, 7.750244140625, 15.760519981384277, 13.719813346862793, 9.847179412841797, 11.457204818725586, 10.032620429992676, 13.297502517700195, 15.079483032226562, 5.5466389656066895, 11.972376823425293, 8.357412338256836, 9.444646835327148, 15.216358184814453, 13.530835151672363, 6.921774864196777, 11.560327529907227, 6.225849151611328, 8.50146198272705, 16.593185424804688, 16.65032196044922, 19.791772842407227, 16.072952270507812, 11.228739738464355, 8.972000122070312, 12.09149169921875, 10.33302116394043, 13.179521560668945, 13.849164962768555, 11.50778579711914, 10.177787780761719, 9.850103378295898, 20.13165855407715, 12.856010437011719, 14.67013931274414, 12.942177772521973, 9.602943420410156, 10.543439865112305, 11.557906150817871, 10.716609001159668, 11.541489601135254, 13.366144180297852, 11.610989570617676, 11.133513450622559, 17.048377990722656, 16.844907760620117, 13.143796920776367, 12.395797729492188, 14.1787691116333, 22.640281677246094, 12.581642150878906, 8.764763832092285, 16.96314239501953, 10.881242752075195, 12.09721565246582, 5.094629287719727, 10.889350891113281, 15.308063507080078, 10.068504333496094, 8.107413291931152, 8.586647033691406, 14.347200393676758, 9.793341636657715, 10.098291397094727, 12.716630935668945, 8.235955238342285, 9.898417472839355, 8.718889236450195, 9.735235214233398, 9.412853240966797, 11.781290054321289, 11.638718605041504, 26.212034225463867, 10.505231857299805, 10.871106147766113, 9.934260368347168, 14.177916526794434, 7.907765865325928, 10.08319091796875, 12.310357093811035, 8.5411376953125, 19.809341430664062, 8.947352409362793, 9.467972755432129, 12.770710945129395, 10.427156448364258, 12.87962818145752, 13.726741790771484, 16.867816925048828, 11.791975975036621, 9.550772666931152, 13.996356964111328, 9.401134490966797, 18.331798553466797, 9.160848617553711, 7.450325965881348, 13.706642150878906, 8.2250337600708, 14.79689884185791, 11.242691993713379, 13.89309310913086, 10.842695236206055, 10.187262535095215, 20.108484268188477, 11.602045059204102, 11.388352394104004, 15.427801132202148, 11.300954818725586, 13.37709903717041, 10.88206672668457, 8.470378875732422, 15.737468719482422, 10.578300476074219, 12.369169235229492, 11.930662155151367, 8.843453407287598, 11.182364463806152, 9.65259075164795, 9.612096786499023, 8.89065933227539, 9.38743782043457, 11.405352592468262, 13.256505012512207, 16.177478790283203, 6.842484474182129, 9.761552810668945, 10.768794059753418, 8.523185729980469, 11.256948471069336, 10.634828567504883, 14.538581848144531, 8.248899459838867, 18.44818878173828, 11.157970428466797, 12.373552322387695, 10.645484924316406, 9.396478652954102, 16.873384475708008, 10.471158981323242, 14.0465726852417, 11.92849063873291, 8.264652252197266, 13.441399574279785, 10.516667366027832, 11.804611206054688, 13.07696533203125, 9.574991226196289, 18.417781829833984, 15.128554344177246, 8.48858642578125, 11.77641487121582, 10.267655372619629, 10.308907508850098, 25.330425262451172, 10.754534721374512, 12.1202392578125, 8.579547882080078, 9.458438873291016, 12.848318099975586, 10.411767959594727, 13.190896987915039, 18.518266677856445, 9.661474227905273, 10.59837818145752, 12.31295108795166, 11.13232135772705, 11.757532119750977, 8.906988143920898, 15.976799011230469, 9.520997047424316, 10.78697681427002, 10.197675704956055, 9.959733963012695, 15.819775581359863, 10.201366424560547, 13.228719711303711, 11.618185043334961, 12.557004928588867, 10.964339256286621, 11.214469909667969, 9.70794677734375, 9.429018020629883, 10.576467514038086, 9.319817543029785, 13.951148986816406, 12.048907279968262, 14.5847806930542, 10.351763725280762, 12.471020698547363, 10.709088325500488, 15.189659118652344, 9.793745040893555, 23.877582550048828, 7.479808807373047, 12.57199478149414, 10.996315002441406, 9.13973331451416, 6.857737064361572, 12.572040557861328, 18.81265640258789, 12.112569808959961, 11.456451416015625, 10.769597053527832, 8.787946701049805, 7.285390853881836, 16.800189971923828, 13.144309043884277, 15.779777526855469, 14.866137504577637, 17.154054641723633, 9.007345199584961, 11.27558422088623, 19.311914443969727, 15.065237045288086, 7.673976421356201, 15.834275245666504, 11.360479354858398, 11.276391983032227, 10.915307998657227, 17.33526611328125, 9.770210266113281, 10.87131404876709, 16.777660369873047, 17.152206420898438, 17.882295608520508, 8.682527542114258, 9.012008666992188, 12.741290092468262, 8.455011367797852, 15.346379280090332, 11.788236618041992, 11.74904727935791, 12.895539283752441, 18.979787826538086, 12.034626007080078, 13.07519245147705, 8.43204116821289, 12.000147819519043, 16.79380226135254, 11.78409194946289, 9.476273536682129, 21.728755950927734, 16.096437454223633, 18.052303314208984, 10.490379333496094, 11.445993423461914, 7.509864807128906, 17.451875686645508, 9.247014999389648, 21.721904754638672, 11.247700691223145, 9.504396438598633, 10.84710693359375, 11.05302619934082, 13.474288940429688, 16.162639617919922, 11.957008361816406, 11.78917407989502, 16.009737014770508, 7.536177635192871, 14.726692199707031, 10.622208595275879, 9.152482986450195, 12.158367156982422, 10.87695598602295, 6.446308135986328, 10.749954223632812, 7.386255264282227, 12.594327926635742, 14.540045738220215, 9.98987865447998, 14.952147483825684, 12.979297637939453, 9.560701370239258, 16.969175338745117, 12.537046432495117, 13.622949600219727, 11.833845138549805, 7.821749210357666, 10.379541397094727, 7.334376335144043, 15.640909194946289, 12.397161483764648, 10.361440658569336, 12.2181978225708, 8.847981452941895, 14.034921646118164, 16.32259178161621, 14.184032440185547, 18.604248046875, 17.495479583740234, 17.32584571838379, 9.15710735321045, 10.171784400939941, 10.942265510559082, 9.797654151916504, 9.356912612915039, 9.492518424987793, 11.050267219543457, 11.050314903259277, 15.926894187927246, 7.75115442276001, 21.65374755859375, 17.63970375061035, 12.989554405212402, 15.5748291015625, 9.035741806030273, 17.017961502075195, 19.115821838378906, 13.427321434020996, 11.45484447479248, 10.633355140686035, 23.35905647277832, 16.734819412231445, 9.289789199829102, 11.657777786254883, 17.347455978393555, 12.318873405456543, 10.239429473876953, 10.24034595489502, 10.391374588012695, 12.24631404876709, 22.705181121826172, 7.657275676727295, 11.883935928344727, 11.14921760559082, 10.900768280029297, 18.434476852416992, 10.846989631652832, 13.34550666809082, 9.9053955078125, 8.412206649780273, 12.880714416503906, 13.441829681396484, 11.256585121154785, 7.981876373291016, 10.384056091308594, 14.215036392211914, 16.600526809692383, 12.364479064941406, 10.931571960449219, 7.814301013946533, 13.062399864196777, 10.358661651611328, 12.375277519226074, 10.076425552368164, 10.716083526611328, 23.46678924560547, 10.01197624206543, 11.931144714355469, 12.87243366241455, 11.36330509185791, 14.99205493927002, 6.987546920776367, 9.07802963256836, 16.157400131225586, 13.469544410705566, 9.24509334564209, 11.270397186279297, 12.435302734375, 15.502975463867188, 13.035198211669922, 10.202864646911621, 9.504735946655273, 13.099695205688477, 8.33296012878418, 8.53743839263916, 9.33859920501709, 11.415282249450684, 22.368284225463867, 14.634719848632812, 10.960312843322754, 19.663599014282227, 9.755529403686523, 15.766565322875977, 11.001350402832031, 9.676167488098145, 14.50838851928711, 11.111181259155273, 11.99877643585205, 9.91811466217041, 14.312479972839355, 13.267341613769531, 10.26453971862793, 9.586775779724121, 12.089792251586914, 8.509020805358887, 14.554115295410156, 12.044219970703125, 10.681891441345215, 10.118556022644043, 8.9524564743042, 8.567460060119629, 8.739670753479004, 17.421735763549805, 14.481605529785156, 12.104177474975586, 6.468740463256836, 8.763567924499512, 11.303006172180176, 17.805028915405273, 12.026933670043945, 12.823162078857422, 14.241317749023438, 14.521197319030762, 6.754021167755127, 9.471212387084961, 14.0383939743042, 8.003811836242676, 21.654016494750977, 9.741554260253906, 14.464010238647461, 10.030850410461426, 11.470252990722656, 11.997855186462402, 19.76502799987793, 13.383034706115723, 21.903303146362305, 9.950615882873535, 10.76462459564209, 9.396835327148438, 12.3121976852417, 17.16121482849121, 9.968300819396973, 11.2277250289917, 13.783426284790039, 12.007234573364258, 9.674885749816895, 12.194046974182129, 6.5770344734191895, 11.0943603515625, 9.900003433227539, 7.7629313468933105, 13.919519424438477, 11.024040222167969, 17.567384719848633, 13.71187686920166, 7.6149492263793945, 8.625479698181152, 11.03188419342041, 14.020069122314453, 8.226093292236328, 8.887480735778809, 9.457533836364746, 13.042858123779297, 10.67007064819336, 15.942517280578613, 14.619498252868652, 8.950087547302246, 9.672687530517578, 9.020267486572266, 10.739263534545898, 11.217239379882812, 18.8804988861084, 8.51163387298584, 10.359498023986816, 11.319161415100098, 11.1724271774292, 14.793148040771484, 9.63968276977539, 15.253891944885254, 9.234777450561523, 13.020769119262695, 7.420010089874268, 11.295280456542969, 18.340503692626953, 10.987019538879395, 9.958046913146973, 8.622356414794922, 15.667108535766602]
Cosines similarity random samples
[0.6611942648887634, 0.7783394455909729, 0.08490107208490372, 0.40311092138290405, 0.31109532713890076, 0.6098592281341553, 0.3001888692378998, 0.7936029434204102, 0.3480169177055359, 0.5934069156646729, 0.596774697303772, 0.7568343281745911, 0.4310453236103058, 0.7427277565002441, 0.6537156105041504, 0.8570381999015808, 0.4268311858177185, 0.5795590877532959, 0.7806307077407837, 0.6596015691757202, 0.5583145618438721, 0.820584237575531, 0.4277396500110626, 0.42051225900650024, 0.5637596845626831, 0.3363904356956482, 0.6387506723403931, 0.40093839168548584, 0.710699200630188, 0.5566729307174683, 0.684597373008728, 0.584929347038269, 0.36112523078918457, 0.6674652099609375, 0.5778207778930664, 0.7153975963592529, 0.6627126932144165, 0.4847599267959595, 0.6695373058319092, 0.48292508721351624, 0.7288906574249268, 0.5405782461166382, 0.5613017678260803, 0.6273950934410095, 0.697136640548706, 0.7217121720314026, 0.6265716552734375, 0.6731889247894287, 0.30911368131637573, 0.27842697501182556, -0.008899720385670662, 0.9157246351242065, 0.8501743078231812, 0.37902742624282837, 0.21568892896175385, 0.4048154056072235, 0.8977079391479492, 0.5837183594703674, 0.6759178638458252, -0.221933513879776, 0.44631901383399963, 0.32744091749191284, 0.20432086288928986, 0.8421395421028137, 0.633021354675293, 0.4855058193206787, 0.6313934326171875, 0.7385024428367615, 0.6700087785720825, 0.4764796495437622, 0.727818489074707, 0.7000902891159058, 0.3834681510925293, 0.6240275502204895, 0.6534122228622437, 0.7637625932693481, 0.5772402286529541, 0.5852879285812378, 0.23633550107479095, 0.5491176247596741, 0.7818511724472046, 0.7334364056587219, 0.5141419172286987, 0.7454341650009155, 0.6735985279083252, 0.7409720420837402, 0.7899059653282166, 0.5935900211334229, 0.20679791271686554, 0.7638967037200928, -0.010498281568288803, 0.2732798159122467, 0.774616003036499, 0.1777304708957672, 0.384377658367157, 0.5392090678215027, 0.6890443563461304, 0.7636501789093018, 0.7462042570114136, 0.7576946020126343, 0.3248499035835266, 0.5238623023033142, 0.625057578086853, -0.5516937971115112, 0.4369981288909912, 0.8783843517303467, 0.6908247470855713, 0.6521691083908081, -0.2584984600543976, 0.40553444623947144, 0.6129881143569946, 0.8139786124229431, 0.78411465883255, 0.5388586521148682, 0.4606754183769226, 0.7874072790145874, 0.36101269721984863, 0.6418724656105042, 0.3686644732952118, 0.19913947582244873, 0.5675015449523926, 0.17529867589473724, 0.8640641570091248, 0.78020840883255, 0.7042548656463623, 0.3568364083766937, 0.6060830354690552, 0.7497410178184509, 0.7091454267501831, 0.6937108039855957, 0.612591028213501, 0.7732824683189392, 0.5078320503234863, 0.41752636432647705, 0.6742722988128662, 0.8622504472732544, 0.7545673847198486, 0.738630473613739, 0.8392468690872192, 0.6841644048690796, 0.38785767555236816, 0.5541912317276001, 0.6310403347015381, 0.6393154263496399, 0.6035605669021606, 0.1294851005077362, 0.5751783847808838, 0.6662607192993164, 0.6317770481109619, -0.055298104882240295, 0.28356170654296875, 0.5931665897369385, 0.6835533380508423, 0.4611279368400574, 0.035203613340854645, 0.7850853204727173, 0.14840435981750488, 0.6081705689430237, 0.8520717024803162, 0.7799370288848877, 0.848301887512207, -0.08775727450847626, 0.7547742128372192, 0.6281284093856812, -0.19631892442703247, 0.6636325120925903, 0.4584548771381378, 0.6122204065322876, 0.5147531032562256, 0.5924388766288757, 0.44600653648376465, 0.2378024011850357, 0.5947363376617432, 0.48226478695869446, 0.6975404024124146, 0.6317241787910461, 0.7507256269454956, 0.11580765247344971, 0.11400579661130905, 0.5328647494316101, -0.4841502904891968, 0.5386178493499756, 0.7507692575454712, 0.2907637357711792, 0.7255764007568359, 0.5813775658607483, 0.26533427834510803, 0.604651927947998, 0.6251707673072815, 0.4737466275691986, 0.6311737298965454, 0.1731126606464386, 0.3618214726448059, 0.7636055946350098, -0.1428442746400833, 0.4934644103050232, 0.8315092921257019, -0.6793477535247803, 0.61534184217453, -0.2371671199798584, 0.5439473390579224, 0.4830365777015686, 0.6598682403564453, 0.6493646502494812, 0.06312412023544312, 0.7986956238746643, 0.7061344385147095, 0.4517841339111328, -0.10377223789691925, 0.2689453363418579, 0.7770193815231323, 0.6105513572692871, 0.4988700747489929, 0.546705424785614, 0.7179123759269714, 0.5329799056053162, 0.8225435614585876, 0.5299475193023682, 0.5680489540100098, 0.5292879343032837, 0.6930020451545715, 0.5639194250106812, 0.45908766984939575, 0.385509729385376, 0.6624366641044617, 0.4154447615146637, 0.48182424902915955, 0.7238682508468628, 0.46151942014694214, 0.49097195267677307, 0.16277344524860382, 0.5615156292915344, 0.5595486164093018, 0.0018763579428195953, 0.6455439329147339, 0.3706526458263397, 0.4514668583869934, 0.6641995906829834, 0.640966534614563, 0.7158366441726685, 0.42675715684890747, 0.5154511332511902, 0.39474549889564514, 0.12286876142024994, 0.722774863243103, 0.768291711807251, 0.6277260780334473, 0.2564215064048767, 0.5847986936569214, 0.7937899827957153, 0.7844727635383606, 0.3410657048225403, 0.782488226890564, 0.6343681216239929, 0.44919323921203613, -0.32592692971229553, 0.41218817234039307, 0.7508594989776611, 0.3226880729198456, 0.6704670190811157, 0.6827678680419922, 0.49820926785469055, 0.30620092153549194, 0.7232373952865601, 0.3853035867214203, 0.5699619650840759, 0.8823527693748474, 0.6436440944671631, 0.7080980539321899, 0.7901796102523804, 0.6614557504653931, 0.8268254995346069, 0.2159048318862915, 0.6665674448013306, 0.40299999713897705, 0.5752513408660889, 0.5486658811569214, 0.5992203950881958, 0.598941445350647, 0.6997862458229065, 0.7928836345672607, 0.6703478097915649, 0.6726140379905701, 0.7851777076721191, 0.4240870475769043, 0.7280102968215942, 0.8346899747848511, 0.745012640953064, 0.18958884477615356, 0.5696718692779541, 0.8215998411178589, 0.37178847193717957, 0.7334612607955933, 0.47524580359458923, 0.5785268545150757, 0.3928539454936981, 0.7938425540924072, 0.22795382142066956, 0.3930656313896179, 0.39542531967163086, 0.22945843636989594, 0.5030100345611572, 0.6508733034133911, 0.30643031001091003, 0.5606702566146851, 0.6739822030067444, 0.5964578986167908, 0.4761026203632355, 0.5982389450073242, 0.7910653352737427, 0.564936637878418, 0.5611896514892578, 0.6040233373641968, 0.20995846390724182, 0.6246972680091858, 0.7212381362915039, 0.5221490859985352, 0.22391317784786224, 0.43029332160949707, 0.5652709007263184, 0.639506459236145, 0.7385018467903137, 0.7341641187667847, 0.08535975217819214, 0.5965355634689331, 0.8263492584228516, 0.22850657999515533, 0.5894277095794678, 0.641799807548523, 0.6494216918945312, 0.635600745677948, 0.3993365168571472, 0.7101570963859558, 0.5462228655815125, -0.30151286721229553, 0.8141505122184753, 0.7408677339553833, 0.7635769844055176, 0.5340076684951782, 0.6262953281402588, 0.6169116497039795, 0.4984123706817627, 0.8216804265975952, 0.7084267735481262, 0.0562833696603775, 0.5040741562843323, 0.7700344324111938, 0.35859644412994385, 0.6773046255111694, 0.4786514639854431, 0.6665242910385132, 0.3948696255683899, 0.611289381980896, 0.5732408165931702, 0.560122013092041, 0.6544830799102783, 0.7317900061607361, -0.041237905621528625, 0.38955456018447876, 0.669141948223114, 0.6821852922439575, 0.3479888141155243, 0.29460859298706055, 0.3049091696739197, 0.5558173656463623, 0.506985068321228, 0.8152222633361816, 0.7945185899734497, 0.5932996273040771, 0.08179998397827148, 0.5872305631637573, 0.6488678455352783, 0.6248214840888977, 0.5873426198959351, 0.7539482116699219, 0.7107115983963013, 0.6932122707366943, 0.7818920016288757, -0.23709726333618164, 0.48915553092956543, 0.3315688371658325, 0.6744688749313354, 0.05905170366168022, 0.6924095153808594, 0.49212148785591125, 0.5338379740715027, -0.49037858843803406, 0.4667803645133972, 0.5381515026092529, 0.5707521438598633, 0.07348833978176117, -0.4719198942184448, 0.6094313859939575, 0.6532328128814697, 0.712582528591156, 0.216559499502182, 0.08678380399942398, 0.6282563805580139, 0.7884058952331543, 0.5066488981246948, 0.6186665296554565, 0.8454025983810425, 0.5681793689727783, 0.4120998680591583, 0.7822660803794861, 0.6284533739089966, 0.5978797674179077, 0.6925643682479858, 0.7072029113769531, 0.7914438247680664, 0.5882551670074463, 0.6076856851577759, 0.3271771967411041, 0.6481605768203735, 0.43847769498825073, 0.2756330370903015, 0.5816718935966492, 0.697777509689331, 0.6597383618354797, 0.3899937570095062, 0.5119762420654297, 0.15712761878967285, 0.38492512702941895, 0.6185281872749329, 0.8049138784408569, 0.46379274129867554, -0.23828306794166565, 0.7219893932342529, 0.7286788821220398, 0.7523035407066345, 0.6713603734970093, 0.5692824721336365, 0.13688267767429352, 0.7127084732055664, 0.8146814107894897, 0.6971576809883118, 0.7081536054611206, 0.7505195140838623, 0.6495751142501831, -0.4780467450618744, 0.7340219020843506, 0.6470613479614258, 0.7990304827690125, 0.4198652505874634, -0.09228913486003876, 0.562725305557251, 0.48653674125671387, 0.32538503408432007, 0.7814995646476746, 0.5025793313980103, 0.6741560697555542, 0.5891026258468628, 0.028010740876197815, 0.5329568982124329, 0.7809045314788818, 0.6416060328483582, 0.6827351450920105, -0.13439351320266724, 0.6417956352233887, 0.7823132276535034, 0.6082037091255188, 0.695781946182251, 0.3255027234554291, 0.48617875576019287, 0.04992280900478363, 0.35353919863700867, 0.8049541711807251, 0.6711477041244507, 0.27005061507225037, 0.4807772636413574, 0.6986200213432312, 0.6677014827728271, 0.16885459423065186, 0.33383527398109436, 0.6591227650642395, 0.34481215476989746, 0.6918931007385254, 0.5868037939071655, 0.7965356111526489, 0.287083238363266, 0.514664888381958, 0.4877445697784424, 0.011940043419599533, 0.7087149620056152, 0.329302579164505, 0.6675149202346802, 0.7529487609863281, 0.6115967631340027, 0.6875053644180298, 0.6035104393959045, 0.16735172271728516, 0.8507547974586487, 0.7739335298538208, 0.5013597011566162, 0.6276141405105591, 0.3231849670410156, 0.5652419328689575, 0.14698198437690735, 0.791321873664856, 0.568321943283081, 0.02069595269858837, 0.6823786497116089, 0.21267658472061157, 0.8400440812110901, 0.5926764011383057, 0.5861630439758301, -0.40514126420021057, 0.3933753967285156, 0.4421513080596924, 0.23338991403579712, 0.4747852683067322, 0.6751694679260254, 0.6099361181259155, 0.6430466771125793, 0.5058581233024597, 0.5405302047729492, 0.22435888648033142, 0.4738094210624695, 0.6688342094421387, 0.7053346037864685, 0.7253525257110596, 0.4018445611000061, 0.2352597713470459, 0.7945536375045776, 0.5503888726234436, 0.5516847372055054, 0.614415168762207, 0.6706366539001465, 0.39203792810440063, 0.6445770859718323, 0.38972601294517517, 0.46920323371887207, 0.5845046043395996, 0.5500746965408325, 0.5558173656463623, 0.6096101999282837, 0.7315123081207275, 0.5194506645202637, 0.35543811321258545, 0.7623761296272278, 0.39730656147003174, 0.5460233092308044, 0.6697907447814941, 0.5963423252105713, 0.6669867634773254, 0.6154202222824097, 0.6968016624450684, 0.4594516158103943, 0.7547736167907715, 0.15733495354652405, 0.75166916847229, 0.13818949460983276, 0.678615927696228, 0.43565884232521057, 0.7076069116592407, 0.11834855377674103, 0.5613208413124084, 0.5057860612869263, 0.27300411462783813, -0.04023801535367966, 0.5044132471084595, 0.4874277114868164, 0.5686272382736206, 0.26910945773124695, 0.5859715342521667, 0.6438688039779663, 0.9040231704711914, 0.6987597942352295, 0.5446113348007202, 0.23323862254619598, 0.5271797776222229, 0.4982799291610718, 0.11111108958721161, 0.6690835952758789, -0.40641745924949646, 0.8417588472366333, 0.5628348588943481, 0.6405678391456604, 0.6180907487869263, 0.8075291514396667, 0.19990351796150208, 0.5549138188362122, 0.7239266633987427, 0.5010436773300171, 0.4987213611602783, 0.7940219640731812, 0.48308491706848145, -0.07494798302650452, 0.8777398467063904, 0.8100216388702393, 0.5390803217887878, 0.8059842586517334, 0.6784684658050537, 0.7127119898796082, 0.8167759776115417, 0.468688428401947, 0.7100980281829834, 0.5749757289886475, 0.7340689897537231, 0.10070288181304932, 0.23262673616409302, 0.6431336998939514, 0.7210462093353271, 0.30966708064079285, 0.3485935628414154, 0.347992479801178, 0.7984373569488525, 0.3503728210926056, 0.38329237699508667, 0.6198619604110718, 0.43770527839660645, 0.6564217805862427, 0.7417585849761963, 0.4095589518547058, 0.8401026725769043, 0.2948368489742279, 0.7122033834457397, 0.03276366740465164, 0.4440719485282898, 0.615050196647644, 0.7856277227401733, 0.6974481344223022, 0.8102337121963501, 0.5501165390014648, 0.2891625761985779, 0.8097667694091797, 0.6881973743438721, 0.2337939739227295, 0.5482378005981445, 0.06277506053447723, 0.41364461183547974, 0.3476370573043823, 0.5877737402915955, 0.8381614089012146, 0.6291402578353882, 0.797784149646759, 0.8075399398803711, 0.577839732170105, 0.5165571570396423, 0.8125981688499451, 0.6329087018966675, 0.6537142395973206, 0.5646434426307678, 0.8861833810806274, 0.8761955499649048, 0.6283077597618103, 0.566230833530426, 0.7473955154418945, 0.8664499521255493, 0.7363620400428772, 0.6032289266586304, 0.22983068227767944, 0.5427405834197998, 0.4459715485572815, 0.34926044940948486, 0.6914225816726685, 0.5788547992706299, 0.4003092050552368, 0.047084271907806396, 0.5878061056137085, 0.6394670009613037, 0.1683579385280609, 0.5038026571273804, 0.6244027614593506, 0.5323577523231506, -0.05089706555008888, 0.561225175857544, 0.5728015303611755, 0.35598284006118774, 0.7869623303413391, 0.5558813810348511, 0.6002609133720398, 0.565195620059967, 0.5251579284667969, 0.6113346219062805, 0.25606122612953186, 0.7165741920471191, 0.30514198541641235, 0.6108378171920776, 0.5307860374450684, 0.581010103225708, 0.6497516632080078, 0.5876343846321106, 0.29904139041900635, 0.5680381059646606, 0.5037278532981873, -0.6202282905578613, 0.5992525815963745, 0.4765128195285797, 0.4351799786090851, 0.8108031749725342, 0.4634186923503876, 0.7480847239494324, 0.0947243869304657, 0.6129516959190369, 0.5720459818840027, 0.590446949005127, 0.5093857645988464, 0.7637314796447754, 0.6825498342514038, 0.581257700920105, 0.5627925992012024, 0.8171675205230713, 0.5612478256225586, 0.3280611038208008, 0.5750028491020203, 0.7613571882247925, 0.4813082814216614, 0.5492171049118042, 0.7066788673400879, 0.5932695269584656, 0.3894023001194, 0.6516163945198059, 0.33154547214508057, 0.6175071001052856, 0.5656380653381348, 0.5223302841186523, 0.0950746238231659, 0.42847514152526855, 0.6889170408248901, 0.700149416923523, 0.3941918611526489, 0.6376461386680603, 0.6229225993156433, -0.648052453994751, 0.6912966966629028, 0.840643048286438, 0.6947933435440063, 0.732408344745636, 0.5269005298614502, 0.567118227481842, 0.791176438331604, 0.763882577419281, 0.29414698481559753, 0.2895307242870331, 0.38140159845352173, 0.589557945728302, 0.5557012557983398, 0.7117856740951538, 0.704999566078186, 0.6068052053451538, 0.65858393907547, 0.3838522434234619, -0.15229931473731995, 0.8213361501693726, 0.6302063465118408, 0.6525605916976929, 0.23310115933418274, 0.4305228590965271, 0.6677970886230469, 0.678851842880249, 0.19020318984985352, 0.6953839063644409, 0.6957318782806396, 0.7012037038803101, 0.5504916906356812, 0.005121335387229919, 0.7498574256896973, 0.7850860953330994, 0.8184065818786621, 0.6947399377822876, 0.6580462455749512, 0.700535774230957, 0.5598793029785156, 0.6759198904037476, 0.7131463885307312, 0.756213903427124, -0.623838484287262, 0.562588095664978, 0.7917430400848389, 0.6297074556350708, 0.5986855030059814, 0.7166422605514526, 0.7985824346542358, 0.5949419140815735, 0.6341593861579895, 0.6758469343185425, 0.4051213264465332, 0.7688574194908142, 0.5080693364143372, 0.699347972869873, 0.6420477628707886, 0.5731784701347351, 0.39161449670791626, 0.7428692579269409, -0.44138142466545105, 0.460785835981369, 0.8317698240280151, 0.4219997227191925, 0.6093761920928955, 0.516804575920105, 0.5673573017120361, 0.2933410108089447, 0.4849732518196106, 0.5871454477310181, 0.29558664560317993, 0.5980662107467651, -0.35721126198768616, 0.368213951587677, 0.6154122352600098, 0.7527721524238586, 0.637079656124115, 0.46661847829818726, 0.018689248710870743, 0.5984481573104858, 0.8088831901550293, 0.8570495843887329, 0.5330560207366943, 0.13570182025432587, 0.5421983003616333, 0.5269834995269775, 0.6869523525238037, 0.27675050497055054, 0.2720155715942383, 0.5702016353607178, 0.13946211338043213, -0.029761873185634613, 0.6531720161437988, 0.5999472737312317, 0.5033367872238159, 0.5099345445632935, 0.623829185962677, 0.20073044300079346, 0.7881513833999634, 0.259881854057312, 0.6767459511756897, 0.48988229036331177, 0.4873887896537781, 0.5704113245010376, 0.7575108408927917, 0.4454903304576874, 0.6537417769432068, 0.38360869884490967, 0.5901777148246765, 0.3329698443412781, 0.5891456007957458, 0.1726648509502411, 0.8784763813018799, 0.5907009243965149, 0.47654277086257935, 0.5589487552642822, 0.5023925304412842, 0.78363037109375, 0.4549545645713806, 0.8215233087539673, 0.5700550079345703, 0.32907766103744507, 0.5888230800628662, 0.09326998889446259, 0.30335527658462524, 0.5274823904037476, 0.744994580745697, 0.11070194095373154, 0.8366553783416748, 0.4468621015548706, 0.8860321044921875, -0.04201320558786392, 0.4117918610572815, 0.650706946849823, 0.19229212403297424, 0.5420082807540894, 0.46645161509513855, 0.4180515706539154, 0.725330114364624, 0.01854320615530014, 0.4242848753929138, 0.3812323808670044, 0.5925095677375793, 0.746084451675415, 0.3731611669063568, 0.36754322052001953, 0.4842001497745514, 0.42666691541671753, 0.40290769934654236, 0.8603313565254211, 0.7073231935501099, 0.377685546875, 0.3292686939239502, 0.4805421829223633, 0.6717579364776611, 0.47766074538230896, 0.43293464183807373, 0.4848710000514984, 0.6961702108383179, 0.6195899248123169, 0.7907676100730896, 0.5047793984413147, 0.7878782749176025, 0.50199294090271, 0.45739248394966125, 0.5490903854370117, 0.49378877878189087, 0.39814597368240356, 0.21974915266036987, 0.46165359020233154, 0.8157480955123901, 0.3837324380874634, 0.6065396070480347, 0.5968489050865173, 0.47012144327163696, 0.6279505491256714, 0.5030471682548523, 0.6889539957046509, 0.5732588768005371, 0.5966570973396301, 0.47779959440231323, 0.2534800171852112, 0.6498317718505859, 0.21969178318977356, 0.6585452556610107, 0.7856556177139282, 0.7510037422180176, 0.18373017013072968, 0.6510055661201477, 0.3478347063064575, 0.5409927368164062, 0.8640667200088501, 0.6131484508514404, 0.44177526235580444, 0.48178309202194214, 0.5951664447784424, 0.43453729152679443, 0.6246553063392639, 0.6508861780166626, -0.1392158567905426, 0.7102276086807251, 0.741974949836731, 0.18821710348129272, 0.7599415183067322, 0.5988857746124268, 0.056530311703681946, 0.6517106294631958, 0.7728968858718872, 0.4532829523086548, 0.42018064856529236, 0.37896984815597534, 0.5643709301948547, 0.6814481019973755, 0.3577326536178589, 0.7877325415611267, 0.7471403479576111, 0.3981216847896576, 0.41381311416625977, 0.5500146746635437, 0.6389882564544678, -0.1891227811574936, 0.7268885374069214, 0.4719943404197693, 0.794823944568634, 0.3886222243309021, 0.7814735174179077, -0.6080392599105835, 0.3926132321357727, 0.7318270206451416, 0.823376476764679, 0.7930264472961426, 0.6945074200630188, 0.6872371435165405, 0.7028965353965759, 0.46883469820022583, 0.7125184535980225, 0.5563608407974243, 0.6270697116851807, 0.5245846509933472, 0.7579294443130493, 0.7261379361152649, 0.592616081237793, 0.7599624991416931, 0.7020834684371948, 0.7503340244293213, 0.5140713453292847, 0.8564210534095764, 0.7856156826019287, 0.6133407354354858, 0.35890334844589233, 0.507821261882782, -0.17512445151805878, 0.6221843361854553, 0.5814836025238037, -0.055993784219026566, 0.5479365587234497, 0.6334141492843628, 0.6013864278793335, -0.030971406027674675, 0.5307471752166748, 0.7577611207962036, 0.7056518793106079, 0.5563671588897705, 0.6609746813774109, 0.7104504704475403, 0.5538203716278076, 0.5039355754852295, 0.5351250171661377, 0.7723848819732666, -0.641952395439148, -0.6410828232765198, 0.6250550746917725, 0.3934454321861267, 0.5423480868339539, 0.6720607280731201, 0.32817012071609497, 0.6318070888519287, 0.34075435996055603, 0.4514933228492737, 0.6818817853927612, 0.7142982482910156, 0.7593824863433838, 0.3765648305416107, 0.7380812764167786, 0.7559399604797363, 0.6726565361022949, 0.5818353295326233, 0.18831202387809753, 0.6013544797897339, 0.45732420682907104, 0.18550525605678558, 0.6992017030715942, 0.7836294770240784, 0.5753406286239624, 0.8998938798904419, 0.7410032749176025, 0.2637239992618561, 0.743072509765625, 0.19057202339172363, 0.8131186962127686, 0.5219696760177612, 0.3380703926086426, 0.14176902174949646, 0.5843196511268616, 0.4829697906970978, 0.5907086730003357, 0.6803006529808044, 0.4492946267127991, 0.6454538106918335, 0.6348655819892883, 0.3809579014778137, 0.5671043395996094, 0.6281296014785767, 0.6723320484161377, 0.6860231161117554, 0.41571417450904846, 0.7427840828895569, 0.6682787537574768, 0.38234782218933105, 0.71550053358078, 0.13427560031414032, 0.5091838836669922, 0.4128239154815674, 0.6275669932365417, 0.4445847272872925, 0.5659070014953613, 0.42299091815948486, 0.7665307521820068, 0.7090271711349487, 0.7094050645828247, -0.5296723246574402, 0.7436984777450562, 0.43397507071495056, 0.2469978779554367, 0.2013419270515442, 0.4411713480949402, 0.3491460680961609, 0.8600705862045288, 0.7512906193733215, -0.00310521200299263, 0.7219383716583252, 0.6553274393081665, 0.6655171513557434, 0.5517761707305908, 0.5494939684867859, 0.782012939453125, 0.3778075575828552, -0.0044225044548511505, 0.27283117175102234, 0.7050964832305908, 0.5497398376464844, -0.10062436759471893, 0.7595009803771973, 0.6685211658477783, -0.24745847284793854, 0.5056698322296143, 0.003544755280017853, 0.6756709814071655, 0.5069955587387085, 0.1341373771429062, 0.6370236277580261, 0.668694794178009, 0.7427680492401123, 0.43346714973449707, 0.6729354858398438, 0.190424382686615, 0.5541955828666687, 0.5325754880905151, 0.40240466594696045, 0.5755503177642822, 0.6501805186271667, 0.4253472089767456, 0.07534687221050262, 0.5431339740753174, 0.5618216395378113, 0.6629080772399902, 0.5040695667266846, 0.7386831641197205, 0.6116975545883179, 0.46446335315704346, 0.4792836308479309, 0.7776182889938354, -0.044316187500953674, 0.17044270038604736, 0.29743561148643494, 0.548053503036499, 0.6766514778137207, 0.6043410301208496, 0.6068154573440552, 0.45170867443084717, 0.6364158391952515, 0.5320743322372437, 0.30692392587661743, 0.6081915497779846, 0.5234835147857666, 0.6384845972061157, 0.7720509767532349, 0.26833927631378174, 0.7194667458534241, 0.7309240102767944, 0.41318365931510925, 0.7545351982116699, -0.6206686496734619, 0.5614591240882874, -0.011928334832191467, 0.4344228208065033, 0.7165540456771851, 0.7394773364067078, 0.6680625677108765, 0.7570632696151733, 0.7166246175765991, 0.22621898353099823, 0.4328826069831848, 0.4135739803314209, 0.3508025109767914, 0.3410838842391968, 0.8209991455078125, 0.8179334998130798, 0.6697797775268555, 0.37459778785705566, 0.30368080735206604, 0.5704325437545776, 0.7565150260925293, 0.34613415598869324, 0.5106223821640015, -0.39958930015563965, 0.6744019389152527, 0.8561010360717773, -0.42671144008636475, 0.5883566737174988, 0.4722883403301239, 0.6001112461090088, -0.11327094584703445, 0.5371822714805603, 0.5633833408355713, 0.7057157754898071, 0.690165102481842, 0.36372119188308716, 0.6931018829345703, -0.1473979353904724, 0.6850340962409973, 0.6103223562240601, 0.46932151913642883, 0.6838830709457397, 0.5205242037773132, 0.8062480688095093, 0.5648002624511719, 0.5745047926902771, 0.7478988170623779, 0.05008947104215622, 0.34408697485923767, 0.1171036958694458, 0.6964096426963806, 0.7322944402694702, 0.5127733945846558, 0.36188551783561707, 0.4468540847301483, 0.7098702788352966, 0.8345608711242676, 0.63245689868927, -0.3980269432067871, 0.7559688687324524, 0.5255157947540283, 0.5828087329864502, 0.43953466415405273, 0.5473971366882324, 0.31089624762535095, 0.44462093710899353, 0.23116415739059448, 0.516811192035675, 0.6966186761856079, 0.6392667293548584, 0.6658742427825928, 0.6307772397994995, 0.6712163686752319, 0.22207364439964294, 0.6284149885177612, 0.8143669366836548, 0.6554107666015625, 0.6255643367767334, 0.8624017238616943, 0.5753812193870544, 0.25556373596191406, -0.4880305528640747, 0.870763897895813, 0.5073272585868835, 0.6947672963142395, 0.6753973960876465, 0.80169278383255, 0.6156818866729736, 0.19302597641944885, 0.657379150390625, 0.5749961137771606, 0.2682837247848511, 0.8276841640472412, 0.17780327796936035, 0.25137364864349365, 0.674376904964447, 0.5938276052474976, 0.5129177570343018, 0.6477917432785034, 0.5886715650558472, 0.6075775027275085, 0.6834419369697571, 0.523836076259613, 0.623658299446106, 0.7358949780464172, 0.6020366549491882, 0.5784332752227783, 0.3764272928237915, 0.5853793621063232, 0.3837154507637024, 0.12541711330413818, 0.7195172309875488, -0.2739894986152649, 0.6152123212814331, 0.6995939016342163, 0.6137909889221191, 0.6590011119842529, 0.7485836148262024, 0.623974084854126, 0.7448505759239197, 0.5672612190246582, 0.4246137738227844, 0.7761003971099854, 0.542003870010376, 0.5464089512825012, 0.768165647983551, 0.6231718063354492, 0.4962542653083801, 0.4199255704879761, -0.1978704035282135, 0.16161730885505676, 0.22337734699249268, 0.5853068828582764, 0.7640818357467651, 0.6622810363769531, 0.8316490054130554, 0.8072995543479919, 0.45527684688568115, 0.41914433240890503, 0.4810182452201843, 0.2868499457836151, 0.6937544941902161, 0.37429356575012207, 0.6834267377853394, 0.7055547833442688, 0.44108110666275024, 0.5290037393569946, 0.8041915893554688, 0.4183237552642822, -0.6049295663833618, 0.43079060316085815, 0.6747639179229736, 0.4951610565185547, 0.7030072212219238, 0.4384665787220001, 0.525237500667572, 0.4140513241291046, 0.08527024835348129, 0.706739604473114, 0.8032249212265015, 0.6708983182907104, 0.6970206499099731, 0.4438669681549072, 0.7795903086662292, 0.4416499435901642, 0.5875358581542969, 0.6719298958778381, 0.5074805021286011, 0.5270732045173645, 0.8089672327041626, 0.02690567821264267, 0.6654821634292603, 0.8066221475601196, 0.6934382915496826, 0.5230149030685425, 0.6776651740074158, 0.6952238082885742, 0.6112306118011475, -0.7309339046478271, 0.4749607443809509, 0.3477536141872406, 0.6940584182739258, 0.35127589106559753, 0.21859678626060486, 0.033980220556259155, 0.6988818645477295, 0.5209999680519104, 0.5834903717041016, -0.3075438141822815, 0.8197850584983826, 0.5833912491798401, 0.6687582731246948, 0.7118207216262817, 0.7726132273674011, -0.09224773943424225, 0.6228760480880737, 0.6594541072845459, 0.09853272140026093, 0.3813048303127289, 0.6200556755065918, 0.669431209564209, 0.8176690340042114, 0.7631178498268127, 0.5925598740577698, 0.8093842267990112, 0.3363456130027771, 0.46766915917396545, 0.6803262829780579, 0.5658900737762451, 0.671832799911499, 0.4572710394859314, 0.4098083972930908, 0.9020627737045288, 0.5282001495361328, 0.771593451499939, 0.7152069807052612, 0.2541048526763916, 0.3980306088924408, 0.8521057367324829, 0.558474600315094, 0.8811563849449158, 0.7877130508422852, 0.28991636633872986, 0.22983157634735107, -0.06110314279794693, 0.22741220891475677, 0.6364004611968994, 0.7555912733078003, 0.5030786395072937, 0.6687105894088745, 0.48467081785202026, 0.4276156425476074, 0.5946037769317627, 0.7275984287261963, 0.7053536772727966, -0.18553656339645386, 0.4903568625450134, 0.33881133794784546, 0.553432822227478, 0.7144574522972107, 0.6527309417724609, 0.5655592679977417, 0.6137717962265015, 0.569881796836853, 0.5189048051834106, 0.6356395483016968, 0.6131148338317871, 0.25251781940460205, 0.1944146454334259, 0.4325260519981384, 0.5297973155975342, 0.38712742924690247, -0.5036096572875977, 0.52116858959198, 0.7432858943939209, 0.18231019377708435, 0.6035205125808716, 0.5420314073562622, 0.913636326789856, 0.6259585618972778, 0.3449493646621704, 0.6710451245307922, 0.7917323708534241, 0.7619282007217407, 0.3997125029563904, 0.6908966302871704, 0.6618936061859131, 0.5316681861877441, 0.7906938791275024, 0.697118878364563, 0.7461893558502197, 0.6947886943817139, 0.7145729064941406, 0.5839061737060547, 0.6119886636734009, -0.6296210289001465, 0.6351135969161987, 0.638548731803894, 0.6880226135253906, 0.43565934896469116, 0.8102330565452576, 0.6843513250350952, 0.5356243848800659, 0.7623726725578308, -0.2928713858127594, 0.749299168586731, 0.7574254870414734, 0.5065505504608154, 0.6395021080970764, 0.4405558705329895, 0.40489083528518677, 0.2915361523628235, 0.571208655834198, 0.718116283416748, 0.3834254741668701, 0.731298565864563, -0.0016870908439159393, 0.730239987373352, 0.824306845664978, 0.43912649154663086, 0.7625254988670349, 0.38769784569740295, 0.5947440266609192, 0.4704745411872864, 0.6700507402420044, 0.6753363013267517, -0.14110839366912842, 0.5713930726051331, 0.5916734337806702, 0.22901597619056702, 0.5866657495498657, 0.5642009973526001, 0.6692631244659424, 0.7701178789138794, 0.39252978563308716, 0.6811918616294861, 0.49580609798431396, 0.55778968334198, 0.7633401155471802, 0.5701114535331726, 0.7083008289337158, 0.7051575779914856, 0.742408037185669, 0.723771333694458, 0.6000679135322571, 0.49946776032447815, 0.1844949722290039, 0.8469826579093933, 0.7186404466629028, 0.6058126091957092, 0.7790113687515259, 0.5876126289367676, 0.6247277855873108, 0.41722431778907776, 0.7867124676704407, 0.20904704928398132, 0.6444401144981384, 0.5137394666671753, 0.5960570573806763, 0.7624348402023315, 0.19941753149032593, 0.671639621257782, 0.4445742070674896, 0.5344777703285217, 0.7897410988807678, 0.4881712794303894, 0.6252356767654419, 0.6161758899688721, 0.39177602529525757, 0.701482892036438, -0.04753044247627258, 0.4738456606864929, 0.7653192281723022, 0.5632683634757996, 0.6578705310821533, 0.6478419899940491, -0.741685152053833, 0.6089314222335815, 0.5439069271087646, 0.7611491680145264, 0.7099403738975525, 0.49561649560928345, 0.6620349884033203, 0.545005738735199, 0.031000223010778427, 0.7320870161056519, 0.6527893543243408, 0.5378930568695068, 0.6153517365455627, 0.567984938621521, 0.7853550314903259, 0.4574911892414093, 0.7077288627624512, 0.6073553562164307, 0.6360025405883789, 0.7168601751327515, 0.4030328094959259, 0.7024701833724976, 0.5240464210510254, 0.5985798835754395, 0.49888065457344055, 0.6731777787208557, 0.5975419878959656, 0.6726106405258179, 0.7261852025985718, 0.6470803022384644, 0.7338184714317322, 0.36995840072631836, 0.5470988750457764, 0.3725871741771698, 0.6584431529045105, 0.5276449918746948, 0.6742642521858215, 0.38713932037353516, 0.6988860368728638, -0.6791319251060486, 0.8339946269989014, 0.5199464559555054, 0.6380110383033752, 0.7362084984779358, 0.8475189208984375, 0.5272694230079651, -0.016033532097935677, 0.5265729427337646, 0.5940915942192078, 0.6465572118759155, 0.761712372303009, 0.8410418033599854, 0.05091395229101181, 0.4102790951728821, 0.26866617798805237, 0.3751981854438782, 0.27946937084198, 0.7475938200950623, 0.5936568975448608, 0.02554299682378769, 0.41258639097213745, 0.8115153312683105, 0.3690595328807831, 0.5775173306465149, 0.6253523230552673, 0.5820300579071045, 0.2819426357746124, 0.6919856667518616, 0.6091969013214111, 0.354178786277771, 0.15792284905910492, 0.023883618414402008, 0.745627224445343, 0.7628126740455627, 0.5583509206771851, 0.7767044901847839, 0.3497919738292694, 0.6129714846611023, 0.6121532917022705, 0.4658755362033844, 0.3006235361099243, 0.5122172236442566, 0.49098920822143555, 0.7536681890487671, 0.5452477335929871, 0.2841266989707947, 0.5741832256317139, 0.7197401523590088, -0.530362606048584, 0.36539536714553833, 0.06006016582250595, 0.6401203274726868, 0.5817087888717651, 0.8243262767791748, 0.17807546257972717, 0.723310112953186, -0.5236536264419556, 0.6169396638870239, 0.7028848528862, 0.6212869882583618, 0.6205573081970215, 0.4979259967803955, 0.2110264003276825, 0.5997437238693237, 0.5488665699958801, 0.2716684937477112, 0.8174781799316406, 0.235751211643219, 0.630078136920929, 0.7743256092071533, 0.4871688485145569, 0.6175614595413208, 0.8676295280456543, 0.6200717687606812, 0.8253666162490845, 0.5323401689529419, 0.417963445186615, 0.6976451873779297, 0.33893945813179016, 0.48431938886642456, 0.7103424072265625, 0.25665929913520813, 0.5286284685134888, 0.48116281628608704, 0.5660499334335327, 0.8080551624298096, 0.6437251567840576, 0.8306501507759094, 0.3229304254055023, 0.5601599812507629, 0.6690731644630432, 0.5569131970405579, 0.7437798380851746, 0.4021902084350586, 0.2948578894138336, 0.4446335434913635, 0.2195570170879364, 0.3077901005744934, 0.2491666078567505, 0.7280653715133667, 0.6748275756835938, 0.6182328462600708, 0.6756170988082886, 0.7217153310775757, 0.6910820007324219, 0.600014328956604, 0.5911648869514465, 0.3302481770515442, 0.8078604936599731, -0.4371473789215088, 0.0006295358762145042, 0.4891083240509033, 0.2727658152580261, 0.7338604927062988, 0.1977807879447937, -0.0359191857278347, 0.517723798751831, 0.5968031883239746, 0.6661253571510315, -0.6372860074043274, 0.16490131616592407, 0.7321074604988098, 0.5841827392578125, 0.24666042625904083, 0.5087215304374695, 0.6840677857398987, 0.6782873868942261, 0.6656492948532104, 0.5455030202865601, -0.6504808664321899, 0.8128691911697388, 0.5550892949104309, 0.6252433657646179, 0.6574792861938477, -0.04038073122501373, 0.6128818988800049, 0.4551689028739929, 0.6775570511817932, 0.779066801071167, 0.4483470618724823, 0.48573175072669983, 0.5997647643089294, 0.7991359829902649, 0.6398633718490601, 0.4580720365047455, 0.21528379619121552, 0.5369248390197754, 0.616309404373169, 0.8118396997451782, 0.5026940107345581, 0.6682014465332031, 0.5451651811599731, 0.6656354665756226, 0.618859052658081, -0.7019692659378052, 0.6881656050682068, 0.47169029712677, 0.49164190888404846, 0.6421341300010681, 0.4089633822441101, 0.8481818437576294, 0.7374587655067444, 0.24698634445667267, 0.490290105342865, 0.7168186902999878, 0.5458152890205383, 0.5201060771942139, 0.3870376646518707, 0.4858996272087097, 0.6715061664581299, 0.7049099802970886, 0.522571861743927, 0.7971553802490234, 0.7551318407058716, 0.7387329339981079, 0.6004159450531006, -0.6641718149185181, 0.3961988091468811, 0.6221218109130859, -0.14339131116867065, 0.6942107677459717, 0.3313748836517334, 0.6400973796844482, 0.7121112942695618, 0.3995797038078308, 0.6149303317070007, 0.5206825733184814, 0.6920545697212219, 0.4422859251499176, 0.4869277775287628, 0.6725593209266663, 0.7141826152801514, 0.5676333904266357, 0.7878836989402771, 0.3313068449497223, 0.5250833034515381, 0.6458574533462524, 0.6864370107650757, 0.7648385167121887, 0.7808785438537598, 0.7605057954788208, 0.0676344484090805, 0.40727341175079346, 0.5249537825584412, 0.8671140074729919, 0.7266703844070435, 0.5881103277206421, 0.07687671482563019, 0.5848208665847778, 0.45806044340133667, 0.4156523048877716, 0.36629122495651245, 0.8481231331825256, 0.7055014371871948, 0.4669921100139618, 0.8022221326828003, -0.5139259099960327, 0.675931990146637, 0.43050384521484375, 0.6786660552024841, 0.6242448091506958, 0.5414905548095703, 0.055277030915021896, 0.43423011898994446, -0.48897236585617065, 0.6919542551040649, 0.5973564982414246, 0.7238469123840332, 0.4540650546550751, 0.1587638556957245, 0.6997491121292114, 0.6093170642852783, 0.49573424458503723, 0.5677772760391235, 0.6951471567153931, 0.5220655202865601, 0.8730463981628418, 0.6195050477981567, 0.6880226135253906, 0.8203747272491455, 0.40050944685935974, 0.5827484726905823, 0.28382283449172974, 0.4571046531200409, 0.8088865876197815, 0.7477312088012695, 0.6080999374389648, 0.3951979875564575, 0.7880847454071045, 0.7574005126953125, 0.7156974077224731, 0.4866267442703247, 0.6497048139572144, 0.3593684434890747, 0.4053748548030853, 0.7292946577072144, 0.710127592086792, 0.729773759841919, 0.623831033706665, 0.6044614315032959, 0.0908348560333252, 0.775432288646698, 0.6636488437652588, 0.5959599614143372, 0.5710357427597046, 0.28740668296813965, 0.7030949592590332, 0.27826374769210815, 0.7569043636322021, 0.4787924289703369, 0.8315848112106323, 0.6100799441337585, 0.10457521677017212, 0.5836507081985474, 0.6934456825256348, 0.75634765625, 0.29705268144607544]
