sample name: ['Cc1ccc(CCNC(=O)NCCc2csc(N3CCCC3)n2)c(C)c1']
atom_index,distance,cosine_similarity
0,-2.576802978515625,0.023653655387461184
1,0.37074462890625,0.025132128931581975
2,-0.58611083984375,-0.025504926964640618
3,-0.006695556640625,-0.007197883892804385
4,0.102890625,-0.08374045649543405
5,-0.8211962890625,0.029929208997637034
6,0.154322509765625,-0.034031929858028886
7,-0.192957763671875,-0.025307216607034208
8,-0.9206591796875,0.056281931214034554
9,-0.814317626953125,0.07340917259454727
10,-1.8836376953125,0.05266013517975807
11,-0.318232421875,-0.12203318569809199
12,-0.2466357421875,0.05194393421523273
13,-2.04069580078125,0.1377758675068617
14,-1.708944091796875,0.002326147221028805
15,-1.297310791015625,0.1412486220151186
16,-1.2004052734375,0.16665666192770004
17,0.255887451171875,-0.0575232707336545
18,-0.47082763671875,0.04782212354242801
19,-0.295950927734375,0.032841699048876766

Sum of phi values for distance
-14.497535400390625
Sum of phi values for cosine similarity
0.4863424175325781
Average distance random samples:
23.860132739305495
Average cosine similarity random samples:
0.012508435267023742
Distances random samples
[16.413801193237305, 9.277048110961914, 18.335723876953125, 59.865074157714844, 18.165903091430664, 9.468646049499512, 21.39487075805664, 13.698145866394043, 8.347281455993652, 14.96875286102295, 11.414634704589844, 9.408315658569336, 9.839958190917969, 16.72710418701172, 16.982540130615234, 38.427730560302734, 10.796192169189453, 19.265905380249023, 12.60908317565918, 11.775752067565918, 7.999691486358643, 11.513968467712402, 12.804879188537598, 9.27932357788086, 125.44375610351562, 10.102474212646484, 11.089353561401367, 7.611659526824951, 17.343708038330078, 15.065544128417969, 17.11496353149414, 17.601486206054688, 9.350319862365723, 9.288305282592773, 9.790042877197266, 11.247653007507324, 101.9990005493164, 15.95572566986084, 9.611058235168457, 15.240666389465332, 16.25869369506836, 13.223684310913086, 9.428953170776367, 13.810762405395508, 9.394044876098633, 10.967927932739258, 16.445484161376953, 13.983818054199219, 12.926472663879395, 10.06053352355957, 10.923981666564941, 8.650422096252441, 10.305303573608398, 8.969843864440918, 11.740930557250977, 9.170273780822754, 12.923203468322754, 18.59485626220703, 15.448774337768555, 7.970543384552002, 49.445770263671875, 7.676176071166992, 14.754754066467285, 12.8101224899292, 30.782629013061523, 9.8590726852417, 7.622901916503906, 9.09168815612793, 15.377220153808594, 15.645689964294434, 19.596458435058594, 16.21390724182129, 12.964656829833984, 15.681992530822754, 9.710491180419922, 10.56529426574707, 27.64846420288086, 18.31740379333496, 15.67708969116211, 15.465435981750488, 11.864543914794922, 15.610224723815918, 12.549640655517578, 11.612171173095703, 18.47044563293457, 11.126825332641602, 9.947334289550781, 16.757457733154297, 13.942872047424316, 11.73023509979248, 92.38404083251953, 10.673006057739258, 16.68267250061035, 14.11008358001709, 85.76445007324219, 15.262575149536133, 137.20993041992188, 8.412610054016113, 13.925617218017578, 9.586326599121094, 16.260356903076172, 12.542214393615723, 11.761116981506348, 6.995250225067139, 101.12675476074219, 16.451847076416016, 16.212934494018555, 16.56515121459961, 14.721769332885742, 8.417946815490723, 12.286751747131348, 8.343893051147461, 28.800432205200195, 16.88913345336914, 8.905155181884766, 8.600484848022461, 9.855913162231445, 10.675470352172852, 8.506590843200684, 57.33808135986328, 17.45626449584961, 15.381148338317871, 54.10487747192383, 9.801953315734863, 16.46236228942871, 10.523221015930176, 14.976911544799805, 8.610380172729492, 9.968648910522461, 15.11833381652832, 16.443782806396484, 14.247032165527344, 17.08440589904785, 10.610736846923828, 10.251232147216797, 14.218062400817871, 8.49842643737793, 15.452048301696777, 16.994407653808594, 12.572393417358398, 98.4517593383789, 14.943702697753906, 87.32063293457031, 145.31802368164062, 10.744057655334473, 10.165727615356445, 10.378730773925781, 14.520237922668457, 10.065666198730469, 10.694381713867188, 29.243408203125, 44.83344650268555, 14.278253555297852, 6.7771806716918945, 15.479742050170898, 76.21395874023438, 11.800643920898438, 16.569175720214844, 10.651834487915039, 11.909815788269043, 17.90719223022461, 8.373135566711426, 13.032357215881348, 12.865226745605469, 81.25354766845703, 11.96739387512207, 10.955954551696777, 122.1118392944336, 17.255929946899414, 14.514776229858398, 7.845477104187012, 16.623981475830078, 14.056405067443848, 8.416110038757324, 16.1051025390625, 10.402912139892578, 15.52388858795166, 13.803083419799805, 15.136739730834961, 13.510665893554688, 16.749013900756836, 10.400313377380371, 9.534400939941406, 10.715892791748047, 14.840832710266113, 10.571660995483398, 12.353610038757324, 10.845786094665527, 13.692255973815918, 11.478487968444824, 8.942606925964355, 149.14503479003906, 45.8744010925293, 13.199106216430664, 15.938796043395996, 10.517096519470215, 16.742483139038086, 13.873771667480469, 100.17613220214844, 11.961121559143066, 87.25077819824219, 14.694856643676758, 9.371658325195312, 131.72866821289062, 17.992979049682617, 10.654090881347656, 17.442028045654297, 137.48944091796875, 10.668850898742676, 10.392619132995605, 16.36911964416504, 11.425372123718262, 8.968245506286621, 6.695101261138916, 6.692284107208252, 8.112713813781738, 15.14694595336914, 11.012636184692383, 101.27162170410156, 17.4165096282959, 19.013469696044922, 14.877432823181152, 9.410737037658691, 9.384632110595703, 14.176998138427734, 119.99555206298828, 16.404216766357422, 16.69870948791504, 14.864200592041016, 17.07525634765625, 13.229134559631348, 13.260697364807129, 9.727570533752441, 11.786676406860352, 10.277677536010742, 97.90072631835938, 13.75233268737793, 9.405552864074707, 90.2213134765625, 16.444093704223633, 57.57374572753906, 9.743812561035156, 16.920988082885742, 130.1370086669922, 13.48144817352295, 19.035629272460938, 47.50619888305664, 17.469558715820312, 15.524972915649414, 18.55801773071289, 87.82279205322266, 15.633377075195312, 10.248295783996582, 35.456275939941406, 8.032246589660645, 9.35023307800293, 11.391033172607422, 14.164088249206543, 11.402827262878418, 12.421363830566406, 8.40110969543457, 40.28524398803711, 12.296022415161133, 13.329591751098633, 12.888165473937988, 11.578548431396484, 15.994303703308105, 9.507575035095215, 17.193065643310547, 22.797700881958008, 14.60218334197998, 15.89603328704834, 10.262385368347168, 15.085705757141113, 10.215269088745117, 9.418293952941895, 15.940436363220215, 18.449562072753906, 15.551677703857422, 33.362789154052734, 15.716157913208008, 185.8679962158203, 15.172930717468262, 11.846864700317383, 11.815871238708496, 11.154404640197754, 17.563655853271484, 16.60662841796875, 12.536348342895508, 8.378140449523926, 113.17572784423828, 8.232061386108398, 11.947901725769043, 103.36375427246094, 13.768321990966797, 12.432266235351562, 10.795682907104492, 96.7587890625, 18.627809524536133, 10.574143409729004, 13.006932258605957, 10.245382308959961, 15.53455638885498, 8.520010948181152, 55.462642669677734, 17.911867141723633, 49.401222229003906, 9.276461601257324, 12.187688827514648, 12.719954490661621, 191.04835510253906, 13.705206871032715, 11.888851165771484, 18.729454040527344, 11.934575080871582, 14.030961036682129, 11.456544876098633, 9.555709838867188, 7.7770771980285645, 12.809469223022461, 13.675238609313965, 13.333348274230957, 8.60898208618164, 15.328956604003906, 17.409576416015625, 13.510293006896973, 15.200745582580566, 12.43625259399414, 15.537668228149414, 12.038290977478027, 9.339925765991211, 58.85117721557617, 8.789108276367188, 13.093659400939941, 15.114419937133789, 8.13268756866455, 15.612639427185059, 69.30786895751953, 7.589627742767334, 152.21963500976562, 8.135218620300293, 13.556221008300781, 9.07176685333252, 92.33500671386719, 13.344974517822266, 16.090192794799805, 15.721138954162598, 15.509517669677734, 11.265081405639648, 13.336623191833496, 14.26540756225586, 15.263755798339844, 11.17855167388916, 10.811659812927246, 15.728792190551758, 12.518588066101074, 7.08135461807251, 15.626354217529297, 11.340851783752441, 33.50373458862305, 23.45086669921875, 13.09420394897461, 12.55942153930664, 12.546943664550781, 14.568424224853516, 7.657802104949951, 17.68569564819336, 9.099220275878906, 7.803985595703125, 13.12797737121582, 10.957452774047852, 17.489513397216797, 7.478953838348389, 14.691347122192383, 16.54056167602539, 14.756765365600586, 8.985405921936035, 12.118805885314941, 12.319931030273438, 8.964567184448242, 13.39902400970459, 8.922372817993164, 10.756806373596191, 13.287497520446777, 13.400752067565918, 164.6961669921875, 12.59156608581543, 7.151906967163086, 10.24637508392334, 13.599916458129883, 11.51590347290039, 17.509933471679688, 9.494874000549316, 25.9747371673584, 48.38295364379883, 12.321516990661621, 10.748051643371582, 13.745677947998047, 13.987825393676758, 17.90288543701172, 12.7406644821167, 9.991072654724121, 16.261648178100586, 10.081872940063477, 11.06924057006836, 13.486760139465332, 13.818222045898438, 10.651900291442871, 8.403419494628906, 8.822260856628418, 15.163153648376465, 9.988292694091797, 8.515135765075684, 17.12706756591797, 20.83455467224121, 10.745129585266113, 19.77666664123535, 13.895634651184082, 12.77172565460205, 91.26372528076172, 17.04671859741211, 9.28975772857666, 8.08726978302002, 13.353874206542969, 9.216365814208984, 9.799277305603027, 7.983238697052002, 12.9130277633667, 9.120052337646484, 87.35159301757812, 13.447202682495117, 106.5655517578125, 13.749765396118164, 18.469337463378906, 16.108196258544922, 135.75408935546875, 74.33106231689453, 21.578365325927734, 13.509381294250488, 13.312129020690918, 8.308419227600098, 17.872703552246094, 11.690034866333008, 13.243494033813477, 35.226470947265625, 9.841548919677734, 10.2857084274292, 116.51968383789062, 8.856539726257324, 15.53736686706543, 17.138925552368164, 16.0811710357666, 10.12906551361084, 88.00777435302734, 20.911930084228516, 10.657483100891113, 14.989750862121582, 17.407678604125977, 10.961316108703613, 60.21002960205078, 9.533705711364746, 8.078184127807617, 8.790060043334961, 17.502574920654297, 10.01497745513916, 9.831454277038574, 97.75946807861328, 16.48352813720703, 10.875923156738281, 11.18569278717041, 14.965453147888184, 139.47402954101562, 17.260299682617188, 10.181822776794434, 17.664478302001953, 6.91894006729126, 9.039390563964844, 55.71470642089844, 122.57962036132812, 17.40660858154297, 9.844049453735352, 15.313292503356934, 10.37457275390625, 9.767195701599121, 17.66537094116211, 16.6461238861084, 15.786786079406738, 9.275270462036133, 212.25100708007812, 101.60005950927734, 7.391425132751465, 11.40989875793457, 153.52200317382812, 14.404067039489746, 12.723193168640137, 10.352128982543945, 11.826104164123535, 10.647552490234375, 14.21996021270752, 11.9974365234375, 9.77090835571289, 9.514540672302246, 11.912816047668457, 13.939508438110352, 13.86050796508789, 8.849099159240723, 11.716876029968262, 9.624993324279785, 14.995001792907715, 10.958391189575195, 25.576919555664062, 133.52444458007812, 13.335723876953125, 8.171117782592773, 10.629035949707031, 10.579980850219727, 12.572427749633789, 8.59626293182373, 133.7498321533203, 14.291413307189941, 125.55885314941406, 8.45650863647461, 9.596048355102539, 11.007955551147461, 8.273865699768066, 16.487762451171875, 12.172204971313477, 16.511653900146484, 16.522720336914062, 12.05937385559082, 7.378751754760742, 11.862434387207031, 7.262239933013916, 59.72333908081055, 14.281322479248047, 48.34013366699219, 9.855216026306152, 11.4353666305542, 8.681767463684082, 15.373733520507812, 91.5988540649414, 183.41952514648438, 14.61677074432373, 13.815838813781738, 15.346665382385254, 13.432601928710938, 10.929837226867676, 16.53343391418457, 13.600598335266113, 13.143362998962402, 16.57213592529297, 9.552213668823242, 15.27332592010498, 16.022754669189453, 19.788455963134766, 12.09565258026123, 9.697226524353027, 19.02429962158203, 18.02164649963379, 15.105355262756348, 48.58847427368164, 20.73862648010254, 15.04089641571045, 60.06247329711914, 13.901111602783203, 14.550545692443848, 18.17695426940918, 14.42509937286377, 17.054107666015625, 10.215375900268555, 16.764053344726562, 9.746624946594238, 10.593770027160645, 13.762187957763672, 15.791131973266602, 11.25609016418457, 11.596614837646484, 16.399572372436523, 12.770696640014648, 9.16065788269043, 51.3621711730957, 15.186511993408203, 28.095048904418945, 12.753719329833984, 12.448921203613281, 10.270268440246582, 7.7900285720825195, 11.590411186218262, 21.965770721435547, 115.30799102783203, 15.548019409179688, 12.02422046661377, 17.909711837768555, 15.837810516357422, 14.190049171447754, 11.843253135681152, 14.30367660522461, 15.439703941345215, 15.153766632080078, 13.46260929107666, 8.97684383392334, 7.601022243499756, 40.83662033081055, 8.464971542358398, 72.24432373046875, 87.4617691040039, 10.910651206970215, 15.381498336791992, 17.90536117553711, 12.335089683532715, 12.959043502807617, 10.117714881896973, 13.447190284729004, 9.983205795288086, 13.448305130004883, 7.259555339813232, 115.8928451538086, 13.370929718017578, 16.865306854248047, 94.3572006225586, 9.34131145477295, 15.411534309387207, 15.134033203125, 11.892796516418457, 16.143814086914062, 26.08934783935547, 9.232874870300293, 93.20630645751953, 12.148755073547363, 16.585529327392578, 12.4550199508667, 15.090184211730957, 12.828025817871094, 12.333331108093262, 52.466060638427734, 53.448604583740234, 16.910734176635742, 17.47688865661621, 159.51763916015625, 9.500273704528809, 11.350253105163574, 14.520563125610352, 13.938969612121582, 72.54635620117188, 15.455463409423828, 7.97024393081665, 23.00902557373047, 10.82672119140625, 18.716135025024414, 14.983260154724121, 37.543582916259766, 15.043964385986328, 16.50306510925293, 11.761436462402344, 61.62997055053711, 14.529778480529785, 8.469504356384277, 11.367527961730957, 12.492918014526367, 9.690131187438965, 9.906205177307129, 83.83622741699219, 16.72401237487793, 14.798148155212402, 13.704644203186035, 14.5768404006958, 13.816957473754883, 14.190482139587402, 11.365522384643555, 10.31179428100586, 9.847886085510254, 14.101054191589355, 16.884870529174805, 163.3971710205078, 14.610872268676758, 11.340189933776855, 18.830673217773438, 10.368815422058105, 12.334946632385254, 88.58465576171875, 10.139716148376465, 9.596363067626953, 108.39955139160156, 13.707712173461914, 69.45146942138672, 45.96944046020508, 11.023523330688477, 14.692835807800293, 9.242298126220703, 33.75947570800781, 15.916719436645508, 14.092493057250977, 16.445003509521484, 10.495002746582031, 12.76715087890625, 18.295909881591797, 13.096678733825684, 6.660592555999756, 9.84577751159668, 10.891034126281738, 14.927730560302734, 15.325410842895508, 9.05488395690918, 188.8326416015625, 12.655851364135742, 11.697490692138672, 17.047760009765625, 13.86275577545166, 18.024860382080078, 10.3641996383667, 15.67811393737793, 11.058444023132324, 12.856058120727539, 16.554920196533203, 13.400360107421875, 17.505788803100586, 43.76771926879883, 16.604328155517578, 13.030105590820312, 74.89848327636719, 7.497817516326904, 18.80608558654785, 22.576385498046875, 11.093928337097168, 10.610295295715332, 14.380075454711914, 9.090241432189941, 17.616193771362305, 68.82718658447266, 7.492372035980225, 18.367416381835938, 12.289530754089355, 12.330467224121094, 8.1191987991333, 12.975436210632324, 13.626376152038574, 100.65031433105469, 13.958769798278809, 14.894356727600098, 13.47778606414795, 12.731996536254883, 11.008514404296875, 134.5143280029297, 14.264860153198242, 14.475408554077148, 93.5983657836914, 14.969231605529785, 15.427558898925781, 8.8978853225708, 9.590360641479492, 11.34219741821289, 13.015326499938965, 14.713303565979004, 8.60216999053955, 15.332470893859863, 12.026772499084473, 34.632076263427734, 5.774130344390869, 14.026495933532715, 10.630424499511719, 126.70804595947266, 14.99068832397461, 15.257943153381348, 14.538764953613281, 12.893651008605957, 83.49003601074219, 9.343504905700684, 11.261512756347656, 8.867812156677246, 14.006311416625977, 14.879481315612793, 10.422272682189941, 13.355095863342285, 13.649035453796387, 16.30311393737793, 46.134700775146484, 14.69469928741455, 10.282835006713867, 10.26596736907959, 185.965576171875, 59.54603958129883, 51.1118049621582, 7.677872657775879, 11.238625526428223, 19.4747257232666, 9.897401809692383, 10.248278617858887, 167.24398803710938, 8.656120300292969, 13.15050220489502, 8.906147003173828, 13.440594673156738, 12.744843482971191, 11.25435733795166, 16.220712661743164, 17.55461883544922, 7.880487442016602, 106.39048767089844, 8.220327377319336, 26.082162857055664, 13.70746898651123, 13.364355087280273, 11.877592086791992, 9.489920616149902, 9.992005348205566, 8.925596237182617, 13.449509620666504, 9.413628578186035, 10.911340713500977, 19.766340255737305, 15.436386108398438, 19.184045791625977, 10.86422061920166, 11.690937995910645, 103.90176391601562, 9.861076354980469, 12.912206649780273, 12.237483978271484, 9.583772659301758, 11.519346237182617, 57.47832107543945, 14.398125648498535, 10.611747741699219, 12.992879867553711, 8.658863067626953, 12.649811744689941, 13.96275520324707, 10.704387664794922, 10.849893569946289, 14.80846881866455, 9.550236701965332, 12.768654823303223, 13.030707359313965, 11.703929901123047, 8.832650184631348, 103.91078186035156, 15.69748592376709, 9.70170783996582, 14.99548053741455, 150.13438415527344, 10.789262771606445, 12.84036922454834, 8.803861618041992, 9.642126083374023, 9.671061515808105, 48.08384323120117, 10.00319766998291, 13.516417503356934, 14.345576286315918, 24.868183135986328, 38.55992126464844, 9.910050392150879, 9.438750267028809, 11.754417419433594, 10.96324348449707, 18.55727195739746, 17.315509796142578, 16.860836029052734, 26.181306838989258, 8.577095031738281, 11.4349946975708, 12.301483154296875, 10.339221954345703, 16.74763298034668, 12.463565826416016, 17.495750427246094, 14.965774536132812, 18.418272018432617, 12.687479972839355, 7.537485122680664, 53.36363983154297, 9.346158027648926, 9.957906723022461, 111.9553451538086, 7.401731014251709, 66.02445983886719, 10.52383804321289, 17.364173889160156, 13.723228454589844, 9.144057273864746, 12.258304595947266, 11.175179481506348, 111.26596069335938, 8.430262565612793, 10.203694343566895, 8.63902759552002, 13.53701114654541, 13.817834854125977, 12.790549278259277, 14.14926815032959, 16.5623779296875, 16.32880973815918, 16.327043533325195, 13.977333068847656, 17.917102813720703, 11.212669372558594, 16.50550651550293, 9.769323348999023, 17.63456153869629, 10.020218849182129, 6.126299858093262, 8.006112098693848, 12.489407539367676, 16.8028507232666, 92.18565368652344, 41.73746109008789, 16.313806533813477, 13.578822135925293, 16.575401306152344, 10.775344848632812, 13.575886726379395, 132.22384643554688, 84.65523529052734, 51.2596549987793, 15.604918479919434, 7.6241455078125, 10.438124656677246, 105.22383117675781, 16.3986873626709, 10.70467758178711, 16.40338134765625, 7.661037445068359, 11.789648056030273, 10.012500762939453, 11.74178409576416, 16.037731170654297, 14.856348991394043, 8.793951988220215, 17.47909164428711, 160.6000518798828, 11.265496253967285, 10.975459098815918, 9.057440757751465, 6.449787616729736, 14.117486000061035, 13.604558944702148, 13.223745346069336, 16.723003387451172, 12.38615608215332, 16.701539993286133, 16.28166389465332, 17.105701446533203, 11.107505798339844, 207.87564086914062, 9.154980659484863, 12.354632377624512, 8.132769584655762, 15.464594841003418, 15.70311450958252, 17.952728271484375, 17.86665153503418, 11.514886856079102, 15.733369827270508, 11.261658668518066, 154.1445770263672, 44.55511474609375, 9.33481216430664, 12.298080444335938, 13.796961784362793, 10.947000503540039, 9.336377143859863, 10.035971641540527, 127.24832916259766, 10.75383186340332, 15.262916564941406, 11.016261100769043, 14.057476043701172, 11.908753395080566, 14.31869125366211, 17.114356994628906, 8.339579582214355, 10.550639152526855, 9.711313247680664, 14.495354652404785, 16.109743118286133, 9.3377685546875, 15.808553695678711, 13.042940139770508, 11.240458488464355, 19.475135803222656, 13.943553924560547, 15.1547212600708, 16.626686096191406, 10.106719017028809, 152.35768127441406, 12.719511985778809, 8.36398983001709, 13.377947807312012, 100.25660705566406, 11.708399772644043, 11.949272155761719, 15.340422630310059, 14.027521133422852, 15.076741218566895, 10.375476837158203, 11.66126823425293, 13.416296005249023, 10.847542762756348, 6.275496006011963, 10.971325874328613, 10.68171501159668, 7.442464351654053, 10.380775451660156, 15.298129081726074, 14.51472282409668, 10.059882164001465, 86.12777709960938, 14.030252456665039, 13.255171775817871, 10.641716003417969, 13.452484130859375, 8.653582572937012, 7.98086404800415, 12.734469413757324, 17.82415199279785, 13.038396835327148, 11.161090850830078, 18.182497024536133, 10.149872779846191, 16.229515075683594, 14.113849639892578, 12.446571350097656, 16.04790687561035, 15.663612365722656, 11.051671981811523, 8.546568870544434, 93.82801818847656, 12.17347240447998, 199.10507202148438, 9.666346549987793, 15.158418655395508, 13.087381362915039, 12.414727210998535, 12.611601829528809, 9.257511138916016, 14.466950416564941, 10.838679313659668, 11.028441429138184, 15.902042388916016, 9.968334197998047, 14.528932571411133, 16.714235305786133, 185.13697814941406, 13.766491889953613, 17.56184196472168, 15.194860458374023, 8.457279205322266, 17.402332305908203, 12.58829402923584, 9.810233116149902, 11.542529106140137, 13.941919326782227, 10.585321426391602, 8.484163284301758, 12.36137580871582, 16.984371185302734, 17.2830753326416, 9.307400703430176, 9.541705131530762, 12.158269882202148, 45.802391052246094, 46.38084411621094, 15.887893676757812, 9.878856658935547, 11.32086181640625, 18.285871505737305, 15.679598808288574, 11.511750221252441, 15.530771255493164, 18.588726043701172, 13.272235870361328, 10.783859252929688, 13.397862434387207, 9.970891952514648, 9.258048057556152, 10.475353240966797, 11.500480651855469, 11.814658164978027, 13.89217472076416, 21.268699645996094, 9.540299415588379, 11.763588905334473, 17.714950561523438, 12.981857299804688, 15.906437873840332, 15.729657173156738, 8.807901382446289, 16.1187801361084, 7.600147247314453, 15.342379570007324, 8.585633277893066, 8.026335716247559, 17.55818748474121, 11.331925392150879, 12.238441467285156, 8.417447090148926, 11.813299179077148, 39.214786529541016, 21.386030197143555, 154.53591918945312, 14.759003639221191, 7.502134323120117, 11.893993377685547, 16.144100189208984, 13.62402629852295, 10.545794486999512, 12.241209030151367, 16.384811401367188, 6.622384071350098, 10.619280815124512, 119.19966125488281, 8.406047821044922, 11.975958824157715, 14.326617240905762, 9.433727264404297, 14.209897994995117, 9.071114540100098, 12.775418281555176, 7.331976413726807, 10.536436080932617, 11.7554349899292, 17.25343894958496, 8.478738784790039, 25.713642120361328, 111.19720458984375, 13.28292179107666, 11.989066123962402, 12.563621520996094, 8.976576805114746, 168.7044219970703, 18.555871963500977, 11.529550552368164, 10.066946029663086, 30.602563858032227, 9.99812126159668, 19.291019439697266, 13.491114616394043, 13.477071762084961, 39.44404220581055, 12.180924415588379, 8.64985466003418, 11.366613388061523, 15.4485445022583, 16.002277374267578, 106.12833404541016, 10.657515525817871, 10.736021041870117, 19.911293029785156, 12.779561996459961, 13.141319274902344, 10.434654235839844, 11.124245643615723, 11.333653450012207, 14.728384017944336, 56.97230529785156, 13.892858505249023, 15.71409797668457, 15.725122451782227, 15.189587593078613, 8.407255172729492, 10.150185585021973, 5.768986225128174, 8.95090103149414, 8.729636192321777, 20.917190551757812, 13.126686096191406, 16.569053649902344, 9.885075569152832, 11.031177520751953, 9.663004875183105, 12.11674976348877, 110.26304626464844, 26.132762908935547, 9.779999732971191, 16.285737991333008, 18.161779403686523, 11.179241180419922, 10.202339172363281, 16.041635513305664, 17.90939712524414, 17.58799171447754, 10.054581642150879, 16.709854125976562, 13.85896110534668, 126.47433471679688, 16.80539894104004, 19.146766662597656, 13.54286003112793, 16.223392486572266, 11.456372261047363, 9.59870433807373, 49.573692321777344, 17.592355728149414, 14.560318946838379, 11.49032974243164, 15.32171630859375, 8.01101016998291, 18.763689041137695, 12.75932502746582, 7.850848197937012, 14.975547790527344, 10.819217681884766, 16.72493553161621, 126.14437103271484, 13.515893936157227, 7.788413047790527, 12.958309173583984, 8.313414573669434, 13.404513359069824, 8.49881649017334, 12.29222583770752, 12.19371223449707, 16.04012107849121, 16.221466064453125, 13.847281455993652, 11.032159805297852, 14.485908508300781, 10.806029319763184, 63.1431999206543, 9.601672172546387, 17.451894760131836, 13.928893089294434, 13.743531227111816, 13.380066871643066, 10.98354721069336, 7.901895999908447, 76.23428344726562, 15.99846076965332, 69.43358612060547, 150.53001403808594, 190.2239990234375, 13.149310111999512, 10.611471176147461, 11.667243957519531, 16.68916893005371, 14.478818893432617, 14.056049346923828, 14.906314849853516, 10.657126426696777, 15.082667350769043, 16.33641815185547, 12.01213550567627, 16.207061767578125, 13.531881332397461, 17.839059829711914, 91.50050354003906, 11.14760971069336, 17.099842071533203, 10.255780220031738, 15.46712589263916, 11.074566841125488, 13.029691696166992, 15.088526725769043, 12.360276222229004, 11.985823631286621, 16.59148406982422, 15.026117324829102, 10.117737770080566, 13.4708251953125, 17.306419372558594, 10.455101013183594, 14.634786605834961, 11.986527442932129, 12.131906509399414, 12.179986953735352, 17.601762771606445, 15.869477272033691, 11.854049682617188, 13.257682800292969, 9.123767852783203, 14.242049217224121, 16.379411697387695, 10.77320671081543, 8.146485328674316, 16.038591384887695, 16.085575103759766, 136.43438720703125, 167.8794403076172, 14.515680313110352, 8.227310180664062, 11.608460426330566, 17.81140899658203, 11.814014434814453, 14.083943367004395, 13.924102783203125, 15.847044944763184, 8.442750930786133, 16.601669311523438, 7.760882377624512, 19.902353286743164, 138.44625854492188, 9.396833419799805, 14.442895889282227, 11.8306303024292, 18.355098724365234, 17.158353805541992, 10.226757049560547, 10.091821670532227, 9.801412582397461, 10.48075008392334, 13.6514892578125, 14.008246421813965, 9.422844886779785, 18.99298667907715, 14.555379867553711, 7.880587100982666, 17.72721290588379, 13.82444953918457, 16.653778076171875, 7.925378799438477, 18.260190963745117, 15.022289276123047, 14.7056303024292, 14.297365188598633, 16.475574493408203, 147.7359619140625, 17.642967224121094, 20.098955154418945, 13.562610626220703, 14.942448616027832, 17.07510757446289, 16.29429817199707, 13.498273849487305, 7.472234725952148, 15.743605613708496, 16.345314025878906, 9.129073143005371, 9.480144500732422, 9.115619659423828, 9.280080795288086, 7.460135459899902, 15.106749534606934, 13.880671501159668, 10.623310089111328, 13.132612228393555, 5.731181621551514, 16.89866065979004, 13.972278594970703, 137.09800720214844, 13.84855842590332, 12.697232246398926, 12.916891098022461, 19.00865364074707, 174.37562561035156, 13.688515663146973, 16.409292221069336, 15.033403396606445, 14.901961326599121, 19.627994537353516, 11.776677131652832, 14.758822441101074, 10.631952285766602, 12.019927024841309, 8.670808792114258, 9.048660278320312, 8.95543384552002, 12.23343563079834, 11.282583236694336, 7.614894390106201, 11.652626991271973, 141.45201110839844, 102.49156951904297, 18.761882781982422, 135.66839599609375, 38.96662139892578, 9.711363792419434, 14.246217727661133, 10.911270141601562, 16.532176971435547, 10.866870880126953, 17.939023971557617, 10.98268985748291, 11.911090850830078, 10.178905487060547, 12.559916496276855, 13.960662841796875, 12.731797218322754, 141.97955322265625, 7.6990275382995605, 8.827461242675781, 15.7001314163208, 12.836517333984375, 14.07703971862793, 11.75627613067627, 16.803985595703125, 11.51833724975586, 8.52431869506836, 15.848342895507812, 16.495830535888672, 23.198461532592773, 16.19846534729004, 13.703721046447754, 9.925436973571777, 8.373590469360352, 12.606085777282715, 14.455151557922363, 13.323806762695312, 60.39199447631836, 16.160310745239258, 15.728342056274414, 16.243976593017578, 8.496621131896973, 13.43020248413086, 5.76786994934082, 15.584123611450195, 11.435205459594727, 13.028225898742676, 12.2551908493042, 30.462865829467773, 11.639342308044434, 14.379304885864258, 16.207653045654297, 15.600301742553711, 11.882534980773926, 14.7388916015625, 8.837750434875488, 15.974562644958496, 8.30827522277832, 188.38983154296875, 12.274909019470215, 10.279508590698242, 10.330245971679688, 82.57019805908203, 48.63642501831055, 94.92530822753906, 16.605052947998047, 14.588948249816895, 14.98698902130127, 10.760283470153809, 183.8199005126953, 13.480406761169434, 12.66512680053711, 18.033510208129883, 14.188596725463867, 11.156167030334473, 148.498291015625, 10.66720199584961, 11.335172653198242, 17.100814819335938, 15.471196174621582, 19.359634399414062, 13.434350967407227, 13.449459075927734, 13.308547019958496, 114.76410675048828, 38.56509017944336, 48.01643753051758, 12.285572052001953, 8.794365882873535, 13.798197746276855, 8.683794975280762, 12.233170509338379, 12.674884796142578, 17.09797477722168, 8.728437423706055, 10.091453552246094, 15.446823120117188, 11.030537605285645, 8.666155815124512, 10.92237377166748, 16.31468963623047, 13.381916046142578, 14.17414665222168, 15.915685653686523, 9.63941764831543, 14.151734352111816, 14.597799301147461, 12.991455078125, 15.40200138092041, 12.308985710144043, 16.338674545288086, 11.818878173828125, 17.617630004882812, 6.7794389724731445, 131.68641662597656, 17.368932723999023, 8.922696113586426, 16.845867156982422, 12.863150596618652, 15.190361976623535, 9.009063720703125, 11.265469551086426, 15.653458595275879, 14.251900672912598, 93.21265411376953, 10.171309471130371, 12.07945728302002, 8.301590919494629, 10.3541841506958, 171.712646484375, 12.609414100646973, 9.643479347229004, 12.761519432067871, 13.948935508728027, 14.872567176818848, 98.3572769165039, 14.734274864196777, 9.718578338623047, 98.6557388305664, 15.410707473754883, 14.461542129516602, 9.897844314575195, 8.655509948730469, 14.166475296020508, 9.058557510375977, 6.904821872711182, 6.4577860832214355, 52.49576950073242, 13.662016868591309, 13.471414566040039, 171.06036376953125, 9.240262031555176, 13.442191123962402, 50.07844924926758, 12.426064491271973, 10.483642578125, 9.749374389648438, 178.71693420410156, 6.328354835510254, 11.338959693908691, 16.53481101989746, 12.081076622009277, 12.379916191101074, 90.61768341064453, 14.523505210876465, 11.432997703552246, 17.3941650390625, 12.460291862487793, 17.048175811767578, 6.751863479614258, 11.484800338745117, 17.177213668823242, 11.330710411071777, 13.917055130004883, 13.275609016418457, 180.20249938964844, 160.33718872070312, 14.9734525680542, 12.5591402053833, 11.746783256530762, 9.417928695678711, 15.082780838012695, 169.64085388183594, 10.797076225280762, 11.0905179977417, 11.61405086517334, 147.17437744140625, 17.03019905090332, 151.0342559814453, 14.596156120300293, 12.809964179992676, 16.28055191040039, 13.60018253326416, 112.41610717773438, 9.572286605834961, 12.139369010925293, 15.373697280883789, 41.04482650756836, 12.165765762329102, 9.824541091918945, 10.690835952758789, 15.49457836151123, 104.99658966064453, 15.741353988647461, 14.553752899169922, 14.205604553222656, 48.050315856933594, 7.827145099639893, 11.870166778564453, 34.03111267089844, 15.540987968444824, 11.127923965454102, 14.316900253295898, 18.175434112548828, 15.573369026184082, 14.351879119873047, 14.367374420166016, 8.956859588623047, 14.324566841125488, 14.245072364807129, 131.3490447998047, 13.789567947387695, 9.454813957214355, 11.054585456848145, 15.309930801391602, 12.508856773376465, 16.548574447631836, 17.220722198486328, 8.823492050170898, 12.309531211853027, 10.7732572555542, 7.037890911102295, 8.466680526733398, 9.770411491394043, 12.831745147705078, 11.853384971618652, 8.640935897827148, 8.395722389221191, 228.58480834960938, 10.417247772216797, 12.446767807006836, 22.115436553955078, 42.84626388549805, 11.437457084655762, 64.77411651611328, 16.021589279174805, 147.0370635986328, 16.277746200561523, 14.387718200683594, 18.083471298217773, 15.511055946350098, 11.957761764526367, 118.42113494873047, 8.106409072875977, 10.194048881530762, 14.886086463928223, 13.373859405517578, 11.189359664916992, 30.033143997192383, 13.521218299865723, 16.385873794555664, 14.059135437011719, 19.035234451293945, 14.41496467590332, 14.45208740234375, 11.667140007019043, 14.8687162399292, 8.842302322387695, 12.054010391235352, 8.524331092834473, 12.408251762390137, 17.292842864990234, 10.58966064453125, 12.146634101867676, 51.46487808227539, 8.88464069366455, 8.197945594787598, 16.884248733520508, 12.582467079162598, 11.72385311126709, 171.9192657470703, 8.856404304504395, 13.136961936950684, 9.808511734008789, 13.024175643920898, 8.342596054077148, 9.356595993041992, 11.05111026763916, 12.767375946044922, 11.3676118850708, 15.160412788391113, 15.635926246643066, 15.570496559143066, 9.345423698425293, 9.726615905761719, 14.044164657592773, 18.098678588867188, 63.467796325683594, 14.940876007080078, 22.184911727905273, 13.078516960144043, 16.182315826416016, 19.839309692382812, 13.382084846496582, 54.640872955322266, 12.107061386108398, 15.597532272338867, 8.324690818786621, 8.572049140930176, 10.497573852539062, 8.599818229675293, 11.293976783752441, 18.8105411529541, 8.40328311920166, 102.64604949951172, 119.78440856933594, 10.1589994430542, 7.883565902709961, 9.689375877380371, 9.917978286743164, 9.769214630126953, 16.56938362121582, 14.090614318847656, 11.357561111450195, 59.90760803222656, 11.73183822631836, 11.624955177307129, 13.321118354797363, 36.70588684082031, 7.894182205200195, 10.455731391906738, 67.63912200927734, 62.0483512878418, 15.104975700378418, 13.759474754333496, 14.481986999511719, 47.9836540222168, 9.95938777923584, 12.882964134216309, 12.501350402832031, 17.2569637298584, 18.193336486816406, 13.999761581420898, 7.6970014572143555, 9.589704513549805, 138.46095275878906, 99.61662292480469, 17.898330688476562, 10.7838134765625, 10.852828025817871, 13.52757453918457, 14.026032447814941, 9.753703117370605, 17.082883834838867, 9.203696250915527, 11.32286548614502, 17.69185447692871, 7.164691925048828, 15.845433235168457, 10.178373336791992, 14.081622123718262, 16.48841667175293, 9.634710311889648, 16.955888748168945, 12.037432670593262, 14.433201789855957, 13.012627601623535, 12.468595504760742, 78.3211441040039, 76.86334228515625, 8.845616340637207, 16.66103172302246, 10.899420738220215, 14.48388385772705, 8.368635177612305, 13.28675365447998, 11.572981834411621, 12.577747344970703, 12.116239547729492, 10.345619201660156, 177.6784210205078, 8.882328987121582, 12.780012130737305, 12.869207382202148, 169.23536682128906, 107.98355102539062, 14.593223571777344, 14.794275283813477, 10.843584060668945, 10.589200019836426, 10.1369047164917, 11.300274848937988, 145.9903564453125, 10.890259742736816, 85.07621765136719, 9.452373504638672, 60.42515182495117, 17.689743041992188, 13.98552417755127, 10.550027847290039, 10.434454917907715, 13.52210807800293, 15.83491325378418, 75.75543212890625, 14.467473030090332, 11.52545166015625, 11.764835357666016, 11.611214637756348, 10.714131355285645, 17.706615447998047, 11.344260215759277, 9.707401275634766, 15.298441886901855, 17.49249839782715, 10.395106315612793, 15.028371810913086, 15.2976713180542, 18.260540008544922, 12.917068481445312, 13.669524192810059, 10.488394737243652, 13.941370964050293, 15.916984558105469, 99.53092193603516, 12.378890037536621, 10.013829231262207, 11.07384204864502, 17.08728790283203, 13.26833724975586, 8.782541275024414, 7.617223262786865, 9.136561393737793, 9.854435920715332, 14.978496551513672, 15.060407638549805, 12.069342613220215, 13.841463088989258, 11.168539047241211, 9.408735275268555, 10.972488403320312, 113.36305236816406, 10.793231964111328, 18.593860626220703, 14.269570350646973, 10.943720817565918, 17.6014347076416, 10.958873748779297, 8.631714820861816, 15.566631317138672, 14.12894344329834, 17.81662940979004, 14.627886772155762, 12.491299629211426, 15.101949691772461, 12.458418846130371, 9.936687469482422, 12.373218536376953, 11.636820793151855, 10.790436744689941, 170.34815979003906, 14.384599685668945, 11.831503868103027, 9.616345405578613, 12.446959495544434, 11.848776817321777, 18.264389038085938, 82.90796661376953, 12.862842559814453, 148.77264404296875, 12.658239364624023, 13.236902236938477, 11.711231231689453, 13.58958911895752, 8.809789657592773, 17.130111694335938, 10.18436336517334, 15.487913131713867, 145.6050262451172, 6.0261664390563965, 10.373108863830566, 11.40929889678955, 16.248743057250977, 40.080291748046875, 8.375429153442383, 14.664971351623535, 13.464132308959961, 16.345741271972656, 10.193885803222656, 11.48606014251709, 10.814472198486328, 8.652251243591309, 69.33629608154297, 16.330106735229492, 14.963257789611816, 87.74622344970703, 15.490348815917969, 14.847352981567383, 17.4749755859375, 12.770301818847656, 13.035301208496094, 15.382180213928223, 181.6114959716797, 11.822820663452148, 14.56635856628418, 16.888147354125977, 13.984074592590332, 15.064703941345215, 8.77148151397705, 11.724822998046875, 51.66596603393555, 10.369982719421387, 157.81138610839844, 12.18038272857666, 11.010747909545898, 10.483230590820312, 12.257678985595703, 11.172530174255371, 16.392704010009766, 13.059426307678223, 11.023887634277344, 16.752424240112305, 17.63875961303711, 162.69235229492188, 33.020320892333984, 17.792272567749023, 10.915199279785156, 10.660563468933105, 10.27589225769043, 12.103184700012207, 13.33158016204834, 17.954051971435547, 14.07144546508789, 15.551905632019043, 28.933208465576172, 9.995016098022461, 17.225452423095703, 10.864363670349121, 14.358973503112793, 12.163180351257324, 13.139802932739258, 9.104351043701172, 8.89941120147705, 15.612796783447266, 16.14683723449707, 12.600661277770996, 10.701998710632324, 8.919897079467773, 11.12225341796875, 12.008191108703613, 15.924105644226074, 135.3910369873047, 12.022440910339355, 136.58438110351562, 14.02124309539795, 20.633481979370117, 38.72409439086914, 16.460107803344727, 11.288544654846191, 14.83798885345459, 7.0297064781188965, 13.061319351196289, 11.74810791015625, 12.877294540405273, 14.035594940185547, 13.474418640136719, 10.727404594421387, 15.315910339355469, 12.311203956604004, 8.990144729614258, 9.14504623413086, 15.359614372253418, 11.631206512451172, 17.750139236450195, 63.11095428466797, 7.882946968078613, 19.854684829711914, 17.388235092163086, 10.62083911895752, 15.098211288452148, 13.232586860656738, 13.351062774658203, 13.011560440063477, 49.43370056152344, 14.535664558410645, 18.856657028198242, 7.2340192794799805, 12.171963691711426, 10.483755111694336, 10.680773735046387, 9.727479934692383, 13.013626098632812, 20.859018325805664, 21.748653411865234, 10.105321884155273, 12.605813980102539, 16.022645950317383, 18.014102935791016, 15.678730010986328, 9.17934513092041, 9.931553840637207, 16.259336471557617, 12.065472602844238, 11.532889366149902, 14.117181777954102, 16.33138084411621, 12.91675853729248, 10.896217346191406, 11.688851356506348, 46.99195098876953, 17.60407257080078, 18.074853897094727, 128.56410217285156, 13.905118942260742, 15.368141174316406, 11.871835708618164, 17.43436050415039, 10.456533432006836, 11.325422286987305, 146.2591094970703, 12.108351707458496, 9.50145149230957, 15.3443021774292, 14.301605224609375, 11.906895637512207, 15.867854118347168, 6.254303455352783, 15.04208755493164, 11.123849868774414, 12.10832691192627, 14.107468605041504, 13.508009910583496, 15.151754379272461, 15.187350273132324, 17.49266815185547, 13.096750259399414, 10.479815483093262, 15.283145904541016, 10.741028785705566, 8.833169937133789, 12.723702430725098]
Cosines similarity random samples
[-0.47169870138168335, 0.48621371388435364, -0.6005572080612183, -0.7648122310638428, 0.057219475507736206, 0.44227495789527893, -0.11201600730419159, -0.14955779910087585, 0.5810233950614929, -0.5792766809463501, -0.04863813519477844, 0.5261404514312744, 0.3344011902809143, -0.5478368997573853, -0.4736015200614929, -0.5034781694412231, 0.1791001260280609, -0.3772345185279846, 0.2006302922964096, 0.03784935921430588, 0.5993643403053284, 0.05637155845761299, -0.16505391895771027, 0.49433284997940063, 0.7786970138549805, 0.28848332166671753, 0.06632202863693237, 0.6812037229537964, -0.5670164823532104, -0.36622142791748047, -0.6652064323425293, -0.5760952830314636, 0.430177241563797, 0.4536985754966736, 0.32401710748672485, 0.13754606246948242, -0.7756496071815491, -0.5500583052635193, 0.4637649357318878, -0.26229023933410645, -0.38621458411216736, -0.1305554360151291, 0.5265005826950073, -0.18867811560630798, 0.41250884532928467, 0.23835362493991852, -0.1999792456626892, -0.48579666018486023, 0.004403606057167053, 0.24866008758544922, 0.31508922576904297, 0.5432181358337402, 0.29227814078330994, 0.44480058550834656, 0.16451476514339447, 0.45052140951156616, -0.2388439029455185, -0.632676899433136, -0.3425055146217346, 0.6383073329925537, 0.7828899621963501, 0.6565695405006409, -0.5615478754043579, -0.1850743591785431, -0.5010936260223389, 0.28146883845329285, 0.6523826122283936, 0.4792870581150055, -0.3249289393424988, -0.6669727563858032, -0.7380601167678833, -0.4140586853027344, -0.2213328778743744, 0.00774286687374115, 0.40283697843551636, 0.22036635875701904, 0.3697042763233185, -0.3708128333091736, -0.5554353594779968, -0.06033662334084511, 0.08246120810508728, -0.44194287061691284, -0.06024865806102753, -0.03311474621295929, -0.5891764760017395, 0.15443862974643707, 0.3600759208202362, -0.49932408332824707, -0.24252676963806152, -0.09834928810596466, -0.3544321060180664, 0.32672327756881714, -0.5113534331321716, -0.02784508466720581, 0.8268548250198364, -0.4911220669746399, -0.01022339053452015, 0.5429427623748779, -0.22711074352264404, 0.49233075976371765, 0.5290926098823547, -0.16116708517074585, 0.08601309359073639, 0.7187386751174927, 0.31622087955474854, -0.4128164052963257, -0.34449028968811035, -0.6056946516036987, -0.342133104801178, 0.6586502194404602, 0.25418078899383545, 0.6581708788871765, 0.483007550239563, -0.6997138261795044, 0.48673367500305176, 0.5580352544784546, 0.312025249004364, 0.2103220820426941, 0.6308733820915222, -0.16223770380020142, -0.629494309425354, -0.34531262516975403, 0.36907777190208435, 0.4437998831272125, -0.6023730635643005, 0.28435152769088745, -0.023671379312872887, 0.5341588854789734, 0.292810320854187, -0.537986159324646, -0.35692349076271057, 0.04617723450064659, -0.6862908601760864, 0.16182157397270203, 0.3815610706806183, -0.16245603561401367, 0.7855532169342041, -0.19388705492019653, -0.47865191102027893, -0.20582406222820282, -0.7705027461051941, -0.08933624625205994, 0.683586597442627, 0.7561055421829224, 0.27287179231643677, 0.3285883069038391, 0.2682424783706665, -0.34009790420532227, 0.31367549300193787, 0.34624817967414856, -0.0961393490433693, 0.42120179533958435, -0.2835633456707001, 0.7403183579444885, -0.2302110493183136, 0.576277494430542, -0.15884622931480408, -0.48277392983436584, 0.17159242928028107, 0.5018660426139832, -0.6099839806556702, 0.5590389966964722, -0.004303351044654846, 0.09574341773986816, -0.46716582775115967, 0.18623295426368713, 0.1725062131881714, -0.13641011714935303, -0.3263378143310547, -0.4076142907142639, 0.620339572429657, -0.48893624544143677, -0.3262374997138977, 0.5389205813407898, -0.5248135328292847, 0.4605126976966858, -0.23828208446502686, -0.12539634108543396, -0.08804120123386383, -0.21187520027160645, -0.20220009982585907, 0.3361833989620209, 0.42610108852386475, 0.3181402087211609, -0.3987579941749573, 0.48028838634490967, -0.12416733801364899, 0.18399322032928467, -0.07234606146812439, 0.34727180004119873, 0.4545368552207947, 0.7584723830223083, 0.6200100779533386, -0.004610329866409302, -0.36070334911346436, 0.2409408688545227, -0.3469168543815613, -0.3378039598464966, 0.579314649105072, 0.09872769564390182, -0.5761617422103882, -0.09407815337181091, 0.4223559498786926, -0.3911755084991455, -0.5482690930366516, 0.19523800909519196, -0.759895920753479, -0.3089972138404846, 0.36021292209625244, 0.3223581910133362, 0.09979802370071411, 0.12467057257890701, 0.4442955255508423, 0.7423111796379089, 0.7765336036682129, 0.5960221886634827, -0.548697292804718, 0.30014026165008545, 0.8160638809204102, -0.0101349838078022, 0.4488348066806793, -0.3884049952030182, 0.445070743560791, 0.4528553783893585, -0.21947640180587769, 0.4795684516429901, -0.33163800835609436, -0.1944960057735443, -0.6033300161361694, -0.5857544541358948, -0.11089323461055756, -0.011130217462778091, 0.30227166414260864, -0.07521871477365494, 0.2742854952812195, 0.47230589389801025, 0.049702320247888565, 0.396134614944458, 0.14720572531223297, -0.43487054109573364, 0.14798329770565033, 0.30879706144332886, 0.28048956394195557, 0.585829496383667, 0.03212076425552368, -0.633808970451355, 0.4092886447906494, -0.6837179660797119, -0.4995143413543701, 0.425334632396698, -0.0641438439488411, -0.31580159068107605, 0.39697080850601196, -0.07167643308639526, 0.5947021245956421, 0.5126829147338867, -0.018952548503875732, -0.10915593802928925, 0.09805424511432648, 0.04459690675139427, 0.5547162294387817, 0.17532619833946228, 0.30509519577026367, -0.009013891220092773, 0.005686379969120026, 0.17305749654769897, -0.1822165846824646, 0.36933261156082153, -0.5047953128814697, 0.5659630298614502, 0.5468544960021973, -0.48123687505722046, 0.3831809163093567, -0.2726912796497345, 0.41144779324531555, 0.4610099792480469, -0.5317488312721252, -0.4307989478111267, -0.632942795753479, 0.5617544651031494, -0.3393920063972473, -0.5713032484054565, -0.5802682638168335, 0.03129371255636215, 0.09762530028820038, 0.2040777951478958, -0.6861938834190369, -0.15396332740783691, -0.01871703937649727, 0.5576249361038208, -0.7953782081604004, 0.5970726013183594, -0.2066657841205597, 0.3908572196960449, -0.209319069981575, 0.08941907435655594, 0.12968406081199646, 0.43428245186805725, -0.21822424232959747, 0.3258400857448578, -0.35110726952552795, 0.503621518611908, -0.3395039439201355, 0.5435190796852112, -0.022593867033720016, -0.6204267144203186, 0.3032216429710388, 0.45292916893959045, -0.045512981712818146, -0.15580162405967712, 0.8499648571014404, 0.03167595714330673, -0.07694779336452484, -0.029899101704359055, 0.2051546275615692, -0.11035666614770889, 0.0039171501994132996, 0.42973893880844116, 0.65376877784729, -0.13943493366241455, -0.2851865887641907, 0.6559053659439087, 0.5914948582649231, -0.2952767014503479, -0.36826568841934204, -0.24543869495391846, -0.09948325902223587, -0.04937036335468292, -0.4951345920562744, -0.09398829936981201, 0.40089312195777893, -0.28122568130493164, 0.48819541931152344, -0.02291680872440338, -0.2357272505760193, 0.5829077363014221, -0.07747616618871689, -0.18570396304130554, 0.7330076694488525, -0.7908336520195007, 0.5811964273452759, -0.2804032564163208, 0.4834783971309662, 0.30451783537864685, -0.19632312655448914, -0.35028740763664246, -0.3312607407569885, 0.08128808438777924, 0.3525520861148834, -0.36893534660339355, -0.4279874563217163, -0.5432834625244141, 0.08655322343111038, 0.011232540011405945, -0.3460788130760193, -0.02890586294233799, 0.7432552576065063, -0.3963160812854767, 0.10391808301210403, 0.6829996109008789, -0.47157973051071167, -0.1938803493976593, 0.006739556789398193, -0.2302546203136444, -0.3400929570198059, 0.6564115881919861, -0.5743236541748047, 0.4820137619972229, 0.6350787878036499, -0.2237178087234497, 0.32405561208724976, -0.6770486831665039, 0.6687436103820801, -0.4003022611141205, -0.2738006114959717, -0.3212606906890869, 0.493432879447937, 0.15843479335308075, 0.08403558284044266, 0.48848360776901245, -0.25511837005615234, 0.48961377143859863, 0.17491930723190308, 0.01698128879070282, -0.10298953950405121, 0.6447561383247375, 0.7317031621932983, 0.6990506052970886, 0.24907831847667694, -0.2619690001010895, -0.09342758357524872, -0.5817945003509521, 0.5631079077720642, -0.2059074193239212, 0.2438831478357315, 0.3803955912590027, 0.5550161004066467, -0.23378822207450867, -0.3210754990577698, -0.7218326330184937, -0.23793897032737732, 0.36886876821517944, -0.32746490836143494, 0.35211002826690674, 0.16081422567367554, -0.0009248871356248856, -0.017950158566236496, 0.3015512526035309, 0.5948671698570251, 0.5035650134086609, -0.6111781597137451, 0.37126070261001587, 0.615917980670929, -0.6329264640808105, 0.530979335308075, 0.22796359658241272, -0.7040418386459351, -0.13598737120628357, -0.1059417724609375, 0.4222080707550049, -0.49966323375701904, 0.4504382014274597, 0.5980908274650574, -0.025222912430763245, 0.4750164747238159, 0.3707590401172638, 0.6054477691650391, -0.010082587599754333, 0.4573117196559906, -0.24153324961662292, -0.1867944598197937, -0.6471972465515137, -0.22184810042381287, -0.6020942330360413, 0.21289552748203278, 0.8195188045501709, -0.25007960200309753, -0.07750601321458817, 0.21942603588104248, -0.19033274054527283, 0.5555594563484192, -0.6551995277404785, 0.17677348852157593, -0.1264149248600006, 0.40613263845443726, 0.4914039373397827, 0.33447688817977905, -0.32607302069664, 0.5481859445571899, -0.6716197729110718, -0.636390745639801, -0.6156581044197083, 0.39665549993515015, -0.805767297744751, -0.05038496106863022, 0.1933591216802597, -0.1833297312259674, 0.16146788001060486, 0.1834985911846161, -0.6952135562896729, 0.334432989358902, 0.6056275367736816, 0.4864848852157593, -0.6913186311721802, 0.29183927178382874, 0.43283581733703613, -0.26518702507019043, -0.5842748880386353, 0.2037220001220703, 0.2179991602897644, -0.32525432109832764, -0.44834062457084656, -0.5128173232078552, 0.23738868534564972, -0.7190216779708862, 0.7526631355285645, 0.5081204175949097, -0.7879079580307007, -0.5546239614486694, -0.6376416087150574, 0.4010378122329712, -0.15372836589813232, 0.4438188672065735, 0.3973761796951294, -0.5006080865859985, -0.6748561263084412, -0.5469059348106384, 0.40250638127326965, 0.6540668606758118, 0.46280956268310547, 0.6728323698043823, 0.04193636402487755, 0.43809598684310913, -0.03110050968825817, -0.2187364101409912, 0.28692078590393066, -0.1389383226633072, 0.31875482201576233, -0.041907697916030884, 0.3436342477798462, 0.3676428198814392, 0.37904292345046997, -0.09428636729717255, -0.04650293290615082, -0.11181386560201645, 0.5566175580024719, -0.02070734277367592, 0.4417201280593872, -0.3327478766441345, 0.218636155128479, 0.38650912046432495, 0.2625443637371063, -0.1433359980583191, 0.6105533838272095, 0.2809229791164398, 0.35163378715515137, 0.007416859269142151, 0.5924552083015442, 0.6610206365585327, -0.026974312961101532, 0.38577550649642944, 0.6083031892776489, 0.3625308573246002, 0.11307752132415771, 0.5762525796890259, -0.6920912265777588, -0.03258104622364044, -0.5284739136695862, -0.573171079158783, -0.0635341927409172, 0.6750024557113647, 0.057080820202827454, 0.7121440172195435, -0.12981250882148743, -0.15560083091259003, -0.2707589864730835, 0.42873477935791016, 0.02446996420621872, 0.5927201509475708, -0.0802283063530922, -0.6474342346191406, -0.7538377642631531, -0.11644266545772552, -0.15462175011634827, -0.555250883102417, -0.2441166639328003, 0.1286797970533371, -0.5322259068489075, -0.2443147897720337, -0.3039151132106781, -0.5716546177864075, 0.4518032371997833, -0.5912999510765076, -0.15726864337921143, -0.6248586177825928, -0.012271301820874214, 0.49262750148773193, -0.3191668391227722, -0.7846082448959351, -0.3650052547454834, -0.7780628800392151, -0.07471921294927597, 0.15575221180915833, 0.7681964635848999, -0.16137775778770447, 0.08306344598531723, -0.4556000232696533, -0.39160940051078796, -0.588142454624176, 0.3974318504333496, -0.5407436490058899, 0.3456358313560486, 0.4939788579940796, -0.16950969398021698, -0.5065466165542603, 0.21848154067993164, 0.12269309163093567, -0.48300084471702576, 0.005357913672924042, 0.4459305703639984, -0.4539640545845032, -0.37583690881729126, 0.6899718046188354, 0.11777389049530029, 0.15928028523921967, 0.3147529661655426, 0.7477501630783081, 0.009635582566261292, -0.5476155281066895, -0.1584218144416809, -0.35653156042099, 0.021746166050434113, -0.6870365738868713, -0.04814482480287552, -0.11845824122428894, 0.23626676201820374, -0.12305702269077301, -0.5755294561386108, 0.1742369830608368, -0.22595340013504028, 0.4696597456932068, 0.6493468880653381, 0.4098486602306366, 0.5465178489685059, 0.8404626846313477, -0.2582840621471405, 0.2993415296077728, -0.5977166891098022, -0.45575976371765137, 0.21478067338466644, -0.03173071891069412, 0.3166900873184204, -0.20558863878250122, 0.49831151962280273, -0.0743633434176445, 0.6889716386795044, -0.17898651957511902, -0.03111519291996956, -0.36511993408203125, 0.27986836433410645, 0.5633194446563721, -0.37747183442115784, -0.5326929092407227, 0.22780035436153412, -0.511960506439209, 0.6293604373931885, 0.4931872487068176, -0.0786256417632103, -0.10086911916732788, -0.6530559062957764, -0.06111624091863632, -0.3569685220718384, -0.012330256402492523, 0.027181476354599, 0.4732241630554199, 0.43615174293518066, -0.6132739782333374, -0.43706032633781433, 0.8470199108123779, 0.47829437255859375, 0.1563914269208908, -0.4643230438232422, -0.17260709404945374, -0.5051470994949341, -0.2689115107059479, 0.6180281639099121, 0.7029025554656982, 0.15399765968322754, -0.46044063568115234, -0.3384300470352173, -0.3959750533103943, -0.3226737380027771, -0.5951005220413208, 0.1799956113100052, -0.14259962737560272, -0.35197240114212036, 0.5440548658370972, 0.20015865564346313, -0.08447228372097015, 0.3678434491157532, 0.42573851346969604, 0.48051226139068604, -0.4362959563732147, -0.3883046507835388, -0.062048621475696564, -0.028465636074543, -0.05358174443244934, -0.1012890636920929, 0.2252778708934784, 0.20168650150299072, 0.35216066241264343, -0.10400566458702087, -0.7169579267501831, -0.6097132563591003, -0.4665029048919678, 0.01625211536884308, -0.7048285007476807, 0.3686220049858093, -0.08926879614591599, -0.01502976007759571, 0.2713683247566223, 0.3714403212070465, 0.7691280245780945, -0.20201101899147034, -0.4279978573322296, 0.3058496117591858, 0.24054159224033356, -0.48622819781303406, 0.4183656871318817, 0.5939651727676392, -0.3858835697174072, -0.30846667289733887, -0.5705023407936096, 0.13217294216156006, -0.18179327249526978, -0.6048406362533569, -0.26896995306015015, 0.7453673481941223, 0.49598872661590576, 0.3348725736141205, -0.19213628768920898, -0.5058352947235107, 0.505130410194397, 0.45883482694625854, -0.22103780508041382, 0.14754053950309753, -0.5059412717819214, 0.05517750233411789, -0.14793676137924194, 0.30445605516433716, -0.44112128019332886, 0.08036468178033829, -0.025664180517196655, -0.4100850224494934, -0.0704980343580246, -0.6179956197738647, -0.8293769955635071, -0.6257361769676208, 0.09836329519748688, -0.11085599660873413, 0.6610919237136841, 0.12818658351898193, 0.19149765372276306, 0.2805425226688385, 0.34646040201187134, -0.2580295205116272, 0.5365944504737854, -0.5097407102584839, -0.5083732008934021, 0.662257194519043, -0.6186047792434692, -0.16412565112113953, 0.15193016827106476, 0.6425976753234863, 0.22425265610218048, -0.36142921447753906, -0.47398948669433594, -0.16278016567230225, -0.3894086480140686, -0.26546216011047363, -0.24506694078445435, 0.2723254859447479, 0.8458413481712341, -0.5228260159492493, -0.12606632709503174, 0.6957995891571045, -0.3025439977645874, -0.5302319526672363, 0.4673510789871216, 0.41470783948898315, 0.276968777179718, -0.20286086201667786, -0.04923076182603836, 0.608535885810852, -0.32860076427459717, -0.10302416980266571, 0.8619674444198608, 0.8315436840057373, 0.27031415700912476, 0.5687931776046753, 0.01415979117155075, -0.3920731544494629, -0.20828939974308014, -0.06956221163272858, -0.08825214207172394, 0.2026856243610382, 0.4131675064563751, 0.022356413304805756, 0.4935101866722107, -0.09304806590080261, -0.34897345304489136, 0.3023887574672699, 0.21222440898418427, -0.40021365880966187, -0.5682371258735657, 0.27948302030563354, -0.4866339862346649, 0.3233933448791504, 0.30023056268692017, 0.034576814621686935, 0.13164478540420532, 0.3836763799190521, 0.6488059163093567, 0.24086497724056244, -0.5758640170097351, 0.33079075813293457, 0.22478100657463074, 0.6171162128448486, 0.5234743356704712, -0.06975312530994415, 0.49553826451301575, -0.18644477427005768, -0.1665097177028656, -0.002635207027196884, -0.49199119210243225, -0.5918208360671997, 0.6237249374389648, -0.7498496770858765, 0.6364879608154297, -0.44603627920150757, -0.18467441201210022, 0.18709316849708557, 0.0394601970911026, 0.4973043203353882, 0.2701317369937897, 0.46241211891174316, 0.16464589536190033, 0.49980616569519043, 0.24591073393821716, 0.7511281967163086, 0.1655488908290863, -0.46673306822776794, 0.24984446167945862, 0.13377125561237335, 0.8422074317932129, 0.3950347900390625, -0.1188376396894455, -0.10985195636749268, 0.5214507579803467, -0.052895933389663696, 0.1271057277917862, -0.3984307050704956, 0.3522508144378662, 0.10069341957569122, 0.5449211597442627, -0.05047532171010971, -0.32847756147384644, 0.27129247784614563, 0.25531914830207825, -0.5479064583778381, 0.4620184600353241, 0.2974811792373657, -0.06525778025388718, 0.17390771210193634, 0.6001259088516235, 0.43451017141342163, -0.26609086990356445, 0.44540077447891235, -0.2544095814228058, 0.49079790711402893, 0.24313496053218842, 0.1891520917415619, 0.48503488302230835, 0.4064050018787384, 0.4035032391548157, -0.733018159866333, 0.3301408290863037, -0.011053584516048431, -0.3353692293167114, -0.7457771301269531, -0.4192194938659668, 0.3775205612182617, 0.5391190052032471, -0.10640572756528854, 0.0351446270942688, -0.6029355525970459, -0.647590160369873, -0.6590664386749268, -0.5777978301048279, 0.5703318119049072, 0.1588452309370041, 0.4311133027076721, 0.29578810930252075, -0.44206729531288147, 0.03705882281064987, -0.3918788433074951, -0.2740432620048523, -0.34733617305755615, -0.12710227072238922, 0.6914413571357727, -0.04298693686723709, 0.4435800313949585, 0.27085989713668823, 0.39187198877334595, 0.6771486401557922, -0.24153301119804382, 0.35342055559158325, -0.7216809391975403, 0.33232253789901733, 0.46401792764663696, 0.09433554112911224, 0.23814240097999573, 0.47286802530288696, 0.5887419581413269, 0.3824083209037781, 0.6627782583236694, -0.06458765268325806, -0.32604649662971497, -0.16950105130672455, -0.4539378881454468, -0.40417271852493286, 0.5809162855148315, -0.3620884418487549, -0.3210148215293884, -0.6741762161254883, 0.20160198211669922, -0.5688251852989197, 0.39671790599823, -0.5677207112312317, 0.23952165246009827, 0.7899436354637146, 0.6028321981430054, 0.010681834071874619, -0.6310199499130249, 0.3386734127998352, -0.2993665337562561, -0.5412724018096924, 0.06558442115783691, -0.5663835406303406, 0.25177887082099915, -0.11434059590101242, -0.7457882165908813, 0.21402645111083984, -0.7302641272544861, -0.35551467537879944, 0.7507113218307495, 0.6477968692779541, 0.7535984516143799, -0.6164138913154602, 0.2596965730190277, -0.480326771736145, 0.6551206111907959, -0.10572051256895065, 0.31473278999328613, 0.1668022722005844, -0.5316003561019897, -0.4507465362548828, 0.5304973125457764, 0.1589764952659607, -0.380629301071167, 0.26922371983528137, 0.23760902881622314, 0.4719860851764679, 0.7670973539352417, 0.4505828022956848, -0.13637040555477142, -0.311710000038147, -0.6844581365585327, 0.17712506651878357, -0.6484643220901489, -0.4868205487728119, -0.5753173232078552, 0.32782265543937683, 0.6854604482650757, 0.4900816082954407, -0.20056894421577454, 0.5894665718078613, -0.23099905252456665, -0.475008100271225, -0.3359171450138092, -0.5833233594894409, 0.16681230068206787, -0.6032682657241821, 0.19873303174972534, 0.1906537413597107, 0.7180582284927368, 0.4377228617668152, 0.080609530210495, -0.20869788527488708, 0.13715004920959473, 0.44164901971817017, 0.2347082793712616, 0.16370560228824615, 0.497983455657959, -0.2710026502609253, 0.7455333471298218, -0.29266929626464844, 0.06320846825838089, 0.03162918984889984, -0.5286502838134766, 0.5513426065444946, 0.3482574224472046, 0.43890106678009033, -0.05366893485188484, -0.4914395809173584, 0.41745030879974365, -0.48623815178871155, -0.07507319003343582, 0.20843514800071716, -0.4818321466445923, -0.09125064313411713, 0.008070709183812141, -0.6273641586303711, 0.4586566686630249, 0.36700439453125, 0.12556444108486176, 0.565999448299408, -0.2928192913532257, 0.8388527631759644, -0.06600205600261688, -0.05456599220633507, -0.23214629292488098, -0.2546916604042053, -0.09256021678447723, 0.35071808099746704, 0.37399518489837646, -0.43787914514541626, 0.08957964181900024, 0.7833802700042725, 0.2706058621406555, 0.3831976652145386, 0.6731001138687134, 0.21956472098827362, -0.3373764753341675, -0.01635962352156639, 0.4907020330429077, -0.11114417761564255, -0.2436515986919403, -0.1591275930404663, 0.30623745918273926, -0.18631714582443237, 0.5196211934089661, 0.6034125089645386, 0.011109143495559692, -0.533935546875, -0.26896142959594727, 0.16234752535820007, -0.571127712726593, 0.3133496642112732, -0.3932670056819916, -0.15946677327156067, -0.1969744861125946, -0.6776725053787231, -0.5118485689163208, 0.10371987521648407, 0.5409942269325256, 0.6686108112335205, 0.09329714626073837, -0.4262204170227051, 0.33919209241867065, -0.28912854194641113, 0.13357098400592804, 0.022559046745300293, -0.14441341161727905, 0.4621468782424927, 0.20947206020355225, 0.15934939682483673, 0.1498415172100067, -0.6196321249008179, 0.2903396487236023, -0.05929550528526306, -0.3268584609031677, -0.24247713387012482, 0.04735048860311508, 0.7468849420547485, -0.4457893967628479, 0.548236608505249, -0.3687174916267395, 0.2088131159543991, 0.425434947013855, 0.09483335167169571, -0.19094669818878174, 0.18257957696914673, 0.6870553493499756, 0.05536413937807083, -0.3492200970649719, -0.5391899347305298, 0.4150793254375458, 0.44639432430267334, 0.30989107489585876, -0.17183391749858856, 0.691651463508606, -0.32776039838790894, 0.42794859409332275, 0.0714193731546402, -0.7408560514450073, -0.6221201419830322, -0.028721272945404053, -0.4090041518211365, -0.5118975043296814, -0.11157569289207458, 0.32340505719184875, -0.022255688905715942, 0.33253514766693115, 0.6436969041824341, 0.38254621624946594, 0.3666389584541321, 0.057833533734083176, -0.215107724070549, -0.434468150138855, 0.4364786744117737, 0.4142273962497711, -0.5579966306686401, -0.13982966542243958, -0.08581873774528503, -0.28344210982322693, 0.5428251028060913, -0.5784890055656433, 0.6592221260070801, -0.34164392948150635, 0.523631751537323, 0.6100748777389526, -0.6664506196975708, 0.056288719177246094, 0.21472129225730896, 0.584864616394043, -0.08812904357910156, 0.8171820044517517, -0.7642576694488525, -0.3504108786582947, -0.539793074131012, 0.673877477645874, 0.05419378727674484, -0.49803125858306885, -0.009433437138795853, 0.3285830020904541, 0.07773546874523163, -0.2568017840385437, 0.749924898147583, 0.3148869574069977, -0.2088223397731781, 0.5452809929847717, 0.030735239386558533, -0.08110825717449188, 0.41186320781707764, -0.22514960169792175, 0.4394818842411041, 0.018295958638191223, 0.7117956876754761, 0.26796549558639526, 0.11822137236595154, -0.6119627356529236, 0.5753244161605835, -0.14753559231758118, 0.0031690597534179688, -0.15307483077049255, -0.050211817026138306, 0.08849935978651047, 0.5903658866882324, -0.48048508167266846, 0.7546578049659729, 0.13376079499721527, 0.38293924927711487, -0.6826683282852173, 0.460873007774353, -0.24648019671440125, -0.16970208287239075, -0.19934667646884918, 0.37764406204223633, -0.19248636066913605, 0.5281122326850891, 0.058193303644657135, -0.5583304166793823, -0.5240948796272278, -0.23608633875846863, 0.1038794293999672, 0.6548837423324585, -0.6838409304618835, -0.0436844602227211, 0.058332815766334534, 0.2962217330932617, 0.04941610246896744, 0.2339325249195099, -0.42601537704467773, 0.12592434883117676, -0.3582422733306885, -0.3083527684211731, -0.15959079563617706, -0.3765924870967865, 0.5772613286972046, 0.4149682819843292, 0.8165578246116638, 0.5200924277305603, 0.5052782297134399, -0.5784211158752441, 0.0006402675062417984, -0.5696979761123657, 0.3464997112751007, 0.14212451875209808, 0.46853315830230713, 0.18971961736679077, -0.7852660417556763, -0.7217270135879517, 0.39264214038848877, -0.5702173709869385, -0.6950684785842896, 0.20583033561706543, 0.34899789094924927, -0.2695504426956177, -0.022304121404886246, -0.5401453971862793, 0.3773893415927887, -0.4488348364830017, -0.36268728971481323, -0.8181348443031311, -0.578071117401123, -0.7071969509124756, 0.08685901761054993, -0.04749874025583267, 0.19968849420547485, 0.4515036344528198, -0.2564800977706909, -0.5430635213851929, -0.17317095398902893, 0.26210397481918335, -0.10704079270362854, 0.6527684330940247, -0.6358984708786011, -0.0004282258450984955, 0.6870059967041016, -0.32838165760040283, 0.33726921677589417, -0.11370498687028885, -0.023502565920352936, -0.35673293471336365, 0.6400738954544067, 0.04040272906422615, 0.6036824584007263, 0.17532706260681152, 0.5403028130531311, 0.09855335205793381, 0.3546302318572998, -0.17970773577690125, -0.6050283312797546, -0.17106837034225464, 0.3338557183742523, -0.400945246219635, 0.17293797433376312, 0.7041248083114624, 0.4401839077472687, -0.7287094593048096, -0.1750807762145996, 0.041997455060482025, -0.09281916916370392, 0.1862514466047287, 0.6119462847709656, -0.7204592823982239, -0.37297913432121277, 0.06458260118961334, 0.7269885540008545, -0.10550637543201447, -0.39075544476509094, 0.4701172113418579, 0.24600592255592346, -0.40306156873703003, -0.15767499804496765, -0.4974822998046875, -0.4904269278049469, 0.20930136740207672, -0.44432467222213745, -0.4924317002296448, 0.11160969734191895, -0.5746737718582153, -0.12499238550662994, -0.3222139775753021, 0.23834443092346191, 0.2923552393913269, -0.051957711577415466, 0.29948049783706665, -0.36562538146972656, 0.07145774364471436, -0.20254111289978027, -0.5003281831741333, 0.023966049775481224, 0.07616835087537766, -0.4042311906814575, -0.29117098450660706, 0.4458301067352295, -0.3203270435333252, -0.46457746624946594, 0.2870573401451111, -0.11911278963088989, 0.05076020956039429, 0.004783689975738525, 0.30854278802871704, -0.6197850108146667, -0.46042129397392273, 0.31186026334762573, 0.18676862120628357, 0.46760350465774536, -0.1845058649778366, -0.5748714804649353, 0.23760023713111877, 0.6266809701919556, -0.1744740605354309, -0.4755863845348358, -0.6980199813842773, -0.7236713171005249, -0.1758144050836563, 0.5798315405845642, 0.1054522842168808, -0.227956160902977, 0.22523868083953857, -0.13092315196990967, -0.22453996539115906, -0.5321236848831177, 0.5505414009094238, -0.6237674951553345, 0.6676121354103088, -0.6128565073013306, -0.10157087445259094, 0.547029972076416, -0.13675937056541443, 0.18456317484378815, -0.5782540440559387, -0.12973931431770325, 0.27139925956726074, 0.24916775524616241, 0.4220736026763916, 0.2047540545463562, 0.20651140809059143, -0.17776334285736084, 0.474664568901062, -0.7232823967933655, -0.008181557059288025, 0.6504172086715698, -0.6806372404098511, -0.2656533122062683, -0.4792930781841278, 0.6646055579185486, -0.47430410981178284, -0.36022859811782837, -0.01034962385892868, -0.5570399761199951, -0.459350049495697, -0.21413683891296387, -0.3998335599899292, -0.5962635278701782, -0.22786395251750946, -0.22244513034820557, -0.6720615029335022, -0.6852912902832031, -0.16249854862689972, 0.6757454872131348, -0.5052013993263245, -0.45950883626937866, 0.4918316900730133, 0.38972264528274536, 0.4762936234474182, 0.4136315882205963, 0.6895149946212769, -0.27140870690345764, -0.10779871046543121, 0.20267194509506226, -0.2000425159931183, 0.8193210959434509, -0.44617706537246704, -0.23796075582504272, -0.767672061920166, -0.29782289266586304, -0.06925635784864426, -0.16633909940719604, -0.7050763368606567, -0.0022743158042430878, -0.27684783935546875, -0.5370841026306152, -0.31418320536613464, -0.13038378953933716, -0.6554428935050964, -0.07927576452493668, -0.1795840859413147, 0.2554103434085846, 0.1832335740327835, 0.5453333854675293, 0.4479430317878723, 0.5198682546615601, 0.1577463299036026, 0.11778315901756287, 0.6648242473602295, 0.21026703715324402, 0.4103251099586487, 0.18522855639457703, -0.6328180432319641, -0.06374266743659973, -0.5818904638290405, 0.3422284722328186, -0.3528379201889038, 0.07261244207620621, -0.46065837144851685, 0.18895822763442993, -0.31543734669685364, 0.036347076296806335, -0.02607099711894989, 0.5929766297340393, -0.12933558225631714, -0.18358571827411652, 0.05699100345373154, 0.0021105539053678513, 0.6539009213447571, 0.5228543877601624, 0.1683403104543686, 0.03579217195510864, -0.0776289775967598, 0.0380827821791172, -0.6955245733261108, 0.4514580965042114, 0.5495208501815796, -0.5735752582550049, -0.3918609023094177, -0.46955838799476624, -0.03506741672754288, -0.19694668054580688, 0.38166630268096924, 0.5486370325088501, -0.11581776291131973, -0.3695356845855713, 0.39745330810546875, -0.40913331508636475, -0.6695006489753723, -0.507622241973877, -0.5457136631011963, 0.5351060628890991, -0.049816571176052094, 0.8165656328201294, -0.4092695713043213, 0.4584413170814514, -0.10553084313869476, -0.19781166315078735, 0.5204692482948303, 0.11140482127666473, -0.19844360649585724, -0.6446545720100403, -0.5565708875656128, 0.37689638137817383, -0.3297087848186493, 0.5313036441802979, -0.6099027395248413, 0.6045246124267578, -0.3927384316921234, -0.02283535897731781, 0.256029337644577, 0.27257978916168213, 0.3301616907119751, 0.2143307477235794, 0.5291540026664734, -0.5429811477661133, -0.4921230673789978, -0.19232496619224548, 0.23643377423286438, 0.5416443347930908, -0.026716157793998718, -0.17544198036193848, -0.6263309717178345, -0.23945093154907227, 0.30591270327568054, -0.22915132343769073, 0.7735626697540283, 0.03209998831152916, -0.033923763781785965, -0.28590574860572815, -0.7061485052108765, -0.2531471848487854, -0.1768864542245865, -0.02773161418735981, -0.6732888221740723, 0.5342832207679749, -0.3786150813102722, -0.056802377104759216, 0.6461395025253296, -0.06988633424043655, 0.5285293459892273, -0.0714324563741684, -0.1296783685684204, -0.6439577341079712, 0.5094743967056274, 0.3141946494579315, -0.6186175346374512, 0.2737311124801636, 0.5437532067298889, 0.0869956836104393, -0.6002845168113708, -0.2879983186721802, -0.36444929242134094, -0.1927914321422577, 0.4414729177951813, 0.03060314804315567, 0.33690398931503296, -0.42275214195251465, -0.36521655321121216, -0.01038641482591629, -0.3646143078804016, 0.026357173919677734, -0.6214020252227783, 0.7359684109687805, 0.028724275529384613, -0.4027334153652191, 0.5450683832168579, -0.6341091394424438, -0.015084341168403625, -0.3567570447921753, 0.48108232021331787, 0.5544778108596802, -0.39817118644714355, -0.23769643902778625, -0.7392903566360474, 0.4301103949546814, -0.035269781947135925, 0.5920920968055725, 0.38830631971359253, 0.28167563676834106, -0.24612107872962952, 0.4609855115413666, 0.16088980436325073, -0.3207063376903534, -0.43515896797180176, -0.5491932034492493, -0.46764758229255676, 0.4211317300796509, -0.11895701289176941, -0.43700867891311646, -0.4811913073062897, 0.324288934469223, 0.5240350365638733, -0.40321505069732666, 0.4538082778453827, 0.7428864240646362, 0.7747308015823364, -0.432625949382782, -0.42617228627204895, -0.25271734595298767, -0.7007193565368652, 0.47250327467918396, -0.09945248067378998, 0.188448965549469, -0.1692180633544922, 0.2171359360218048, 0.307891845703125, -0.4970478117465973, 0.7763482332229614, 0.05186765268445015, -0.3938028812408447, 0.04253578186035156, 0.060982704162597656, 0.16774633526802063, 0.1412958800792694, 0.046254999935626984, -0.5681473016738892, -0.18431603908538818, -0.6233319044113159, 0.7401162385940552, 0.11888130754232407, -0.5522344708442688, 0.15465770661830902, -0.3377190828323364, -0.12013988941907883, -0.11970586329698563, 0.2774050235748291, -0.2946056127548218, -0.06139771267771721, 0.22331538796424866, 0.3984944820404053, -0.506018877029419, -0.5070840716362, 0.34106993675231934, 0.05568721890449524, 0.058170124888420105, -0.7717016935348511, -0.6800981163978577, 0.19157704710960388, 0.0010750479996204376, -0.024150528013706207, -0.33941611647605896, -0.1412563920021057, -0.6305193901062012, 0.3591204881668091, 0.22616569697856903, -0.31025785207748413, 0.5051442384719849, 0.13410842418670654, 0.35567423701286316, 0.22145992517471313, -0.39631783962249756, -0.6332451105117798, -0.49018752574920654, 0.19876763224601746, -0.3944224715232849, -0.3039178252220154, 0.6453531980514526, 0.2729509174823761, -0.8111865520477295, -0.4093896448612213, 0.07459098100662231, -0.26404914259910583, -0.6042580604553223, -0.36845526099205017, -0.18866178393363953, -0.08402729034423828, 0.5387190580368042, -0.29975223541259766, -0.23497374355793, 0.20844219624996185, -0.39811211824417114, 0.41220682859420776, 0.2882216274738312, 0.25412505865097046, -0.19092802703380585, -0.5256388783454895, -0.5115896463394165, 0.5313370227813721, -0.2391878217458725, 0.1783142387866974, 0.7097834348678589, 0.6184896230697632, 0.2961058020591736, -0.11566977202892303, 0.08860737085342407, 0.5514804124832153, 0.6163617372512817, -0.5193638801574707, 0.2800389528274536, 0.16792410612106323, -0.7529073357582092, 0.04705651104450226, 0.29906636476516724, -0.29578807950019836, -0.5266335010528564, -0.21589015424251556, -0.6436750888824463, -0.23370468616485596, -0.6012216806411743, -0.23145075142383575, 0.46867603063583374, 0.4498104155063629, 0.5992295145988464, 0.30488887429237366, -0.13464969396591187, 0.007594786584377289, 0.29260921478271484, 0.014101563021540642, -0.372031033039093, -0.21702677011489868, 0.09753325581550598, -0.49096259474754333, -0.1781848520040512, -0.1150815486907959, 0.23495665192604065, -0.46345335245132446, 0.4691142439842224, 0.05380326136946678, 0.5317894816398621, 0.08451303094625473, -0.6680218577384949, 0.2672109603881836, 0.07177060842514038, 0.3909376263618469, 0.5203392505645752, 0.6002196669578552, -0.5554192066192627, 0.1716638207435608, 0.1519058644771576, 0.7322883009910583, 0.4812762141227722, -0.15511998534202576, 0.42790114879608154, 0.32113397121429443, 0.6319320201873779, 0.43820106983184814, 0.17508812248706818, -0.07282821834087372, 0.06583903729915619, -0.08513277769088745, -0.39636120200157166, -0.4622540771961212, 0.43586546182632446, 0.4550771415233612, -0.30247390270233154, -0.5545654296875, 0.3570883572101593, -0.16460956633090973, -0.08321864902973175, 0.15385113656520844, -0.6504790782928467, -0.032623954117298126, -0.1872938871383667, 0.18187315762043, 0.2794356644153595, -0.5061494708061218, 0.5604798197746277, 0.5387842655181885, 0.15587085485458374, 0.5733193159103394, 0.3083750605583191, -0.5378936529159546, 0.5742140412330627, 0.08398385345935822, -0.34734562039375305, 0.38196828961372375, 0.6579687595367432, 0.4489620625972748, 0.380479633808136, 0.47273969650268555, -0.3990190923213959, 0.24927017092704773, 0.3080897629261017, -0.6267810463905334, 0.1068517416715622, 0.014898017048835754, -0.22596906125545502, 0.39279407262802124, 0.6355182528495789, 0.1677301824092865, 0.18420642614364624, 0.06670640408992767, -0.0059991516172885895, -0.269692987203598, -0.2381470799446106, -0.055557120591402054, 0.39955949783325195, -0.2939032316207886, -0.143616184592247, -0.4911225736141205, -0.027964463457465172, 0.03494064509868622, 0.6414600610733032, 0.43109723925590515, -0.061539437621831894, -0.3943021595478058, -0.5972369909286499, 0.23905980587005615, 0.41838309168815613, -0.4175790250301361, -0.1467839479446411, 0.3672659397125244, -0.6400589942932129, 0.48573511838912964, 0.2605220079421997, -0.5797345638275146, 0.6970247626304626, -0.28743860125541687, 0.3030240833759308, -0.1252852827310562, -0.621162474155426, 0.46887850761413574, -0.5611312389373779, 0.21332857012748718, 0.004890989512205124, 0.022566772997379303, 0.05043025314807892, 0.613213062286377, 0.8217588067054749, 0.5107848048210144, -0.4448911249637604, 0.30201855301856995, -0.14949150383472443, 0.5548686981201172, -0.12802903354167938, -0.061763130128383636, -0.22426337003707886, -0.029202206060290337, 0.4189404249191284, 0.2121550440788269, 0.521656334400177, -0.0904650017619133, -0.2995762228965759, 0.23751792311668396, 0.1488877534866333, -0.49691343307495117, -0.29298311471939087, 0.28188151121139526, 0.20606039464473724, 0.3250108063220978, 0.1845628321170807, 0.03151077777147293, 0.17661669850349426, -0.325189471244812, 0.3673003613948822, -0.24448581039905548, -0.42394912242889404, 0.04403320699930191, 0.1722000390291214, 0.1749977469444275, -0.21485808491706848, 0.10982992500066757, 0.28808435797691345, -0.039828427135944366, 0.1228577122092247, 0.285034716129303, 0.1177472472190857, 0.2894083857536316, -0.5913832783699036, 0.11743584275245667, 0.45410990715026855, -0.03694352135062218, -0.22314146161079407, 0.35775721073150635, -0.15368542075157166, -0.41143807768821716, -0.5562771558761597, 0.0549263171851635, -0.3675171434879303, 0.3465639054775238, -0.007588386535644531, -0.21491296589374542, 0.42575323581695557, 0.054808955639600754, 0.234867125749588, 0.6138598918914795, -0.2738855481147766, -0.26918208599090576, 0.49884939193725586, 0.6471261978149414, 0.4719727337360382, 0.4294677674770355, -0.44597679376602173, -0.41188889741897583, 0.28452491760253906, -0.09771125763654709, -0.030870817601680756, 0.44696271419525146, 0.3613761365413666, 0.30152904987335205, 0.3476165235042572, -0.7326869964599609, -0.22680193185806274, 0.47837090492248535, -0.6974172592163086, 0.11498904228210449, 0.5128338932991028, -0.5615065097808838, -0.38799378275871277, -0.6428559422492981, -0.3405049443244934, -0.2344721555709839, -0.14907518029212952, -0.1032714694738388, 0.3339011073112488, 0.07243409752845764, 0.32316434383392334, 0.2534843683242798, 0.22715939581394196, -0.14857785403728485, 0.18946969509124756, 0.4302930533885956, -0.0026835650205612183, -0.070637047290802, -0.7726839780807495, 0.6121014952659607, -0.07821051776409149, -0.583999752998352, -0.11763029545545578, -0.014393210411071777, 0.18591512739658356, 0.02628830075263977, 0.5598340630531311, -0.5210965871810913, 0.38747918605804443, -0.30131906270980835, 0.20817849040031433, 0.7984553575515747, 0.25587859749794006, 0.16922450065612793, -0.2575402557849884, 0.09077565371990204, 0.6239379048347473, -0.3533174395561218, -0.1813884675502777, -0.09351599961519241, 0.6767702102661133, 0.10563001036643982, 0.3162291646003723, 0.5091811418533325, -0.17640908062458038, -0.41039448976516724, -0.5200565457344055, -0.1324303150177002, -0.30661389231681824, -0.2894279658794403, -0.6429387331008911, -0.16996127367019653, -0.08399002254009247, -0.5976545214653015, -0.08306191861629486, 0.030917920172214508, -0.09765411913394928, -0.3154236674308777, -0.4295257031917572, -0.18674185872077942, 0.5245201587677002, 0.13543210923671722, 0.443962961435318, 0.3598390817642212, 0.5242044925689697, 0.007060110569000244, 0.044614583253860474, 0.20930242538452148, 0.05026371777057648, 0.20493482053279877, -0.4762707054615021, -0.1391775906085968, 0.34380480647087097, -0.5698672533035278, -0.5676650404930115, 0.46303680539131165, 0.6908224821090698, -0.7114605903625488, 0.8220632076263428, 0.09529323130846024, 0.3165026903152466, -0.0977591797709465, -0.20914949476718903, -0.017784483730793, -0.569257378578186, -0.608615517616272, 0.6434557437896729, 0.24979667365550995, -0.41566696763038635, 0.10651792585849762, -0.2375844419002533, -0.06087649613618851, -0.11925806105136871, 0.4563843905925751, 0.5655238032341003, -0.5397060513496399, -0.5724390745162964, 0.09050898253917694, 0.38206225633621216, 0.5062515735626221, 0.3393573760986328, -0.011814460158348083, -0.5041766166687012, -0.7456711530685425, -0.1899166703224182, -0.27092933654785156, -0.05410376936197281, -0.7772958278656006, 0.6775352358818054, -0.5235092639923096, 0.12275630235671997, -0.4968487620353699, 0.7270876169204712, -0.008473612368106842, 0.0354154072701931, -0.188287615776062, -0.46744391322135925, -0.2340129017829895, 0.14811067283153534, -0.3774643540382385, 0.240106999874115, 0.535214900970459, 0.4657335579395294, -0.3666365146636963, -0.01749231666326523, -0.6768279671669006, -0.790669858455658, 0.6226514577865601, -0.6877317428588867, -0.6111276745796204, 0.20529884099960327, -0.5184084177017212, -0.05621405690908432, -0.17943304777145386, -0.10705911368131638, -0.6399301290512085, -0.07380443811416626, -0.6742105484008789, 0.6987472772598267, 0.17671041190624237, 0.1753654181957245, 0.28182727098464966, 0.45477038621902466, 0.09238917380571365, -0.6421032547950745, 0.5763065814971924, 0.26758334040641785, 0.08111712336540222, -0.5592702627182007, -0.5878506898880005, -0.27653342485427856, 0.5038097500801086, 0.25843101739883423, -0.5294834971427917, -0.08797378093004227, 0.07421174645423889, -0.2525255084037781, -0.2731143832206726, -0.12389789521694183, 0.13057231903076172, 0.29365861415863037, -0.2598147988319397, -0.541113018989563, -0.5573170185089111, 0.6397110819816589, -0.09998897463083267, -0.37347447872161865, 0.06603030860424042, -0.5233454704284668, 0.36230388283729553, 0.2876686453819275, 0.3128954768180847, 0.07637050747871399, 0.37896856665611267, -0.3789123296737671, -0.3336047828197479, 0.10447224229574203, -0.3491150736808777, 0.78009432554245, -0.11624792963266373, 0.201077401638031, 0.1289914846420288, -0.2697077989578247, -0.1952284723520279, -0.1518973708152771, -0.18464069068431854, -0.5581464171409607, -0.1895783245563507, 0.22244204580783844, -0.46361222863197327, 0.07279495894908905, 0.48760950565338135, 0.09495558589696884]
