sample name: ['Cc1ccc(CCNC(=O)NCCc2csc(N3CCCC3)n2)c(C)c1']
atom_index,distance,cosine_similarity
0,-1.948466796875,0.04037966001778841
1,-0.49542236328125,0.10282072992995381
2,-0.74334716796875,-0.1216602273657918
3,-0.819375,0.09629212327301502
4,0.20038330078125,-0.077655050419271
5,-1.436466064453125,0.07364937629550695
6,-3.1947998046875,0.06652722500264645
7,-0.037578125,0.016920688599348067
8,-0.091201171875,-0.028138555847108365
9,0.618544921875,-0.06509272700175643
10,-0.93933349609375,0.0002889418229460716
11,-1.024259033203125,0.016858286038041116
12,1.02201904296875,-0.1187646222114563
13,-2.115836181640625,0.07975710358470678
14,-1.894063720703125,0.08273008607327938
15,-0.348953857421875,0.03232096664607525
16,-0.62019775390625,0.07694973658770322
17,-1.26973876953125,0.13000336565077306
18,-0.001923828125,-0.0023473435081541537
19,-1.395445556640625,0.149637918099761

Sum of phi values for distance
-16.535461425781246
Sum of phi values for cosine similarity
0.5514776812680066
Average distance random samples:
23.160532728672028
Average cosine similarity random samples:
0.03783952321577817
Distances random samples
[19.806306838989258, 9.16797161102295, 15.386869430541992, 32.42197036743164, 43.7560920715332, 15.753344535827637, 87.88837432861328, 18.15460205078125, 7.208071708679199, 15.40046501159668, 12.397709846496582, 10.010589599609375, 10.244418144226074, 11.551891326904297, 17.256366729736328, 37.87797927856445, 10.36982536315918, 13.338211059570312, 14.778850555419922, 15.114897727966309, 7.665530681610107, 15.139652252197266, 10.090165138244629, 43.830345153808594, 50.47713088989258, 14.92423152923584, 13.001049041748047, 14.078118324279785, 9.983550071716309, 14.80557632446289, 19.15174674987793, 16.21954917907715, 8.139755249023438, 9.89829158782959, 12.864948272705078, 10.710719108581543, 92.85979461669922, 13.335972785949707, 15.184494972229004, 13.472992897033691, 14.288193702697754, 13.554254531860352, 12.591536521911621, 12.510109901428223, 15.125041007995605, 8.776381492614746, 12.432336807250977, 9.411632537841797, 12.5635986328125, 14.138277053833008, 10.221317291259766, 13.837823867797852, 19.070602416992188, 12.983329772949219, 17.974529266357422, 11.586918830871582, 14.280357360839844, 15.946032524108887, 16.780471801757812, 9.08875846862793, 8.18647575378418, 13.108885765075684, 9.517556190490723, 17.087392807006836, 49.40782928466797, 14.137911796569824, 14.538483619689941, 14.934209823608398, 10.801063537597656, 13.726500511169434, 6.947763442993164, 12.494248390197754, 9.991598129272461, 18.567426681518555, 10.975102424621582, 8.199140548706055, 16.421689987182617, 14.982560157775879, 13.001532554626465, 16.899580001831055, 14.514297485351562, 17.149044036865234, 15.957125663757324, 7.979952335357666, 15.497350692749023, 9.262840270996094, 10.616307258605957, 19.69332504272461, 11.527894973754883, 14.679768562316895, 60.86994934082031, 10.36139965057373, 15.548981666564941, 7.572451591491699, 126.88626098632812, 13.708085060119629, 141.5200958251953, 13.337700843811035, 8.427781105041504, 8.941633224487305, 25.035547256469727, 13.503844261169434, 16.511066436767578, 14.534432411193848, 13.444042205810547, 8.900815963745117, 9.826937675476074, 17.19062614440918, 13.78182601928711, 7.776546955108643, 12.92744255065918, 16.50017547607422, 41.05903625488281, 11.163357734680176, 11.647626876831055, 16.456480026245117, 12.679134368896484, 11.806632995605469, 12.137181282043457, 12.085914611816406, 9.680839538574219, 9.059187889099121, 21.119552612304688, 10.898645401000977, 18.074071884155273, 9.104595184326172, 10.98115348815918, 11.908926010131836, 14.020015716552734, 12.336743354797363, 14.428961753845215, 16.354045867919922, 18.457170486450195, 16.576732635498047, 18.51769256591797, 10.187097549438477, 8.340394020080566, 13.370285987854004, 11.117208480834961, 11.527677536010742, 85.91801452636719, 18.903345108032227, 65.13804626464844, 193.29833984375, 10.398650169372559, 10.269848823547363, 19.79852294921875, 9.193289756774902, 16.60672378540039, 11.912976264953613, 40.25220489501953, 10.982060432434082, 9.946625709533691, 15.819568634033203, 14.732499122619629, 52.67152404785156, 10.763079643249512, 10.74073314666748, 14.041135787963867, 29.562589645385742, 9.902740478515625, 11.523841857910156, 11.759834289550781, 10.809228897094727, 17.00288200378418, 18.795066833496094, 13.061159133911133, 85.46798706054688, 15.996191024780273, 9.346556663513184, 14.760952949523926, 14.17418098449707, 13.701622009277344, 11.834267616271973, 10.049504280090332, 9.312206268310547, 12.234254837036133, 10.196348190307617, 13.834548950195312, 9.807600975036621, 16.778974533081055, 9.37018871307373, 14.598037719726562, 10.218561172485352, 14.09631061553955, 14.668148040771484, 10.581952095031738, 13.000581741333008, 13.690832138061523, 17.45972442626953, 19.651626586914062, 80.4275894165039, 18.269742965698242, 22.120141983032227, 14.588446617126465, 9.66729736328125, 12.563825607299805, 11.989636421203613, 129.4571990966797, 19.235403060913086, 13.568148612976074, 15.122471809387207, 7.953416347503662, 148.19369506835938, 13.049187660217285, 10.766454696655273, 13.673734664916992, 209.59930419921875, 15.615674018859863, 14.823760986328125, 9.176085472106934, 11.228309631347656, 9.008951187133789, 8.024754524230957, 13.08891487121582, 15.593096733093262, 15.69296932220459, 12.260024070739746, 76.76903533935547, 17.748027801513672, 62.58796310424805, 12.4424409866333, 10.28209114074707, 14.6095609664917, 14.349424362182617, 149.57969665527344, 12.781559944152832, 15.798468589782715, 9.338627815246582, 14.792740821838379, 12.983054161071777, 13.472854614257812, 9.405049324035645, 14.077009201049805, 17.904111862182617, 109.66864776611328, 10.02601432800293, 14.142960548400879, 111.73007202148438, 6.6436052322387695, 29.668428421020508, 12.595132827758789, 8.731637954711914, 92.3078842163086, 19.281780242919922, 19.55443000793457, 16.163148880004883, 16.297443389892578, 14.576254844665527, 51.87228775024414, 118.84521484375, 13.939300537109375, 12.19022274017334, 59.51114273071289, 13.336116790771484, 13.813084602355957, 14.38562297821045, 12.671172142028809, 65.34626770019531, 15.80800724029541, 15.329594612121582, 55.82685089111328, 13.138187408447266, 11.240830421447754, 12.1442232131958, 14.218335151672363, 14.594076156616211, 17.91128921508789, 9.07838249206543, 15.088635444641113, 12.812331199645996, 11.110507011413574, 15.60771369934082, 16.3692684173584, 17.10984992980957, 12.408000946044922, 13.873720169067383, 10.426597595214844, 17.18985939025879, 10.166983604431152, 16.81088638305664, 101.34339141845703, 27.236618041992188, 10.877689361572266, 16.096782684326172, 12.390506744384766, 19.334102630615234, 14.00290584564209, 15.408334732055664, 14.073326110839844, 110.03883361816406, 19.776958465576172, 17.72044563293457, 122.17073059082031, 16.095619201660156, 13.89978313446045, 17.088733673095703, 99.03823852539062, 11.251958847045898, 13.282464027404785, 12.000567436218262, 11.552567481994629, 14.671630859375, 7.609727382659912, 26.43565559387207, 12.866872787475586, 131.57301330566406, 12.402177810668945, 10.19148063659668, 12.53412914276123, 27.803260803222656, 10.12293529510498, 7.564427852630615, 39.11284637451172, 13.229515075683594, 7.609823226928711, 14.649989128112793, 11.366007804870605, 12.009767532348633, 10.295744895935059, 24.56464385986328, 26.511098861694336, 15.088091850280762, 12.081574440002441, 10.776273727416992, 17.247127532958984, 12.033340454101562, 11.275059700012207, 9.379552841186523, 14.268224716186523, 8.643533706665039, 8.421751022338867, 9.735854148864746, 15.416173934936523, 12.769100189208984, 8.349291801452637, 15.520254135131836, 14.26353931427002, 11.563867568969727, 140.16607666015625, 10.081389427185059, 8.323840141296387, 11.271188735961914, 42.11335754394531, 11.936626434326172, 10.301945686340332, 12.374777793884277, 15.138134956359863, 19.068626403808594, 15.966946601867676, 16.062650680541992, 10.237395286560059, 15.293413162231445, 13.408270835876465, 84.7474365234375, 12.77619457244873, 13.269339561462402, 8.342825889587402, 15.119538307189941, 11.140262603759766, 38.5413703918457, 12.453078269958496, 16.9254207611084, 12.814186096191406, 7.952754497528076, 15.165999412536621, 8.785228729248047, 23.07054328918457, 13.842348098754883, 17.796300888061523, 13.45081901550293, 11.055318832397461, 15.987812995910645, 10.5809326171875, 15.749123573303223, 13.875906944274902, 15.036945343017578, 9.21694564819336, 13.369040489196777, 13.610661506652832, 15.68775463104248, 12.73150634765625, 12.110912322998047, 15.277074813842773, 16.433513641357422, 116.69020080566406, 7.344706058502197, 16.86162567138672, 12.770336151123047, 11.079833984375, 9.984508514404297, 9.880518913269043, 16.59781265258789, 56.29457473754883, 10.492999076843262, 10.737950325012207, 64.43898010253906, 15.564166069030762, 16.04978370666504, 13.16641902923584, 7.448263645172119, 15.16533088684082, 17.509296417236328, 14.540583610534668, 17.474294662475586, 18.21883201599121, 16.724716186523438, 10.884766578674316, 12.654874801635742, 8.71757698059082, 11.461721420288086, 17.347158432006836, 8.424564361572266, 17.097829818725586, 28.177635192871094, 16.578092575073242, 17.08546257019043, 13.837078094482422, 17.040327072143555, 14.256636619567871, 12.360577583312988, 15.935322761535645, 15.81242847442627, 18.46375274658203, 14.777610778808594, 13.053071022033691, 15.465140342712402, 9.537373542785645, 15.108442306518555, 12.23823356628418, 12.671568870544434, 11.537325859069824, 18.93095588684082, 12.340086936950684, 63.313194274902344, 116.29590606689453, 49.01710510253906, 11.307531356811523, 11.64404010772705, 13.399029731750488, 16.43737030029297, 8.498697280883789, 12.457442283630371, 11.008515357971191, 110.83582305908203, 10.021513938903809, 13.574382781982422, 195.57662963867188, 11.900514602661133, 21.18145751953125, 12.430840492248535, 11.99234676361084, 7.673065185546875, 11.962300300598145, 11.940296173095703, 13.628756523132324, 8.465563774108887, 15.790787696838379, 14.349613189697266, 15.767783164978027, 13.479948997497559, 17.07888412475586, 10.679983139038086, 8.33126449584961, 12.995759963989258, 8.320479393005371, 128.1282501220703, 12.251954078674316, 9.266682624816895, 10.239392280578613, 19.060672760009766, 104.9843521118164, 17.765806198120117, 8.582189559936523, 15.1293306350708, 15.52584171295166, 15.315545082092285, 39.76704406738281, 148.66184997558594, 14.848203659057617, 14.298858642578125, 11.288809776306152, 9.67867660522461, 9.746959686279297, 11.923495292663574, 9.5418119430542, 14.34461498260498, 9.515861511230469, 22.299320220947266, 176.22012329101562, 14.006221771240234, 9.559379577636719, 127.14449310302734, 10.434707641601562, 12.032173156738281, 7.587905406951904, 10.913477897644043, 8.734419822692871, 8.812047958374023, 19.057153701782227, 17.12334442138672, 10.826055526733398, 15.246169090270996, 11.160792350769043, 15.373778343200684, 9.12346076965332, 12.10959529876709, 15.09934139251709, 14.37901496887207, 14.10857105255127, 215.43511962890625, 134.34963989257812, 12.900479316711426, 14.324769973754883, 8.286840438842773, 13.073216438293457, 10.844772338867188, 14.35262680053711, 110.0459976196289, 14.0297269821167, 63.13645553588867, 23.417715072631836, 9.477960586547852, 16.059932708740234, 14.312479019165039, 13.305322647094727, 14.448625564575195, 7.4965410232543945, 12.75089168548584, 12.208030700683594, 9.636981964111328, 14.154155731201172, 8.250548362731934, 22.723209381103516, 11.477546691894531, 17.507152557373047, 12.68131160736084, 13.389081001281738, 17.263219833374023, 13.571588516235352, 85.45442962646484, 120.93775939941406, 22.800886154174805, 9.594256401062012, 8.31069278717041, 12.265384674072266, 12.334935188293457, 17.687599182128906, 7.867081642150879, 8.395505905151367, 13.814339637756348, 11.511934280395508, 9.691198348999023, 12.846772193908691, 17.07514190673828, 79.48242950439453, 7.5403151512146, 28.883420944213867, 8.538030624389648, 15.238409042358398, 13.30724811553955, 68.85588073730469, 40.18145751953125, 15.228575706481934, 11.351276397705078, 12.19147777557373, 9.593204498291016, 13.01992130279541, 16.955718994140625, 12.511388778686523, 18.322385787963867, 9.393174171447754, 8.394237518310547, 11.627774238586426, 16.577817916870117, 11.563666343688965, 11.16776180267334, 9.471202850341797, 15.910115242004395, 15.68485164642334, 33.77696990966797, 11.908371925354004, 8.80604076385498, 69.34244537353516, 16.489837646484375, 7.900345325469971, 11.307696342468262, 15.155268669128418, 19.00127601623535, 90.01040649414062, 12.385047912597656, 7.4258222579956055, 17.528940200805664, 17.448604583740234, 8.421879768371582, 10.551743507385254, 11.521417617797852, 14.351106643676758, 49.11835861206055, 14.176114082336426, 12.930137634277344, 16.05160903930664, 15.233868598937988, 8.924169540405273, 8.4182767868042, 87.74429321289062, 9.6127290725708, 14.250268936157227, 13.922124862670898, 103.436279296875, 14.927919387817383, 9.41711711883545, 17.96132469177246, 9.493157386779785, 11.184196472167969, 13.165043830871582, 112.03349304199219, 11.459297180175781, 16.464576721191406, 15.975015640258789, 15.766857147216797, 8.585480690002441, 12.885872840881348, 13.285148620605469, 18.271825790405273, 12.860939025878906, 8.661791801452637, 11.637539863586426, 11.915361404418945, 10.75655746459961, 11.487035751342773, 9.673493385314941, 12.295275688171387, 13.19283676147461, 47.46833419799805, 104.8117446899414, 17.45779037475586, 14.471304893493652, 137.30677795410156, 20.79949188232422, 11.441032409667969, 7.6160502433776855, 13.487905502319336, 16.2694034576416, 10.722650527954102, 15.606700897216797, 57.55739212036133, 17.105621337890625, 7.606634140014648, 16.457237243652344, 31.60751724243164, 9.718846321105957, 6.609371185302734, 14.26498794555664, 11.153681755065918, 9.877552032470703, 10.978854179382324, 9.915431022644043, 15.185684204101562, 9.417943000793457, 15.922986030578613, 176.97581481933594, 12.817605972290039, 13.712270736694336, 9.145539283752441, 8.007305145263672, 10.60222053527832, 14.494685173034668, 17.565265655517578, 13.181991577148438, 32.30527877807617, 15.925692558288574, 16.2280330657959, 151.97032165527344, 16.15726089477539, 12.611433029174805, 18.81255531311035, 7.9373674392700195, 12.256094932556152, 15.24193000793457, 10.802424430847168, 14.609539985656738, 36.86481475830078, 10.872831344604492, 103.50956726074219, 19.365598678588867, 17.1766357421875, 16.406585693359375, 15.076220512390137, 68.7255630493164, 13.653268814086914, 7.208072185516357, 8.958592414855957, 14.591388702392578, 12.957571983337402, 15.205913543701172, 10.606907844543457, 16.97376823425293, 17.457246780395508, 12.028997421264648, 14.229935646057129, 9.401588439941406, 20.178905487060547, 166.80230712890625, 13.431781768798828, 12.461463928222656, 15.855698585510254, 18.077558517456055, 11.373041152954102, 9.50789737701416, 17.906417846679688, 13.607112884521484, 11.940468788146973, 12.985507011413574, 13.449682235717773, 14.954621315002441, 40.97793197631836, 16.64444351196289, 8.840303421020508, 8.89787769317627, 12.168871879577637, 52.116294860839844, 129.31683349609375, 8.555768013000488, 13.149444580078125, 12.696385383605957, 14.453255653381348, 11.054261207580566, 12.400787353515625, 9.265843391418457, 11.180473327636719, 14.777641296386719, 14.187474250793457, 15.104969024658203, 8.490906715393066, 16.14961814880371, 25.96236801147461, 8.396398544311523, 14.78140926361084, 20.011594772338867, 16.079734802246094, 9.214202880859375, 139.9790802001953, 13.453384399414062, 16.35263442993164, 135.30416870117188, 10.073943138122559, 10.983202934265137, 10.833538055419922, 7.3579421043396, 6.473862171173096, 8.331686973571777, 10.912676811218262, 19.264589309692383, 8.602544784545898, 11.513562202453613, 63.96389389038086, 16.21088981628418, 11.459285736083984, 14.484578132629395, 110.30857849121094, 13.263654708862305, 14.91533374786377, 7.942144870758057, 11.878266334533691, 34.673187255859375, 10.294891357421875, 13.120909690856934, 17.63532829284668, 10.179675102233887, 10.321564674377441, 19.500701904296875, 14.340665817260742, 13.96578598022461, 12.94084644317627, 8.553210258483887, 11.452675819396973, 14.064814567565918, 15.760599136352539, 134.6721649169922, 15.650704383850098, 9.955464363098145, 12.955217361450195, 11.489787101745605, 19.340906143188477, 8.029958724975586, 10.238100051879883, 102.70632934570312, 11.540375709533691, 14.431070327758789, 11.619974136352539, 13.65492057800293, 8.193028450012207, 7.1689653396606445, 17.30853271484375, 12.050559997558594, 13.897992134094238, 73.8564224243164, 8.359077453613281, 10.065917015075684, 38.97893142700195, 11.668111801147461, 7.635859489440918, 45.04157257080078, 10.558051109313965, 12.045218467712402, 15.162490844726562, 18.525991439819336, 9.467731475830078, 39.58629608154297, 10.449671745300293, 17.3764705657959, 14.048745155334473, 10.13023853302002, 106.24478149414062, 11.707369804382324, 11.829156875610352, 11.429884910583496, 13.617262840270996, 8.223527908325195, 10.117011070251465, 10.025169372558594, 13.784577369689941, 10.168752670288086, 7.708705425262451, 11.578763008117676, 13.120147705078125, 8.138691902160645, 10.707183837890625, 7.5795111656188965, 15.880062103271484, 83.9617919921875, 15.832863807678223, 10.353961944580078, 10.341720581054688, 160.06619262695312, 17.964868545532227, 16.45400047302246, 7.663447856903076, 142.8605194091797, 7.699974060058594, 11.967942237854004, 16.077896118164062, 11.447627067565918, 14.880868911743164, 11.091486930847168, 8.714807510375977, 13.508138656616211, 11.10130786895752, 22.2867488861084, 86.3162612915039, 11.844012260437012, 12.27985668182373, 12.835220336914062, 12.799885749816895, 14.570775985717773, 10.330968856811523, 18.8656063079834, 14.74583625793457, 8.237732887268066, 9.941893577575684, 15.954362869262695, 10.351751327514648, 17.279935836791992, 8.91872501373291, 17.479503631591797, 16.078140258789062, 15.403206825256348, 13.54723072052002, 10.48426342010498, 20.188356399536133, 12.442068099975586, 12.554839134216309, 61.519474029541016, 8.156716346740723, 13.1148099899292, 16.054580688476562, 13.371173858642578, 71.23577880859375, 16.41990852355957, 14.91089916229248, 12.698555946350098, 169.8589630126953, 16.102222442626953, 10.639551162719727, 18.190065383911133, 10.899592399597168, 14.437179565429688, 9.49678897857666, 16.809284210205078, 7.025745391845703, 51.77806854248047, 16.789966583251953, 15.132417678833008, 14.50272274017334, 13.257037162780762, 43.8930778503418, 9.387505531311035, 6.7573957443237305, 10.822187423706055, 14.845338821411133, 11.36876392364502, 8.5685396194458, 8.83388614654541, 86.20049285888672, 76.7547836303711, 7.987244606018066, 12.287879943847656, 15.780524253845215, 8.264710426330566, 10.083680152893066, 88.25120544433594, 25.357933044433594, 16.772132873535156, 8.498513221740723, 13.484612464904785, 13.817198753356934, 107.35411834716797, 11.747509002685547, 16.47570037841797, 13.526885986328125, 10.647136688232422, 12.56059741973877, 15.94580364227295, 13.084146499633789, 14.522787094116211, 10.083611488342285, 12.059637069702148, 14.174643516540527, 166.19371032714844, 9.914380073547363, 13.499323844909668, 13.75452995300293, 16.32168960571289, 21.767839431762695, 12.378857612609863, 12.620803833007812, 8.665146827697754, 9.825953483581543, 19.206275939941406, 11.416241645812988, 15.097908020019531, 16.508174896240234, 114.82879638671875, 15.690512657165527, 16.37600326538086, 12.1295747756958, 17.487194061279297, 12.561102867126465, 10.530478477478027, 13.072145462036133, 21.30678367614746, 11.286075592041016, 9.471147537231445, 94.87600708007812, 56.21286392211914, 13.64757251739502, 9.751426696777344, 9.2023286819458, 7.402004718780518, 14.720733642578125, 15.419811248779297, 162.85943603515625, 25.076744079589844, 8.829832077026367, 15.081520080566406, 8.997636795043945, 16.623960494995117, 6.8197526931762695, 16.089677810668945, 7.551936149597168, 16.414426803588867, 11.562267303466797, 12.825417518615723, 17.02478790283203, 10.332855224609375, 11.068199157714844, 12.809835433959961, 11.78624153137207, 12.440610885620117, 17.098297119140625, 16.319732666015625, 12.000250816345215, 14.623042106628418, 159.1356658935547, 16.782503128051758, 17.918752670288086, 21.70157241821289, 13.602783203125, 12.179716110229492, 12.425817489624023, 17.92144775390625, 13.39873218536377, 14.55697250366211, 16.386829376220703, 8.391331672668457, 10.686126708984375, 9.343830108642578, 9.102622985839844, 13.628907203674316, 8.938931465148926, 14.915678024291992, 10.556710243225098, 11.772517204284668, 10.26427936553955, 15.438698768615723, 11.71897029876709, 9.19994068145752, 11.460159301757812, 14.382176399230957, 11.404718399047852, 13.448954582214355, 12.202463150024414, 14.887811660766602, 8.56473159790039, 7.429218292236328, 13.218518257141113, 17.406757354736328, 14.136492729187012, 14.53648853302002, 8.996537208557129, 18.065317153930664, 14.050058364868164, 13.610697746276855, 10.306772232055664, 9.923910140991211, 12.206515312194824, 9.648480415344238, 125.34783935546875, 10.137694358825684, 16.878421783447266, 9.53657054901123, 13.528940200805664, 9.178423881530762, 7.97703218460083, 10.287549018859863, 8.176222801208496, 9.782752990722656, 15.708131790161133, 9.987966537475586, 15.340396881103516, 17.148632049560547, 170.45423889160156, 20.469955444335938, 10.047614097595215, 11.092750549316406, 12.036603927612305, 17.185775756835938, 6.713810920715332, 17.358083724975586, 13.017964363098145, 16.92220687866211, 9.929545402526855, 16.68634796142578, 15.449565887451172, 29.979251861572266, 12.425929069519043, 13.763489723205566, 11.543331146240234, 8.579100608825684, 39.458988189697266, 26.689556121826172, 12.32546329498291, 15.270105361938477, 9.102965354919434, 16.502809524536133, 13.881234169006348, 13.556556701660156, 17.720672607421875, 75.75653076171875, 15.143458366394043, 15.482809066772461, 9.663285255432129, 16.41006088256836, 14.308006286621094, 17.694992065429688, 7.934577941894531, 16.277376174926758, 10.662107467651367, 15.348037719726562, 15.058274269104004, 19.94137954711914, 10.127899169921875, 9.658923149108887, 15.786005973815918, 7.733652114868164, 15.069554328918457, 18.191823959350586, 10.982399940490723, 10.885555267333984, 25.15103530883789, 10.951494216918945, 16.570819854736328, 12.424715042114258, 13.554157257080078, 9.202906608581543, 11.574712753295898, 14.502094268798828, 21.335289001464844, 99.91151428222656, 14.390089988708496, 11.979706764221191, 14.328054428100586, 15.930537223815918, 19.397916793823242, 12.019256591796875, 8.09463882446289, 9.773675918579102, 12.51319694519043, 11.738194465637207, 93.31815338134766, 12.143197059631348, 14.201607704162598, 16.077865600585938, 14.253067016601562, 14.952499389648438, 12.42959213256836, 13.548362731933594, 20.908496856689453, 15.435213088989258, 9.010061264038086, 18.883962631225586, 13.017440795898438, 22.5517520904541, 44.71212387084961, 15.438590049743652, 10.96844482421875, 11.640178680419922, 9.81888484954834, 160.8286895751953, 19.560977935791016, 16.418800354003906, 11.891725540161133, 29.819087982177734, 16.56250762939453, 64.51530456542969, 11.56483268737793, 8.461677551269531, 15.192229270935059, 13.346672058105469, 16.327205657958984, 20.76689910888672, 7.800928592681885, 14.719919204711914, 28.521089553833008, 13.123873710632324, 194.2908935546875, 9.004852294921875, 9.661117553710938, 11.595194816589355, 51.50674057006836, 11.159358978271484, 13.27608585357666, 9.12226390838623, 21.399436950683594, 8.566295623779297, 15.090690612792969, 15.437752723693848, 13.209893226623535, 12.757387161254883, 10.924460411071777, 17.153621673583984, 9.054057121276855, 14.365156173706055, 27.266754150390625, 9.253270149230957, 17.517988204956055, 9.39496898651123, 15.531784057617188, 11.749529838562012, 12.354608535766602, 49.588958740234375, 18.95734977722168, 14.55659008026123, 12.83763313293457, 12.536170959472656, 13.363080024719238, 15.90509033203125, 8.619086265563965, 14.071706771850586, 9.214972496032715, 10.411367416381836, 15.098459243774414, 12.531708717346191, 59.68110656738281, 8.201497077941895, 14.70185375213623, 16.78945541381836, 11.172910690307617, 68.22704315185547, 60.878257751464844, 144.06253051757812, 17.55784034729004, 7.811025619506836, 11.229938507080078, 14.572749137878418, 15.139131546020508, 8.987730979919434, 12.010811805725098, 28.46672821044922, 19.398338317871094, 14.745965957641602, 11.498934745788574, 106.90310668945312, 15.536237716674805, 13.220169067382812, 15.223916053771973, 14.190791130065918, 7.602234363555908, 13.332831382751465, 7.955533981323242, 65.52377319335938, 11.536693572998047, 8.665576934814453, 18.597644805908203, 8.422521591186523, 9.0160551071167, 14.335899353027344, 21.210479736328125, 15.181931495666504, 18.475814819335938, 9.600555419921875, 7.503294467926025, 15.56102180480957, 13.82040786743164, 10.327442169189453, 9.886455535888672, 9.588516235351562, 15.46846866607666, 215.67181396484375, 182.7310028076172, 15.566720962524414, 18.670209884643555, 10.503177642822266, 9.189387321472168, 18.58933448791504, 14.751686096191406, 8.934876441955566, 14.020370483398438, 10.828655242919922, 18.269710540771484, 11.699292182922363, 17.339420318603516, 13.859031677246094, 7.970229625701904, 125.45519256591797, 8.298511505126953, 32.12017822265625, 13.162555694580078, 19.645490646362305, 13.370407104492188, 13.575072288513184, 16.117841720581055, 65.01497650146484, 17.729839324951172, 10.651185989379883, 12.286725044250488, 17.493309020996094, 8.22742748260498, 9.008814811706543, 9.147982597351074, 16.211854934692383, 12.499909400939941, 16.50977897644043, 20.76782989501953, 15.726277351379395, 15.813876152038574, 13.658023834228516, 12.12102222442627, 12.754260063171387, 17.1066837310791, 22.29448699951172, 13.833616256713867, 16.45738983154297, 11.234509468078613, 15.047527313232422, 167.50808715820312, 118.87808990478516, 8.278616905212402, 18.35991668701172, 18.82877540588379, 14.696463584899902, 14.653903007507324, 11.10945987701416, 8.77086353302002, 15.326891899108887, 15.750701904296875, 13.038385391235352, 12.362728118896484, 8.796758651733398, 125.33477020263672, 8.081618309020996, 10.050726890563965, 10.030242919921875, 17.353185653686523, 11.90575122833252, 105.24439239501953, 12.802777290344238, 16.485212326049805, 13.450295448303223, 90.52671813964844, 13.933510780334473, 81.88627624511719, 10.916000366210938, 10.009331703186035, 16.011798858642578, 11.834840774536133, 15.057369232177734, 15.045022010803223, 12.28010082244873, 14.236194610595703, 8.725784301757812, 14.185746192932129, 15.441020965576172, 10.896503448486328, 30.943950653076172, 12.535100936889648, 67.96869659423828, 12.28032398223877, 9.151005744934082, 12.053998947143555, 9.881789207458496, 16.968496322631836, 8.363953590393066, 9.722578048706055, 15.126715660095215, 53.09236526489258, 8.566593170166016, 14.461797714233398, 9.739295959472656, 13.971254348754883, 14.751289367675781, 15.590731620788574, 13.09811019897461, 10.224934577941895, 13.80483341217041, 11.073097229003906, 16.478065490722656, 183.9656524658203, 12.54485034942627, 16.154813766479492, 13.30021858215332, 17.769289016723633, 154.6288604736328, 18.9637451171875, 11.83526611328125, 9.556628227233887, 16.63123893737793, 11.630006790161133, 10.394063949584961, 11.174823760986328, 51.067108154296875, 14.031299591064453, 11.962625503540039, 10.858038902282715, 17.931354522705078, 14.072861671447754, 14.481534957885742, 13.77486801147461, 10.933698654174805, 111.25004577636719, 159.50669860839844, 9.57960319519043, 140.64158630371094, 138.45816040039062, 12.293514251708984, 13.330697059631348, 10.323160171508789, 13.276986122131348, 12.581533432006836, 14.395609855651855, 9.92729377746582, 13.58070182800293, 44.40501022338867, 12.382953643798828, 14.261869430541992, 8.772726058959961, 18.144275665283203, 15.66063117980957, 12.398241996765137, 15.177083969116211, 13.616579055786133, 9.019344329833984, 17.00634765625, 15.329545021057129, 17.56981658935547, 6.879007339477539, 10.165645599365234, 15.651735305786133, 16.37963104248047, 15.724113464355469, 17.79705047607422, 11.817155838012695, 10.139671325683594, 12.334344863891602, 13.203320503234863, 82.37333679199219, 13.272527694702148, 11.160423278808594, 9.895183563232422, 11.410935401916504, 9.41124439239502, 11.341198921203613, 15.804137229919434, 19.846982955932617, 44.309539794921875, 25.246158599853516, 11.029145240783691, 30.71381187438965, 17.610218048095703, 15.206705093383789, 11.50702953338623, 6.793022632598877, 13.081761360168457, 13.701619148254395, 12.4165620803833, 17.917518615722656, 15.598709106445312, 133.4452667236328, 9.949509620666504, 15.805913925170898, 11.852941513061523, 52.050846099853516, 57.752899169921875, 150.10025024414062, 16.81966209411621, 8.435384750366211, 13.396466255187988, 13.838255882263184, 134.60182189941406, 9.947532653808594, 9.229442596435547, 10.316457748413086, 14.56875991821289, 10.736137390136719, 172.8543243408203, 15.124048233032227, 13.50976848602295, 22.917566299438477, 17.8737850189209, 14.320228576660156, 15.456767082214355, 18.137928009033203, 17.68667221069336, 108.21100616455078, 103.45378112792969, 89.5123519897461, 11.603399276733398, 12.311838150024414, 18.550756454467773, 14.240863800048828, 25.22561264038086, 13.252250671386719, 17.91932487487793, 11.73341178894043, 19.386932373046875, 11.705085754394531, 9.020610809326172, 14.168031692504883, 12.990823745727539, 9.398956298828125, 9.264701843261719, 12.201136589050293, 5.981009483337402, 14.173851013183594, 13.264555931091309, 15.682408332824707, 12.716072082519531, 8.477513313293457, 11.812786102294922, 14.658934593200684, 9.83476734161377, 17.141328811645508, 8.354974746704102, 117.3558349609375, 10.203545570373535, 8.043357849121094, 7.356402397155762, 10.718567848205566, 16.053293228149414, 34.972599029541016, 12.9376802444458, 17.692989349365234, 16.269256591796875, 13.8408784866333, 14.623090744018555, 8.466171264648438, 16.357532501220703, 16.083023071289062, 111.61085510253906, 13.833624839782715, 9.179490089416504, 17.010955810546875, 12.817292213439941, 16.932218551635742, 17.92513084411621, 9.373208045959473, 15.459882736206055, 145.39646911621094, 13.164349555969238, 16.445556640625, 11.546202659606934, 8.07690715789795, 63.059871673583984, 8.778055191040039, 14.256484031677246, 19.006254196166992, 16.026660919189453, 18.17421531677246, 11.756176948547363, 82.0834732055664, 8.519176483154297, 10.4459228515625, 14.066102981567383, 15.794846534729004, 16.481122970581055, 13.734295845031738, 119.9696273803711, 8.497762680053711, 11.638349533081055, 45.02512741088867, 11.008572578430176, 14.347254753112793, 9.802669525146484, 10.644571304321289, 9.858033180236816, 17.573081970214844, 14.326634407043457, 13.66391658782959, 7.668731212615967, 11.19081974029541, 15.19717025756836, 9.617378234863281, 17.626964569091797, 17.829044342041016, 124.10276794433594, 153.9081573486328, 14.891830444335938, 9.68628215789795, 16.902320861816406, 8.906808853149414, 15.065657615661621, 151.21298217773438, 12.104155540466309, 16.797134399414062, 7.234564781188965, 206.6365509033203, 16.975597381591797, 49.78429412841797, 18.21295166015625, 13.18026351928711, 16.72195053100586, 10.287429809570312, 93.61148071289062, 10.999021530151367, 18.394052505493164, 13.678876876831055, 20.578041076660156, 12.285858154296875, 36.95220184326172, 15.276962280273438, 18.429059982299805, 10.929489135742188, 9.177857398986816, 12.045857429504395, 13.517670631408691, 19.254575729370117, 9.271659851074219, 16.771480560302734, 16.455514907836914, 14.64963436126709, 9.345406532287598, 11.292522430419922, 9.550522804260254, 10.101557731628418, 13.945972442626953, 9.434619903564453, 11.649812698364258, 11.991744995117188, 11.527819633483887, 176.75975036621094, 12.698282241821289, 10.077550888061523, 15.919315338134766, 33.5148811340332, 12.216142654418945, 8.790969848632812, 9.865362167358398, 11.43286418914795, 15.795589447021484, 11.268816947937012, 7.794816970825195, 7.03825044631958, 20.857675552368164, 75.0327377319336, 14.154727935791016, 15.271153450012207, 8.35981559753418, 153.92796325683594, 10.754273414611816, 14.186985969543457, 12.292612075805664, 16.136077880859375, 7.532483100891113, 60.23515701293945, 13.075469017028809, 184.75418090820312, 15.812872886657715, 19.04743194580078, 15.863174438476562, 14.134965896606445, 13.371017456054688, 153.99766540527344, 15.342473983764648, 71.68504333496094, 8.946048736572266, 11.768403053283691, 16.092782974243164, 24.5692195892334, 10.990262031555176, 15.621780395507812, 16.00411033630371, 16.921630859375, 13.758974075317383, 9.939805030822754, 15.540430068969727, 14.878610610961914, 10.1434326171875, 10.292354583740234, 14.188727378845215, 9.320150375366211, 18.77424430847168, 9.385416984558105, 12.291109085083008, 12.79987907409668, 17.472061157226562, 8.68552303314209, 17.101865768432617, 13.770418167114258, 8.933077812194824, 131.5833740234375, 14.39219856262207, 15.454777717590332, 15.314024925231934, 13.217755317687988, 11.278059959411621, 17.88578987121582, 14.933746337890625, 14.701193809509277, 15.729460716247559, 10.650357246398926, 10.725963592529297, 8.719794273376465, 8.416769981384277, 17.750112533569336, 12.175113677978516, 17.29024314880371, 189.59144592285156, 13.060616493225098, 12.478913307189941, 13.44943618774414, 15.139430046081543, 10.911316871643066, 16.179136276245117, 68.3724365234375, 17.18602180480957, 10.671435356140137, 8.748793601989746, 19.763132095336914, 13.165210723876953, 9.928143501281738, 15.036247253417969, 17.786970138549805, 10.055118560791016, 183.903564453125, 49.09281921386719, 16.177846908569336, 12.433453559875488, 15.583881378173828, 15.696727752685547, 11.808603286743164, 16.42167854309082, 16.289684295654297, 12.402714729309082, 33.20433807373047, 9.845991134643555, 9.766953468322754, 8.106548309326172, 10.770462036132812, 13.920001983642578, 9.757150650024414, 51.125858306884766, 27.574687957763672, 36.71248245239258, 12.197240829467773, 17.432514190673828, 7.4849534034729, 14.799459457397461, 14.69433879852295, 15.573894500732422, 12.321372985839844, 19.784053802490234, 14.209890365600586, 10.650765419006348, 16.397287368774414, 120.14871215820312, 18.0235538482666, 13.977789878845215, 14.637639045715332, 17.943510055541992, 16.040786743164062, 14.411358833312988, 15.008810043334961, 10.875551223754883, 14.630867004394531, 10.944552421569824, 8.61238956451416, 14.05146312713623, 13.77985954284668, 16.624849319458008, 17.886232376098633, 14.597118377685547, 18.641408920288086, 15.139796257019043, 13.50672435760498, 12.131072998046875, 15.330143928527832, 17.36394500732422, 212.19491577148438, 9.984329223632812, 11.034528732299805, 15.604345321655273, 15.15391731262207, 20.3627986907959, 10.049813270568848, 10.466710090637207, 15.72291374206543, 14.894189834594727, 8.74906063079834, 14.460153579711914, 99.42390441894531, 10.886707305908203, 14.33350944519043, 11.329230308532715, 147.17230224609375, 156.35362243652344, 14.984745025634766, 14.145374298095703, 17.107803344726562, 10.606795310974121, 14.576072692871094, 16.113168716430664, 119.57999420166016, 19.05841636657715, 90.5609359741211, 14.686519622802734, 28.576852798461914, 12.881089210510254, 8.732917785644531, 12.689385414123535, 15.768933296203613, 12.287074089050293, 70.23905181884766, 17.14653968811035, 13.175396919250488, 13.191311836242676, 14.392890930175781, 15.732553482055664, 11.59343147277832, 15.021677017211914, 12.82199764251709, 11.611870765686035, 49.17048263549805, 15.623644828796387, 15.759719848632812, 17.262075424194336, 9.945716857910156, 14.21930980682373, 16.52436065673828, 15.458703994750977, 9.147205352783203, 13.626896858215332, 10.800952911376953, 72.0635757446289, 9.398804664611816, 11.951926231384277, 101.46987915039062, 15.818211555480957, 8.944828033447266, 11.206546783447266, 14.915162086486816, 11.741339683532715, 18.099740982055664, 11.618794441223145, 10.411258697509766, 17.0006160736084, 17.036638259887695, 9.692663192749023, 11.37601375579834, 9.213109970092773, 160.61099243164062, 8.736910820007324, 13.820201873779297, 14.568087577819824, 9.587814331054688, 8.7323579788208, 8.285942077636719, 9.769305229187012, 13.156319618225098, 14.559563636779785, 10.761823654174805, 16.669496536254883, 11.855273246765137, 11.43567943572998, 16.62997817993164, 10.518176078796387, 9.6180419921875, 17.56072425842285, 9.275484085083008, 153.10716247558594, 10.194849014282227, 9.091919898986816, 17.8271484375, 18.201248168945312, 8.681610107421875, 13.93636703491211, 181.64895629882812, 11.293604850769043, 84.45904541015625, 8.741573333740234, 13.7542142868042, 18.119815826416016, 13.600775718688965, 11.062760353088379, 17.215011596679688, 11.338149070739746, 9.903546333312988, 146.17637634277344, 12.96273422241211, 17.1991024017334, 14.664284706115723, 16.665245056152344, 20.915416717529297, 6.548002243041992, 20.026216506958008, 17.35604476928711, 6.4055938720703125, 10.52334976196289, 10.755204200744629, 12.386399269104004, 12.16099739074707, 9.784247398376465, 7.299428939819336, 12.134366989135742, 61.63031768798828, 9.380581855773926, 14.760663986206055, 11.152491569519043, 13.139683723449707, 14.251432418823242, 13.192279815673828, 151.9454803466797, 14.307368278503418, 18.836713790893555, 13.819225311279297, 15.269129753112793, 70.60594940185547, 13.775787353515625, 12.72262191772461, 17.737266540527344, 11.27120304107666, 156.03189086914062, 15.826241493225098, 12.184821128845215, 13.666391372680664, 14.295001029968262, 8.893570899963379, 9.495278358459473, 9.75095272064209, 16.655920028686523, 10.420991897583008, 10.458454132080078, 69.06822204589844, 16.974485397338867, 20.17847442626953, 10.801179885864258, 16.157730102539062, 15.914913177490234, 10.698502540588379, 19.24279022216797, 9.239484786987305, 9.986675262451172, 12.892145156860352, 57.85759353637695, 10.823248863220215, 8.177568435668945, 10.013056755065918, 7.328922748565674, 13.574224472045898, 17.276622772216797, 19.095699310302734, 15.277070999145508, 15.153470993041992, 11.352954864501953, 12.450054168701172, 12.706445693969727, 12.630309104919434, 14.56411075592041, 13.251225471496582, 16.050588607788086, 99.51548767089844, 13.948107719421387, 174.37661743164062, 12.211322784423828, 17.733797073364258, 25.049264907836914, 13.631112098693848, 11.690764427185059, 16.1395263671875, 17.420352935791016, 14.546209335327148, 13.707406044006348, 11.983972549438477, 11.399276733398438, 10.605428695678711, 7.778652191162109, 16.620412826538086, 16.85171890258789, 12.580767631530762, 16.191137313842773, 17.09640884399414, 18.891300201416016, 13.470888137817383, 10.803326606750488, 11.500395774841309, 15.931111335754395, 9.60435676574707, 9.08017635345459, 8.284852981567383, 11.134361267089844, 8.59559440612793, 14.25129508972168, 21.186187744140625, 9.557979583740234, 15.80058765411377, 14.11463451385498, 14.818359375, 11.329833984375, 11.190319061279297, 9.396126747131348, 11.719451904296875, 7.911411762237549, 99.89091491699219, 9.0604829788208, 12.733619689941406, 15.099004745483398, 8.782516479492188, 17.269201278686523, 12.774954795837402, 12.005599975585938, 15.257969856262207, 11.318198204040527, 13.711151123046875, 13.193222999572754, 15.411406517028809, 15.331262588500977, 11.500066757202148, 17.170337677001953, 17.862808227539062, 16.37472915649414, 18.551944732666016, 69.90491485595703, 16.596830368041992, 11.880049705505371, 13.286249160766602, 8.604336738586426, 10.471457481384277, 30.906003952026367, 142.56752014160156, 17.201684951782227, 8.219998359680176, 16.59625816345215, 15.997990608215332, 13.906306266784668, 15.736802101135254, 17.704195022583008, 10.45783805847168, 9.997023582458496, 16.32996368408203, 12.735727310180664, 17.035621643066406, 15.69328498840332, 15.263794898986816, 15.238964080810547, 13.855682373046875, 9.703929901123047, 11.29870319366455, 10.386795997619629, 9.663490295410156, 17.905149459838867]
Cosines similarity random samples
[-0.5551164150238037, 0.5431227087974548, -0.1894962340593338, 0.23321959376335144, -0.5089925527572632, -0.33064210414886475, -0.3504101634025574, -0.6077585220336914, 0.7592909336090088, -0.37362438440322876, 0.21128566563129425, 0.43967926502227783, 0.3733782172203064, 0.2765313684940338, -0.3908066749572754, 0.8495625257492065, 0.32301995158195496, -0.055733099579811096, -0.34547722339630127, -0.1480274200439453, 0.7049553394317627, -0.48553499579429626, 0.3766546845436096, -0.6052570343017578, -0.36436107754707336, -0.246183380484581, -0.09341039508581161, 0.07763835787773132, 0.536496639251709, -0.10403601080179214, -0.7467337846755981, -0.37020552158355713, 0.6569547057151794, 0.4196165204048157, 0.31351739168167114, 0.3983061909675598, -0.33915409445762634, 0.25568005442619324, -0.3138158917427063, 0.08753935247659683, -0.34511056542396545, 0.039109744131565094, 0.06755822151899338, -0.1291276216506958, -0.506269097328186, 0.6062358021736145, -0.1285330355167389, 0.4985451400279999, 0.08227263391017914, -0.2582634389400482, 0.36239898204803467, 0.06918008625507355, 0.13247957825660706, -0.16209644079208374, -0.4949451684951782, 0.3579038679599762, -0.220923513174057, -0.272357702255249, -0.6705449819564819, 0.542436957359314, 0.6509158611297607, 0.34232914447784424, 0.4676910638809204, -0.36008262634277344, -0.11169114708900452, -0.34411555528640747, -0.10988499224185944, -0.42925673723220825, 0.392736554145813, -0.28328973054885864, 0.7684234380722046, 0.16751399636268616, 0.4598296582698822, -0.066627636551857, 0.23200972378253937, 0.6536508798599243, -0.3980422616004944, -0.47750577330589294, 0.1856691986322403, -0.35114389657974243, -0.3040516972541809, -0.44000688195228577, -0.47386518120765686, 0.67132967710495, -0.3650248050689697, 0.5260217189788818, 0.32525569200515747, -0.6433472633361816, 0.07815824449062347, -0.2299070954322815, 0.3378661274909973, 0.3231703042984009, -0.5046120882034302, 0.711937427520752, 0.398745596408844, 0.06423525512218475, -0.3626442551612854, 0.17249175906181335, 0.6225849986076355, 0.5941581726074219, -0.23441000282764435, -0.03673449158668518, -0.515665590763092, -0.21091341972351074, -0.11688278615474701, 0.5782585144042969, 0.5488765239715576, -0.24792316555976868, 0.019050080329179764, 0.6940786838531494, 0.22787721455097198, -0.42069312930107117, -0.5748971700668335, 0.2650638222694397, 0.24126547574996948, -0.2815007269382477, -0.16480322182178497, 0.01615249365568161, -0.029119309037923813, 0.11169460415840149, 0.47940880060195923, 0.5543848276138306, -0.6293946504592896, 0.382371723651886, -0.648080050945282, 0.5405176877975464, 0.3537033200263977, 0.17920418083667755, -0.2515655755996704, 0.07567481696605682, -0.3745071291923523, -0.5279592871665955, -0.463005006313324, -0.5720129609107971, -0.7671644687652588, 0.42413729429244995, 0.6333849430084229, 0.01782514899969101, 0.24143895506858826, 0.25972598791122437, -0.4593765139579773, -0.5551761388778687, -0.6434304714202881, -0.8615444898605347, 0.3329334855079651, 0.40571829676628113, -0.4518735408782959, 0.5410287976264954, -0.5598607063293457, 0.1420145034790039, -0.825898289680481, 0.23758625984191895, 0.47849828004837036, -0.29440754652023315, -0.46605396270751953, -0.43630561232566833, 0.38893643021583557, 0.33867883682250977, -0.2561950087547302, 0.4904078245162964, 0.5820475816726685, 0.14098615944385529, 0.16401222348213196, 0.2964252233505249, -0.7234782576560974, -0.11572704464197159, 0.10284503549337387, 0.6863101720809937, -0.1380305141210556, 0.4965837597846985, -0.2580391764640808, -0.2085079401731491, -0.05525507777929306, 0.20325309038162231, 0.44220536947250366, 0.5075464844703674, -0.046984508633613586, 0.42794114351272583, 0.20854507386684418, 0.5847204923629761, -0.4373946785926819, 0.4993203580379486, -0.2345210164785385, 0.4922807812690735, -0.20396959781646729, -0.0056670308113098145, 0.46431824564933777, -0.1340169906616211, -0.04232748597860336, -0.6565966010093689, -0.24247275292873383, 0.5310055613517761, -0.584113597869873, -0.6435437202453613, -0.03249683976173401, 0.4728054404258728, 0.03537936136126518, -0.06830801069736481, 0.20095673203468323, 0.13817276060581207, 0.0691554993391037, -0.16491757333278656, 0.7181445360183716, 0.4421212673187256, 0.31958526372909546, 0.30265432596206665, 0.14476191997528076, -0.3143784999847412, -0.5342316627502441, -0.4252091646194458, 0.5356254577636719, 0.3687571585178375, 0.5500108599662781, 0.667118489742279, 0.34956094622612, -0.2687690854072571, -0.34583038091659546, 0.09384496510028839, -0.6250631213188171, -0.019799698144197464, -0.1605444848537445, 0.1528719663619995, 0.4271419048309326, -0.10081227123737335, -0.3289288878440857, -0.8678582310676575, 0.2539826035499573, -0.42042213678359985, 0.5853923559188843, -0.0547323152422905, 0.0762333944439888, 0.3595111668109894, 0.4928233027458191, -0.04695873707532883, -0.47203153371810913, 0.5961368083953857, 0.46915706992149353, -0.3236532509326935, -0.2873959243297577, 0.7874627709388733, 0.48045724630355835, -0.10544708371162415, 0.6582469940185547, -0.42943963408470154, -0.6482704877853394, -0.7341068983078003, -0.4745960533618927, -0.42537909746170044, -0.08394721150398254, 0.04108757898211479, 0.10425731539726257, -0.02078726887702942, 0.27483877539634705, 0.23928064107894897, 0.05100110545754433, 0.10320193320512772, -0.33286213874816895, 0.10908527672290802, -0.6937476396560669, -0.5897564888000488, -0.24048717319965363, -0.6875826120376587, -0.09012655913829803, 0.3256183862686157, -0.051578909158706665, -0.3850943446159363, -0.17769873142242432, -0.6727149486541748, 0.5418442487716675, -0.5136905908584595, -0.04712095111608505, 0.30605971813201904, -0.38588947057724, -0.5070474743843079, -0.49221381545066833, 0.32386863231658936, -0.2581265866756439, 0.3490167558193207, -0.6751376390457153, 0.44543227553367615, -0.5716317892074585, -0.286479651927948, 0.5957373976707458, 0.2999352812767029, -0.43341708183288574, -0.023696675896644592, -0.6987076997756958, -0.17879223823547363, -0.3219357132911682, -0.13369591534137726, 0.029065784066915512, 0.14978989958763123, -0.5659518241882324, -0.13677069544792175, -0.38203540444374084, -0.058219000697135925, -0.3895716071128845, 0.18460676074028015, 0.424257755279541, 0.07094651460647583, -0.010226063430309296, 0.2924751937389374, -0.041057392954826355, 0.7075455188751221, 0.6192213892936707, 0.17218124866485596, -0.8375197052955627, 0.06575208157300949, 0.5499528646469116, 0.04731065034866333, 0.8781285285949707, 0.45407038927078247, 0.7137885093688965, -0.11437036097049713, -0.21418048441410065, 0.7132377028465271, -0.14824992418289185, 0.17953675985336304, 0.2311304360628128, 0.32855212688446045, -0.674656867980957, -0.37464624643325806, 0.05393941327929497, 0.14452774822711945, 0.4419056177139282, -0.4450621008872986, 0.0874558687210083, 0.31416434049606323, 0.513261079788208, -0.46116358041763306, 0.5993252992630005, 0.6236838102340698, 0.4362049102783203, -0.233440563082695, 0.09097456932067871, 0.6435309648513794, -0.30881431698799133, 0.07370927929878235, 0.5633293390274048, 0.4928327798843384, 0.3823900818824768, 0.6397854089736938, 0.47513002157211304, -0.734732985496521, 0.3015376031398773, 0.4029639959335327, -0.013871021568775177, -0.27037984132766724, -0.7331916093826294, -0.22866304218769073, -0.3834608197212219, 0.3608551323413849, -0.3800513744354248, -0.2728448510169983, -0.3269590735435486, 0.05983413755893707, 0.297405481338501, 0.6522987484931946, -0.3147473931312561, 0.742093026638031, -0.2835836410522461, 0.046929314732551575, -0.4808642864227295, 0.024046802893280983, 0.6740850210189819, -0.34630313515663147, 0.5869206190109253, 0.07532773166894913, -0.07912445068359375, -0.7506324052810669, 0.10460186004638672, 0.23165825009346008, -0.5617924928665161, 0.3812338411808014, -0.4133508801460266, -0.05650600045919418, -0.29101842641830444, 0.5945369005203247, -0.07805980741977692, -0.15801730751991272, -0.4506402611732483, -0.06924894452095032, 0.5856432318687439, 0.04228540509939194, 0.4530200660228729, 0.5028359889984131, 0.7526606321334839, -0.5507582426071167, 0.1924082189798355, 0.33199650049209595, 0.3984486162662506, 0.5165529251098633, 0.1754874736070633, 0.3922942876815796, 0.39744266867637634, 0.4402022659778595, -0.6295230388641357, -0.31624889373779297, -0.3148416578769684, 0.008526582270860672, 0.7288339138031006, -0.2332080453634262, -0.13419407606124878, -0.3480876088142395, -0.6669926047325134, -0.5316765308380127, -0.543891966342926, 0.4220665991306305, 0.2054113745689392, 0.5926540493965149, 0.09569931030273438, -0.47067490220069885, 0.6234185695648193, -0.41365817189216614, -0.02408153936266899, -0.6497712731361389, -0.36063021421432495, -0.156679168343544, -0.44830870628356934, -0.23829221725463867, 0.2184273898601532, -0.46035587787628174, -0.6475176811218262, -0.5288426876068115, -0.3003794550895691, -0.06035597622394562, -0.35271185636520386, 0.4998399615287781, 0.04003550857305527, 0.06490856409072876, 0.16324162483215332, 0.2288089394569397, -0.653583288192749, 0.19172537326812744, 0.7539231181144714, 0.27656903862953186, 0.608031153678894, 0.2658643126487732, 0.0946839451789856, -0.038126878440380096, -0.665429949760437, 0.6494866609573364, 0.19032202661037445, 0.18216371536254883, 0.4942939877510071, 0.4414861500263214, 0.04572056978940964, 0.6282394528388977, 0.03980914503335953, -0.7548443675041199, 0.12778125703334808, 0.15791945159435272, 0.7157677412033081, 0.15731632709503174, -0.010099649429321289, -0.22106926143169403, 0.6580093502998352, -0.32502347230911255, -0.25546425580978394, 0.29735565185546875, -0.17221307754516602, -0.5840325355529785, 0.3059791922569275, 0.6427072286605835, -0.15754152834415436, 0.6371876001358032, -0.6158506870269775, -0.10929706692695618, 0.5091559886932373, 0.3757578730583191, -0.2899574339389801, 0.01928030699491501, -0.6479259133338928, 0.6133316159248352, -0.20007845759391785, -0.15079057216644287, -0.39664506912231445, -0.4862310290336609, 0.6424417495727539, -0.18937596678733826, 0.3712794780731201, 0.14996477961540222, 0.5606579780578613, 0.44695308804512024, 0.1932695358991623, 0.47595563530921936, -0.20372234284877777, 0.47628024220466614, 0.3550693690776825, -0.6194742918014526, -0.07091645151376724, 0.5116657018661499, -0.482766330242157, 0.35129421949386597, 0.208909809589386, 0.7143934369087219, 0.20253121852874756, 0.5883346796035767, 0.5749582052230835, -0.6807721257209778, -0.24485519528388977, 0.3914891481399536, -0.4036296606063843, 0.1889970600605011, -0.19250822067260742, 0.5523325204849243, -0.02851852774620056, -0.27199578285217285, -0.35351914167404175, -0.35051003098487854, -0.8222436308860779, 0.09306657314300537, 0.17037227749824524, -0.42425471544265747, 0.6561849117279053, 0.18847286701202393, 0.302814245223999, 0.03995141386985779, -0.1190386563539505, -0.10857747495174408, -0.6749653816223145, -0.8052497506141663, 0.4899750351905823, -0.5202971696853638, -0.2596510648727417, 0.41783779859542847, -0.29344093799591064, 0.7176272869110107, 0.1064261943101883, 0.21037742495536804, 0.48352524638175964, -0.06148296594619751, 0.6431341767311096, -0.04244808107614517, 0.2744058072566986, 0.3768517076969147, 0.13653403520584106, 0.03098612278699875, -0.2981449365615845, -0.0012530386447906494, -0.8012041449546814, -0.851479709148407, 0.25111472606658936, 0.5339266657829285, 0.6384168863296509, 0.03591097891330719, -0.00011418014764785767, -0.6223233938217163, 0.6827362179756165, 0.6258859634399414, 0.0622355155646801, 0.27815720438957214, 0.4544565677642822, 0.07050362229347229, -0.5019797086715698, -0.30970144271850586, 0.7261828780174255, 0.05673824995756149, 0.6123371124267578, -0.20562882721424103, -0.23913776874542236, -0.23283612728118896, 0.29984888434410095, -0.4686388373374939, 0.283169150352478, 0.13245104253292084, 0.4755347669124603, -0.10334677994251251, -0.5759333968162537, 0.1338673233985901, -0.635822594165802, 0.5444979667663574, 0.6471091508865356, 0.20902279019355774, -0.5703100562095642, 0.18669718503952026, 0.42795491218566895, 0.5132657289505005, -0.42988356947898865, -0.46142348647117615, -0.06332679092884064, 0.11285854876041412, 0.5787702798843384, -0.6825026273727417, -0.3670598864555359, 0.6833182573318481, 0.3568859100341797, -0.29955750703811646, -0.20511919260025024, -0.3150497078895569, 0.11089484393596649, 0.7415964603424072, -0.6507742404937744, -0.47189271450042725, 0.6238365173339844, 0.3885679244995117, 0.2855947017669678, -0.1635223776102066, 0.7997932434082031, -0.38182467222213745, -0.1135181188583374, -0.1545441746711731, -0.3114967346191406, 0.5700975656509399, 0.6627360582351685, 0.5017879009246826, 0.5314579010009766, -0.24253354966640472, -0.3475675582885742, -0.30824410915374756, -0.03225959092378616, 0.516146183013916, -0.6198428869247437, 0.4804670810699463, 0.1551234871149063, 0.16064342856407166, -0.5951477885246277, 0.3948839008808136, -0.28268134593963623, 0.12226439267396927, -0.3210650086402893, 0.609459400177002, -0.033847011625766754, -0.07223661243915558, -0.6247988939285278, 0.018180295825004578, 0.5974803566932678, 0.22698085010051727, 0.06468182802200317, 0.23343554139137268, 0.2309597283601761, 0.4709016680717468, 0.18075986206531525, -0.16467291116714478, 0.20498812198638916, 0.2870604395866394, -0.5950096845626831, 0.01431899331510067, -0.6331287026405334, -0.19668318331241608, 0.18872535228729248, 0.7262066602706909, 0.008211739361286163, -0.3127206563949585, 0.3631926476955414, -0.10000771284103394, 0.3666244149208069, -0.5639303922653198, 0.7229957580566406, -0.5164026021957397, -0.7371442317962646, 0.6236757636070251, 0.8019747734069824, -0.31920114159584045, 0.33789294958114624, 0.412600040435791, 0.3061479926109314, 0.48065879940986633, -0.3495958149433136, 0.5775949358940125, -0.30779752135276794, -0.7959561347961426, 0.03613821417093277, -0.01304636150598526, 0.6104369759559631, 0.6768850684165955, 0.43322107195854187, 0.10265359282493591, -0.4734588861465454, -0.005783148109912872, 0.2811088562011719, -0.14520341157913208, -0.24342770874500275, -0.2958196997642517, -0.3382870554924011, 0.2653779685497284, -0.44883105158805847, 0.6784725785255432, 0.10763858258724213, -0.3715159296989441, 0.25095880031585693, -0.25921133160591125, 0.36600229144096375, 0.24037252366542816, -0.657496452331543, 0.22651070356369019, -0.6191310286521912, -0.5813355445861816, -0.5167760252952576, 0.31402313709259033, -0.10849692672491074, 0.7431885004043579, 0.555658221244812, -0.532096803188324, 0.14221668243408203, -0.3665043115615845, 0.3237112760543823, -0.49167558550834656, -0.3843551278114319, 0.2774048447608948, 0.06741905957460403, 0.6356405019760132, -0.756190299987793, -0.09563711285591125, -0.05115930736064911, -0.06813322007656097, -0.23742717504501343, -0.7371083498001099, 0.16578933596611023, 0.5179566740989685, -0.7303418517112732, -0.27021682262420654, 0.1736309677362442, 0.13155598938465118, -0.3215968608856201, -0.44377365708351135, 0.8647966384887695, -0.38603830337524414, 0.636121928691864, 0.5668827295303345, 0.12159039825201035, 0.5938602089881897, -0.5394279360771179, 0.63249272108078, -0.07162635773420334, 0.07531772553920746, -0.11969073116779327, 0.3947826027870178, 0.6238254308700562, 0.5111353397369385, 0.23680700361728668, -0.14898830652236938, -0.06652551889419556, -0.20582088828086853, 0.62325119972229, 0.23354588449001312, 0.2113800346851349, 0.6288266181945801, -0.3426584005355835, -0.545508861541748, -0.3366937041282654, 0.5202600955963135, 0.08712662011384964, 0.0112842358648777, -0.3521164059638977, -0.6594706773757935, 0.45570531487464905, 0.361558735370636, 0.24371671676635742, 0.7434308528900146, 0.8017168045043945, 0.6493628025054932, 0.4026470184326172, -0.2631153464317322, 0.6254088878631592, 0.4904913008213043, 0.17608025670051575, -0.14456018805503845, 0.1253775656223297, -0.10075268894433975, 0.2935640811920166, -0.11458845436573029, -0.017196420580148697, 0.685303807258606, 0.26943933963775635, 0.1478079855442047, 0.358609676361084, -0.05566839128732681, -0.5235631465911865, 0.4089755415916443, 0.41249409317970276, -0.4842304587364197, -0.15460611879825592, 0.12190666794776917, -0.0604652464389801, 0.6105279922485352, 0.1490458846092224, -0.024973047897219658, -0.30455565452575684, -0.2155628502368927, -0.23668718338012695, 0.42174577713012695, -0.08625277131795883, 0.17935094237327576, -0.6659270524978638, 0.6888587474822998, 0.35889214277267456, -0.5233634114265442, 0.15668290853500366, -0.08345428109169006, 0.45463061332702637, -0.06308060139417648, 0.6488262414932251, 0.7463393211364746, -0.5142221450805664, 0.1164030060172081, 0.11133347451686859, -0.3036552965641022, 0.6371772289276123, 0.42143842577934265, 0.18878701329231262, 0.2883812189102173, 0.7065504193305969, 0.40191662311553955, 0.2763543426990509, 0.26087257266044617, -0.259799063205719, -0.4984264373779297, 0.48412883281707764, -0.28841784596443176, 0.43314599990844727, -0.5591767430305481, 0.09210897982120514, 0.3864525556564331, 0.8594474792480469, 0.15094242990016937, 0.6234723329544067, 0.3216691017150879, 0.08034942299127579, 0.6469103097915649, 0.4798300862312317, 0.3726920485496521, 0.18971343338489532, 0.4791931211948395, 0.7029441595077515, 0.1905543953180313, -0.14284661412239075, 0.6568138003349304, 0.30017030239105225, 0.7133638262748718, -0.21172431111335754, 0.5405932664871216, -0.08462187647819519, 0.34195032715797424, 0.3740384578704834, -0.6817284822463989, -0.6887969374656677, -0.42158982157707214, 0.702777624130249, 0.6436631679534912, 0.7084709405899048, -0.0095934197306633, -0.39858880639076233, 0.42844444513320923, -0.05154820531606674, 0.44806262850761414, 0.5885685682296753, 0.03468451648950577, 0.22186705470085144, -0.6335216760635376, 0.6200860738754272, 0.307313472032547, 0.21969929337501526, -0.1226816400885582, 0.06552599370479584, -0.14273753762245178, 0.4091796278953552, -0.6724343299865723, 0.8367977738380432, 0.6463664174079895, 0.5714184641838074, 0.09988380968570709, 0.45806464552879333, -0.5014464259147644, 0.5598922967910767, -0.494202196598053, -0.3281208276748657, -0.285833477973938, -0.02679205685853958, 0.41419529914855957, -0.42646801471710205, -0.036045610904693604, 0.027712121605873108, -0.6505404114723206, 0.6699644923210144, 0.5209923982620239, -0.5962927341461182, 0.165818452835083, -0.16488108038902283, -0.26046714186668396, -0.13846060633659363, 0.23994310200214386, 0.04528665542602539, -0.44209960103034973, 0.35812872648239136, -0.6215118169784546, 0.31554844975471497, 0.15715056657791138, 0.5221421718597412, -0.5814879536628723, 0.7594681978225708, -0.4736425578594208, -0.47754162549972534, -0.5536822080612183, -0.013869967311620712, -0.08290673792362213, -0.48699167370796204, 0.49767446517944336, 0.7788317203521729, 0.32957732677459717, -0.49936866760253906, 0.13828304409980774, 0.6322410106658936, 0.5822545289993286, -0.517327070236206, 0.13307814300060272, 0.7101430892944336, 0.2830905318260193, -0.3166055381298065, 0.6588292121887207, 0.5286487340927124, -0.37548160552978516, -0.6215296983718872, -0.5168388485908508, 0.6255560517311096, 0.05286134034395218, -0.20161257684230804, -0.7381755113601685, 0.2837996482849121, -0.28152650594711304, -0.15994584560394287, 0.3503112494945526, -0.031117506325244904, -0.25136998295783997, -0.15661582350730896, -0.2387855350971222, 0.4077109098434448, 0.19560113549232483, -0.1198875680565834, 0.7625753283500671, 0.5242247581481934, 0.06117798760533333, -0.08822512626647949, -0.21652139723300934, -0.5892634987831116, 0.1757669299840927, 0.10873076319694519, 0.638911247253418, 0.6656396389007568, -0.6704059839248657, 0.2856699824333191, 0.19616389274597168, -0.13952462375164032, -0.21954411268234253, -0.4825190305709839, -0.2694256901741028, 0.010809207335114479, -0.6495811939239502, 0.15421581268310547, 0.3521800637245178, 0.1616882085800171, -0.6486766338348389, 0.1248447597026825, 0.48552417755126953, -0.7024483680725098, -0.2624262273311615, 0.09543398767709732, 0.4543524384498596, 0.5346729755401611, 0.7260339856147766, -0.2847908139228821, -0.2211645543575287, -0.7923600077629089, 0.3688708543777466, 0.626325249671936, 0.2401961088180542, 0.5960589647293091, -0.6076678037643433, 0.7768115401268005, -0.5006258487701416, 0.7190970778465271, -0.4234282672405243, 0.24493320286273956, 0.14961761236190796, -0.566818118095398, 0.35509681701660156, 0.18971209228038788, 0.09037524461746216, 0.370928019285202, -0.00019270926713943481, -0.5200414657592773, -0.11253535002470016, 0.12909826636314392, 0.03029600903391838, 0.043159693479537964, -0.469712495803833, -0.21065056324005127, 0.07223478704690933, 0.1634683459997177, 0.4007978141307831, 0.10969332605600357, -0.5604958534240723, -0.043500084429979324, -0.2110893726348877, -0.28219807147979736, 0.6444697976112366, 0.2861381769180298, 0.49826210737228394, 0.6344506144523621, -0.19591103494167328, 0.5944420099258423, 0.1375066488981247, 0.3010707199573517, 0.1668894737958908, 0.3902714252471924, 0.07696737349033356, 0.16444316506385803, 0.5861690044403076, 0.21973419189453125, -0.3274174928665161, 0.2590992748737335, -0.09518273174762726, -0.06170712411403656, 0.005777508020401001, 0.6287716627120972, 0.7236803770065308, 0.011596564203500748, -0.528144121170044, -0.27514004707336426, -0.2700565457344055, 0.5490339398384094, -0.3827415704727173, -0.1493896245956421, -0.011335127055644989, 0.33825135231018066, 0.4343400001525879, 0.11584047973155975, 0.5453152656555176, 0.559539258480072, 0.3992769122123718, -0.6525188684463501, 0.4875999093055725, -0.267330527305603, 0.5239803791046143, 0.692116916179657, 0.4292757511138916, 0.6508340835571289, 0.49144595861434937, -0.22961542010307312, 0.4603084325790405, -0.2683979570865631, -0.4916931092739105, -0.8422200679779053, -0.7270864248275757, 0.3962283730506897, 0.2868313789367676, 0.1200791522860527, -0.28664731979370117, 0.7856594324111938, -0.3592504858970642, -0.21826449036598206, -0.5306812524795532, 0.41925621032714844, -0.549881637096405, -0.1555064171552658, 0.5589375495910645, 0.28479140996932983, -0.3171592950820923, 0.18517887592315674, 0.6172635555267334, -0.042263470590114594, -0.08463136851787567, -0.01323603093624115, -0.35040682554244995, 0.6254844665527344, -0.20849013328552246, 0.006911423057317734, -0.16320043802261353, -0.5317041873931885, 0.7348328828811646, 0.11454860121011734, -0.25265058875083923, 0.4567953050136566, -0.2868020832538605, -0.2562963366508484, -0.553868293762207, 0.6930059790611267, -0.548508882522583, 0.44915440678596497, -0.5333277583122253, -0.38638362288475037, -0.8460304141044617, 0.3897884488105774, 0.4464605450630188, -0.42993783950805664, 0.6984972357749939, -0.4118444323539734, -0.6679427623748779, 0.29802918434143066, 0.39368271827697754, -0.005743689835071564, 0.27611473202705383, -0.6268508434295654, 0.08707103133201599, 0.00939178466796875, 0.5225816369056702, 0.16642574965953827, -0.19382941722869873, -0.6420964002609253, 0.2342958003282547, -0.35754692554473877, 0.1728450208902359, -0.19449719786643982, -0.17839451134204865, -0.741733968257904, 0.1154288798570633, 0.6715007424354553, 0.4835923910140991, 0.2920338809490204, 0.22738677263259888, -0.18535420298576355, 0.3357040286064148, -0.059295229613780975, -0.17469975352287292, -0.1588999330997467, -0.2373831570148468, 0.20062702894210815, 0.2053367793560028, -0.45960694551467896, -0.1278790384531021, 0.5764552354812622, -0.7367745637893677, -0.07366962730884552, 0.43045708537101746, 0.007282517850399017, -0.48430347442626953, 0.3953488767147064, 0.2956131100654602, 0.5637702941894531, -0.09311401844024658, -0.25060880184173584, -0.43747106194496155, 0.14504073560237885, -0.2501581013202667, -0.5912870168685913, 0.09502813220024109, 0.1080213114619255, 0.6181185245513916, -0.5078902840614319, -0.18632027506828308, -0.39799708127975464, -0.3909343481063843, 0.7038889527320862, -0.09718451648950577, 0.6374554634094238, -0.2936845123767853, 0.36409473419189453, 0.5764083862304688, 0.47909635305404663, 0.3643725514411926, 0.6812857389450073, 0.35189974308013916, -0.08774387091398239, 0.5309383869171143, -0.6434150338172913, 0.6146773099899292, -0.1597355455160141, -0.06302196532487869, -0.11974722146987915, 0.1096753180027008, 0.35258015990257263, -0.4464595913887024, 0.5918632745742798, 0.019624382257461548, 0.21848124265670776, 0.5292743444442749, -0.4338209927082062, 0.510675847530365, -0.23799020051956177, 0.2311171293258667, 0.2402767837047577, -0.525539219379425, -0.4428485035896301, -0.46519482135772705, 0.04490533471107483, 0.05727509409189224, 0.1657978892326355, -0.4749760627746582, 0.6648838520050049, -0.15397712588310242, 0.5549967885017395, 0.38676851987838745, -0.08718006312847137, -0.01570388302206993, -0.5761054158210754, 0.6477221846580505, -0.19773492217063904, -0.500952422618866, 0.37539902329444885, -0.80657559633255, -0.46906810998916626, 0.18249160051345825, -0.552535891532898, 0.6919811964035034, 0.20063534379005432, 0.1339293122291565, 0.008197225630283356, 0.7704476118087769, 0.21662959456443787, 0.4038698673248291, -0.5905904769897461, -0.04738769307732582, 0.27590855956077576, -0.5527565479278564, -0.05083669722080231, 0.06195765733718872, -0.20128265023231506, -0.32827696204185486, 0.7097371816635132, -0.12054728716611862, 0.6745947003364563, -0.20826461911201477, 0.18745316565036774, 0.5931850671768188, -0.1726049780845642, 0.6500959396362305, 0.5540553331375122, -0.26328256726264954, -0.4706287384033203, -0.38796573877334595, -0.7045419216156006, 0.47165146470069885, 0.7504990696907043, 0.015766527503728867, -0.26357027888298035, 0.38350895047187805, 0.4285579025745392, 0.48900336027145386, -0.4579733610153198, -0.4100693464279175, 0.7290533781051636, -0.32457369565963745, -0.3331897556781769, 0.4167520999908447, 0.5208730697631836, -0.6334571838378906, -0.415697306394577, 0.5661448240280151, -0.2196573168039322, 0.3068413734436035, -0.6563117504119873, 0.1572217345237732, -0.3886294960975647, -0.20891737937927246, 0.6741480231285095, 0.6608703136444092, 0.6404662728309631, 0.8529770970344543, -0.10346319526433945, -0.44174498319625854, -0.27392157912254333, -0.028899915516376495, -0.49246323108673096, -0.13650783896446228, -0.6826084852218628, 0.3952973783016205, -0.09455090761184692, -0.1555890291929245, 0.6825436353683472, 0.548551082611084, 0.5499677658081055, -0.36507344245910645, 0.04938516765832901, -0.42426827549934387, -0.6827044486999512, -0.3903277814388275, -0.33078262209892273, 0.16825099289417267, 0.1289396733045578, -0.10061361640691757, -0.4196662902832031, -0.2662956714630127, -0.27475106716156006, 0.6192499399185181, 0.25072553753852844, -0.26499658823013306, 0.25977033376693726, -0.24944740533828735, 0.6412441730499268, -0.5671286582946777, -0.6612876653671265, 0.2150263488292694, -0.027371525764465332, 0.26580366492271423, 0.5822359919548035, -0.2745876908302307, -0.22076624631881714, -0.078367218375206, 0.07762251794338226, 0.6062544584274292, -0.30136221647262573, 0.6626726984977722, 0.43961572647094727, 0.5005102157592773, -0.5061905384063721, 0.22030788660049438, -0.49550601840019226, 0.33600398898124695, -0.5380917191505432, -0.2096203863620758, -0.8383868932723999, -0.1305115818977356, -0.06196150928735733, 0.2897467017173767, 0.4871417284011841, -0.44647395610809326, 0.2609637677669525, -0.13900285959243774, -0.2097390592098236, 0.17396214604377747, 0.1439283788204193, 0.5878737568855286, 0.008018538355827332, -0.23386801779270172, 0.24971628189086914, -0.2692756950855255, 0.17206165194511414, 0.1660970002412796, 0.06504981219768524, 0.5909773707389832, 0.17644433677196503, 0.4436168372631073, -0.4056799113750458, 0.6335357427597046, 0.4521360695362091, -0.14737163484096527, -0.8310943841934204, 0.6122165322303772, -0.08598633110523224, 0.45618492364883423, 0.12884308397769928, -0.14703111350536346, -0.31805068254470825, 0.09822256863117218, 0.35876166820526123, 0.1624407321214676, 0.2984529137611389, -0.3574230372905731, -0.6807292103767395, 0.06419914960861206, -0.577317476272583, -0.15707901120185852, -0.5155011415481567, -0.5204200744628906, 0.02188684791326523, 0.23579558730125427, 0.49008089303970337, 0.12311593443155289, 0.3231320381164551, 0.3370903432369232, 0.37931162118911743, 0.163944810628891, -0.33861082792282104, 0.13774970173835754, 0.24173328280448914, -0.08617854118347168, -0.21487805247306824, -0.36263173818588257, -0.031316205859184265, 0.18907468020915985, -0.8779380917549133, -0.7241313457489014, 0.532397985458374, -0.11513324826955795, 0.7957127094268799, 0.13813844323158264, -0.21923014521598816, 0.3605842590332031, 0.017183147370815277, -0.05812535062432289, -0.13776567578315735, 0.5063464045524597, -0.11000411212444305, 0.842949390411377, 0.17516754567623138, -0.10999233275651932, 0.5903467535972595, -0.12910307943820953, -0.25958505272865295, -0.01849507912993431, -0.10792739689350128, -0.26445257663726807, 0.5875166654586792, -0.42418843507766724, -0.2746368646621704, -0.5581849813461304, 0.7702425718307495, 0.373915433883667, -0.43082547187805176, -0.33710744976997375, 0.03388465195894241, -0.45938920974731445, 0.20362471044063568, 0.4398729205131531, 0.08430169522762299, 0.17913538217544556, -0.7368029356002808, -0.10938926041126251, 0.3943716883659363, 0.407375305891037, 0.10904538631439209, 0.5158836245536804, 0.3001839518547058, -0.21648211777210236, -0.4083724021911621, 0.5708760023117065, 0.018080003559589386, 0.379136860370636, 0.6866737008094788, -0.5061949491500854, -0.05481196939945221, 0.25849801301956177, 0.7837107181549072, -0.19268183410167694, -0.23565155267715454, -0.07823584973812103, -0.6457923650741577, -0.47528234124183655, 0.7722388505935669, 0.42698633670806885, -0.5177450180053711, 0.04916689544916153, -0.7093236446380615, -0.12213559448719025, 0.48790204524993896, -0.507229208946228, 0.6224650740623474, 0.07894095778465271, 0.04773929715156555, -0.8727734088897705, 0.44286513328552246, 0.5147374272346497, 0.3608786463737488, -0.3548890948295593, 0.24284124374389648, -0.1345117688179016, 0.22428256273269653, -0.2876991629600525, -0.6158524751663208, -0.6483665704727173, -0.12093088030815125, -0.3025597035884857, -0.5565532445907593, -0.6854402422904968, 0.5503331422805786, 0.49997007846832275, 0.024781573563814163, 0.14411130547523499, 0.1331077218055725, -0.47967517375946045, -0.47018635272979736, 0.3952648639678955, -0.26844850182533264, -0.49510717391967773, 0.1354721486568451, -0.4446582496166229, 0.2470560371875763, 0.5842140913009644, -0.2445429563522339, 0.08650173991918564, 0.49879008531570435, 0.5536839365959167, 0.013766981661319733, 0.8315150141716003, -0.42746931314468384, 0.020263992249965668, -0.49968045949935913, -0.12006567418575287, 0.63381427526474, 0.26279395818710327, -0.29353585839271545, 0.41810423135757446, -0.41716301441192627, 0.6368506550788879, 0.37998098134994507, 0.4077906608581543, 0.6724997758865356, 0.7302454710006714, 0.3267722725868225, -0.5184439420700073, 0.8030424118041992, -0.04755401238799095, -0.5365482568740845, -0.24879266321659088, 0.32275596261024475, 0.18014800548553467, 0.6194831132888794, -0.28837311267852783, -0.2184165120124817, 0.7344118356704712, -0.3963843584060669, 0.5336588025093079, -0.6300146579742432, 0.13546982407569885, -0.46178489923477173, -0.0814005434513092, 0.5068319439888, -0.5672339200973511, 0.6945804953575134, -0.1650795340538025, -0.30553489923477173, 0.3168151378631592, 0.6612871289253235, -0.6134673357009888, 0.6209297776222229, 0.16956888139247894, -0.5605577230453491, 0.2025052011013031, -0.5881882309913635, 0.2334250509738922, 0.558229923248291, 0.6247109174728394, 0.3578433692455292, 0.4741511642932892, -0.41771990060806274, -0.25012797117233276, -0.28661948442459106, 0.38363757729530334, 0.6456620097160339, 0.04458671063184738, 0.6536765694618225, 0.15446215867996216, -0.3928905427455902, 0.49826449155807495, 0.39644697308540344, 0.41499125957489014, -0.4449177384376526, -0.5083589553833008, 0.20303934812545776, 0.7047697305679321, 0.2529982328414917, -0.0966162234544754, 0.49483242630958557, -0.48694610595703125, -0.48788121342658997, -0.5899481773376465, 0.5081348419189453, -0.04055294394493103, 0.45174163579940796, -0.2876671552658081, 0.5787230730056763, -0.3322151303291321, 0.8422259092330933, 0.6051009893417358, -0.379930317401886, 0.7420255541801453, -0.5148252248764038, -0.5615074634552002, -0.10559564083814621, -0.5386298894882202, 0.2159048169851303, -0.29377177357673645, 0.4171001613140106, -0.3593462109565735, 0.2246333658695221, -0.5915141105651855, 0.07306167483329773, -0.7481845617294312, -0.05806288123130798, 0.8387953042984009, 0.05060026794672012, -0.528347373008728, 0.3306760787963867, 0.5428400635719299, 0.28870153427124023, -0.07112107425928116, -0.3499714136123657, 0.5509670972824097, -0.6011438369750977, -0.4542667865753174, -0.35494983196258545, 0.5020608305931091, 0.30043870210647583, 0.5036078691482544, 0.48296067118644714, -0.1771637201309204, 0.4940689206123352, 0.3117709159851074, 0.2238774597644806, 0.2833271622657776, -0.27191317081451416, -0.0731629729270935, 0.46082836389541626, -0.46472442150115967, 0.5878071784973145, 0.1167813092470169, 0.581743597984314, 0.4776228368282318, 0.18062791228294373, -0.47361457347869873, 0.14956749975681305, 0.6901761889457703, 0.7571883201599121, -0.5834121704101562, 0.1510392427444458, -0.06901773810386658, -0.40081238746643066, 0.6300469636917114, 0.1255965530872345, 0.34327030181884766, -0.3010355830192566, 0.23662713170051575, -0.530056893825531, 0.7166787981987, -0.47421011328697205, -0.04792390018701553, 0.6365774869918823, -0.4549667239189148, -0.5578289031982422, -0.06502976268529892, 0.030900010839104652, -0.10115259140729904, -0.30935224890708923, -0.35225415229797363, -0.4238893985748291, 0.5572662353515625, 0.04759329557418823, -0.47460052371025085, 0.04100949317216873, 0.2611768841743469, -0.3203684985637665, -0.2594482898712158, -0.28617584705352783, 0.012997925281524658, 0.5270618796348572, -0.482520192861557, -0.31678736209869385, 0.4117334187030792, 0.40847596526145935, -0.39241886138916016, 0.5351591110229492, -0.5196629762649536, 0.5654327869415283, 0.11680792272090912, 0.01106107234954834, -0.21405468881130219, 0.6010117530822754, -0.4266851246356964, -0.2418336719274521, 0.5883557796478271, 0.39669597148895264, 0.14906680583953857, -0.5058819055557251, -0.08829616010189056, 0.12441200762987137, 0.31532278656959534, -0.6030313968658447, -0.23451104760169983, -0.30027931928634644, -0.6064538955688477, 0.29699963331222534, 0.31952348351478577, 0.5887105464935303, 0.6312766671180725, -0.5012009143829346, 0.18696004152297974, -0.6107693910598755, 0.3368097245693207, 0.15430670976638794, 0.08374074101448059, 0.12115952372550964, -0.4699011445045471, 0.37357741594314575, -0.3137643039226532, -0.457146018743515, -0.39868801832199097, 0.3172236979007721, 0.6108767986297607, -0.5555013418197632, 0.002084076404571533, 0.4409278631210327, -0.3500799238681793, -0.05774983763694763, 0.44765350222587585, 0.755993127822876, 0.30613675713539124, -0.5513013601303101, 0.03519805520772934, -0.2077210247516632, -0.10683685541152954, 0.013203755021095276, -0.18495362997055054, 0.3640695810317993, -0.05647968500852585, -0.2815328538417816, 0.5072647333145142, 0.4467058777809143, 0.657988965511322, 0.5737507343292236, 0.06937491148710251, 0.5102760791778564, -0.7021249532699585, -0.3698002099990845, 0.8048052191734314, -0.0414264090359211, 0.14889074862003326, 0.7399777770042419, -0.05420490354299545, -0.36273396015167236, -0.042302995920181274, 0.22186172008514404, 0.17280179262161255, -0.0652294009923935, 0.35617595911026, 0.38114190101623535, 0.8683451414108276, -0.011167246848344803, 0.1181149035692215, -0.1351443976163864, -0.6200380325317383, -0.26784786581993103, -0.30929362773895264, -0.41586941480636597, 0.32147786021232605, -0.45741716027259827, 0.2724679708480835, 0.6066979765892029, -0.4046793282032013, -0.34143805503845215, -0.5399107933044434, -0.5632943511009216, -0.48718681931495667, -0.6595543622970581, -0.37884876132011414, -0.012349285185337067, 0.31119877099990845, -0.4381529688835144, -0.3411506712436676, -0.8153470158576965, 0.4311533272266388, 0.25730788707733154, 0.10134224593639374, -0.05677041411399841, 0.050533730536699295, 0.4104430675506592, 0.34803664684295654, -0.21120020747184753, -0.3540218770503998, 0.5835189819335938, -0.08010037243366241, 0.07124456763267517, 0.3354761302471161, -0.3566513657569885, 0.2363269329071045, -0.792146623134613, -0.25670790672302246, 0.1332273781299591, 0.07089735567569733, -0.6244118809700012, 0.2832258939743042, -0.23968809843063354, -0.6208997964859009, -0.21174204349517822, -0.6621658205986023, -0.7855935096740723, -0.2928028702735901, -0.08764232695102692, 0.14435282349586487, 0.5858851075172424, 0.2242259681224823, -0.4899660050868988, 0.11805245280265808, 0.11758372187614441, -0.5914281010627747, 0.19495023787021637, -0.13144482672214508, -0.044705476611852646, -0.13047808408737183, 0.23741866648197174, -0.1534436196088791, -0.00852152705192566, 0.2736402750015259, 0.45243149995803833, 0.005225703120231628, -0.24603594839572906, -0.463720440864563, 0.4684162139892578, -0.0213009063154459, -0.39260172843933105, 0.19455137848854065, 0.5853248834609985, -0.010383114218711853, 0.31037935614585876, -0.7708271741867065, 0.49993112683296204, -0.006317257881164551, -0.8543012738227844, -0.03974546492099762, 0.5685523748397827, 0.19471332430839539, -0.39793330430984497, 0.30303409695625305, -0.63365638256073, 0.059179387986660004, 0.3541419506072998, -0.5827190279960632, -0.4264530539512634, 0.5040576457977295, 0.18205216526985168, 0.5172067880630493, -0.44615453481674194, 0.5944279432296753, 0.1543186753988266, -0.17998605966567993, 0.46200478076934814, 0.5846998691558838, 0.6382958889007568, 0.4378589987754822, 0.17363588511943817, -0.4981599748134613, 0.7327078580856323, -0.3780680298805237, 0.09656542539596558, 0.6266076564788818, -0.49464187026023865, 0.3328287601470947, 0.48900437355041504, -0.4891577959060669, 0.5081027746200562, -0.7232437133789062, 0.37099871039390564, 0.6306077837944031, -0.3816227316856384, -0.676814079284668, 0.5941324830055237, -0.3430144190788269, -0.5505111217498779, 0.16987748444080353, 0.8570051193237305, 0.5902396440505981, -0.11070461571216583, -0.6502951383590698, -0.020196951925754547, 0.35379356145858765, -0.5828776359558105, 0.3000216484069824, 0.4414091110229492, 0.5445997714996338, -0.10428217798471451, -0.22446680068969727, -0.40461257100105286, -0.28838327527046204, -0.5075881481170654, 0.7943080067634583, -0.6134331822395325, -0.4304197430610657, 0.8087302446365356, 0.3799329996109009, 0.3621194362640381, 0.05633986368775368, -0.05740511417388916, 0.5054540038108826, 0.7355318069458008, -0.017681993544101715, 0.2991463243961334, 0.5593129992485046, -0.39603301882743835, 0.19825635850429535, 0.027240190654993057, -0.17870765924453735, -0.16569286584854126, -0.5210141539573669, 0.1407538652420044, -0.6822222471237183, 0.1265304684638977, -0.25957900285720825, 0.35785385966300964, -0.18762990832328796, -0.00926366075873375, 0.08498317003250122, 0.3194717466831207, -0.6372761726379395, -0.5344883799552917, 0.07741261273622513, -0.1867285966873169, -0.16831879317760468, 0.5789171457290649, 0.5219020843505859, 0.4348348379135132, -0.15970900654792786, 0.3275426924228668, 0.42635107040405273, -0.7083945274353027, 0.12076267600059509, -0.7623755931854248, 0.295906662940979, -0.5350546836853027, -0.37714827060699463, 0.40543538331985474, -0.7313274145126343, 0.5244053602218628, 0.41259586811065674, -0.11557629704475403, -0.3568155765533447, 0.31415441632270813, 0.6506936550140381, 0.4446355998516083, 0.7334299087524414, -0.06748095154762268, -0.6586675047874451, -0.7116654515266418, 0.0899706780910492, 0.003193298354744911, 0.1941847801208496, 0.04785660654306412, 0.25148969888687134, 0.1161273792386055, -0.07066871970891953, -0.03277583792805672, -0.4263356924057007, -0.6708375215530396, -0.3779849410057068, 0.32187986373901367, 0.21324506402015686, -0.5454637408256531, 0.5027275085449219, 0.069174624979496, 0.1521676480770111, 0.3057343363761902, -0.10525383055210114, -0.3327561020851135, -0.05562293156981468, 0.08388428390026093, 0.3949194550514221, 0.3533017337322235, 0.6920590400695801, -0.07865823060274124, -0.3881678283214569, 0.0993848517537117, -0.6631761789321899, -0.5427716970443726, -0.5040380358695984, -0.06300538778305054, 0.6287851333618164, 0.5130148530006409, -0.11384543776512146, 0.4601300358772278, 0.5373806953430176, 0.6384541988372803, 0.3041989803314209, 0.6032022833824158, -0.22492726147174835, 0.2351684272289276, 0.49024760723114014, -0.45888638496398926, 0.01856665313243866, 0.35222309827804565, 0.10208766162395477, 0.37678655982017517, 0.5044018030166626, 0.1352696567773819, 0.6782475113868713, -0.8084552884101868, 0.5783311128616333, -0.06263165175914764, -0.45314833521842957, 0.5799761414527893, -0.7049124836921692, 0.059304289519786835, 0.19988955557346344, -0.04451113939285278, 0.2591642141342163, -0.18342435359954834, 0.1578344702720642, -0.2815653085708618, -0.2795838713645935, 0.1582449972629547, -0.529803454875946, 0.8512650728225708, -0.345798522233963, -0.4941768944263458, -0.5662809610366821, -0.22737888991832733, 0.1889122873544693, -0.07996584475040436, 0.7447681427001953, 0.43139147758483887, 0.3904387056827545, 0.3251045048236847, -0.4916127324104309, 0.6621476411819458, -0.5147144794464111, -0.20390522480010986, -0.08111593127250671, -0.5718218088150024, -0.5935474038124084, 0.3585343360900879, 0.394500732421875, -0.45633235573768616, 0.13517910242080688, -0.6999507546424866, -0.3071599006652832, -0.12553727626800537, -0.32503488659858704, 0.0943993330001831, 0.48979246616363525, 0.2852022051811218, 0.39569568634033203, 0.475860595703125, -0.6529228091239929]
