sample name: ['Cc1ccc(CCNC(=O)NCCc2csc(N3CCCC3)n2)c(C)c1']
atom_index,distance,cosine_similarity
0,-1.124962158203125,0.06935609184205532
1,-0.972200927734375,0.11830807520076632
2,-0.586815185546875,-0.09572177171707154
3,-0.456595458984375,0.07977914903312922
4,0.535577392578125,-0.06704607529565693
5,-0.19181396484375,0.03503648994490504
6,-2.37779541015625,0.06414730027318001
7,0.00483642578125,0.041169369351118805
8,-0.86461669921875,0.05069357881322503
9,-0.90067626953125,0.1259310281276703
10,-2.06848388671875,0.05398371428251267
11,-1.174521484375,0.11201120257377624
12,-1.075032958984375,0.16667415207251907
13,-2.61450927734375,0.1369941572472453
14,-1.537838134765625,0.12331466557458043
15,-1.314935302734375,0.1543262410070747
16,0.82557861328125,-0.0916884171590209
17,-0.1898779296875,-0.0251927375420928
18,0.282197265625,-0.03706169888377189
19,-0.87316650390625,0.0862741246446967

Sum of phi values for distance
-16.67565185546875
Sum of phi values for cosine similarity
1.1012886393908412
Average distance random samples:
23.729493906497954
Average cosine similarity random samples:
0.014303179556503893
Distances random samples
[14.71999740600586, 10.548375129699707, 11.407191276550293, 140.79592895507812, 13.092026710510254, 14.467935562133789, 93.12088012695312, 14.980152130126953, 15.999651908874512, 13.614033699035645, 15.097846984863281, 9.861039161682129, 13.259366989135742, 12.525659561157227, 11.391794204711914, 15.16104793548584, 12.533424377441406, 14.462264060974121, 14.542961120605469, 14.26591682434082, 15.709348678588867, 15.40103530883789, 11.681118965148926, 13.848834037780762, 50.291236877441406, 18.587997436523438, 11.861048698425293, 9.801051139831543, 7.61702299118042, 20.473011016845703, 17.247997283935547, 11.137353897094727, 7.634848594665527, 17.1367244720459, 18.478395462036133, 9.5315523147583, 52.40456008911133, 13.617409706115723, 14.834126472473145, 14.623854637145996, 17.449098587036133, 9.318342208862305, 17.86206817626953, 9.124211311340332, 13.978387832641602, 11.526054382324219, 15.5285062789917, 14.614395141601562, 13.1687593460083, 12.058761596679688, 15.841514587402344, 10.999039649963379, 19.732118606567383, 7.674352169036865, 14.139092445373535, 11.431943893432617, 8.022725105285645, 10.565461158752441, 11.180095672607422, 8.34392261505127, 40.422569274902344, 9.469226837158203, 19.699621200561523, 10.976840019226074, 75.68738555908203, 13.97721004486084, 10.302718162536621, 16.689319610595703, 16.096139907836914, 10.807132720947266, 9.856072425842285, 13.290032386779785, 12.767232894897461, 21.180753707885742, 8.034791946411133, 12.533467292785645, 9.465353012084961, 16.469640731811523, 12.222770690917969, 9.81585693359375, 13.143553733825684, 8.146612167358398, 16.415504455566406, 12.724149703979492, 12.44782829284668, 9.075505256652832, 11.623835563659668, 8.557827949523926, 10.929704666137695, 12.36567497253418, 148.45945739746094, 9.041149139404297, 10.709647178649902, 17.05813217163086, 147.98696899414062, 10.186101913452148, 170.5135498046875, 12.628527641296387, 12.654779434204102, 15.902229309082031, 13.722297668457031, 18.029510498046875, 12.321358680725098, 10.999604225158691, 15.179551124572754, 11.89278793334961, 15.874929428100586, 14.221670150756836, 15.62308406829834, 12.868578910827637, 16.897262573242188, 9.046834945678711, 23.335750579833984, 9.993497848510742, 14.321986198425293, 10.825149536132812, 13.124297142028809, 11.674459457397461, 20.82091522216797, 49.27478790283203, 18.051877975463867, 9.078282356262207, 132.42324829101562, 10.24713134765625, 16.16090202331543, 9.085896492004395, 17.06782341003418, 62.46985626220703, 18.206890106201172, 15.757147789001465, 16.80220603942871, 11.913132667541504, 15.101040840148926, 11.741228103637695, 10.087058067321777, 15.429452896118164, 16.477069854736328, 16.229389190673828, 15.9793119430542, 12.961237907409668, 16.186153411865234, 7.21558952331543, 10.832657814025879, 55.47695541381836, 11.141327857971191, 13.774492263793945, 23.73701286315918, 14.06247329711914, 16.72394561767578, 15.861101150512695, 115.5008773803711, 20.88558006286621, 16.089935302734375, 12.808662414550781, 9.79100513458252, 10.693290710449219, 7.214863300323486, 7.761467456817627, 12.486554145812988, 48.58342361450195, 49.00232696533203, 14.51951789855957, 15.741817474365234, 12.850990295410156, 49.64362335205078, 14.652161598205566, 17.933794021606445, 69.59453582763672, 12.57103443145752, 12.4978609085083, 6.389120101928711, 12.791367530822754, 8.908528327941895, 12.891483306884766, 9.601912498474121, 11.034680366516113, 7.384710311889648, 11.48045539855957, 16.367860794067383, 11.573436737060547, 10.538395881652832, 14.924826622009277, 8.120471000671387, 10.815786361694336, 22.934490203857422, 17.199203491210938, 18.66810417175293, 18.61280632019043, 13.687118530273438, 13.526140213012695, 18.076251983642578, 115.49723815917969, 60.77602767944336, 13.36124038696289, 15.816661834716797, 10.625452041625977, 10.9058256149292, 14.05830192565918, 194.16983032226562, 14.205706596374512, 62.200660705566406, 16.699853897094727, 15.001524925231934, 147.90965270996094, 11.164813995361328, 8.058487892150879, 6.654545783996582, 110.6094970703125, 16.896137237548828, 8.790764808654785, 49.11350631713867, 12.653740882873535, 16.295852661132812, 16.93761444091797, 16.211393356323242, 14.33027172088623, 15.681230545043945, 12.115903854370117, 62.50137710571289, 63.80253982543945, 9.165931701660156, 13.271425247192383, 15.288368225097656, 13.868480682373047, 16.645336151123047, 75.97215270996094, 45.81208038330078, 9.944892883300781, 16.67681121826172, 15.711481094360352, 17.135644912719727, 18.950990676879883, 8.125171661376953, 12.02261734008789, 10.031726837158203, 33.78495407104492, 9.853615760803223, 13.402910232543945, 116.39453887939453, 14.116754531860352, 21.4664363861084, 18.181821823120117, 40.533103942871094, 143.0896759033203, 10.355238914489746, 9.644489288330078, 11.981180191040039, 8.524386405944824, 17.953264236450195, 102.33709716796875, 137.7126007080078, 17.65081787109375, 12.482295036315918, 14.67307186126709, 14.561031341552734, 9.675017356872559, 15.085749626159668, 9.390724182128906, 17.57367515563965, 13.25759506225586, 11.660184860229492, 70.28079223632812, 16.187658309936523, 8.996642112731934, 21.294538497924805, 23.335111618041992, 9.06458854675293, 9.828518867492676, 18.955915451049805, 15.127184867858887, 15.364869117736816, 11.083378791809082, 18.14946174621582, 16.467689514160156, 16.09707260131836, 21.043323516845703, 12.59134578704834, 15.36953067779541, 8.426111221313477, 45.28941345214844, 12.189885139465332, 166.9309539794922, 75.5592041015625, 9.627912521362305, 8.836973190307617, 10.747501373291016, 17.518030166625977, 16.861202239990234, 10.350324630737305, 18.24929428100586, 131.72247314453125, 14.310215950012207, 10.053566932678223, 179.9098358154297, 18.172134399414062, 12.423730850219727, 12.375090599060059, 112.03841400146484, 12.51488208770752, 15.816919326782227, 14.185677528381348, 15.07050609588623, 15.888082504272461, 16.19637107849121, 15.009769439697266, 17.34321403503418, 117.18959045410156, 15.762516021728516, 16.989015579223633, 18.468969345092773, 10.642434120178223, 9.163283348083496, 13.124471664428711, 13.761857032775879, 8.722451210021973, 11.024370193481445, 7.186476707458496, 17.16952133178711, 17.81291961669922, 9.92800521850586, 10.524616241455078, 30.406028747558594, 11.708043098449707, 14.213571548461914, 9.192466735839844, 17.952503204345703, 10.937926292419434, 14.697159767150879, 18.093305587768555, 9.885613441467285, 13.782369613647461, 13.250388145446777, 14.67679214477539, 16.924287796020508, 9.129182815551758, 9.418176651000977, 15.71435832977295, 16.26300048828125, 11.11167049407959, 108.08934020996094, 17.12677001953125, 10.301427841186523, 9.099967002868652, 112.19479370117188, 13.789969444274902, 16.518260955810547, 10.549607276916504, 10.447529792785645, 8.600944519042969, 8.641765594482422, 9.496452331542969, 16.85201644897461, 11.068890571594238, 7.871054649353027, 18.74268913269043, 11.731536865234375, 7.785486221313477, 11.797131538391113, 13.111483573913574, 36.339210510253906, 76.09324645996094, 24.84093475341797, 19.134456634521484, 8.565688133239746, 8.729687690734863, 12.30172061920166, 12.576696395874023, 23.20177459716797, 15.718006134033203, 12.926928520202637, 12.172618865966797, 10.233022689819336, 9.908028602600098, 18.216169357299805, 14.013636589050293, 15.032624244689941, 16.07923698425293, 10.951334953308105, 11.952890396118164, 11.207207679748535, 13.680124282836914, 12.48910140991211, 7.823326110839844, 19.871856689453125, 16.623228073120117, 135.72337341308594, 8.412030220031738, 13.467116355895996, 15.027762413024902, 15.73344612121582, 10.981372833251953, 10.81169319152832, 19.621997833251953, 35.290740966796875, 24.12146759033203, 16.828096389770508, 18.34589958190918, 18.764175415039062, 12.249680519104004, 9.987703323364258, 11.219473838806152, 17.9600887298584, 10.561670303344727, 10.77893352508545, 9.643391609191895, 9.8915376663208, 14.148286819458008, 14.003222465515137, 11.991046905517578, 11.465727806091309, 8.545670509338379, 9.314615249633789, 12.875933647155762, 19.938669204711914, 27.337236404418945, 17.07152557373047, 13.153328895568848, 12.352705955505371, 10.218149185180664, 21.947471618652344, 17.39715576171875, 11.22562026977539, 7.416079521179199, 16.801401138305664, 17.904396057128906, 14.130990028381348, 16.729684829711914, 23.842876434326172, 15.221095085144043, 16.043611526489258, 21.380949020385742, 19.1005916595459, 8.767358779907227, 16.694984436035156, 16.28885841369629, 99.98722076416016, 18.04501724243164, 11.205558776855469, 19.430252075195312, 13.797574043273926, 9.819799423217773, 7.434734344482422, 12.044462203979492, 7.772517204284668, 125.33059692382812, 15.825894355773926, 9.117754936218262, 185.32286071777344, 18.875139236450195, 18.301029205322266, 13.777487754821777, 11.269259452819824, 13.232577323913574, 8.130003929138184, 35.857032775878906, 12.638503074645996, 15.020718574523926, 9.439539909362793, 12.919267654418945, 19.267913818359375, 16.471145629882812, 11.589694023132324, 12.441848754882812, 10.288086891174316, 13.298467636108398, 10.871832847595215, 162.0549774169922, 19.45181655883789, 14.487360954284668, 15.330975532531738, 10.515353202819824, 110.96814727783203, 10.602691650390625, 11.746204376220703, 15.261515617370605, 11.606244087219238, 10.938153266906738, 77.31829833984375, 227.45407104492188, 18.4890079498291, 11.907256126403809, 14.860808372497559, 18.04033660888672, 16.437284469604492, 15.015243530273438, 19.14719009399414, 9.830788612365723, 10.903985977172852, 175.43154907226562, 175.38404846191406, 10.593302726745605, 12.982635498046875, 182.59515380859375, 14.783356666564941, 13.637861251831055, 10.900927543640137, 13.115370750427246, 14.243083000183105, 22.373401641845703, 15.853876113891602, 80.77793884277344, 18.169843673706055, 10.967735290527344, 14.10743236541748, 9.432327270507812, 15.044428825378418, 10.00815200805664, 16.270923614501953, 11.362858772277832, 15.492341041564941, 141.13729858398438, 170.7099609375, 14.522173881530762, 10.171253204345703, 9.580282211303711, 8.945775032043457, 17.631336212158203, 12.429871559143066, 166.6501007080078, 14.473638534545898, 169.5343017578125, 12.08425235748291, 19.116065979003906, 8.582127571105957, 13.198776245117188, 12.141276359558105, 9.60930061340332, 12.662662506103516, 12.524367332458496, 11.297633171081543, 17.858850479125977, 14.568058013916016, 11.9725341796875, 53.611732482910156, 8.06923770904541, 25.79970359802246, 15.29919719696045, 18.191463470458984, 16.16497802734375, 15.97511100769043, 45.83722686767578, 108.68438720703125, 17.513580322265625, 13.981257438659668, 12.177310943603516, 7.766571044921875, 15.058110237121582, 11.508753776550293, 8.584623336791992, 13.775007247924805, 16.2993106842041, 8.98885726928711, 10.8477201461792, 12.803548812866211, 15.225452423095703, 10.696714401245117, 8.189603805541992, 11.051706314086914, 16.74349594116211, 45.65822982788086, 16.252880096435547, 41.83476638793945, 146.74867248535156, 10.525583267211914, 14.681407928466797, 11.28538703918457, 12.597818374633789, 9.790438652038574, 16.77594566345215, 9.72913932800293, 17.5855770111084, 9.601064682006836, 15.976115226745605, 15.557221412658691, 12.769948959350586, 15.263253211975098, 11.29453182220459, 17.024457931518555, 9.822670936584473, 12.223639488220215, 43.94931411743164, 10.541488647460938, 19.70207977294922, 48.04236602783203, 15.538490295410156, 10.528338432312012, 14.653072357177734, 9.138042449951172, 8.5404634475708, 41.06999206542969, 17.327909469604492, 19.168554306030273, 13.315217971801758, 20.931686401367188, 12.620820045471191, 11.835273742675781, 10.774535179138184, 11.453755378723145, 19.823516845703125, 14.117779731750488, 16.65206527709961, 14.82860279083252, 9.26962947845459, 8.842412948608398, 57.50030517578125, 221.30699157714844, 11.299665451049805, 12.78593635559082, 13.633530616760254, 66.51758575439453, 16.374631881713867, 14.219549179077148, 15.7031888961792, 10.601299285888672, 12.689570426940918, 9.687122344970703, 34.76243209838867, 9.186649322509766, 13.511853218078613, 173.4078826904297, 14.290969848632812, 14.201937675476074, 12.705726623535156, 14.368459701538086, 7.8911356925964355, 14.750937461853027, 12.126492500305176, 14.490876197814941, 14.462340354919434, 21.195831298828125, 11.141667366027832, 14.779438018798828, 11.247603416442871, 16.755090713500977, 30.12718391418457, 181.16323852539062, 8.100126266479492, 15.795562744140625, 80.17742919921875, 31.57238006591797, 12.668560981750488, 13.666679382324219, 12.81472110748291, 8.042837142944336, 7.214419364929199, 12.538374900817871, 17.271350860595703, 14.681060791015625, 9.034732818603516, 5.792735576629639, 82.29594421386719, 14.815788269042969, 11.726163864135742, 14.128695487976074, 78.98867797851562, 13.120686531066895, 11.092662811279297, 13.450294494628906, 15.558378219604492, 17.924509048461914, 16.755401611328125, 164.31790161132812, 16.107467651367188, 18.555400848388672, 10.89826488494873, 12.075262069702148, 11.263964653015137, 11.123629570007324, 9.405107498168945, 11.813206672668457, 10.28652286529541, 10.313573837280273, 15.88956069946289, 154.80282592773438, 10.875324249267578, 12.365965843200684, 17.700761795043945, 9.48886489868164, 13.088913917541504, 52.95366287231445, 16.99378204345703, 14.29429817199707, 209.13919067382812, 8.989986419677734, 97.43061065673828, 11.32114028930664, 10.054362297058105, 15.054285049438477, 5.315031051635742, 65.26422882080078, 8.784454345703125, 13.299245834350586, 13.288612365722656, 15.328201293945312, 13.464280128479004, 17.154891967773438, 10.747444152832031, 9.211302757263184, 15.535707473754883, 12.906281471252441, 14.277962684631348, 15.97075366973877, 11.55767822265625, 86.05667877197266, 10.641955375671387, 11.741846084594727, 16.516761779785156, 14.820117950439453, 9.818479537963867, 11.578758239746094, 7.3333258628845215, 14.394805908203125, 17.929752349853516, 18.433687210083008, 12.398824691772461, 8.296130180358887, 7.995830535888672, 16.795196533203125, 16.58979606628418, 11.5261812210083, 16.587921142578125, 12.457066535949707, 111.58858489990234, 18.226816177368164, 8.484458923339844, 8.975068092346191, 16.191728591918945, 10.597122192382812, 10.1947660446167, 16.659177780151367, 7.5778279304504395, 7.9375200271606445, 15.08375072479248, 14.924321174621582, 11.886710166931152, 11.376282691955566, 15.410501480102539, 16.152488708496094, 11.799391746520996, 14.139110565185547, 13.7445650100708, 19.350404739379883, 165.2368621826172, 9.54880428314209, 16.552547454833984, 122.29759216308594, 16.03119659423828, 12.429474830627441, 13.347349166870117, 6.8681817054748535, 10.849873542785645, 6.655452251434326, 16.807174682617188, 15.503852844238281, 13.943066596984863, 10.802417755126953, 14.118803977966309, 18.3873291015625, 7.400339126586914, 14.656161308288574, 79.77894592285156, 13.433829307556152, 15.190635681152344, 10.740398406982422, 7.3944268226623535, 74.52933502197266, 13.271727561950684, 9.761819839477539, 8.308104515075684, 11.503830909729004, 12.132254600524902, 10.5062894821167, 8.55400562286377, 15.45964241027832, 18.09975242614746, 13.575343132019043, 11.99120807647705, 10.3168363571167, 15.47266960144043, 45.009918212890625, 12.91589641571045, 18.00782012939453, 14.208333015441895, 8.92906665802002, 18.60718536376953, 16.846603393554688, 12.725589752197266, 43.47515106201172, 15.405257225036621, 10.758986473083496, 14.274552345275879, 12.879385948181152, 16.5406436920166, 9.96225643157959, 8.168841361999512, 15.102298736572266, 8.772173881530762, 21.12846565246582, 13.642163276672363, 29.053905487060547, 12.299686431884766, 7.199888706207275, 9.296866416931152, 14.074435234069824, 6.170241355895996, 12.820030212402344, 10.144149780273438, 12.192584991455078, 13.339591979980469, 34.67999267578125, 10.255611419677734, 18.168731689453125, 11.278924942016602, 15.01891040802002, 188.800048828125, 13.989974975585938, 7.413212299346924, 10.285686492919922, 18.248153686523438, 13.916866302490234, 14.525641441345215, 18.759267807006836, 12.90730094909668, 17.218406677246094, 13.526322364807129, 60.409366607666016, 6.859217166900635, 8.333035469055176, 18.260162353515625, 14.984451293945312, 9.08398151397705, 10.948837280273438, 7.857192039489746, 14.616731643676758, 12.692422866821289, 124.09151458740234, 10.874588012695312, 10.799877166748047, 16.760129928588867, 156.39654541015625, 15.74533462524414, 13.276613235473633, 10.043946266174316, 9.717422485351562, 10.916764259338379, 60.20957946777344, 12.262078285217285, 12.310330390930176, 14.205229759216309, 12.718381881713867, 20.38091468811035, 18.4735164642334, 13.885113716125488, 12.926031112670898, 8.611862182617188, 12.505449295043945, 6.4626545906066895, 7.66070032119751, 18.38601303100586, 12.247403144836426, 15.546688079833984, 10.3588285446167, 16.784517288208008, 14.95970630645752, 8.469687461853027, 11.726456642150879, 17.152183532714844, 10.252510070800781, 10.83189582824707, 12.819324493408203, 19.61260414123535, 16.771089553833008, 16.54972267150879, 157.40875244140625, 9.320444107055664, 44.742088317871094, 10.511958122253418, 8.504746437072754, 68.72603607177734, 15.678760528564453, 9.4292573928833, 7.240978240966797, 43.64670944213867, 12.990365982055664, 8.589052200317383, 15.535229682922363, 10.861613273620605, 14.802106857299805, 10.275884628295898, 9.448894500732422, 8.397028923034668, 38.25632095336914, 14.766304969787598, 15.267629623413086, 17.673336029052734, 11.442940711975098, 15.323917388916016, 9.862763404846191, 7.835329532623291, 12.988737106323242, 13.490633010864258, 14.393157958984375, 12.086373329162598, 15.134562492370605, 128.76173400878906, 20.78374671936035, 6.583520412445068, 11.107394218444824, 14.225126266479492, 12.359697341918945, 14.699299812316895, 130.5624237060547, 27.667116165161133, 18.699556350708008, 11.643738746643066, 6.626485347747803, 67.87226867675781, 61.30370330810547, 14.192959785461426, 15.45457935333252, 10.688777923583984, 16.823184967041016, 12.577444076538086, 18.7761287689209, 12.56635570526123, 9.313051223754883, 14.381999969482422, 7.850470542907715, 10.765908241271973, 152.47970581054688, 9.417078018188477, 9.758257865905762, 16.47284698486328, 16.878934860229492, 24.557626724243164, 10.616299629211426, 13.991433143615723, 16.12137794494629, 9.983659744262695, 11.680513381958008, 17.19205665588379, 10.080018043518066, 6.596635341644287, 152.10072326660156, 13.734214782714844, 16.090282440185547, 17.00833511352539, 12.87568473815918, 11.037925720214844, 17.68675422668457, 7.173322677612305, 17.779224395751953, 17.17188262939453, 12.3916597366333, 199.3730926513672, 13.836475372314453, 13.909310340881348, 8.907898902893066, 11.879491806030273, 15.336681365966797, 18.456401824951172, 10.1697998046875, 137.79898071289062, 7.138152599334717, 14.668098449707031, 14.38912582397461, 13.242833137512207, 12.585800170898438, 14.665440559387207, 10.444037437438965, 11.08986759185791, 15.949041366577148, 15.249604225158691, 10.617510795593262, 10.393122673034668, 7.3603973388671875, 11.885278701782227, 9.893224716186523, 16.452138900756836, 10.076399803161621, 16.33905029296875, 9.81135082244873, 13.168302536010742, 15.17027759552002, 107.68909454345703, 17.491289138793945, 8.351288795471191, 84.53184509277344, 13.200995445251465, 18.630847930908203, 12.698037147521973, 15.580860137939453, 13.235262870788574, 15.214180946350098, 9.417464256286621, 16.483043670654297, 13.112539291381836, 12.775595664978027, 11.952054977416992, 19.560359954833984, 11.321517944335938, 11.818742752075195, 13.483120918273926, 13.569817543029785, 16.93436622619629, 11.334541320800781, 14.716958999633789, 10.270981788635254, 12.413534164428711, 7.705526828765869, 19.83108901977539, 12.408214569091797, 12.220804214477539, 14.313193321228027, 15.322151184082031, 15.980981826782227, 16.397125244140625, 9.086973190307617, 15.940600395202637, 8.4124174118042, 12.402107238769531, 13.026128768920898, 9.832075119018555, 11.994097709655762, 9.404390335083008, 12.375885963439941, 36.33198547363281, 9.518380165100098, 131.59735107421875, 12.419486999511719, 13.707513809204102, 11.23386287689209, 12.11412239074707, 9.421213150024414, 13.088128089904785, 12.593160629272461, 18.413911819458008, 14.099783897399902, 14.409207344055176, 15.335020065307617, 10.008796691894531, 12.012189865112305, 151.79061889648438, 14.688384056091309, 50.23640060424805, 15.856867790222168, 13.093268394470215, 16.886699676513672, 10.883591651916504, 14.800264358520508, 14.17023754119873, 12.767860412597656, 10.010319709777832, 10.933574676513672, 9.177969932556152, 7.670920372009277, 19.956069946289062, 14.884387969970703, 13.367541313171387, 8.478079795837402, 83.28892517089844, 44.327880859375, 25.950389862060547, 17.65532684326172, 9.33903694152832, 18.23845672607422, 13.007364273071289, 8.733452796936035, 14.963808059692383, 16.985525131225586, 12.993375778198242, 12.920275688171387, 12.467167854309082, 11.071182250976562, 14.557550430297852, 9.567715644836426, 15.526540756225586, 69.22598266601562, 12.841634750366211, 11.96792984008789, 12.95036506652832, 10.648214340209961, 17.26442527770996, 16.337474822998047, 13.551759719848633, 8.23727035522461, 12.62169075012207, 14.086962699890137, 8.858237266540527, 16.952892303466797, 10.996182441711426, 7.893624305725098, 9.651419639587402, 15.409150123596191, 18.408828735351562, 7.998096466064453, 16.83917808532715, 11.678671836853027, 14.025525093078613, 57.26596450805664, 9.731720924377441, 19.882057189941406, 17.52251625061035, 17.476213455200195, 12.442644119262695, 14.496916770935059, 15.023602485656738, 20.057723999023438, 14.23400592803955, 10.052582740783691, 174.0033721923828, 15.881409645080566, 16.979700088500977, 17.321748733520508, 13.04312801361084, 11.622448921203613, 13.653779029846191, 13.429573059082031, 17.214561462402344, 13.331565856933594, 14.31328296661377, 16.809139251708984, 11.165512084960938, 9.902515411376953, 216.32687377929688, 9.69545841217041, 10.350715637207031, 18.157773971557617, 7.121947765350342, 141.0012969970703, 19.451053619384766, 16.572811126708984, 8.623063087463379, 17.352811813354492, 8.013014793395996, 12.921934127807617, 11.302895545959473, 8.038131713867188, 86.36772918701172, 12.446805000305176, 15.602921485900879, 10.227039337158203, 13.812801361083984, 10.84000301361084, 9.078354835510254, 13.018275260925293, 156.7806854248047, 20.4361629486084, 13.296407699584961, 10.877674102783203, 79.20413208007812, 10.17642879486084, 12.003158569335938, 9.017067909240723, 83.3460693359375, 15.633711814880371, 20.307802200317383, 13.490167617797852, 10.258583068847656, 11.772103309631348, 9.311965942382812, 9.142206192016602, 9.182982444763184, 19.252477645874023, 53.24750900268555, 18.90013885498047, 11.450621604919434, 14.317451477050781, 12.715448379516602, 14.203384399414062, 15.779520034790039, 12.985628128051758, 13.185081481933594, 10.714095115661621, 18.340221405029297, 14.8600435256958, 8.784502029418945, 8.403076171875, 17.602569580078125, 13.71481704711914, 13.241943359375, 7.3554277420043945, 10.597373008728027, 10.964860916137695, 91.54450225830078, 15.96811580657959, 13.037245750427246, 14.752884864807129, 13.659521102905273, 51.798309326171875, 14.58199405670166, 65.08705139160156, 12.345240592956543, 10.599003791809082, 18.163354873657227, 15.282509803771973, 16.92441177368164, 10.80709457397461, 18.81181526184082, 21.681936264038086, 17.48334503173828, 18.284013748168945, 8.622437477111816, 108.9205093383789, 16.11089324951172, 9.241180419921875, 9.466395378112793, 13.871356964111328, 11.9847993850708, 15.918256759643555, 7.458111763000488, 40.94496154785156, 13.72484016418457, 16.15901756286621, 9.654678344726562, 10.912480354309082, 10.462087631225586, 9.892258644104004, 71.74188232421875, 12.1940279006958, 9.440986633300781, 10.871845245361328, 10.49842643737793, 9.958914756774902, 9.364365577697754, 15.850157737731934, 13.6370267868042, 15.476480484008789, 53.320701599121094, 123.73030853271484, 167.39268493652344, 10.172245979309082, 11.86811351776123, 11.161279678344727, 9.41292953491211, 15.301828384399414, 15.029772758483887, 16.902952194213867, 15.6670560836792, 11.811432838439941, 15.191226959228516, 11.25114917755127, 11.670495986938477, 6.685054779052734, 13.514223098754883, 151.71023559570312, 16.845483779907227, 36.55610275268555, 16.548521041870117, 12.97744083404541, 13.251178741455078, 15.208089828491211, 13.112359046936035, 26.536216735839844, 16.602678298950195, 9.322060585021973, 7.832426071166992, 8.194487571716309, 18.342891693115234, 17.909757614135742, 8.865668296813965, 7.6064252853393555, 10.774717330932617, 9.49453353881836, 13.755691528320312, 9.500908851623535, 14.62576961517334, 10.283491134643555, 8.382481575012207, 10.284065246582031, 14.149681091308594, 71.3419418334961, 13.328160285949707, 21.597522735595703, 11.647957801818848, 10.14890193939209, 164.3860626220703, 125.82766723632812, 13.873830795288086, 8.00537395477295, 14.385621070861816, 11.450769424438477, 15.293975830078125, 13.702654838562012, 18.855331420898438, 14.384615898132324, 11.836578369140625, 9.736650466918945, 14.480595588684082, 18.643997192382812, 175.94137573242188, 7.771986961364746, 9.72894287109375, 14.345848083496094, 19.07418441772461, 10.854644775390625, 15.501381874084473, 12.281265258789062, 12.859950065612793, 11.790399551391602, 18.48480796813965, 12.789047241210938, 74.26580047607422, 9.629436492919922, 11.021766662597656, 14.020085334777832, 11.855379104614258, 14.98022747039795, 10.331006050109863, 15.582619667053223, 9.009438514709473, 13.104349136352539, 18.506263732910156, 9.10076904296875, 13.13614559173584, 112.36958312988281, 9.4221773147583, 8.374358177185059, 12.34139347076416, 11.199019432067871, 13.011651992797852, 10.320427894592285, 8.464254379272461, 16.269142150878906, 9.277024269104004, 9.604103088378906, 13.307034492492676, 9.226280212402344, 12.169082641601562, 15.501851081848145, 16.283788681030273, 9.333120346069336, 11.501082420349121, 8.726949691772461, 9.514665603637695, 12.733320236206055, 9.994349479675293, 11.9557466506958, 172.8957061767578, 11.78123664855957, 19.27984619140625, 12.165470123291016, 7.125370025634766, 132.26011657714844, 25.025667190551758, 14.225481033325195, 11.87658405303955, 8.380050659179688, 16.661352157592773, 11.489002227783203, 12.598119735717773, 8.39173698425293, 8.525238037109375, 14.4143648147583, 11.708970069885254, 15.231497764587402, 10.504327774047852, 5.740159511566162, 11.266205787658691, 14.644990921020508, 203.16558837890625, 88.59410095214844, 16.696950912475586, 160.59544372558594, 190.4468231201172, 13.860962867736816, 12.120095252990723, 12.742937088012695, 9.95267105102539, 10.344766616821289, 16.14786720275879, 11.987279891967773, 18.499406814575195, 10.537656784057617, 10.446643829345703, 18.32557487487793, 14.582954406738281, 105.35592651367188, 17.071392059326172, 9.482356071472168, 47.708038330078125, 12.980835914611816, 9.90027141571045, 11.271262168884277, 10.133918762207031, 11.237722396850586, 15.00075912475586, 12.711112022399902, 10.577323913574219, 13.39015007019043, 12.867818832397461, 8.783350944519043, 10.817543983459473, 11.65079402923584, 16.46247100830078, 12.893524169921875, 89.35266876220703, 30.690855026245117, 8.025924682617188, 12.702641487121582, 13.545398712158203, 9.142279624938965, 12.608527183532715, 13.062625885009766, 21.213788986206055, 8.536177635192871, 15.714502334594727, 14.150786399841309, 22.854700088500977, 8.773177146911621, 14.477363586425781, 11.182863235473633, 14.366899490356445, 11.752220153808594, 8.403210639953613, 11.373663902282715, 13.415190696716309, 14.25029182434082, 89.24203491210938, 10.856721878051758, 8.367351531982422, 11.177375793457031, 62.549564361572266, 19.689105987548828, 137.30921936035156, 14.458597183227539, 14.561328887939453, 16.146564483642578, 9.866454124450684, 133.25543212890625, 7.4571638107299805, 16.36161994934082, 13.071041107177734, 14.452275276184082, 18.404342651367188, 122.73702239990234, 53.83019256591797, 9.773384094238281, 97.3659896850586, 16.18080711364746, 7.834766864776611, 9.544504165649414, 14.507506370544434, 13.195006370544434, 114.92814636230469, 123.86134338378906, 43.25212097167969, 8.07026195526123, 10.420880317687988, 19.467992782592773, 8.985125541687012, 15.796363830566406, 10.57491683959961, 13.06332015991211, 15.343489646911621, 11.608234405517578, 9.354612350463867, 9.802525520324707, 9.636639595031738, 14.597187042236328, 11.40703296661377, 13.604783058166504, 14.693405151367188, 7.284823894500732, 16.521156311035156, 12.122665405273438, 11.173657417297363, 12.121474266052246, 19.241466522216797, 10.856013298034668, 14.236978530883789, 15.947273254394531, 13.76874828338623, 6.358373641967773, 196.94102478027344, 14.265012741088867, 7.566648960113525, 13.179458618164062, 10.05929183959961, 15.018343925476074, 12.996910095214844, 10.805543899536133, 15.066457748413086, 12.037541389465332, 92.2900619506836, 10.982443809509277, 13.182337760925293, 15.643543243408203, 13.499995231628418, 156.9529266357422, 16.038272857666016, 9.193140983581543, 8.686979293823242, 10.349181175231934, 8.956277847290039, 10.746421813964844, 13.792445182800293, 13.230524063110352, 181.10952758789062, 11.590782165527344, 15.438016891479492, 7.87775993347168, 10.43580436706543, 20.043312072753906, 13.351497650146484, 11.383548736572266, 7.5481109619140625, 70.295654296875, 12.501822471618652, 12.804165840148926, 41.1400260925293, 8.601531982421875, 12.775574684143066, 14.320618629455566, 13.677663803100586, 42.12894058227539, 9.543968200683594, 169.22157287597656, 13.239973068237305, 13.12651538848877, 25.108047485351562, 12.403565406799316, 12.284322738647461, 12.837886810302734, 9.548871994018555, 11.506978034973145, 7.615666389465332, 13.53950023651123, 12.484920501708984, 16.328678131103516, 13.432954788208008, 13.300402641296387, 15.991122245788574, 13.810516357421875, 10.380829811096191, 134.1108856201172, 46.8779182434082, 13.294962882995605, 15.191629409790039, 7.855767250061035, 11.915026664733887, 8.372432708740234, 83.0499038696289, 40.80842208862305, 11.024053573608398, 11.819619178771973, 143.67697143554688, 16.724655151367188, 188.44529724121094, 9.601465225219727, 12.349912643432617, 17.621952056884766, 11.463838577270508, 107.61518859863281, 8.624589920043945, 12.690540313720703, 18.215206146240234, 19.20437240600586, 7.9889092445373535, 12.226764678955078, 17.488229751586914, 12.616415023803711, 27.00308609008789, 17.20733070373535, 8.554816246032715, 12.079652786254883, 42.822566986083984, 10.01560115814209, 15.394710540771484, 17.836462020874023, 7.554108142852783, 17.56061363220215, 10.975619316101074, 12.92241096496582, 11.658914566040039, 10.92185115814209, 12.74239444732666, 11.051904678344727, 9.048589706420898, 16.940872192382812, 189.7849578857422, 12.591837882995605, 12.473199844360352, 12.160795211791992, 80.67341613769531, 27.395793914794922, 13.200374603271484, 8.138614654541016, 13.919760704040527, 9.721258163452148, 16.67453956604004, 14.170612335205078, 9.954523086547852, 13.26465129852295, 14.876587867736816, 8.478031158447266, 12.594374656677246, 10.637205123901367, 140.85536193847656, 16.348859786987305, 11.038565635681152, 11.278539657592773, 11.575346946716309, 13.45468807220459, 22.517004013061523, 16.204050064086914, 132.72837829589844, 7.8711042404174805, 19.083290100097656, 6.088179588317871, 12.212061882019043, 17.96883773803711, 141.0336151123047, 14.713191986083984, 23.757741928100586, 14.854302406311035, 8.252022743225098, 10.818193435668945, 10.209890365600586, 14.970416069030762, 13.0867338180542, 10.825492858886719, 14.280843734741211, 18.17697525024414, 15.717998504638672, 10.621880531311035, 14.945398330688477, 11.872454643249512, 10.859197616577148, 9.692529678344727, 19.53250503540039, 6.925565242767334, 12.405478477478027, 71.32425689697266, 14.265425682067871, 16.180850982666016, 16.32634162902832, 5.7556657791137695, 9.542617797851562, 47.99264907836914, 139.0070037841797, 15.676392555236816, 12.739836692810059, 8.727714538574219, 20.975160598754883, 9.400461196899414, 8.991219520568848, 17.1528263092041, 13.606557846069336, 13.586994171142578, 15.684919357299805, 10.494839668273926, 7.563227653503418, 10.219561576843262, 11.468914031982422, 7.978994846343994, 18.057647705078125, 164.12454223632812, 12.79336929321289, 32.333797454833984, 13.374317169189453, 10.312732696533203, 14.411588668823242, 13.351678848266602, 17.554746627807617, 9.993709564208984, 9.127241134643555, 12.863449096679688, 54.98030471801758, 17.482433319091797, 9.499964714050293, 9.220032691955566, 7.30205774307251, 18.031930923461914, 81.68911743164062, 144.16384887695312, 12.256691932678223, 8.659246444702148, 16.730770111083984, 12.582085609436035, 12.171724319458008, 18.56925392150879, 17.203109741210938, 16.383508682250977, 12.291932106018066, 11.358691215515137, 10.546046257019043, 8.899262428283691, 9.523638725280762, 7.3284173011779785, 11.866087913513184, 40.76486587524414, 32.74028778076172, 16.328617095947266, 12.071480751037598, 23.17532730102539, 82.66664123535156, 12.874578475952148, 17.14148712158203, 11.578696250915527, 13.545275688171387, 13.194555282592773, 10.546601295471191, 9.61771297454834, 14.98215389251709, 91.71049499511719, 16.866741180419922, 18.081729888916016, 15.311224937438965, 12.874975204467773, 11.17872428894043, 100.19316101074219, 10.467609405517578, 18.716245651245117, 13.860507011413574, 10.20136833190918, 14.157713890075684, 10.507699966430664, 11.148565292358398, 11.077056884765625, 18.382871627807617, 13.890608787536621, 15.65608024597168, 11.699640274047852, 10.18679141998291, 16.31121253967285, 15.55866813659668, 15.556951522827148, 131.13621520996094, 15.201645851135254, 11.979925155639648, 8.94161605834961, 9.858302116394043, 36.162330627441406, 9.657444953918457, 10.428951263427734, 12.435638427734375, 11.374232292175293, 7.405161380767822, 15.709790229797363, 118.72782897949219, 13.172257423400879, 14.320460319519043, 11.56851577758789, 158.79432678222656, 155.8728790283203, 32.31008529663086, 6.010726451873779, 10.862982749938965, 9.868870735168457, 12.832612991333008, 17.345094680786133, 133.0618438720703, 7.533092021942139, 12.958080291748047, 10.238718032836914, 19.016202926635742, 10.466837882995605, 16.128808975219727, 18.23708724975586, 13.414653778076172, 16.058618545532227, 11.357019424438477, 46.07835388183594, 18.320478439331055, 8.932626724243164, 11.397906303405762, 10.307649612426758, 7.369897365570068, 14.844802856445312, 10.56630802154541, 18.944046020507812, 42.43941879272461, 17.28570556640625, 15.625027656555176, 15.061563491821289, 8.14900016784668, 13.750164985656738, 7.139129638671875, 16.788372039794922, 12.302725791931152, 12.798009872436523, 15.000463485717773, 9.339025497436523, 11.357925415039062, 13.81543254852295, 72.82494354248047, 19.785598754882812, 11.272552490234375, 12.12955379486084, 14.182156562805176, 8.327515602111816, 13.95371150970459, 12.065969467163086, 16.22994613647461, 10.554492950439453, 9.36130142211914, 13.466106414794922, 7.55037260055542, 17.011539459228516, 172.6942596435547, 7.499416351318359, 14.960984230041504, 11.80268669128418, 15.383077621459961, 15.52194881439209, 14.308686256408691, 11.020243644714355, 14.429713249206543, 13.12734603881836, 11.663291931152344, 7.49798583984375, 10.13766860961914, 12.62473201751709, 9.703347206115723, 13.745475769042969, 13.184324264526367, 17.319599151611328, 10.743834495544434, 146.05323791503906, 14.782840728759766, 44.674163818359375, 12.773820877075195, 11.498832702636719, 13.150681495666504, 16.964656829833984, 190.11962890625, 10.674001693725586, 109.95158386230469, 11.959811210632324, 8.996854782104492, 7.073797702789307, 13.299062728881836, 8.640678405761719, 15.758691787719727, 15.588985443115234, 15.749896049499512, 18.9401912689209, 10.657286643981934, 13.354275703430176, 11.252288818359375, 10.792430877685547, 10.613572120666504, 17.804786682128906, 9.587944984436035, 12.027752876281738, 12.255388259887695, 64.68254089355469, 11.154512405395508, 11.428611755371094, 13.931722640991211, 75.65293884277344, 8.869852066040039, 10.42587661743164, 13.097156524658203, 12.619547843933105, 15.68277645111084, 7.926179885864258, 11.09859561920166, 11.974640846252441, 10.988292694091797, 55.68470764160156, 13.63179874420166, 17.388086318969727, 15.587790489196777, 15.20065689086914, 13.099982261657715, 55.1176643371582, 18.358783721923828, 27.728181838989258, 9.235447883605957, 154.8451385498047, 11.993070602416992, 10.195590019226074, 13.438188552856445, 10.954317092895508, 11.589202880859375, 13.599981307983398, 15.18138599395752, 8.9079008102417, 14.326650619506836, 7.241630554199219, 186.26144409179688, 9.614230155944824, 8.592523574829102, 45.586082458496094, 11.044455528259277, 15.886350631713867, 9.805778503417969, 13.37550163269043, 9.325986862182617, 10.49317741394043, 13.775568962097168, 9.874688148498535, 12.69833755493164, 15.221473693847656, 7.56255578994751, 11.26289176940918, 12.110599517822266, 8.91431999206543, 15.961122512817383, 17.18089485168457, 11.59633731842041, 9.902796745300293, 9.419820785522461, 11.922431945800781, 11.57094669342041, 9.04616928100586, 14.977646827697754, 15.038068771362305, 123.33709716796875, 10.63632583618164, 149.03269958496094, 13.136865615844727, 9.510323524475098, 21.667861938476562, 12.448538780212402, 13.128744125366211, 77.72144317626953, 11.954536437988281, 12.380576133728027, 15.400421142578125, 18.248210906982422, 15.772729873657227, 18.842737197875977, 18.169919967651367, 12.478219985961914, 16.33544158935547, 8.572781562805176, 11.17313289642334, 16.303951263427734, 9.845431327819824, 13.654401779174805, 9.176716804504395, 12.761137962341309, 7.721101760864258, 7.784759044647217, 9.463379859924316, 14.211976051330566, 10.41131591796875, 16.62569236755371, 13.95801067352295, 67.66670989990234, 12.27312183380127, 9.964130401611328, 9.29448127746582, 12.473346710205078, 6.728798866271973, 11.48836612701416, 12.712203979492188, 7.611378192901611, 17.263200759887695, 201.2134552001953, 15.41267204284668, 9.246866226196289, 16.23082160949707, 17.220998764038086, 9.069068908691406, 12.735942840576172, 12.701055526733398, 15.53792667388916, 10.086655616760254, 16.347721099853516, 19.091442108154297, 14.049710273742676, 13.348959922790527, 11.213568687438965, 18.215490341186523, 15.890572547912598, 13.674039840698242, 18.43251609802246, 176.52981567382812, 13.775845527648926, 6.27645206451416, 17.594459533691406, 13.384052276611328, 10.325754165649414, 22.089216232299805, 160.09107971191406, 12.933650970458984, 13.188639640808105, 10.525424003601074, 10.115538597106934, 17.674009323120117, 10.817980766296387, 12.766645431518555, 16.533037185668945, 12.247271537780762, 10.99619197845459, 15.901981353759766, 12.450724601745605, 15.926933288574219, 15.98640251159668, 11.600129127502441, 16.304859161376953, 10.563610076904297, 10.289260864257812, 16.448015213012695, 12.614479064941406, 13.7943696975708]
Cosines similarity random samples
[-0.16860786080360413, 0.36810168623924255, 0.5063957571983337, -0.38884949684143066, -0.12447480857372284, -0.4116156995296478, 0.30327340960502625, -0.2809898555278778, -0.518592119216919, -0.24773475527763367, -0.424930214881897, 0.4999156892299652, -0.2502463459968567, -0.049442023038864136, 0.26184409856796265, -0.33715197443962097, -0.16202495992183685, -0.07496669888496399, -0.15319815278053284, -0.2392672896385193, -0.4929467737674713, -0.45883071422576904, 0.05918653681874275, 0.3194863200187683, 0.5146750211715698, -0.654312014579773, 0.038384005427360535, 0.46612629294395447, 0.6690723896026611, -0.547263503074646, -0.6289313435554504, 0.24000538885593414, 0.6694447994232178, -0.579505205154419, -0.5833276510238647, 0.5203107595443726, 0.5286503434181213, -0.06942619383335114, -0.32996314764022827, -0.09395350515842438, -0.4853641092777252, 0.44820424914360046, -0.6094052195549011, 0.5065627098083496, -0.09947767853736877, 0.36770099401474, -0.42174237966537476, -0.4228900671005249, 0.4879496097564697, 0.005633123219013214, -0.542182207107544, 0.3067331910133362, -0.40649616718292236, 0.6625775098800659, -0.1946319341659546, 0.008575666695833206, 0.6653807163238525, 0.4442848265171051, 0.1421186327934265, 0.59820556640625, 0.7723662853240967, 0.5213276147842407, -0.698006808757782, 0.17179490625858307, 0.5720593333244324, -0.0714312493801117, 0.31932926177978516, -0.5564087629318237, -0.2283221185207367, 0.31656354665756226, 0.3915617763996124, -0.046387918293476105, 0.23823665082454681, -0.4535525441169739, 0.6412694454193115, -0.20167365670204163, 0.45582759380340576, -0.608444094657898, 0.0014746785163879395, 0.35081541538238525, -0.09648776054382324, 0.6333695650100708, -0.4754316210746765, -0.0732383206486702, -0.1896999478340149, 0.46658045053482056, 0.0026240646839141846, 0.5644040703773499, 0.32650667428970337, -0.18671485781669617, 0.12521572411060333, 0.4899040162563324, 0.4145084321498871, -0.661537766456604, -0.4151741862297058, 0.3632248044013977, 0.6154754757881165, 0.10986202955245972, -0.21136076748371124, -0.4551444351673126, 0.21902301907539368, 0.020621463656425476, 0.06076996773481369, 0.1788686215877533, -0.5257306098937988, 0.3520585000514984, -0.5564669370651245, 0.05620400980114937, -0.2691887617111206, -0.19788578152656555, -0.5909304618835449, 0.5497509241104126, -0.20706507563591003, 0.31149667501449585, -0.17007271945476532, 0.37549012899398804, -0.04440172016620636, 0.005378022789955139, -0.2554659843444824, -0.38968348503112793, -0.6281706094741821, 0.4961196184158325, 0.3918641209602356, 0.267952561378479, -0.31188488006591797, 0.5159317851066589, -0.4718002676963806, 0.2683519721031189, -0.6525299549102783, -0.44358325004577637, -0.5003519654273987, 0.2776385545730591, -0.23452134430408478, 0.05519326031208038, 0.3820202648639679, -0.18344834446907043, -0.47541096806526184, -0.3722791373729706, -0.5571416020393372, -0.2348523736000061, 0.2770691215991974, 0.7323051691055298, 0.551659345626831, 0.14217540621757507, 0.41306209564208984, -0.2898715138435364, -0.3522585332393646, -0.39965906739234924, -0.4068779945373535, -0.33342307806015015, -0.8638378381729126, -0.13030239939689636, -0.3382242023944855, 0.31928378343582153, 0.4622303247451782, 0.6521612405776978, 0.7433690428733826, 0.6540232300758362, 0.18929027020931244, 0.5667130351066589, -0.6132088899612427, -0.1985597312450409, -0.42775869369506836, -0.2951319217681885, -0.6368269920349121, -0.13373197615146637, -0.5755106806755066, 0.7762457728385925, 0.21610446274280548, 0.07647068798542023, 0.7818791270256042, -0.1256452351808548, 0.5389975309371948, 0.04923038184642792, 0.4005988836288452, 0.35209280252456665, 0.6962071657180786, 0.18038079142570496, -0.4956071376800537, 0.2634761929512024, 0.30968326330184937, -0.13377520442008972, 0.6109461784362793, 0.3205121159553528, 0.12457157671451569, -0.5687540769577026, -0.7827067375183105, -0.8323211669921875, 0.11688724905252457, -0.04324175789952278, -0.08742416650056839, 0.642744243144989, -0.4397510886192322, -0.06060846149921417, -0.568619430065155, 0.21781456470489502, 0.2579217255115509, -0.16799741983413696, -0.6843040585517883, -0.18737338483333588, -0.7248541712760925, -0.42035728693008423, -0.3910171091556549, 0.8667764663696289, 0.07660059630870819, 0.6353429555892944, 0.7605512738227844, 0.4012254774570465, -0.39853477478027344, 0.5552734136581421, -0.4318793714046478, 0.32760733366012573, -0.7366119623184204, -0.5481396913528442, -0.17887000739574432, -0.3680858612060547, -0.23392337560653687, -0.022524215281009674, 0.0918051153421402, 0.049990296363830566, 0.6917585134506226, 0.036158256232738495, -0.2526080906391144, -0.08456066250801086, -0.4322988986968994, 0.3734419643878937, 0.8578799962997437, 0.4095735549926758, -0.49175554513931274, -0.3582764267921448, -0.5650715827941895, -0.5849183201789856, 0.609260082244873, -0.14293242990970612, 0.3448682427406311, -0.06675300747156143, 0.3404320478439331, -0.22313280403614044, 0.1514233648777008, -0.27451810240745544, -0.45776814222335815, -0.6098208427429199, -0.22878125309944153, 0.30737096071243286, 0.281583696603775, 0.4362073540687561, 0.05989648401737213, 0.5972417593002319, -0.6368682384490967, -0.6658954620361328, 0.09503234922885895, -0.6571435332298279, 0.13485795259475708, 0.47390496730804443, -0.27208322286605835, 0.40101930499076843, -0.21096719801425934, 0.5422474145889282, -0.12115441262722015, -0.3513225317001343, 0.06098128855228424, 0.5090975761413574, -0.6234753727912903, 0.524186372756958, -0.6214962005615234, -0.451020210981369, 0.46936413645744324, 0.39988476037979126, -0.744129478931427, -0.5417665243148804, 0.19603954255580902, 0.36805546283721924, -0.6744588613510132, -0.13935339450836182, -0.5337730646133423, 0.6586235761642456, 0.11666552722454071, -0.2558916509151459, 0.584641695022583, 0.7235238552093506, 0.15530908107757568, -0.06143666058778763, 0.054529085755348206, 0.43060028553009033, 0.552037239074707, 0.2920939326286316, -0.6714260578155518, -0.4769907295703888, 0.45513036847114563, -0.4762513339519501, 0.8628656268119812, 0.0056750476360321045, 0.3003639578819275, 0.01803014799952507, -0.6344180107116699, -0.07008831948041916, -0.03396123647689819, -0.18797335028648376, 0.5800912380218506, -0.6173759698867798, 0.030665550380945206, -0.12756957113742828, -0.5296437740325928, -0.562688946723938, -0.41927117109298706, -0.660298228263855, 0.7306805849075317, -0.21462789177894592, -0.6687701344490051, -0.607669472694397, 0.6994713544845581, 0.513934314250946, -0.22254538536071777, 0.291509211063385, 0.6100939512252808, 0.21779721975326538, 0.7130887508392334, -0.6623669862747192, -0.5851876735687256, 0.4177590608596802, 0.31956005096435547, -0.6014688611030579, 0.5342192053794861, -0.38581782579421997, 0.4802637994289398, -0.4426778256893158, 0.30111414194107056, -0.029209312051534653, -0.6805629134178162, 0.3421529531478882, -0.3638656735420227, -0.10445167869329453, -0.3878472149372101, -0.5499937534332275, 0.5121856927871704, 0.4234510660171509, -0.5315287113189697, 0.03919857740402222, 0.3036209046840668, 0.680301308631897, -0.13352163136005402, 0.2785181999206543, 0.5485499501228333, -0.39865443110466003, -0.10176258534193039, -0.3224332630634308, 0.3885014057159424, 0.3734920620918274, 0.6343493461608887, 0.545076310634613, 0.4653985798358917, -0.5051571726799011, 0.16848252713680267, 0.6489682197570801, 0.5290393829345703, 0.27056801319122314, 0.7105820178985596, 0.20649458467960358, -0.047652557492256165, 0.28520047664642334, -0.31782078742980957, -0.8148247003555298, -0.6419011354446411, 0.6013479828834534, 0.5476982593536377, 0.24606649577617645, 0.005804106593132019, -0.33399420976638794, -0.4977249801158905, -0.27448415756225586, 0.1804191917181015, 0.30639517307281494, 0.44538286328315735, -0.5138816833496094, 0.06893199682235718, -0.5272649526596069, -0.6270033717155457, 0.23138758540153503, 0.22335565090179443, 0.18840429186820984, -0.34700965881347656, 0.09915781766176224, 0.6467940807342529, -0.6715723276138306, -0.4981337785720825, -0.29737263917922974, 0.6662133932113647, -0.23033808171749115, -0.4416430592536926, -0.2428979128599167, 0.3086313009262085, 0.19074741005897522, -0.6319057941436768, -0.338361918926239, 0.5700194239616394, -0.3580658733844757, -0.19852250814437866, -0.6899049878120422, -0.15753138065338135, 0.38858139514923096, 0.1886298507452011, -0.5340006947517395, 0.2474384605884552, 0.20802852511405945, 0.41874510049819946, 0.3567911684513092, -0.07958854734897614, -0.13454081118106842, -0.15397955477237701, 0.21840055286884308, 0.6510252356529236, 0.49232324957847595, 0.08623066544532776, -0.6847623586654663, -0.004762753844261169, -0.515892744064331, 0.11908330023288727, 0.22242885828018188, 0.30776700377464294, -0.4715990424156189, -0.6793509721755981, 0.3816654682159424, 0.6954647898674011, -0.37669509649276733, -0.6685947179794312, -0.37779971957206726, -0.5867464542388916, -0.5124497413635254, -0.5375067591667175, -0.24804267287254333, 0.38996148109436035, 0.30298498272895813, 0.5527597665786743, -0.33467018604278564, -0.2830539047718048, 0.6118821501731873, 0.24213942885398865, 0.07929796725511551, 0.3488995432853699, -0.1248025894165039, 0.48346781730651855, 0.7475310564041138, 0.20824718475341797, 0.6761016845703125, 0.4361000657081604, -0.39740556478500366, 0.4744395613670349, -0.7377697229385376, -0.6248775124549866, -0.4498375654220581, 0.011229723691940308, 0.29499197006225586, 0.00969281792640686, 0.6131881475448608, 0.003645949065685272, -0.024308625608682632, -0.3300209045410156, 0.5043020844459534, -0.04770461469888687, -0.1120825707912445, -0.2601454555988312, 0.09840861707925797, 0.11848901957273483, 0.3777187168598175, -0.18267729878425598, 0.19397956132888794, -0.851761519908905, -0.7327797412872314, -0.3937034010887146, -0.21081626415252686, 0.4118446111679077, -0.5627866983413696, 0.2613700032234192, 0.3275192677974701, -0.512552797794342, 0.3926119804382324, 0.1901332587003708, 0.19702628254890442, -0.8582924008369446, -0.7827087044715881, 0.13115805387496948, -0.4479427635669708, -0.6922836303710938, -0.581908106803894, -0.005116187036037445, -0.4040924906730652, 0.37205934524536133, 0.2328977882862091, 0.42878448963165283, -0.3774740695953369, 0.18781620264053345, -0.2891729176044464, -0.6310553550720215, -0.38406509160995483, -0.19611918926239014, 0.2578350901603699, -0.04169924557209015, -0.341837614774704, -0.19281481206417084, -0.10892143100500107, 0.6755273938179016, -0.6454647183418274, 0.17690300941467285, -0.12626606225967407, 0.42426398396492004, -0.25516414642333984, 0.30922672152519226, -0.5923661589622498, 0.11986871808767319, -0.1873275339603424, 0.21333497762680054, -0.692333459854126, 0.005068045109510422, 0.2902190089225769, 0.4171953797340393, 0.548126220703125, -0.5607346296310425, -0.06841139495372772, -0.1692637801170349, 0.027412712574005127, 0.20651720464229584, 0.0004199706017971039, -0.7264390587806702, 0.5463775396347046, -0.025108635425567627, 0.009872347116470337, 0.42906156182289124, -0.039584796875715256, 0.07925933599472046, 0.14378425478935242, -0.6223353147506714, -0.35845261812210083, 0.1973707675933838, 0.12196391820907593, 0.6477291584014893, 0.2961850166320801, -0.5436162948608398, -0.4736820161342621, -0.584714949131012, -0.4413071274757385, 0.5677582025527954, -0.5375804901123047, -0.6532997488975525, 0.02305757999420166, 0.28431373834609985, 0.6559181213378906, -0.3774820566177368, 0.24517284333705902, 0.5463988184928894, -0.2993699908256531, -0.6193040609359741, 0.4991089105606079, 0.20208105444908142, 0.13898470997810364, -0.263497531414032, 0.33735305070877075, 0.6497896313667297, 0.3929635286331177, -0.5329681634902954, 0.05500964820384979, -0.2908834218978882, 0.49644920229911804, -0.6996720433235168, 0.3438118100166321, -0.2636848986148834, 0.2972216308116913, 0.19439908862113953, 0.5104852914810181, -0.6129014492034912, 0.4275081157684326, -0.681761622428894, 0.3906869888305664, 0.18329866230487823, -0.31225109100341797, -0.05352410674095154, -0.43980199098587036, 0.23057928681373596, -0.6374778747558594, 0.44108569622039795, -0.09844014048576355, -0.04274749755859375, 0.1705137938261032, -0.2852194607257843, -0.4798511862754822, -0.34551355242729187, 0.3460518717765808, -0.0337226539850235, 0.5055464506149292, 0.5663287043571472, 0.19262555241584778, -0.7060273289680481, -0.5996274352073669, 0.02559533715248108, -0.7926687598228455, 0.0833803340792656, 0.2687022089958191, 0.29379355907440186, 0.2924145460128784, -0.6424118280410767, -0.1287103295326233, -0.3390732407569885, -0.4542219340801239, 0.48527663946151733, 0.5177077651023865, 0.32151830196380615, 0.3036693036556244, 0.39444616436958313, -0.006701439619064331, -0.1873071789741516, -0.4283759295940399, -0.6558688879013062, -0.47811540961265564, -0.634117066860199, 0.19738653302192688, 0.1084117740392685, 0.3816688656806946, 0.7261256575584412, 0.49219244718551636, -0.24616172909736633, -0.1901419460773468, -0.15241387486457825, -0.3873593211174011, -0.13403767347335815, -0.27857059240341187, 0.6392962336540222, 0.8216301202774048, -0.18921636044979095, -0.4413492679595947, 0.03407352790236473, -0.6448184251785278, 0.12321793287992477, -0.2382386177778244, 0.27781128883361816, -0.38984325528144836, 0.1802663952112198, -0.4362812042236328, 0.6134665608406067, -0.5370069146156311, 0.7809667587280273, -0.0515713132917881, 0.0326322540640831, -0.3937869369983673, 0.12670740485191345, 0.6200088262557983, 0.7186072468757629, 0.061531536281108856, -0.46871668100357056, -0.5627931356430054, 0.6387378573417664, 0.8311341404914856, -0.6713535785675049, -0.4961649775505066, 0.07332120835781097, -0.3087666630744934, -0.710742712020874, 0.06749935448169708, 0.16825979948043823, -0.03339086100459099, -0.3019184470176697, -0.6267105937004089, -0.6985632181167603, 0.11155596375465393, -0.5438768267631531, -0.7497892379760742, 0.4177904725074768, 0.289453387260437, 0.4215205907821655, 0.14878445863723755, 0.4820464253425598, -0.03727447986602783, 0.3517909646034241, 0.33868885040283203, -0.26165449619293213, 0.5976513624191284, 0.2508455812931061, -0.16078801453113556, -0.7057747840881348, 0.5418798923492432, -0.04101429507136345, -0.44885051250457764, -0.5847546458244324, -0.19426770508289337, -0.48483675718307495, 0.4940264821052551, -0.2862618565559387, 0.6017427444458008, 0.4363058805465698, -0.5283814668655396, 0.8550019264221191, -0.5449123382568359, 0.5358440279960632, 0.01912144012749195, -0.23895159363746643, -0.4012574553489685, -0.085904061794281, -0.12855271995067596, 0.17188695073127747, 0.44867050647735596, -0.5630996227264404, 0.23819592595100403, -0.22442908585071564, -0.4978862404823303, 0.2962424159049988, 0.8229261636734009, 0.358015775680542, -0.09297021478414536, -0.48816385865211487, -0.09472845494747162, 0.5243484377861023, 0.16632720828056335, 0.6985295414924622, -0.1920955926179886, -0.635738730430603, -0.7312285900115967, 0.13798567652702332, 0.5938804745674133, 0.6321051716804504, -0.6018231511116028, -0.512465238571167, 0.11700388044118881, -0.6171146631240845, 0.5122362375259399, 0.12759755551815033, -0.07850116491317749, 0.6060505509376526, 0.559283971786499, -0.5485551953315735, 0.3076532483100891, 0.6000365018844604, -0.5973777770996094, 0.6730918884277344, 0.6365259289741516, 0.0028136074542999268, -0.01665712147951126, 0.10501636564731598, 0.5330238938331604, 0.10402549058198929, -0.32280534505844116, 0.17050184309482574, -0.1162557378411293, -0.28501465916633606, -0.612313985824585, 0.39076775312423706, 0.38268959522247314, -0.30788716673851013, -0.7522686719894409, -0.2723881006240845, -0.15217478573322296, -0.16723397374153137, 0.7493127584457397, 0.30230242013931274, 0.7717925310134888, -0.477296382188797, -0.02018134295940399, -0.15793725848197937, 0.16292640566825867, -0.46500301361083984, -0.6531625986099243, 0.7236948013305664, -0.016610845923423767, 0.05059325695037842, -0.01891978085041046, -0.4816568195819855, 0.3510372042655945, 0.6923074722290039, -0.5314429998397827, -0.2731509506702423, 0.4459357261657715, 0.5997810959815979, 0.27687087655067444, 0.3780434727668762, 0.34231775999069214, 0.5547560453414917, -0.38481709361076355, -0.7783877849578857, 0.024193622171878815, 0.02122272551059723, 0.25350421667099, -0.44074898958206177, -0.6797038316726685, 0.15318629145622253, 0.04674191027879715, -0.059460580348968506, 0.4945269823074341, -0.5791886448860168, -0.6837118268013, -0.04276092350482941, -0.13473743200302124, -0.09265907108783722, 0.22103939950466156, -0.27170902490615845, -0.28741568326950073, -0.6270370483398438, 0.36385276913642883, 0.6038689613342285, -0.41972044110298157, 0.5494444370269775, -0.24514102935791016, -0.01186101883649826, -0.22514955699443817, -0.19366109371185303, 0.7156846523284912, 0.5372176766395569, -0.0678425282239914, 0.7983585596084595, -0.2971707582473755, 0.3572268784046173, 0.35673004388809204, 0.02997449040412903, 0.5880288481712341, 0.33237549662590027, -0.48991289734840393, 0.04922205209732056, -0.5262620449066162, -0.24574828147888184, -0.1903538852930069, 0.6917977333068848, 0.25731122493743896, -0.6774012446403503, -0.35084962844848633, 0.23671174049377441, -0.5052170753479004, -0.10895542800426483, -0.5207865834236145, 0.06799314171075821, -0.38027819991111755, 0.7481595277786255, 0.5894759893417358, -0.5974014401435852, -0.3516295254230499, 0.536797046661377, 0.6580019593238831, 0.6422831416130066, -0.24822460114955902, 0.16884174942970276, 0.4731111526489258, 0.3606855869293213, 0.19465330243110657, -0.6466125249862671, 0.21326205134391785, -0.46029311418533325, 0.23642733693122864, 0.32770466804504395, 0.3543561100959778, 0.19329066574573517, 0.7667886018753052, 0.0802035927772522, 0.16019336879253387, -0.19596916437149048, -0.138991579413414, -0.5448698401451111, -0.6467798352241516, 0.014624416828155518, -0.1858789622783661, 0.5479098558425903, 0.06860972940921783, 0.7763279676437378, 0.6656228303909302, 0.36124932765960693, 0.17692242562770844, -0.5944170951843262, 0.3512483239173889, -0.4843592047691345, -0.16210323572158813, 0.567752480506897, 0.30876100063323975, -0.5718090534210205, 0.40311670303344727, 0.3832385540008545, -0.06700018048286438, -0.2624763250350952, -0.6706353425979614, -0.5533024072647095, 0.19150453805923462, 0.511427104473114, -0.8644874691963196, 0.3992093503475189, 0.5577237606048584, 0.07370704412460327, -0.6510119438171387, 0.5018926858901978, 0.7159115076065063, 0.43331378698349, 0.11377998441457748, 0.5453472137451172, -0.4217727780342102, 0.21966102719306946, -0.5236579775810242, 0.30946096777915955, 0.44742387533187866, 0.5796985030174255, -0.15925846993923187, -0.39092326164245605, -0.3446318507194519, -0.7164932489395142, 0.16947244107723236, -0.5428822636604309, 0.42139118909835815, 0.6642324328422546, -0.23205122351646423, -0.2507651448249817, -0.37771037220954895, -0.10802647471427917, -0.5351453423500061, 0.2976340651512146, -0.3409743905067444, 0.7726215124130249, 0.43244636058807373, -0.4484490752220154, -0.14479613304138184, -0.1225627064704895, -0.0037402361631393433, -0.728294849395752, 0.6382120847702026, 0.07455886900424957, 0.7660512924194336, 0.4440476894378662, -0.351320743560791, -0.28850749135017395, -0.24700501561164856, 0.6160796284675598, -0.6841717958450317, 0.07634742558002472, -0.6591687202453613, -0.168291836977005, 0.4391474425792694, -0.4767274856567383, 0.6585440635681152, 0.1959279477596283, -0.47545504570007324, 0.48430734872817993, 0.3820715546607971, -0.6735522747039795, -0.547064483165741, -0.3139537572860718, 0.29876071214675903, -0.3378126621246338, -0.19488300383090973, 0.4345296323299408, 0.15130092203617096, -0.6762861609458923, 0.659585177898407, 0.767190158367157, -0.6438244581222534, -0.3524487614631653, -0.7247979640960693, -0.5933107137680054, 0.2262362539768219, 0.09035812318325043, -0.10503190755844116, 0.7153228521347046, -0.4955241084098816, -0.5744047164916992, 0.02539123222231865, 0.375351220369339, -0.31421104073524475, -0.11818666011095047, 0.5802170038223267, 0.03918539732694626, -0.5407028794288635, -0.6836310625076294, 0.6559861302375793, 0.18031558394432068, 0.8099266290664673, -0.44909074902534485, 0.5275733470916748, -0.10524870455265045, -0.11324363201856613, -0.03180127218365669, 0.19854748249053955, 0.293035626411438, -0.48881930112838745, -0.28305065631866455, 0.48638778924942017, 0.31238386034965515, 0.6983581781387329, 0.054801709949970245, 0.4408743381500244, -0.26019734144210815, 0.3998953104019165, -0.6682507395744324, 0.41550377011299133, 0.12270766496658325, -0.5460724234580994, 0.28115206956863403, -0.605765163898468, 0.6081470251083374, -0.808354914188385, -0.1911849081516266, -0.7256138324737549, -0.016663476824760437, -0.2581573724746704, -0.13249048590660095, -0.2859079837799072, 0.4370918571949005, -0.3339550495147705, -0.0664663016796112, -0.05059980973601341, 0.4110429584980011, -0.4415856897830963, 0.14821955561637878, 0.18932072818279266, -0.3639110028743744, -0.1565399467945099, 0.22476741671562195, 0.16052502393722534, -0.4108235836029053, 0.27457064390182495, 0.21587756276130676, 0.6713091731071472, -0.6333253383636475, 0.1244630217552185, 0.0074255988001823425, -0.35866251587867737, -0.24698951840400696, -0.5209940671920776, -0.5770367383956909, 0.5870571136474609, -0.3467172384262085, 0.5890138745307922, 0.10644638538360596, -0.13429337739944458, 0.38258761167526245, 0.11509522795677185, 0.4643743336200714, 0.02793068066239357, 0.03174074366688728, 0.5086507797241211, 0.8333185911178589, -0.200998917222023, -0.0347495898604393, 0.18785768747329712, 0.09497401118278503, 0.42107704281806946, -0.062110044062137604, 0.4277442395687103, -0.6742921471595764, -0.175801619887352, 0.10586017370223999, -0.28895848989486694, 0.3490048050880432, 0.2218884527683258, 0.682431161403656, 0.16794157028198242, -0.7844774127006531, -0.4181227684020996, 0.035327211022377014, -0.4879242181777954, 0.3854614794254303, -0.4277590811252594, -0.30949878692626953, 0.06611916422843933, 0.4719780683517456, 0.258433997631073, 0.4876033365726471, 0.7906990051269531, -0.7132704257965088, -0.41579365730285645, -0.02734757959842682, 0.5656063556671143, -0.47827109694480896, -0.1480012834072113, -0.7351061701774597, -0.5331580638885498, 0.4388514757156372, -0.6581432223320007, -0.27326393127441406, 0.5422726273536682, -0.20314085483551025, -0.4932851791381836, -0.0730590745806694, -0.2477554976940155, 0.04265012592077255, 0.267901748418808, -0.03800366818904877, 0.4798264503479004, -0.6502326726913452, 0.8350707292556763, 0.10808753222227097, -0.03024919331073761, -0.06079472601413727, 0.3365231454372406, -0.6286969184875488, -0.46830570697784424, 0.06335453689098358, 0.6157145500183105, -0.1273433417081833, 0.002148248255252838, 0.5532000064849854, -0.4501521587371826, 0.520611584186554, 0.6498928070068359, 0.3943926692008972, -0.2940980792045593, -0.6494883298873901, 0.625155508518219, -0.11425238102674484, 0.007619395852088928, -0.2719770073890686, -0.8037171363830566, 0.43149852752685547, -0.6034228801727295, -0.43967750668525696, -0.6777878999710083, 0.10276754200458527, 0.03201213479042053, -0.27516865730285645, -0.5104212164878845, -0.29035821557044983, 0.4675924777984619, 0.4231727719306946, -0.2231443226337433, -0.7216898202896118, -0.5768150091171265, 0.2115517556667328, -0.015669509768486023, -0.3848617374897003, -0.10600098967552185, -0.5945098400115967, 0.0379364937543869, -0.36897480487823486, -0.5562006235122681, 0.15863874554634094, 0.4428150951862335, -0.29244327545166016, 0.4929051399230957, 0.3133993148803711, -0.3310500383377075, 0.739005982875824, -0.12397272884845734, -0.4564439058303833, -0.5464388132095337, 0.5703811049461365, 0.07519733905792236, 0.6271592378616333, 0.7089883089065552, 0.1602363884449005, 0.6236289143562317, -0.6345044374465942, 0.19001802802085876, -0.015376627445220947, 0.256001353263855, -0.015434209257364273, 0.3298407196998596, 0.5425592064857483, 0.1304273009300232, 0.3048233389854431, -0.7219682335853577, -0.17344799637794495, 0.28466635942459106, 0.22432459890842438, 0.32656005024909973, 0.06922391802072525, 0.5049148797988892, 0.007899679243564606, -0.46532219648361206, 0.10740017145872116, -0.03658188879489899, 0.4254184365272522, 0.2275806963443756, 0.5512697696685791, 0.48341798782348633, 0.5222779512405396, -0.672455906867981, -0.3960469365119934, -0.7277846932411194, 0.1777634620666504, -0.4257851541042328, -0.16626587510108948, -0.5227949023246765, -0.5319656133651733, 0.24207822978496552, -0.012785974889993668, 0.18012700974941254, -0.5963886976242065, -0.3579401969909668, 0.522525429725647, 0.5863291025161743, -0.5882563591003418, 0.3199225962162018, 0.05263476073741913, 0.6987978219985962, 0.185509592294693, 0.12406675517559052, -0.8151959180831909, -0.5958116054534912, -0.108557790517807, -0.5359552502632141, -0.17881131172180176, 0.8543384075164795, -0.4806210994720459, 0.7439382076263428, 0.0629003569483757, 0.3001002073287964, -0.4595460295677185, -0.36439183354377747, -0.5845016241073608, 0.20632213354110718, -0.6730270385742188, -0.7409963011741638, -0.44268739223480225, -0.6130416393280029, 0.5864869952201843, 0.11786492168903351, -0.38732075691223145, 0.511613130569458, 0.5048842430114746, -0.18374493718147278, 0.2576715350151062, -0.5196592807769775, 0.737362265586853, -0.4590533375740051, 0.08186459541320801, -0.2380027025938034, 0.41426122188568115, 0.22437189519405365, 0.33453118801116943, 0.4744654595851898, 0.6033248901367188, 0.199562668800354, 0.4839581847190857, 0.2059030532836914, 0.46928733587265015, 0.34420400857925415, 0.5154906511306763, -0.4273337721824646, 0.08273670822381973, -0.07878346741199493, -0.5417538285255432, -0.018220342695713043, -0.8234173059463501, 0.3077678978443146, 0.09725108742713928, 0.3019382357597351, 0.5054944753646851, -0.21436360478401184, -0.5173640251159668, -0.4111182391643524, -0.4426150918006897, 0.0637393668293953, -0.508711576461792, 0.2598024904727936, 0.16795553267002106, 0.7629138231277466, -0.17984755337238312, 0.6776775121688843, -0.40649908781051636, -0.1035313531756401, -0.6414752006530762, -0.019561011344194412, -0.1516953557729721, -0.36490052938461304, -0.1310034841299057, -0.6612120866775513, -0.28678372502326965, 0.4282923936843872, 0.6803063154220581, 0.6369363069534302, 0.06459242105484009, -0.6467093229293823, 0.5109294652938843, 0.6710835695266724, 0.426052987575531, 0.5674053430557251, 0.07724328339099884, 0.489812433719635, -0.05360020697116852, 0.3110519349575043, 0.5750648379325867, 0.3600497841835022, 0.03344856575131416, -0.8579353094100952, 0.02301654778420925, -0.6280264854431152, 0.03644680976867676, 0.45052051544189453, 0.2407497763633728, 0.5873135328292847, -0.3600168526172638, 0.6917277574539185, -0.14246264100074768, 0.3025210201740265, 0.13220180571079254, -0.18960966169834137, -0.5865710973739624, -0.3178951144218445, -0.051905401051044464, 0.41395750641822815, 0.08438897132873535, -0.7576270699501038, -0.6185818910598755, 0.6573035717010498, 0.3889768123626709, -0.48305144906044006, -0.7514148354530334, 0.2790370285511017, -0.6070229411125183, -0.0711200088262558, 0.1279873549938202, 0.03086700662970543, -0.22584033012390137, 0.2366599291563034, 0.03616581857204437, 0.40441131591796875, 0.11819152534008026, -0.1228441670536995, 0.2827252149581909, -0.23636136949062347, 0.4321514964103699, -0.14607423543930054, 0.5302190780639648, -0.25008100271224976, -0.334395170211792, 0.515127420425415, -0.2603971064090729, 0.6888091564178467, 0.491127610206604, 0.5853456258773804, -0.057178717106580734, 0.21058860421180725, 0.04085669293999672, 0.31975606083869934, 0.6064953804016113, 0.14887483417987823, 0.46255210041999817, 0.4455248713493347, -0.22398898005485535, 0.44674956798553467, -0.1709112673997879, -0.22861170768737793, -0.40215587615966797, 0.49972930550575256, 0.2500210702419281, 0.5285649299621582, 0.3945074677467346, 0.31037652492523193, 0.3649778962135315, 0.10968964546918869, -0.4329613447189331, 0.04101746529340744, -0.7164617776870728, 0.26939281821250916, 0.7220038771629333, -0.45932692289352417, -0.4031679332256317, 0.11787370592355728, 0.11999627202749252, 0.6040679216384888, -0.5374769568443298, 0.07987597584724426, 0.2234807014465332, 0.5864953994750977, 0.5702819228172302, -0.3271627426147461, 0.17584918439388275, -0.10336605459451675, 0.39348524808883667, 0.8292570114135742, 0.07142067700624466, -0.27792155742645264, -0.31740954518318176, 0.3036622107028961, -0.18396535515785217, -0.09008700400590897, 0.4943402409553528, -0.0398624911904335, -0.03923705220222473, -0.05887588486075401, 0.47432830929756165, 0.28272783756256104, -0.3888889253139496, 0.10688062012195587, -0.6246002912521362, 0.29428884387016296, 0.3342270255088806, -0.5628300309181213, -0.5251263380050659, 0.4509742259979248, -0.6656416654586792, 0.4144652485847473, -0.13948264718055725, -0.11156736314296722, 0.49280864000320435, 0.06646504253149033, 0.5354440808296204, 0.25123870372772217, -0.30882593989372253, 0.15164388716220856, 0.16069136559963226, -0.12005984783172607, 0.2500442862510681, 0.5219916701316833, 0.22497281432151794, 0.3126111924648285, -0.5043400526046753, -0.14268258213996887, -0.7343056201934814, 0.22232961654663086, 0.6219473481178284, -0.16608233749866486, -0.3170199990272522, 0.48434919118881226, -0.045741304755210876, -0.09784279763698578, -0.5014577507972717, 0.5748680830001831, -0.14119406044483185, -0.4382631778717041, -0.3853251338005066, 0.5402122139930725, -0.24456997215747833, 0.24377793073654175, -0.21900412440299988, 0.200869619846344, 0.5804305076599121, 0.06294891238212585, -0.05219773203134537, 0.06502019613981247, -0.5710451006889343, 0.2656875252723694, 0.5778931379318237, 0.259097158908844, 0.3220025599002838, 0.036401551216840744, 0.8170880079269409, -0.24324704706668854, -0.08986583352088928, -0.33928313851356506, 0.4066939055919647, 0.5590734481811523, 0.6858900785446167, -0.27798885107040405, 0.1294199377298355, -0.5106168985366821, -0.4122839570045471, 0.2858060300350189, -0.8328211307525635, 0.3691486418247223, 0.6668423414230347, -0.3799867033958435, 0.6495257616043091, 0.4441688060760498, -0.513159990310669, 0.03474975377321243, 0.33994364738464355, 0.8286391496658325, 0.1910291612148285, 0.6185988187789917, 0.24991178512573242, -0.6341529488563538, 0.4857952296733856, -0.5861231684684753, 0.21065276861190796, -0.052530691027641296, -0.3812093436717987, 0.1349238157272339, 0.4658272862434387, 0.4382570683956146, 0.4148350954055786, -0.5292955040931702, 0.2508539855480194, -0.3478226065635681, -0.0055021122097969055, 0.7632080316543579, -0.5438628792762756, 0.2821079194545746, 0.1857537478208542, 0.19771182537078857, -0.5959715843200684, 0.37644121050834656, -0.06637389212846756, -0.5607898235321045, 0.0008230097591876984, 0.7842240333557129, 0.05414758622646332, 0.04276246950030327, 0.6743171215057373, 0.039657752960920334, 0.3692067861557007, -0.34259068965911865, -0.09639482945203781, 0.24892988801002502, -0.15721988677978516, 0.056020498275756836, -0.33058565855026245, 0.40389129519462585, -0.2274230420589447, -0.3216482102870941, -0.35813936591148376, -0.1442786455154419, -0.37169086933135986, 0.5231517553329468, 0.5674154758453369, 0.30625030398368835, 0.5477656126022339, 0.39253854751586914, -0.17499135434627533, -0.011927895247936249, -0.6264038681983948, 0.17547820508480072, -0.44183552265167236, 0.6545839309692383, 0.3026052713394165, -0.6767830848693848, -0.2917836606502533, 0.3779313564300537, 0.6877197623252869, -0.8623307943344116, -0.19826996326446533, 0.11363169550895691, 0.21707753837108612, 0.5658437609672546, -0.09774186462163925, -0.14183679223060608, -0.31577762961387634, 0.3951506018638611, 0.414996862411499, 0.0651775598526001, -0.1999107003211975, -0.28548628091812134, -0.18799954652786255, 0.3603067994117737, -0.14784391224384308, -0.1691059172153473, 0.5875809788703918, 0.01938566565513611, 0.7048863768577576, -0.2954229712486267, 0.0208786278963089, -0.5908774137496948, 0.02174771949648857, -0.21636050939559937, -0.3479551374912262, -0.1375773698091507, 0.4203944504261017, 0.33398279547691345, 0.3138344883918762, -0.23707494139671326, -0.36111462116241455, 0.6786518692970276, 0.03543674945831299, 0.5888007879257202, -0.4288604259490967, 0.8400312066078186, 0.09234076738357544, 0.09827318787574768, -0.040456660091876984, -0.6155871748924255, 0.527077853679657, 0.4252825975418091, 0.019225694239139557, -0.6670856475830078, 0.13798779249191284, -0.8239647150039673, 0.5545328259468079, 0.1167658269405365, -0.27613580226898193, -0.5732157230377197, 0.6589157581329346, 0.024182043969631195, -0.5898293256759644, 0.20354661345481873, 0.7544389963150024, -0.13350503146648407, 0.5961440205574036, 0.057419806718826294, -0.3444121181964874, 0.4193921387195587, -0.19082176685333252, -0.653268575668335, 0.6756113767623901, -0.6239465475082397, 0.26227203011512756, -0.052798107266426086, 0.12286163866519928, 0.1304035186767578, 0.04723978042602539, 0.34269285202026367, 0.5176198482513428, -0.6711435317993164, 0.0446694940328598, 0.1963520348072052, -0.08443047106266022, -0.15618275105953217, -0.7578314542770386, 0.6134587526321411, 0.024386711418628693, 0.6131614446640015, -0.10325843095779419, 0.3962428569793701, -0.563347578048706, -0.3857414722442627, 0.44153305888175964, 0.20890472829341888, -0.5138425230979919, 0.5772937536239624, 0.06212751567363739, 0.2594544589519501, 0.670052707195282, -0.47503015398979187, 0.3993721008300781, 0.35826554894447327, 0.8219207525253296, -0.007222846150398254, -0.5687379837036133, -0.19114214181900024, -0.36994239687919617, 0.6486777663230896, -0.5487915873527527, 0.8202148675918579, 0.0142441987991333, -0.1890532672405243, 0.2570574879646301, -0.2957073450088501, 0.2513126730918884, -0.4343453049659729, 0.6030696630477905, 0.2990216910839081, 0.3621463477611542, -0.34487384557724, -0.058656662702560425, 0.13332076370716095, -0.05399910360574722, -0.7368453145027161, -0.36492541432380676, 0.33818161487579346, -0.2446483075618744, -0.09827454388141632, 0.28022199869155884, 0.34774157404899597, -0.28855979442596436, 0.738511860370636, -0.01807396113872528, -0.1881251186132431, 0.6213623285293579, -0.17922180891036987, -0.4794107675552368, 0.8276126384735107, 0.4603782892227173, -0.39579465985298157, -0.61369788646698, -0.42755356431007385, -0.1371847540140152, 0.5239013433456421, -0.6930365562438965, 0.4872114062309265, 0.5162378549575806, -0.6247782111167908, -0.21277065575122833, -0.11953498423099518, -0.31092095375061035, 0.28579092025756836, 0.6937544345855713, 0.27426213026046753, 0.04636937752366066, 0.6279304623603821, -0.5981370210647583, -0.15146589279174805, 0.15701384842395782, 0.04160749912261963, -0.21612253785133362, 0.22899457812309265, -0.33399638533592224, -0.09211717545986176, -0.15417711436748505, 0.44159114360809326, 0.47152191400527954, -0.187828928232193, 0.07290981709957123, -0.4655696749687195, 0.45821475982666016, 0.6427953839302063, 0.7299277782440186, -0.5300525426864624, 0.8054507374763489, -0.7514142990112305, 0.15595421195030212, 0.5511288046836853, -0.430519700050354, 0.027661871165037155, 0.07104707509279251, -0.49466627836227417, -0.2047121673822403, -0.37488943338394165, 0.38792020082473755, 0.2867066264152527, 0.21645236015319824, 0.5659863948822021, 0.7182083129882812, 0.7027497291564941, -0.04335906356573105, -0.19080983102321625, -0.8337389230728149, -0.14110955595970154, 0.0689067617058754, -0.24028657376766205, 0.5503126382827759, -0.080667644739151, -0.5737272500991821, 0.3332641124725342, -0.20574864745140076, -0.07981862872838974, 0.4380728006362915, 0.3834069073200226, -0.4937206506729126, 0.6784101724624634, 0.5407359600067139, -0.6557868719100952, -0.28964200615882874, 0.1658274531364441, 0.19923123717308044, 0.08647656440734863, 0.32405346632003784, -0.5676878094673157, -0.33704257011413574, 0.2865941524505615, -0.042742978781461716, 0.4554785490036011, 0.2676938772201538, 0.2848621904850006, -0.7056335806846619, -0.060519568622112274, -0.29582342505455017, -0.03478670120239258, 0.38202524185180664, -0.5998682975769043, -0.5822065472602844, -0.4899221360683441, -0.5768133401870728, -0.07584311068058014, 0.018179260194301605, 0.5452089309692383, 0.39817965030670166, 0.14497916400432587, 0.39368361234664917, 0.3675207495689392, 0.039895862340927124, -0.013239122927188873, 0.6952502727508545, -0.32358288764953613, 0.6916217803955078, 0.03936035931110382, -0.11009461432695389, 0.024286292493343353, -0.20159612596035004, 0.32106733322143555, -0.5599114298820496, 0.8098561763763428, 0.25437474250793457, 0.342973530292511, 0.08949339389801025, -0.5320374965667725, 0.25664788484573364, 0.6791108846664429, 0.20408186316490173, 0.26045849919319153, -0.18129348754882812, 0.41169804334640503, -0.41520559787750244, -0.6718288064002991, -0.0945567712187767, -0.4022957682609558, 0.43956315517425537, 0.38970237970352173, -0.7746134400367737, 0.5365277528762817, 0.2622537910938263, 0.42249125242233276, 0.6983060836791992, -0.4044748544692993, 0.39381203055381775, -0.7468377351760864, 0.6771684288978577, -0.44685888290405273, -0.3865281343460083, -0.49155062437057495, 0.606208086013794, -0.09053292125463486, 0.7258020639419556, -0.688850998878479, 0.05625886470079422, 0.24979275465011597, -0.45120322704315186, 0.48969656229019165, 0.2351454645395279, 0.03620108962059021, -0.26403748989105225, -0.7236675024032593, 0.3060961365699768, -0.011127844452857971, -0.13780489563941956, 0.5909353494644165, -0.36715856194496155, -0.16607621312141418, -0.5868325233459473, 0.32756614685058594, 0.4554903507232666, -0.05947576463222504, 0.679867684841156, -0.3355185389518738, -0.47149917483329773, 0.6835401058197021, -0.2099403589963913, 0.1553436666727066, -0.38690295815467834, -0.3101726472377777, -0.2003113478422165, 0.39866501092910767, -0.007098734378814697, -0.2446851134300232, -0.06742142140865326, 0.686492383480072, 0.4212753176689148, 0.34425222873687744, 0.4650048315525055, -0.13188625872135162, -0.08826183527708054, -0.5493584275245667, 0.1423761397600174, 0.4907516837120056, -0.22980539500713348, -0.09873772412538528, 0.03901956230401993, 0.13396967947483063, -0.12825918197631836, -0.6075342893600464, -0.49364161491394043, 0.18758812546730042, 0.23992758989334106, 0.07481758296489716, 0.5724902153015137, 0.7235718369483948, 0.042515456676483154, 0.5825093388557434, -0.09279030561447144, -0.5322665572166443, -0.401718407869339, 0.04070882126688957, 0.2329774796962738, -0.15973515808582306, 0.18892334401607513, 0.3017340302467346, 0.2898451089859009, -0.5700472593307495, 0.39160239696502686, 0.1265544593334198, 0.1515529304742813, -0.42971616983413696, 0.36510154604911804, 0.2230619490146637, -0.19337594509124756, -0.5811788439750671, 0.5912960767745972, 0.2716331481933594, -0.1447313129901886, 0.07342986017465591, -0.6039866209030151, 0.659321129322052, 0.3624630272388458, -0.03280983120203018, 0.10055844485759735, 0.37049004435539246, -0.18422159552574158, -0.6519277095794678, -0.2853204607963562, -0.3199354410171509, 0.16995736956596375, -0.04150620847940445, -0.705074667930603, 0.19492043554782867, 0.4996579885482788, 0.7010191082954407, -0.1292397379875183, 0.308798223733902, -0.40656644105911255, 0.24052859842777252, 0.1586156189441681, -0.045974865555763245, -0.3848572373390198, 0.7657140493392944, -0.1420229971408844, 0.7117009162902832, 0.43798014521598816, 0.4430520832538605, 0.5638637542724609, -0.002751551568508148, 0.1851426362991333, -0.4342575669288635, 0.42762917280197144, -0.22831453382968903, 0.433305561542511, 0.23488348722457886, -0.2802503705024719, 0.40598106384277344, 0.12334096431732178, -0.5356290340423584, 0.6783490777015686, 0.2047111690044403, 0.05878807604312897, 0.5950729846954346, -0.45263296365737915, -0.4692625105381012, 0.13757039606571198, 0.4062272608280182, 0.4309390187263489, 0.029321499168872833, 0.1973562240600586, 0.5062848925590515, -0.5273174047470093, -0.33079057931900024, -0.2824094295501709, 0.15401491522789001, 0.14910811185836792, 0.2254055291414261, 0.4266287088394165, 0.09955505281686783, -0.08244216442108154, 0.06502754241228104, -0.13758982717990875, -0.1096048653125763, 0.10874699056148529, -0.15054598450660706, -0.40586745738983154, -0.5280427932739258, -0.6699641942977905, -0.6189830303192139, 0.1812526136636734, -0.5041015148162842, 0.5946640372276306, 0.08332771807909012, -0.4322110712528229, 0.4050105810165405, -0.28697776794433594, 0.7295604944229126, -0.16477742791175842, 0.6608794927597046, 0.6542329788208008, 0.40501725673675537, 0.07301853597164154, 0.2555904686450958, -0.6379015445709229, -0.13809677958488464, -0.8430517911911011, -0.10116765648126602, 0.6034421324729919, 0.49111711978912354, 0.0019459724426269531, 0.7556669116020203, 0.29007288813591003, -0.2351553738117218, 0.7581278085708618, -0.5399600863456726, -0.8451634645462036, -0.1475452333688736, 0.4395875930786133, -0.20672596991062164, -0.26541078090667725, 0.5719609260559082, -0.18151603639125824, -0.03688416630029678, -0.4187183976173401, 0.3115740418434143, -0.4744981527328491, -0.1963285356760025, -0.3587223291397095, -0.4207322597503662, 0.27389830350875854, -0.7523519992828369, 0.5798579454421997, -0.2626410126686096, -0.628728985786438, -0.6347324252128601, 0.08596321195363998, 0.7912575006484985, -0.029995858669281006, -0.1012343168258667, 0.40013015270233154, -0.6146231889724731, 0.21126842498779297, 0.07236835360527039, 0.10835130512714386, 0.33100107312202454, 0.31862491369247437, -0.7363282442092896, 0.29200640320777893, 0.06683608889579773, -0.6206172108650208, 0.1578090935945511, 0.2417794167995453, -0.5306811928749084, 0.157743439078331, -0.3377692699432373, -0.5475298762321472, 0.0077432990074157715, -0.703276515007019, 0.36512449383735657, 0.23213087022304535, -0.5211488604545593, -0.10698336362838745, -0.0685124546289444]
