sample name: ['Cc1nc(C(F)(F)F)ccc1C(=O)N1CCC(C(=O)Nc2ccc(S(N)(=O)=O)cc2)CC1']
atom_index,distance,cosine_similarity
0,-0.2733624267578125,0.025853955205529928
1,-0.1208001708984375,0.020800107903778554
2,-1.668658447265625,0.21723999476991593
3,-0.9196630859375,0.09253805130720139
4,-1.4930987548828125,0.16664820125326515
5,-0.465538330078125,0.039154875371605155
6,-0.0545684814453125,-0.009047116637229919
7,-0.4659979248046875,0.037029349654912946
8,0.422366943359375,-0.08006188988685609
9,0.3247735595703125,-0.014683230444788933
10,0.24790283203125,-0.022932998090982436
11,-0.030255126953125,0.011245605368167162
12,0.0275970458984375,0.02868918940424919
13,-0.1605181884765625,0.03505679748952389
14,0.319140625,-0.011355506256222725
15,-0.056563720703125,0.035501240752637386
16,-0.046802978515625,0.014929170142859221
17,-0.135208740234375,0.025306240394711493
18,-0.8109967041015625,0.12759418170899153
19,-0.076553955078125,0.028627209439873694
20,-2.05326904296875,0.2705593330785632
21,-1.44975830078125,0.19793453872203826
22,-0.266123046875,0.057282063066959384
23,-0.46969970703125,0.08236586287617684

Sum of phi values for distance
-9.675656127929688
Sum of phi values for cosine similarity
1.37627522659488
Average distance random samples:
10.091689412991206
Average cosine similarity random samples:
0.4905824236474776
Distances random samples
[10.334259033203125, 9.513736724853516, 10.919297218322754, 11.153036117553711, 9.599688529968262, 11.643494606018066, 10.271154403686523, 8.125059127807617, 8.639383316040039, 8.610197067260742, 9.85352897644043, 9.4749755859375, 9.861924171447754, 8.691732406616211, 10.513051986694336, 11.145368576049805, 9.94122314453125, 10.909492492675781, 9.820657730102539, 11.881142616271973, 10.145840644836426, 10.211627960205078, 8.300676345825195, 9.295557975769043, 7.831417560577393, 10.189067840576172, 9.602639198303223, 12.045827865600586, 9.353739738464355, 8.910042762756348, 7.648153305053711, 11.50469970703125, 10.400489807128906, 10.08089828491211, 9.821938514709473, 9.083724975585938, 8.466082572937012, 8.739439964294434, 10.319425582885742, 9.599540710449219, 8.621625900268555, 9.47126579284668, 9.298908233642578, 10.708993911743164, 7.434960842132568, 11.374634742736816, 11.38072395324707, 9.136307716369629, 8.541370391845703, 8.968141555786133, 9.197347640991211, 9.404645919799805, 10.610818862915039, 10.001630783081055, 8.9774751663208, 8.483686447143555, 9.752280235290527, 9.885332107543945, 13.035425186157227, 9.126294136047363, 8.682193756103516, 9.899696350097656, 8.590890884399414, 7.388193607330322, 9.560274124145508, 8.830714225769043, 9.257351875305176, 12.973723411560059, 13.51976203918457, 7.0008392333984375, 9.298502922058105, 9.650097846984863, 13.688910484313965, 11.052762031555176, 9.645122528076172, 10.549104690551758, 10.276053428649902, 9.626311302185059, 7.8567214012146, 9.468814849853516, 7.786898136138916, 11.298736572265625, 10.554436683654785, 10.704558372497559, 10.434877395629883, 12.094121932983398, 10.67422866821289, 8.288968086242676, 10.477627754211426, 9.16023063659668, 9.970647811889648, 8.821002006530762, 10.754979133605957, 10.256607055664062, 7.177436828613281, 14.259737968444824, 9.460281372070312, 9.573094367980957, 7.825954914093018, 7.649376392364502, 10.538412094116211, 9.418084144592285, 9.469534873962402, 11.642784118652344, 11.077481269836426, 9.430249214172363, 9.646352767944336, 10.274763107299805, 8.437712669372559, 9.297455787658691, 7.917047023773193, 9.845592498779297, 9.680706024169922, 8.163525581359863, 9.975239753723145, 9.70265007019043, 9.904887199401855, 10.411927223205566, 9.51917552947998, 10.299067497253418, 10.249375343322754, 8.953368186950684, 9.468737602233887, 7.392524242401123, 9.531510353088379, 9.714836120605469, 13.007885932922363, 8.927640914916992, 11.320343017578125, 9.715998649597168, 9.351741790771484, 11.021903991699219, 9.169093132019043, 10.427971839904785, 10.434847831726074, 9.454877853393555, 9.215725898742676, 10.311975479125977, 8.870375633239746, 8.583858489990234, 9.10651683807373, 7.7335944175720215, 9.680150985717773, 10.202662467956543, 11.342738151550293, 9.661959648132324, 10.274157524108887, 9.461030960083008, 9.798447608947754, 8.560385704040527, 10.123068809509277, 8.752262115478516, 8.543611526489258, 8.819480895996094, 9.047607421875, 8.399613380432129, 9.640374183654785, 10.297932624816895, 8.227119445800781, 8.523815155029297, 9.860563278198242, 8.970548629760742, 9.731969833374023, 9.55649185180664, 11.835262298583984, 9.06108283996582, 9.549817085266113, 8.33586597442627, 7.578863620758057, 9.20716667175293, 9.526628494262695, 10.592528343200684, 9.601582527160645, 11.663498878479004, 9.686944961547852, 9.182382583618164, 9.616802215576172, 11.475057601928711, 9.015669822692871, 8.881967544555664, 9.309037208557129, 8.983960151672363, 10.046134948730469, 7.652784824371338, 8.549838066101074, 9.476909637451172, 9.031003952026367, 9.413430213928223, 7.188632965087891, 11.44260025024414, 9.384897232055664, 9.678154945373535, 9.688899040222168, 8.931781768798828, 10.825835227966309, 10.010207176208496, 9.19786262512207, 10.172526359558105, 11.23375415802002, 8.22170639038086, 10.849333763122559, 10.16015338897705, 10.662944793701172, 9.938312530517578, 11.187280654907227, 9.354377746582031, 8.64743709564209, 14.163167953491211, 8.2850341796875, 9.615779876708984, 10.496464729309082, 8.126937866210938, 13.608149528503418, 9.450181007385254, 9.163155555725098, 8.668009757995605, 9.098359107971191, 8.042276382446289, 9.400672912597656, 12.620262145996094, 13.335329055786133, 14.584280967712402, 11.986021041870117, 15.737318992614746, 9.938627243041992, 9.689584732055664, 16.1245059967041, 11.887918472290039, 13.916630744934082, 12.951704978942871, 9.097925186157227, 12.350037574768066, 10.228650093078613, 9.35280704498291, 11.765625953674316, 9.735577583312988, 9.072779655456543, 11.56974983215332, 14.171789169311523, 14.722352027893066, 11.99394416809082, 10.219666481018066, 9.84655475616455, 8.7730712890625, 12.68950080871582, 9.696167945861816, 11.819703102111816, 12.948665618896484, 14.27882194519043, 13.895777702331543, 15.286112785339355, 7.797451496124268, 13.936112403869629, 12.48054027557373, 8.762682914733887, 12.686312675476074, 12.700456619262695, 12.047574043273926, 14.20405387878418, 14.090153694152832, 12.369856834411621, 9.96825122833252, 12.889779090881348, 13.510401725769043, 8.261615753173828, 13.420833587646484, 12.43722915649414, 10.627638816833496, 10.938566207885742, 14.12999439239502, 7.27587366104126, 10.226981163024902, 11.947938919067383, 11.651873588562012, 12.631327629089355, 10.372342109680176, 12.278312683105469, 10.562357902526855, 12.783644676208496, 10.591472625732422, 10.03235912322998, 12.97555160522461, 9.092785835266113, 10.486919403076172, 8.136490821838379, 9.286139488220215, 12.590168952941895, 8.836267471313477, 12.447720527648926, 12.737845420837402, 13.125638961791992, 12.439383506774902, 12.682979583740234, 12.644539833068848, 9.795286178588867, 12.603358268737793, 14.246281623840332, 14.152973175048828, 14.351704597473145, 9.928842544555664, 8.94696044921875, 13.487092971801758, 13.32497787475586, 6.875949859619141, 8.996997833251953, 12.179951667785645, 8.333447456359863, 8.766362190246582, 11.814295768737793, 9.410876274108887, 12.751423835754395, 8.684033393859863, 10.84163761138916, 7.11846923828125, 8.785234451293945, 9.5564603805542, 13.796305656433105, 8.474016189575195, 10.962645530700684, 9.12964153289795, 7.241621017456055, 12.861767768859863, 12.630972862243652, 8.563337326049805, 9.77882194519043, 9.214554786682129, 9.081804275512695, 12.350860595703125, 12.851025581359863, 8.574206352233887, 8.368473052978516, 10.503427505493164, 9.448423385620117, 13.420347213745117, 12.996187210083008, 10.653745651245117, 10.823556900024414, 7.1162109375, 5.17310905456543, 12.61706256866455, 8.165285110473633, 9.628573417663574, 9.625236511230469, 10.307730674743652, 8.78769302368164, 13.40769100189209, 12.267167091369629, 13.231425285339355, 12.666460037231445, 8.655820846557617, 13.27772331237793, 14.701736450195312, 10.286782264709473, 10.29234790802002, 10.647751808166504, 8.754155158996582, 7.886990547180176, 9.615129470825195, 8.252617835998535, 8.887510299682617, 10.260530471801758, 8.315509796142578, 6.6091413497924805, 13.378372192382812, 13.14820671081543, 6.94596529006958, 13.10271167755127, 9.042661666870117, 8.761096000671387, 9.718073844909668, 8.049196243286133, 8.370575904846191, 8.462903022766113, 9.591794967651367, 8.226943016052246, 13.765742301940918, 13.234472274780273, 9.357760429382324, 9.120468139648438, 9.013084411621094, 9.686849594116211, 8.991211891174316, 12.250189781188965, 8.740669250488281, 9.659032821655273, 15.410210609436035, 12.066368103027344, 9.801213264465332, 8.182167053222656, 16.078662872314453, 7.0363359451293945, 14.116255760192871, 13.169878005981445, 9.409692764282227, 9.475911140441895, 14.117172241210938, 12.741854667663574, 9.239398002624512, 9.904288291931152, 12.4429349899292, 11.89211368560791, 14.789302825927734, 8.38668155670166, 12.78750991821289, 13.857809066772461, 7.342358112335205, 10.477926254272461, 9.504131317138672, 10.74540901184082, 7.1166815757751465, 9.140058517456055, 9.784703254699707, 7.722256183624268, 12.701189994812012, 11.711773872375488, 8.678142547607422, 9.997249603271484, 11.926541328430176, 10.234550476074219, 8.821150779724121, 14.415952682495117, 6.467025279998779, 8.060626983642578, 7.449199676513672, 8.561244010925293, 8.915458679199219, 12.226785659790039, 9.207600593566895, 12.958468437194824, 12.861177444458008, 8.11586856842041, 12.69957160949707, 10.11253547668457, 8.53150463104248, 12.038272857666016, 12.448408126831055, 8.536142349243164, 10.610027313232422, 9.46647834777832, 8.942224502563477, 9.41058349609375, 13.20641803741455, 13.514286994934082, 9.89578914642334, 13.378816604614258, 8.296408653259277, 12.802992820739746, 13.322187423706055, 14.823040962219238, 8.668686866760254, 7.555602550506592, 13.19614315032959, 14.75786304473877, 14.993414878845215, 17.92778968811035, 14.00929069519043, 8.46717643737793, 7.791627407073975, 7.735383033752441, 14.005126953125, 10.419573783874512, 9.356097221374512, 8.392622947692871, 14.174810409545898, 8.619159698486328, 11.535721778869629, 9.676400184631348, 10.09987735748291, 10.127307891845703, 9.064348220825195, 15.967072486877441, 8.823171615600586, 8.200589179992676, 9.065108299255371, 8.322846412658691, 6.495538234710693, 8.056229591369629, 7.650344371795654, 10.102783203125, 10.17105484008789, 12.357779502868652, 8.910566329956055, 13.067703247070312, 12.316624641418457, 13.938347816467285, 8.525556564331055, 7.732408046722412, 6.547679424285889, 15.80920124053955, 13.362342834472656, 7.177229404449463, 9.914957046508789, 9.550484657287598, 9.609782218933105, 10.581195831298828, 9.334715843200684, 9.76508617401123, 8.299849510192871, 7.834504127502441, 14.871061325073242, 8.650080680847168, 7.43017053604126, 9.316963195800781, 9.886031150817871, 7.948786735534668, 13.39657211303711, 14.764619827270508, 9.06546401977539, 13.95908260345459, 12.907647132873535, 8.390338897705078, 9.224968910217285, 9.496796607971191, 8.301165580749512, 9.819707870483398, 11.228594779968262, 7.386930465698242, 13.123623847961426, 10.672327041625977, 9.349047660827637, 7.651963233947754, 8.432646751403809, 9.621855735778809, 10.706244468688965, 9.869725227355957, 8.93952751159668, 9.250370025634766, 7.544200420379639, 9.316471099853516, 9.268301010131836, 8.086325645446777, 7.935765743255615, 9.534931182861328, 7.325640678405762, 10.300204277038574, 14.62954330444336, 14.449514389038086, 7.072063446044922, 9.275237083435059, 7.259221076965332, 8.810569763183594, 8.707996368408203, 11.728400230407715, 6.749199867248535, 12.961780548095703, 8.916641235351562, 11.868088722229004, 12.790228843688965, 11.707235336303711, 9.837006568908691, 10.13083553314209, 15.013653755187988, 7.191137790679932, 9.278080940246582, 8.759719848632812, 8.484574317932129, 5.882574081420898, 15.381848335266113, 12.204113960266113, 8.680098533630371, 13.997318267822266, 13.163993835449219, 8.2671537399292, 9.08450984954834, 8.433099746704102, 8.381810188293457, 9.786858558654785, 9.635549545288086, 8.487809181213379, 8.412707328796387, 9.3976411819458, 7.790191650390625, 8.036542892456055, 12.627947807312012, 8.311063766479492, 9.149595260620117, 13.620477676391602, 8.07197380065918, 7.950801849365234, 9.611635208129883, 13.376239776611328, 7.797152519226074, 9.811800956726074, 8.432636260986328, 6.9549560546875, 9.327191352844238, 10.153802871704102, 9.077092170715332, 9.527764320373535, 9.53531265258789, 9.544160842895508, 9.764144897460938, 12.272879600524902, 12.721707344055176, 8.422079086303711, 14.725349426269531, 9.505541801452637, 9.014264106750488, 11.398645401000977, 8.798196792602539, 15.657873153686523, 9.064824104309082, 15.25866413116455, 8.860487937927246, 9.3203125, 15.01539421081543, 16.084579467773438, 10.421952247619629, 9.815980911254883, 7.013321399688721, 9.05929946899414, 8.346038818359375, 9.954156875610352, 10.911262512207031, 7.507604598999023, 9.222006797790527, 7.647014141082764, 8.70666790008545, 8.492132186889648, 14.168191909790039, 9.789068222045898, 6.2021379470825195, 7.41124963760376, 9.709358215332031, 8.241142272949219, 8.31877613067627, 7.96314001083374, 9.605945587158203, 6.836180210113525, 14.708488464355469, 6.832308292388916, 10.243494033813477, 8.83521556854248, 9.58331298828125, 9.478479385375977, 13.775006294250488, 7.879298686981201, 8.441107749938965, 13.020689964294434, 9.966374397277832, 7.629188060760498, 9.688898086547852, 10.8917818069458, 8.910480499267578, 8.338658332824707, 14.134432792663574, 9.53133487701416, 10.891736030578613, 7.057910919189453, 10.012247085571289, 8.767457962036133, 9.025976181030273, 9.398209571838379, 7.652140140533447, 8.981739044189453, 8.053070068359375, 9.287969589233398, 8.757391929626465, 10.299665451049805, 8.702272415161133, 10.093842506408691, 8.935606002807617, 8.489964485168457, 13.30703353881836, 8.911380767822266, 13.116263389587402, 8.60878849029541, 9.763976097106934, 8.382226943969727, 8.721810340881348, 12.97203540802002, 8.248502731323242, 9.30600643157959, 9.3754301071167, 11.990013122558594, 8.165114402770996, 9.044763565063477, 8.941600799560547, 8.293024063110352, 11.247167587280273, 8.144171714782715, 13.662127494812012, 12.613489151000977, 7.882850170135498, 14.730548858642578, 12.068436622619629, 10.170654296875, 10.957003593444824, 9.972561836242676, 6.9356560707092285, 9.503521919250488, 9.844099998474121, 8.64787769317627, 11.683189392089844, 13.453728675842285, 8.635635375976562, 13.421436309814453, 8.159582138061523, 17.079946517944336, 9.493388175964355, 8.633796691894531, 8.945914268493652, 9.492019653320312, 10.037178039550781, 10.110405921936035, 9.473098754882812, 10.000612258911133, 12.91268253326416, 15.973743438720703, 14.464399337768555, 16.559816360473633, 9.831469535827637, 12.906647682189941, 16.992502212524414, 10.663394927978516, 9.912177085876465, 9.493383407592773, 13.978474617004395, 12.404396057128906, 10.143295288085938, 11.875910758972168, 12.962390899658203, 8.638998031616211, 10.562565803527832, 9.0047607421875, 7.3816728591918945, 9.101503372192383, 8.886293411254883, 7.73567008972168, 8.809112548828125, 13.424579620361328, 9.02531909942627, 6.784170150756836, 8.55769157409668, 9.132784843444824, 9.034067153930664, 9.366599082946777, 13.31080150604248, 23.99445152282715, 7.986509323120117, 9.81431770324707, 9.230386734008789, 8.872170448303223, 9.731282234191895, 9.83624267578125, 21.240158081054688, 10.059505462646484, 12.919536590576172, 9.571686744689941, 10.262931823730469, 12.268223762512207, 9.278934478759766, 14.211865425109863, 7.833737373352051, 12.981912612915039, 8.384093284606934, 12.33226203918457, 13.182905197143555, 13.291873931884766, 8.099592208862305, 10.3118896484375, 9.812372207641602, 11.721070289611816, 9.503169059753418, 10.060341835021973, 7.822371482849121, 8.82880687713623, 16.331363677978516, 8.366243362426758, 10.81800365447998, 12.126692771911621, 9.67850399017334, 8.877289772033691, 13.731481552124023, 8.937250137329102, 8.917582511901855, 5.486217021942139, 9.814408302307129, 9.476269721984863, 14.01794719696045, 9.940325736999512, 7.625874996185303, 14.355690956115723, 9.69768238067627, 9.107629776000977, 8.256888389587402, 13.19872760772705, 9.665717124938965, 7.222350120544434, 12.777017593383789, 10.055669784545898, 10.054033279418945, 7.29557991027832, 12.679885864257812, 9.169478416442871, 9.117280006408691, 8.060994148254395, 13.434736251831055, 11.212759017944336, 9.796541213989258, 9.502488136291504, 11.748444557189941, 11.334941864013672, 9.688218116760254, 9.687384605407715, 8.533528327941895, 11.057238578796387, 10.074446678161621, 8.42171859741211, 6.473667144775391, 9.589463233947754, 9.68729305267334, 12.24183464050293, 8.269484519958496, 9.175652503967285, 10.792604446411133, 7.969449996948242, 9.220763206481934, 8.5214262008667, 10.362088203430176, 9.41421890258789, 8.668684959411621, 9.387557983398438, 5.209048748016357, 8.809027671813965, 11.10793685913086, 9.317876815795898, 9.373700141906738, 9.350723266601562, 7.154980182647705, 11.063457489013672, 10.850523948669434, 9.415535926818848, 9.563940048217773, 10.634947776794434, 9.419722557067871, 7.299507141113281, 6.487412929534912, 11.204839706420898, 9.678086280822754, 9.78653621673584, 8.830838203430176, 8.374561309814453, 7.623977184295654, 10.585326194763184, 7.736185073852539, 11.617813110351562, 7.066060543060303, 8.873261451721191, 14.797577857971191, 9.755704879760742, 9.91212272644043, 9.288633346557617, 8.090218544006348, 14.026662826538086, 8.364889144897461, 9.558890342712402, 9.550078392028809, 9.341002464294434, 8.01764965057373, 10.725288391113281, 11.208318710327148, 11.889859199523926, 7.127992153167725, 6.976958751678467, 10.47906494140625, 9.250521659851074, 9.199947357177734, 6.247252941131592, 8.886022567749023, 8.728323936462402, 8.804180145263672, 9.264616966247559, 7.86997127532959, 9.235816955566406, 11.295519828796387, 8.04419994354248, 6.7528276443481445, 10.295820236206055, 11.888693809509277, 8.445222854614258, 7.6480021476745605, 7.74285364151001, 7.889842987060547, 9.80282211303711, 8.80533218383789, 8.817360877990723, 9.011338233947754, 9.936534881591797, 7.698697090148926, 9.779751777648926, 5.697120189666748, 11.194361686706543, 8.623703956604004, 10.797752380371094, 8.462349891662598, 6.85002326965332, 9.591329574584961, 7.595160007476807, 11.119918823242188, 9.411283493041992, 10.262067794799805, 8.956160545349121, 9.872095108032227, 7.598382472991943, 8.98894214630127, 10.571561813354492, 8.800322532653809, 8.052492141723633, 9.290658950805664, 9.845096588134766, 9.610007286071777, 8.736477851867676, 8.519436836242676, 11.280590057373047, 9.141042709350586, 9.230147361755371, 10.929829597473145, 9.358659744262695, 8.996562957763672, 9.994983673095703, 10.590279579162598, 8.343497276306152, 10.579368591308594, 9.513128280639648, 8.950460433959961, 7.814579963684082, 8.808947563171387, 9.714802742004395, 8.69537353515625, 8.594894409179688, 9.258828163146973, 8.11590576171875, 10.594568252563477, 9.412544250488281, 8.010573387145996, 9.397201538085938, 9.349754333496094, 8.713199615478516, 9.430842399597168, 10.106226921081543, 8.408108711242676, 7.111391067504883, 9.53661060333252, 7.051054954528809, 9.111769676208496, 11.379743576049805, 9.020733833312988, 8.59472942352295, 7.916708946228027, 8.244752883911133, 9.863248825073242, 9.684127807617188, 6.508959770202637, 8.615400314331055, 9.324220657348633, 7.959136009216309, 8.687803268432617, 8.986307144165039, 8.497526168823242, 9.05457878112793, 9.48549747467041, 10.250652313232422, 9.596380233764648, 9.547432899475098, 9.264777183532715, 9.281004905700684, 10.719449043273926, 8.869649887084961, 7.9001617431640625, 12.96941089630127, 9.042679786682129, 8.543987274169922, 9.000855445861816, 8.962068557739258, 7.7832112312316895, 9.240398406982422, 8.225386619567871, 9.095699310302734, 8.199213981628418, 9.779582977294922, 8.916098594665527, 10.200881958007812, 8.037923812866211, 8.40573501586914, 9.22374439239502, 9.258759498596191, 8.037328720092773, 7.929369926452637, 10.205398559570312, 11.303008079528809, 9.801239967346191, 9.032745361328125, 7.835726737976074, 8.638846397399902, 8.637092590332031, 11.917852401733398, 8.998273849487305, 10.162893295288086, 10.564441680908203, 14.638311386108398, 8.51584243774414, 10.052684783935547, 7.780633449554443, 7.136375427246094, 9.019646644592285, 13.123859405517578, 7.732151508331299, 11.580740928649902, 8.889404296875, 8.79273796081543, 9.252909660339355, 9.48463249206543, 10.009401321411133, 10.489551544189453, 11.507267951965332, 9.80481243133545, 12.501651763916016, 8.54809856414795, 8.387837409973145, 12.62980842590332, 8.895102500915527, 7.274576187133789, 10.155677795410156, 9.235762596130371, 9.044118881225586, 9.125385284423828, 9.960747718811035, 9.359905242919922, 9.44627857208252, 7.247989654541016, 6.819786071777344, 10.085953712463379, 10.501455307006836, 7.887601852416992, 11.29489517211914, 7.883948802947998, 9.458906173706055, 6.68474006652832, 8.616921424865723, 9.97780704498291, 12.339582443237305, 7.511702060699463, 8.30087947845459, 8.999137878417969, 8.012818336486816, 8.217914581298828, 7.0596184730529785, 9.317525863647461, 8.318467140197754, 11.958325386047363, 8.369220733642578, 9.595312118530273, 10.704787254333496, 9.287784576416016, 8.788824081420898, 8.740006446838379, 10.342147827148438, 7.04048490524292, 8.462424278259277, 9.304476737976074, 8.82829761505127, 8.437323570251465, 8.08152961730957, 9.056861877441406, 9.494999885559082, 9.310254096984863, 11.854098320007324, 8.262975692749023, 11.955365180969238, 10.267889976501465, 8.258378982543945, 8.840577125549316, 6.646064758300781, 10.541027069091797, 12.02925968170166, 9.055180549621582, 8.9888916015625, 12.3408842086792, 10.22564697265625, 7.998508930206299, 8.680367469787598, 10.76820182800293, 10.269806861877441, 6.884063720703125, 6.7246575355529785, 9.444226264953613, 7.411568641662598, 8.445029258728027, 8.727255821228027, 9.44501781463623, 10.01832389831543, 8.309321403503418, 8.857998847961426, 8.536935806274414, 8.393647193908691, 8.804597854614258, 8.290160179138184, 10.374090194702148, 9.719925880432129, 9.789044380187988, 9.058503150939941, 28.93080711364746, 9.33248519897461, 10.224615097045898, 14.495902061462402, 8.336231231689453, 9.172194480895996, 7.950799942016602, 10.197649955749512, 11.242772102355957, 9.131006240844727, 10.373616218566895, 8.902569770812988, 10.421038627624512, 8.002614974975586, 7.3656840324401855, 8.5673189163208, 8.845346450805664, 13.069160461425781, 13.43018627166748, 7.49478006362915, 9.988759994506836, 10.9461088180542, 8.551730155944824, 9.937492370605469, 7.541170120239258, 10.535239219665527, 14.113009452819824, 9.932494163513184, 7.863005638122559, 12.718246459960938, 9.79547119140625, 10.417346000671387, 8.397279739379883, 7.8518548011779785, 9.126800537109375, 4.682456970214844, 8.892078399658203, 12.651765823364258, 9.783944129943848, 8.628924369812012, 12.429338455200195, 7.668320178985596, 8.7079439163208, 8.984066009521484, 10.71453857421875, 10.977422714233398, 6.106638431549072, 7.429156303405762, 8.797262191772461, 9.49851131439209, 11.528739929199219, 8.294710159301758, 14.460840225219727, 9.4124174118042, 8.876416206359863, 7.194728851318359, 9.095711708068848, 9.505324363708496, 8.527274131774902, 8.589542388916016, 8.04426097869873, 9.138248443603516, 14.433481216430664, 9.965567588806152, 6.302342891693115, 12.764185905456543, 8.412967681884766, 8.777070045471191, 12.600696563720703, 9.445130348205566, 7.845433712005615, 12.244513511657715, 14.741111755371094, 9.803147315979004, 9.303861618041992, 8.503735542297363, 12.522054672241211, 8.181357383728027, 8.553240776062012, 10.45131778717041, 6.8112616539001465, 6.795115947723389, 13.967491149902344, 9.519698143005371, 9.03027629852295, 9.460729598999023, 7.9961161613464355, 9.620346069335938, 8.467609405517578, 12.656891822814941, 6.826746463775635, 8.788162231445312, 15.407076835632324, 6.989922523498535, 10.196309089660645, 7.184696674346924, 8.485617637634277, 8.893240928649902, 7.39412784576416, 9.958147048950195, 9.520906448364258, 5.731886386871338, 8.018197059631348, 10.92911434173584, 8.337724685668945, 12.919203758239746, 6.321899890899658, 9.097454071044922, 9.279458999633789, 13.934192657470703, 10.153010368347168, 10.413655281066895, 4.953896999359131, 9.925945281982422, 11.849180221557617, 8.685371398925781, 9.638593673706055, 14.514762878417969, 9.903486251831055, 11.794890403747559, 9.27789306640625, 8.77979850769043, 12.783658027648926, 7.4895429611206055, 12.983586311340332, 7.945902347564697, 8.256954193115234, 6.618628978729248, 8.526960372924805, 11.631979942321777, 7.823413372039795, 9.520317077636719, 8.313343048095703, 9.43088436126709, 9.161961555480957, 8.855186462402344, 8.701580047607422, 12.339117050170898, 8.14847469329834, 6.7452263832092285, 12.128238677978516, 7.925412654876709, 8.954545021057129, 13.50852108001709, 5.628783702850342, 14.958478927612305, 8.744901657104492, 10.753257751464844, 13.40846061706543, 9.755854606628418, 9.293009757995605, 7.558091163635254, 9.834989547729492, 15.00961971282959, 6.006172180175781, 10.110860824584961, 7.679069995880127, 10.983123779296875, 9.630496978759766, 9.327475547790527, 11.988959312438965, 14.011537551879883, 8.14296817779541, 7.549257278442383, 10.220451354980469, 6.464520454406738, 13.268241882324219, 8.701680183410645, 8.924095153808594, 10.282562255859375, 13.157479286193848, 9.35169506072998, 7.407754421234131, 9.999534606933594, 10.44286060333252, 9.233781814575195, 10.785124778747559, 9.737481117248535, 7.882925987243652, 13.468255996704102, 8.307859420776367, 8.876737594604492, 20.051908493041992, 14.338421821594238, 8.685606002807617, 9.436148643493652, 9.151915550231934, 8.61339282989502, 8.154531478881836, 8.941518783569336, 10.048744201660156, 10.223421096801758, 9.09231185913086, 8.635031700134277, 7.754265785217285, 8.188708305358887, 9.952383995056152, 10.238242149353027, 8.841076850891113, 6.971164226531982, 8.191518783569336, 9.7785062789917, 10.594761848449707, 12.387332916259766, 9.99030590057373, 9.15649127960205, 9.698373794555664, 11.527771949768066, 9.813432693481445, 12.424324035644531, 8.448254585266113, 7.179004669189453, 11.190268516540527, 9.534127235412598, 9.77656078338623, 13.205608367919922, 9.799847602844238, 5.511382579803467, 10.051811218261719, 7.749285697937012, 6.9742279052734375, 6.749057292938232, 6.963045597076416, 10.010851860046387, 9.098326683044434, 6.993935585021973, 11.994755744934082, 6.035806179046631, 7.442686557769775, 7.578705310821533, 9.688173294067383, 13.881598472595215, 11.440871238708496, 8.426025390625, 8.06324577331543, 12.516425132751465, 8.224878311157227, 10.109833717346191, 10.352566719055176, 7.5269951820373535, 12.847943305969238, 8.091998100280762, 12.316953659057617, 7.498772144317627, 8.885788917541504, 8.666491508483887, 9.548966407775879, 10.362809181213379, 8.440224647521973, 8.33055305480957, 6.29276704788208, 11.030340194702148, 8.859110832214355, 6.177357196807861, 13.43232250213623, 7.904709339141846, 9.959157943725586, 9.805021286010742, 8.571268081665039, 9.950364112854004, 7.655716896057129, 10.134674072265625, 12.821975708007812, 8.909597396850586, 6.5028977394104, 9.537004470825195, 7.163523197174072, 9.777937889099121, 8.129076957702637, 8.197399139404297, 10.489786148071289, 9.29256820678711, 8.956799507141113, 7.734609127044678, 12.703125, 6.14616584777832, 10.58092212677002, 10.435257911682129, 8.077702522277832, 10.629234313964844, 7.98868465423584, 14.203280448913574, 8.828995704650879, 9.339239120483398, 9.622358322143555, 14.43137264251709, 8.008868217468262, 10.524181365966797, 9.365592002868652, 11.68028736114502, 9.098150253295898, 8.707904815673828, 8.323770523071289, 10.279138565063477, 9.99022388458252, 12.389081001281738, 8.918728828430176, 6.525476455688477, 8.469499588012695, 7.5784759521484375, 12.900556564331055, 9.15910530090332, 10.041675567626953, 8.825525283813477, 13.242361068725586, 9.343724250793457, 10.798556327819824, 6.167786121368408, 11.850348472595215, 8.21145248413086, 8.715535163879395, 4.838596820831299, 9.164093971252441, 8.25556755065918, 7.455097198486328, 10.94360065460205, 9.025940895080566, 8.357344627380371, 10.079641342163086, 8.013293266296387, 10.089089393615723, 13.582780838012695, 14.878079414367676, 9.653462409973145, 10.510563850402832, 15.476308822631836, 10.651740074157715, 10.346652030944824, 7.525026321411133, 10.650303840637207, 5.744289875030518, 9.901308059692383, 8.452754020690918, 10.956406593322754, 9.952470779418945, 9.862369537353516, 8.439332008361816, 11.165290832519531, 8.719634056091309, 10.879694938659668, 9.339667320251465, 10.903424263000488, 13.962225914001465, 11.333441734313965, 6.531967639923096, 7.881208419799805, 10.122950553894043, 8.6082763671875, 9.140620231628418, 10.962575912475586, 10.03435230255127, 8.591716766357422, 7.183265209197998, 8.99986743927002, 10.341795921325684, 13.363713264465332, 8.3789701461792, 8.952071189880371, 8.802894592285156, 9.805791854858398, 6.919437408447266, 7.583065986633301, 7.978662490844727, 8.221392631530762, 10.293115615844727, 9.082191467285156, 8.907182693481445, 7.287745475769043, 8.277052879333496, 8.07451343536377, 7.115279197692871, 10.010567665100098, 9.779117584228516, 17.70364761352539, 8.566555976867676, 10.006545066833496, 11.565645217895508, 9.584782600402832, 7.684770107269287, 12.956896781921387, 10.090654373168945, 9.266294479370117, 10.393559455871582, 8.64788818359375, 7.971235275268555, 6.235195636749268, 5.813828468322754, 9.831939697265625, 8.61342716217041, 10.044363021850586, 8.635342597961426, 12.687832832336426, 8.78736686706543, 13.446975708007812, 12.709049224853516, 9.854722023010254, 10.298589706420898, 8.191413879394531, 9.418659210205078, 12.049209594726562, 9.980558395385742, 9.875232696533203, 26.20143699645996, 10.094861030578613, 13.575057029724121, 8.408114433288574, 9.232995986938477, 8.257220268249512, 9.101991653442383, 8.705549240112305, 12.369047164916992, 9.25804328918457, 8.901754379272461, 10.728815078735352, 9.3426513671875, 10.815285682678223, 12.007843971252441, 11.744184494018555, 7.862598896026611, 7.778618335723877, 8.463160514831543, 8.340665817260742, 8.460437774658203, 12.875837326049805, 7.685670375823975, 8.993136405944824, 12.603460311889648, 14.994775772094727, 10.35499095916748, 9.858390808105469, 8.908238410949707, 7.3680925369262695, 11.429646492004395, 8.680176734924316, 10.389996528625488, 10.453116416931152, 8.88059139251709, 8.99264907836914, 7.023754596710205, 8.593887329101562, 8.917780876159668, 9.490556716918945, 15.830282211303711, 10.493645668029785, 9.210858345031738, 11.802797317504883, 8.288701057434082, 8.608185768127441, 9.84585952758789, 7.020110607147217, 7.757840633392334, 9.737454414367676, 10.238630294799805, 8.246478080749512, 8.833158493041992, 7.110862731933594, 9.622810363769531, 6.416209697723389, 7.265837669372559, 10.966983795166016, 8.964167594909668, 9.66802978515625, 10.427387237548828, 12.168081283569336, 10.446619033813477, 13.258235931396484, 9.054999351501465, 8.697054862976074, 8.11069393157959, 9.750468254089355, 9.001402854919434, 11.712065696716309, 15.154631614685059, 10.385896682739258, 8.85840129852295, 10.174972534179688, 9.8341064453125, 10.275971412658691, 8.333417892456055, 8.949674606323242, 9.934260368347168, 8.800308227539062, 5.789875030517578, 10.31054401397705, 7.722722053527832, 9.537023544311523, 9.812788009643555, 10.4075927734375, 9.115167617797852, 10.733497619628906, 8.643064498901367, 12.827605247497559, 13.745515823364258, 9.404732704162598, 8.94748306274414, 11.477324485778809, 8.967280387878418, 8.074674606323242, 9.721471786499023, 6.501110076904297, 9.943952560424805, 8.863855361938477, 7.842510223388672, 9.468693733215332, 7.934782028198242, 9.500941276550293, 9.1499662399292, 10.434388160705566, 8.9696626663208, 8.621054649353027, 8.50960922241211, 9.930903434753418, 10.18006706237793, 19.871904373168945, 11.632989883422852, 7.630250453948975, 8.434739112854004, 9.355456352233887, 8.357452392578125, 9.508745193481445, 9.442464828491211, 9.078788757324219, 7.626007080078125, 9.565381050109863, 8.7210111618042, 8.4845552444458, 9.70566463470459, 9.789685249328613, 11.981244087219238, 8.31014347076416, 9.536745071411133, 9.113368034362793, 12.775429725646973, 8.823417663574219, 7.9160261154174805, 10.168107986450195, 9.493148803710938, 14.460405349731445, 8.031194686889648, 10.236440658569336, 9.653801918029785, 13.905669212341309, 8.247313499450684, 10.633548736572266, 9.479460716247559, 6.4501214027404785, 8.110787391662598, 8.460782051086426, 7.8344807624816895, 8.481812477111816, 9.15843391418457, 7.648923873901367, 10.750106811523438, 9.514979362487793, 12.55077075958252, 8.405957221984863, 8.731675148010254, 18.042739868164062, 9.605419158935547, 6.551841735839844, 7.990612506866455, 12.58836841583252, 9.958891868591309, 10.035370826721191, 11.436415672302246, 12.315829277038574, 12.844181060791016, 9.086981773376465, 7.458532810211182, 12.653964042663574, 7.320480823516846, 10.329545974731445, 8.817099571228027, 8.76966667175293, 10.889392852783203, 8.672451972961426, 10.12826919555664, 9.699460983276367, 9.145783424377441, 9.748470306396484, 9.011727333068848, 10.082786560058594, 10.609389305114746, 10.701212882995605, 7.599851608276367, 9.053434371948242, 9.200143814086914, 10.160396575927734, 9.456002235412598, 9.28898811340332, 11.978403091430664, 9.19285774230957, 8.287922859191895, 11.219783782958984, 8.050756454467773, 14.977264404296875, 10.515801429748535, 8.976370811462402, 8.727728843688965, 12.655287742614746, 13.66154956817627, 9.017317771911621, 9.098058700561523, 25.06436538696289, 7.110599517822266, 12.766728401184082, 18.17915916442871, 7.994296073913574, 9.87916374206543, 10.003684997558594, 7.422371864318848, 13.179861068725586, 6.700095176696777, 8.062524795532227, 6.87116813659668, 8.78825855255127, 10.417802810668945, 8.835100173950195, 9.535429000854492, 7.939877986907959, 9.562028884887695, 8.230502128601074, 7.734006881713867, 11.056039810180664, 10.034331321716309, 8.692092895507812, 12.799300193786621, 9.937446594238281, 13.119293212890625, 9.293815612792969, 7.512180328369141, 13.668923377990723, 7.778493404388428, 9.343191146850586, 8.817188262939453, 9.762554168701172, 12.595691680908203, 9.911218643188477, 8.341426849365234, 10.0735445022583, 14.05229377746582, 7.918601036071777, 8.649660110473633, 11.32938003540039, 7.345922946929932, 9.581727027893066, 13.765710830688477, 9.88428020477295, 7.678925514221191, 12.581988334655762, 8.859210968017578, 10.746429443359375, 10.003950119018555, 13.871211051940918, 10.39569091796875, 6.726698398590088, 13.815167427062988, 8.095443725585938, 10.300177574157715, 8.628881454467773, 9.955026626586914, 12.914055824279785, 10.174053192138672, 9.541848182678223, 9.832778930664062, 8.329588890075684, 8.129742622375488, 7.243011474609375, 8.093552589416504, 11.07859992980957, 14.808754920959473, 9.881370544433594, 8.827698707580566, 7.699796676635742, 10.575376510620117, 13.075800895690918, 9.314823150634766, 6.8703389167785645, 13.502171516418457, 10.796187400817871, 8.320767402648926, 9.504120826721191, 5.077310562133789, 10.783875465393066, 9.657632827758789, 10.102344512939453, 8.824851036071777, 8.404777526855469, 7.357490062713623, 8.608234405517578, 8.399751663208008, 12.007319450378418, 9.058576583862305, 9.201451301574707, 9.06838607788086, 11.871390342712402, 9.067265510559082, 13.23789119720459, 10.332255363464355, 10.021161079406738, 14.097747802734375, 12.382258415222168, 8.048075675964355, 8.707249641418457, 8.848932266235352, 9.846013069152832, 15.130388259887695, 9.134679794311523, 8.893152236938477, 9.410719871520996, 11.245232582092285, 19.081928253173828, 9.936756134033203, 10.440362930297852, 9.459403991699219, 12.379461288452148, 15.664467811584473, 14.448010444641113, 8.097851753234863, 7.847908020019531, 6.885793685913086, 9.389732360839844, 14.752923965454102, 10.059693336486816, 9.473710060119629, 7.914933681488037, 15.168325424194336, 12.53085708618164, 13.949119567871094, 12.09122085571289, 8.063017845153809, 8.248798370361328, 11.691413879394531, 9.174450874328613, 15.604660987854004, 9.032431602478027, 8.985928535461426, 16.31028938293457, 13.548428535461426, 13.449128150939941, 8.753120422363281, 10.538564682006836, 10.22152328491211, 13.24089241027832, 8.704788208007812, 10.584383964538574, 17.25739860534668, 15.584400177001953, 8.539989471435547, 7.745893955230713, 9.771921157836914, 7.8911519050598145, 9.700769424438477, 8.100131034851074, 9.041845321655273, 10.578481674194336, 11.003402709960938, 6.206563472747803, 17.788230895996094, 9.033014297485352, 14.610136985778809, 12.561575889587402, 8.723339080810547, 18.810260772705078, 12.844820022583008, 11.559821128845215, 14.48525333404541, 12.262014389038086, 10.584296226501465, 10.105169296264648, 7.938160419464111, 9.757498741149902, 9.644990921020508, 13.675946235656738, 10.110301971435547, 13.275077819824219, 10.828369140625, 12.903218269348145, 10.230311393737793, 12.334758758544922, 10.135984420776367, 8.620715141296387, 8.083823204040527, 8.602231979370117, 8.388660430908203, 14.082090377807617, 8.812110900878906, 6.147225856781006, 11.771139144897461, 11.189446449279785, 8.559601783752441, 6.9156646728515625, 8.91993236541748, 12.490606307983398, 11.1900634765625, 15.44919490814209, 9.840447425842285, 12.79251480102539, 8.98316764831543, 8.94611644744873, 9.59910774230957, 8.928009986877441, 15.6983003616333, 15.195158958435059, 12.560827255249023, 5.240663051605225, 8.834845542907715, 9.703857421875, 10.079051971435547, 7.36373233795166, 10.123345375061035, 12.234929084777832, 9.460031509399414, 14.660507202148438, 9.965786933898926, 8.550223350524902, 10.023263931274414, 8.827835083007812, 9.964268684387207, 7.111747741699219, 10.060554504394531, 7.100811958312988, 8.219348907470703, 13.272146224975586, 9.080652236938477, 9.405564308166504, 16.84505271911621, 9.80936336517334, 7.516108989715576, 16.414060592651367, 9.327818870544434, 8.60573959350586, 11.480071067810059, 8.763120651245117, 9.418289184570312, 10.283120155334473, 9.118451118469238, 10.738540649414062, 14.219184875488281, 16.750450134277344, 8.724495887756348, 9.226283073425293, 7.114004135131836, 9.88426685333252, 8.036219596862793, 9.545823097229004, 11.978407859802246, 10.443717956542969, 9.255464553833008, 7.851944923400879, 14.898106575012207, 8.626955032348633, 11.418110847473145, 8.77090835571289, 7.1442461013793945, 9.32385540008545, 8.561627388000488, 9.036766052246094, 16.061580657958984, 6.782914638519287, 7.851908206939697, 9.71324634552002, 13.57935619354248, 8.732215881347656, 12.362372398376465, 16.357797622680664, 10.795101165771484, 10.124582290649414, 16.794864654541016, 16.697532653808594, 6.734034061431885, 6.973446846008301, 5.99105167388916, 7.6830220222473145, 11.2210054397583, 16.96171760559082, 8.889463424682617, 7.157968521118164, 7.493315696716309, 18.39504623413086, 8.89780330657959, 9.461036682128906, 9.19517993927002, 18.47313690185547, 15.179678916931152, 8.948248863220215, 14.125187873840332, 16.372989654541016, 8.329533576965332, 14.595919609069824, 10.251164436340332, 8.1136474609375, 8.907751083374023, 9.484931945800781, 8.867286682128906, 9.466753959655762, 12.850568771362305, 9.95984935760498, 15.252100944519043, 11.42927360534668, 10.386406898498535, 6.387601375579834, 7.995500087738037, 11.087806701660156, 10.818078994750977, 10.000833511352539, 12.058850288391113, 10.90797233581543, 11.281046867370605, 10.701047897338867, 9.3909273147583, 9.341666221618652, 6.534729957580566, 10.528943061828613, 25.300161361694336, 9.201218605041504, 13.387121200561523, 9.8473482131958, 7.847867012023926, 9.981204986572266, 13.33812427520752, 8.577252388000488, 10.482576370239258, 8.595878601074219, 9.13510799407959, 14.994990348815918, 14.561460494995117, 15.89161205291748, 9.93525218963623, 9.088582038879395, 10.318340301513672, 9.005912780761719, 9.42160415649414, 13.980001449584961, 9.286887168884277, 9.977815628051758, 13.28589916229248, 9.464055061340332, 15.038299560546875, 9.477076530456543, 9.197811126708984, 11.074296951293945, 7.312139987945557, 15.917862892150879, 9.50523853302002, 9.853075981140137, 9.264445304870605, 10.61481761932373, 8.292821884155273, 9.646358489990234, 10.655167579650879, 9.063417434692383, 15.7504243850708, 14.38703441619873, 15.284977912902832, 14.510551452636719, 8.471541404724121, 10.205486297607422, 9.908238410949707, 9.627500534057617, 10.134157180786133, 10.157560348510742, 14.524893760681152, 12.712638854980469, 8.701098442077637, 10.02777099609375, 8.812597274780273, 13.668036460876465, 10.02352237701416, 8.832527160644531, 8.813154220581055, 11.167011260986328, 6.586202144622803, 8.938024520874023, 13.740442276000977, 11.91460132598877, 9.922724723815918, 12.54482650756836, 13.425442695617676, 9.356582641601562, 13.300440788269043, 15.490044593811035, 9.353455543518066, 8.552038192749023, 15.405745506286621, 13.332267761230469, 12.207677841186523, 11.400954246520996, 11.709955215454102, 8.881736755371094, 10.22625732421875, 9.659812927246094, 8.156960487365723, 14.119646072387695, 8.539684295654297, 8.078680038452148, 9.411934852600098, 7.993636131286621, 10.204349517822266, 8.660962104797363, 9.13571834564209, 8.548494338989258, 15.08350658416748, 6.986257076263428, 14.598941802978516, 7.00412130355835, 9.933822631835938, 14.364789962768555, 8.492536544799805, 8.670500755310059, 15.337750434875488, 8.20149040222168, 14.836658477783203, 8.940109252929688, 10.83722972869873, 8.312695503234863, 8.18506908416748, 9.679181098937988, 7.885679244995117, 12.676263809204102, 9.144442558288574, 8.574976921081543, 15.523070335388184, 10.24389362335205, 8.818544387817383, 11.009208679199219, 13.981386184692383, 14.169450759887695, 14.561113357543945, 14.30003833770752, 12.110458374023438, 9.780582427978516, 8.852842330932617, 12.434289932250977, 14.890423774719238, 15.148524284362793, 9.186322212219238, 12.567131996154785, 9.616972923278809, 8.45494270324707, 8.634119033813477, 15.268670082092285, 8.97165584564209, 7.981949806213379, 14.332664489746094, 9.781039237976074, 9.639431953430176, 8.530385971069336, 7.894343376159668, 9.240586280822754, 9.08387279510498, 13.578264236450195, 14.240194320678711, 14.960378646850586, 10.332541465759277, 14.324039459228516, 11.568947792053223, 6.58734130859375, 9.534788131713867, 10.681278228759766, 10.354817390441895, 14.257630348205566, 11.072074890136719, 10.074010848999023, 7.804783821105957, 11.859172821044922, 8.063469886779785, 8.243404388427734, 12.741279602050781, 13.256653785705566, 14.485817909240723, 8.928977012634277, 11.365105628967285, 9.790868759155273, 15.264113426208496, 9.196593284606934, 10.320596694946289, 7.515959739685059, 15.368049621582031, 10.321161270141602, 7.4569244384765625, 7.741353511810303, 11.98976993560791, 6.506571292877197, 13.420829772949219, 6.99776029586792, 9.400250434875488, 9.694648742675781, 8.371363639831543, 8.571494102478027, 8.022305488586426, 12.648139953613281, 6.739614486694336, 13.023005485534668, 10.202102661132812, 6.990751266479492, 8.062073707580566, 13.612204551696777, 7.009519577026367, 10.119091033935547, 8.077549934387207, 9.512381553649902, 9.310035705566406, 7.693490028381348, 13.607555389404297, 9.843363761901855, 12.174569129943848, 8.160114288330078, 15.409344673156738, 9.82633113861084, 12.206652641296387, 14.587146759033203, 8.133779525756836, 9.363524436950684, 13.726737976074219, 12.011634826660156, 9.232780456542969, 7.497580528259277, 7.661825656890869, 10.110830307006836, 9.173598289489746, 8.366902351379395, 8.95295524597168, 9.736583709716797, 9.297354698181152, 8.278619766235352, 9.729209899902344, 8.744056701660156, 8.882110595703125, 9.650914192199707, 8.811909675598145, 9.957174301147461, 7.875697612762451, 13.367853164672852, 9.63260555267334, 12.802603721618652, 10.593127250671387, 10.808932304382324, 8.802209854125977, 8.76791763305664, 14.610103607177734, 13.339822769165039, 8.621238708496094, 13.09448528289795, 8.916479110717773, 6.484307765960693, 8.785558700561523, 10.738847732543945, 7.851635456085205, 8.942892074584961, 12.876546859741211, 12.596065521240234, 13.623613357543945, 9.705620765686035, 8.785102844238281, 10.418008804321289, 8.948173522949219, 7.705547332763672, 8.531817436218262, 10.861066818237305, 9.82130241394043, 7.8891143798828125, 9.711694717407227, 9.629751205444336, 15.537931442260742, 24.956283569335938, 23.425325393676758, 16.264293670654297, 12.532705307006836, 9.332174301147461, 7.583781719207764, 9.06096076965332, 8.164746284484863, 9.180123329162598, 8.56865406036377, 11.806490898132324, 13.211318969726562, 9.573716163635254, 8.397343635559082, 7.995832443237305, 10.167617797851562, 11.428431510925293, 11.49316692352295, 7.592235565185547, 9.105734825134277, 10.063587188720703, 10.53363037109375, 7.920854091644287, 8.633100509643555, 11.990400314331055, 15.97343921661377, 9.99815559387207, 9.07872486114502, 13.27254867553711, 8.572504043579102, 12.120110511779785, 12.433765411376953, 10.75512981414795, 15.072273254394531, 8.440153121948242, 11.79224681854248, 18.486148834228516, 7.19675350189209, 12.45560073852539, 12.424394607543945, 9.33635139465332, 10.363609313964844, 9.399909019470215, 8.214991569519043, 14.008705139160156, 9.468574523925781, 9.529027938842773, 16.662935256958008, 9.617783546447754, 8.098043441772461, 8.763501167297363, 7.589158058166504, 15.831777572631836, 11.480733871459961, 8.474411964416504, 8.395475387573242, 8.768054962158203, 14.505162239074707, 8.931702613830566, 8.819514274597168, 12.077783584594727, 8.577302932739258, 8.901424407958984, 10.533570289611816, 9.51517105102539, 12.786274909973145, 10.416169166564941, 9.201239585876465, 10.110749244689941, 13.72535228729248, 10.149601936340332, 13.410408020019531, 7.269046306610107, 7.381264686584473, 7.651679515838623, 9.196467399597168, 8.193290710449219, 8.999862670898438, 9.52196216583252, 9.748169898986816, 8.086913108825684, 6.426153659820557, 10.06501579284668, 13.027703285217285, 8.188624382019043, 5.882933616638184, 14.626299858093262, 5.903655529022217, 9.825350761413574, 10.786970138549805, 11.432052612304688, 13.216370582580566, 10.400199890136719, 7.5247344970703125, 28.03322410583496, 10.348553657531738, 8.646915435791016, 10.825583457946777, 10.188833236694336, 13.100592613220215, 14.090385437011719, 7.833636283874512, 10.1546049118042, 6.927103519439697, 6.6962432861328125, 13.8152494430542, 8.410295486450195, 8.006402015686035, 9.189247131347656, 18.38243293762207, 13.27477741241455, 17.916025161743164, 8.629363059997559, 8.296554565429688, 9.300782203674316, 8.449210166931152, 15.360791206359863, 9.214156150817871, 9.44771957397461, 8.962813377380371, 9.722251892089844, 7.635615348815918, 7.877265453338623, 10.720453262329102, 8.70571231842041, 12.053335189819336, 6.729592800140381, 12.137187957763672, 7.982160568237305, 7.258839130401611, 10.490152359008789, 9.198443412780762, 7.170768737792969]
Cosines similarity random samples
[0.44332754611968994, 0.5776124000549316, 0.41249191761016846, 0.40452948212623596, 0.6600955724716187, 0.277610719203949, 0.5278042554855347, 0.7218981981277466, 0.6740317940711975, 0.6417343616485596, 0.507965087890625, 0.5567169189453125, 0.6975062489509583, 0.7709224820137024, 0.5125786066055298, 0.3448278307914734, 0.5272623896598816, 0.3964903950691223, 0.5347611308097839, 0.3218345642089844, 0.474081426858902, 0.46482914686203003, 0.6692855358123779, 0.6053475141525269, 0.7281777858734131, 0.46291279792785645, 0.5683445930480957, 0.2973855137825012, 0.5863428115844727, 0.5825132131576538, 0.7639873027801514, 0.285046249628067, 0.46243542432785034, 0.5537037253379822, 0.537787914276123, 0.6417368650436401, 0.7240166664123535, 0.7092986106872559, 0.5108786821365356, 0.5369790196418762, 0.6701725721359253, 0.5444089770317078, 0.5832654237747192, 0.44852328300476074, 0.7470906972885132, 0.3904876112937927, 0.43132463097572327, 0.6176414489746094, 0.6516097784042358, 0.6520190238952637, 0.5913464426994324, 0.5577385425567627, 0.4611856937408447, 0.4811241626739502, 0.6024289727210999, 0.6436660289764404, 0.566389262676239, 0.6239728927612305, 0.14562784135341644, 0.634671151638031, 0.6194632053375244, 0.5220973491668701, 0.6512528657913208, 0.7531194090843201, 0.5845633149147034, 0.6309587955474854, 0.6314152479171753, 0.19939129054546356, 0.23811087012290955, 0.8015487194061279, 0.5303966999053955, 0.606591522693634, 0.10187574476003647, 0.42394107580184937, 0.5421258211135864, 0.4451269507408142, 0.5162449479103088, 0.5656665563583374, 0.7243901491165161, 0.5473803877830505, 0.7114429473876953, 0.5155430436134338, 0.5569645166397095, 0.41455650329589844, 0.4437198042869568, 0.3031817674636841, 0.4172888696193695, 0.685920238494873, 0.3883790075778961, 0.6061941385269165, 0.4717274010181427, 0.6571131944656372, 0.565908670425415, 0.48397377133369446, 0.761792778968811, -0.0458347462117672, 0.5671077966690063, 0.551025927066803, 0.7181103229522705, 0.7772385478019714, 0.492726594209671, 0.5394201278686523, 0.6070674657821655, 0.3074568510055542, 0.412802517414093, 0.5493840575218201, 0.5755476951599121, 0.49161460995674133, 0.704931378364563, 0.5960133075714111, 0.6981273889541626, 0.5206934809684753, 0.5720782279968262, 0.6963149309158325, 0.4986652731895447, 0.5959489941596985, 0.5287169218063354, 0.49439695477485657, 0.5625600218772888, 0.49905678629875183, 0.4410977363586426, 0.6248968839645386, 0.5186676979064941, 0.7575220465660095, 0.552980899810791, 0.5767335891723633, 0.10608677566051483, 0.6187045574188232, 0.33700257539749146, 0.605933666229248, 0.5691549777984619, 0.4206293821334839, 0.5918830633163452, 0.4934864640235901, 0.5119419097900391, 0.6153352856636047, 0.6155454516410828, 0.4476441740989685, 0.6252646446228027, 0.6571143269538879, 0.5827630162239075, 0.7138382792472839, 0.5661887526512146, 0.4770216643810272, 0.3331823945045471, 0.552700936794281, 0.5843499898910522, 0.5978506803512573, 0.5578691363334656, 0.638922929763794, 0.5586427450180054, 0.6570253372192383, 0.6791552305221558, 0.6252408027648926, 0.5905248522758484, 0.6725068092346191, 0.5150690674781799, 0.49074089527130127, 0.690045952796936, 0.6306551098823547, 0.5720710754394531, 0.5851950645446777, 0.6162864565849304, 0.5540197491645813, 0.39598166942596436, 0.6254898309707642, 0.5829761028289795, 0.6610941290855408, 0.7358406782150269, 0.6126120686531067, 0.5753973722457886, 0.4457578659057617, 0.5698258280754089, 0.26371458172798157, 0.550542950630188, 0.6031485795974731, 0.5412248969078064, 0.30840933322906494, 0.6292281150817871, 0.649430513381958, 0.5527323484420776, 0.5973426103591919, 0.5305595397949219, 0.722221851348877, 0.6518296003341675, 0.5406663417816162, 0.5997706651687622, 0.5887000560760498, 0.7525546550750732, 0.41563528776168823, 0.5817763805389404, 0.536603569984436, 0.521774411201477, 0.6103516221046448, 0.4465101957321167, 0.5195725560188293, 0.5862299799919128, 0.522467315196991, 0.515690803527832, 0.7235277891159058, 0.4321814477443695, 0.4474031925201416, 0.4431493878364563, 0.5065809488296509, 0.2948497533798218, 0.5572044849395752, 0.6489975452423096, -0.03518492728471756, 0.6815690398216248, 0.5725544691085815, 0.4691500663757324, 0.6966322660446167, 0.1496673822402954, 0.6215347051620483, 0.6165440678596497, 0.682869553565979, 0.599549412727356, 0.696426510810852, 0.5581789612770081, 0.05971664562821388, 0.1414959877729416, -0.16514095664024353, 0.221629336476326, -0.29852983355522156, 0.48331010341644287, 0.563602864742279, -0.07006412744522095, 0.26387709379196167, 0.14947116374969482, 0.1617085039615631, 0.7310202121734619, 0.12260900437831879, 0.6346265077590942, 0.612970769405365, 0.2561419904232025, 0.5643905401229858, 0.6027588844299316, 0.25206059217453003, 0.13694947957992554, -0.1457490622997284, 0.22054143249988556, 0.5167350769042969, 0.5985134243965149, 0.6256909370422363, 0.12133637070655823, 0.6020907163619995, 0.305098295211792, 0.12219814211130142, -0.14123885333538055, -0.0844668373465538, -0.1936129927635193, 0.7529590725898743, 0.016418257728219032, 0.15122085809707642, 0.6723110675811768, 0.12663225829601288, 0.25197407603263855, 0.29358774423599243, 0.006426457315683365, 0.07546350359916687, 0.2536560595035553, 0.47424161434173584, 0.14917956292629242, 0.14452923834323883, 0.7061675786972046, 0.008740000426769257, 0.17953477799892426, 0.4778670072555542, 0.48491716384887695, -0.06111637502908707, 0.7867938876152039, 0.48703622817993164, 0.2470870316028595, 0.23604097962379456, 0.160938560962677, 0.4231998324394226, 0.19305521249771118, 0.5033264756202698, 0.1085912361741066, 0.4607856273651123, 0.5718153119087219, 0.09736910462379456, 0.621322751045227, 0.4261355996131897, 0.6931226253509521, 0.74556565284729, 0.08903577923774719, 0.70931476354599, 0.14373745024204254, 0.10218340158462524, -0.0825464054942131, 0.19611528515815735, 0.10898862779140472, 0.12737329304218292, 0.49845239520072937, 0.202549546957016, -0.005009637214243412, 0.05721244961023331, 0.07565844804048538, 0.5450562834739685, 0.6565898060798645, 0.04689287394285202, 0.033268146216869354, 0.8021047115325928, 0.677237331867218, 0.28368768095970154, 0.7584933042526245, 0.6362185478210449, 0.24468471109867096, 0.5866900086402893, 0.12251348793506622, 0.7023718357086182, 0.4813697934150696, 0.8156757950782776, 0.7277243137359619, 0.5306334495544434, -0.06746074557304382, 0.6967117190361023, 0.4340626001358032, 0.6318304538726807, 0.8361635804176331, 0.1191108226776123, 0.16234484314918518, 0.6466904282569885, 0.5775357484817505, 0.7028033137321472, 0.7405283451080322, 0.20552414655685425, 0.2557365298271179, 0.713719367980957, 0.7657129764556885, 0.4630805253982544, 0.5354533195495605, 0.06582526862621307, 0.0848933607339859, 0.5692682266235352, 0.39746713638305664, 0.798805832862854, 0.892676830291748, 0.18976816534996033, 0.7446212768554688, 0.6151473522186279, 0.5680105686187744, 0.5208865404129028, 0.6733882427215576, 0.11687328666448593, 0.17866969108581543, 0.12429115176200867, 0.12035347521305084, 0.6676878333091736, 0.12267977744340897, 0.0057239532470703125, 0.6148092746734619, 0.5638787746429443, 0.47875094413757324, 0.6291376352310181, 0.7946812510490417, 0.6573119163513184, 0.72923743724823, 0.6888656616210938, 0.43549424409866333, 0.7797057032585144, 0.8158150911331177, -0.029050439596176147, 0.07927554100751877, 0.7986074686050415, 0.08574067056179047, 0.7352148294448853, 0.7039665579795837, 0.548927903175354, 0.7044953107833862, 0.7279595732688904, 0.731280505657196, 0.5659140944480896, 0.6659504175186157, -0.016040530055761337, 0.13993512094020844, 0.5988559126853943, 0.6353045105934143, 0.5992363691329956, 0.5307496786117554, 0.5882863998413086, 0.18941527605056763, 0.6330230236053467, 0.6607485413551331, -0.17936375737190247, 0.19777552783489227, 0.6009291410446167, 0.7528905868530273, -0.24368344247341156, 0.7958005666732788, 0.04149894416332245, 0.1782650649547577, 0.5622795820236206, 0.6093751192092896, 0.1239713728427887, 0.1115938127040863, 0.6422842741012573, 0.6893065571784973, 0.1784035861492157, 0.37602686882019043, 0.05088125914335251, 0.6572063565254211, 0.24771372973918915, 0.05290937423706055, 0.7645171284675598, 0.5356468558311462, 0.5590856075286865, 0.5646427273750305, 0.833640992641449, 0.6605771780014038, 0.5224949717521667, 0.7283337116241455, 0.13774153590202332, 0.23411861062049866, 0.6829545497894287, 0.558904230594635, 0.2410629391670227, 0.5068526864051819, 0.6246654391288757, -0.07514451444149017, 0.8171038031578064, 0.6907637715339661, 0.7637504935264587, 0.6835414171218872, 0.7104520797729492, 0.2254311591386795, 0.5837560892105103, 0.16552330553531647, 0.17248646914958954, 0.6679275631904602, 0.17480188608169556, 0.4981815218925476, 0.7175579071044922, 0.2361144721508026, 0.16976286470890045, 0.7428609132766724, 0.4925956726074219, 0.5748259425163269, 0.6741477847099304, 0.5739787817001343, 0.13098633289337158, 0.266408771276474, 0.5352655649185181, 0.13150209188461304, 0.6767598390579224, 0.04839179664850235, 0.06617018580436707, -0.031248563900589943, 0.7069782614707947, 0.7316559553146362, 0.07554112374782562, -0.0920381247997284, -0.08389560878276825, -0.5671345591545105, 0.005561834201216698, 0.652925431728363, 0.7119847536087036, 0.7281312942504883, 0.09757183492183685, 0.5236244201660156, 0.663162112236023, 0.7445554733276367, -0.11647368967533112, 0.6718083620071411, 0.2814761996269226, 0.5423260927200317, 0.4827623963356018, 0.5100324153900146, 0.6632444858551025, -0.15587903559207916, 0.6196740865707397, 0.6923064589500427, 0.6360097527503967, 0.7039670944213867, 0.819676399230957, 0.6903029680252075, 0.7756615281105042, 0.6517339944839478, 0.49959713220596313, 0.21131698787212372, 0.7269484996795654, 0.17934554815292358, 0.18089398741722107, 0.007598258554935455, 0.7451455593109131, 0.7673772573471069, 0.8484417200088501, -0.1748146116733551, 0.11116685718297958, 0.8092272281646729, 0.47988608479499817, 0.5604361295700073, 0.5673051476478577, 0.529616117477417, 0.7105008363723755, 0.5563254952430725, 0.6696901321411133, 0.7053650617599487, -0.18650415539741516, 0.6556325554847717, 0.8171118497848511, 0.6812011003494263, 0.5605205297470093, 0.7843036651611328, 0.19718429446220398, -0.15105462074279785, 0.6967708468437195, 0.004994876682758331, 0.06313671916723251, 0.7298953533172607, 0.5933398604393005, 0.7059894800186157, 0.7271280288696289, 0.5250219106674194, 0.6387887001037598, 0.7652826309204102, 0.21042297780513763, 0.44586092233657837, 0.6580220460891724, 0.785062313079834, 0.6573412418365479, 0.6801146864891052, 0.4526214003562927, 0.48201924562454224, 0.623569905757904, 0.7221329212188721, 0.7457777261734009, 0.6608154773712158, 0.6145105361938477, 0.7127135992050171, 0.7281073331832886, 0.6205264329910278, 0.7971420288085938, 0.5159939527511597, -0.1673148274421692, 0.03194001689553261, 0.8253913521766663, 0.5935696363449097, 0.747286319732666, 0.6723177433013916, 0.729325532913208, 0.3174171447753906, 0.8371694087982178, 0.12127338349819183, 0.6758663654327393, 0.2004328966140747, 0.193805992603302, 0.26325419545173645, 0.6226106882095337, 0.4755411148071289, -0.17327506840229034, 0.799654483795166, 0.6033527851104736, 0.6974062919616699, 0.7307253479957581, 0.8477011322975159, -0.13726498186588287, 0.25380873680114746, 0.6697463393211365, 0.08412974327802658, 0.05637820065021515, 0.6973957419395447, 0.6537650227546692, 0.6669203042984009, 0.7198252081871033, 0.5403684973716736, 0.5630356073379517, 0.6704952716827393, 0.6606965065002441, 0.6018592715263367, 0.7945722341537476, 0.7090218663215637, 0.1765110194683075, 0.6774930953979492, 0.5904509425163269, 0.05268901214003563, 0.7437292337417603, 0.7002522349357605, 0.5459187626838684, 0.09224168211221695, 0.741339921951294, 0.5423837900161743, 0.6446829438209534, 0.817470908164978, 0.5970616936683655, 0.5574398040771484, 0.6144158840179443, 0.5448182821273804, 0.5804843902587891, 0.692644476890564, 0.507813036441803, 0.15458735823631287, 0.1590249240398407, 0.6663256883621216, -0.04818018153309822, 0.6864650845527649, 0.6260116696357727, 0.4884225130081177, 0.7053537964820862, -0.15363627672195435, 0.6718997955322266, -0.1033623069524765, 0.7146641612052917, 0.542288601398468, -0.12162946164608002, -0.2835387587547302, 0.49698418378829956, 0.5544617772102356, 0.8226691484451294, 0.7318549156188965, 0.6715128421783447, 0.5214453339576721, 0.4325421154499054, 0.7789963483810425, 0.6422468423843384, 0.7542638778686523, 0.6544386148452759, 0.6569470167160034, -0.12234676629304886, 0.6407666802406311, 0.8552212715148926, 0.744290828704834, 0.5461891889572144, 0.7565158009529114, 0.7501341104507446, 0.7737878561019897, 0.5371537804603577, 0.8007861375808716, -0.17655828595161438, 0.8158310055732727, 0.6296914219856262, 0.6931034326553345, 0.7502038478851318, 0.6599233746528625, 0.1605241894721985, 0.696092963218689, 0.7011752128601074, 0.16087917983531952, 0.5892152786254883, 0.7826576232910156, 0.5244261622428894, 0.401102215051651, 0.5947920083999634, 0.665237307548523, 0.011729255318641663, 0.7344075441360474, 0.5258389115333557, 0.8056204319000244, 0.5316272377967834, 0.6842454075813293, 0.5944350957870483, 0.5571231842041016, 0.7455341815948486, 0.6045215129852295, 0.7481404542922974, 0.602776050567627, 0.6340069770812988, 0.46121424436569214, 0.6715167760848999, 0.5076080560684204, 0.6852050423622131, 0.6474392414093018, 0.06135329604148865, 0.6738667488098145, 0.1725229024887085, 0.6549187898635864, 0.559420645236969, 0.6645816564559937, 0.6776276230812073, 0.05780917406082153, 0.6723846197128296, 0.6789113283157349, 0.7360910177230835, 0.2345614731311798, 0.742999792098999, 0.705483615398407, 0.6009080410003662, 0.7064192295074463, 0.383034348487854, 0.7073668837547302, 0.11063233762979507, 0.10758844017982483, 0.7299257516860962, -0.09199433028697968, 0.26562803983688354, 0.4379707872867584, 0.506438672542572, 0.6934694647789001, 0.8296505212783813, 0.5845534801483154, 0.6415963172912598, 0.7303115129470825, 0.27361634373664856, 0.03948528319597244, 0.7167009711265564, 0.0598733127117157, 0.7139226794242859, -0.44347867369651794, 0.6721385717391968, 0.6636402606964111, 0.6126343607902527, 0.6745660305023193, 0.5554540157318115, 0.5600871443748474, 0.6693437099456787, 0.6307164430618286, 0.19546858966350555, -0.299979031085968, -0.03972405195236206, -0.03726563975214958, 0.5976677536964417, 0.09338845312595367, -0.45206278562545776, 0.49637919664382935, 0.6221757531166077, 0.664877712726593, 0.06907450407743454, 0.19731274247169495, 0.6402702927589417, 0.2933732271194458, 0.1421821415424347, 0.7434643507003784, 0.5003960132598877, 0.6382888555526733, 0.7978501319885254, 0.6243903636932373, 0.700798749923706, 0.7523078918457031, 0.6697690486907959, 0.13054993748664856, 0.7340751886367798, 0.7978978157043457, 0.756672739982605, 0.7453064918518066, 0.6173365712165833, 0.7091647386550903, 0.0963803082704544, -0.5696170926094055, 0.7245604395866394, 0.5331220626831055, 0.5723742246627808, 0.6810706853866577, 0.6288589239120483, 0.6170048117637634, -0.6696469783782959, 0.4631359577178955, 0.15350991487503052, 0.5781672596931458, 0.5966523885726929, 0.2715933322906494, 0.5859141945838928, 0.06844066083431244, 0.7707167267799377, 0.12920472025871277, 0.7471405863761902, 0.10557007044553757, 0.14319397509098053, 0.038804590702056885, 0.7289683818817139, 0.5927865505218506, 0.6248741149902344, 0.2986887991428375, 0.6684914231300354, 0.520311176776886, 0.7523557543754578, 0.6405772566795349, -0.34077852964401245, 0.6743251085281372, 0.5195335745811462, 0.17786628007888794, 0.6725409030914307, 0.6147727370262146, 0.036063313484191895, 0.631329357624054, 0.6609172821044922, 0.8742084503173828, 0.5778956413269043, 0.6774939298629761, 0.08915741741657257, 0.4860767722129822, 0.7526575922966003, -0.08950348943471909, 0.5990779995918274, 0.6834387183189392, 0.7700557708740234, 0.15198369324207306, 0.6047993898391724, 0.8032392859458923, 0.19434097409248352, 0.5501375198364258, 0.49980396032333374, 0.8222947120666504, 0.19675864279270172, 0.5906535387039185, 0.7065296173095703, 0.7408030033111572, 0.01172269694507122, 0.4051100015640259, 0.5574339628219604, 0.5625730752944946, 0.29447680711746216, 0.35962799191474915, 0.6526492834091187, 0.6871492862701416, 0.6613689661026001, 0.3553592264652252, 0.5909932851791382, 0.7120659351348877, 0.8444789052009583, 0.5621374845504761, 0.5558332204818726, 0.08637985587120056, 0.7583234310150146, 0.694711446762085, 0.44236570596694946, 0.6952734589576721, 0.6698427796363831, 0.7448196411132812, 0.4646662175655365, 0.6390320062637329, 0.6891517043113708, 0.6131370067596436, 0.8856405019760132, 0.6803576946258545, 0.3382962942123413, 0.7208104729652405, 0.6744738817214966, 0.6629823446273804, 0.758385181427002, 0.4093170762062073, 0.40793755650520325, 0.6271457672119141, 0.5762279033660889, 0.6203904747962952, 0.6954944133758545, 0.7607002258300781, 0.8106403350830078, 0.355447381734848, 0.6384047269821167, 0.5610142946243286, 0.6890172958374023, 0.7534844279289246, 0.7534916400909424, 0.4906243085861206, 0.7154861092567444, 0.3926275074481964, 0.7691283226013184, 0.7233948707580566, -0.16793842613697052, 0.6434915065765381, 0.6659021377563477, 0.6063333749771118, 0.718433141708374, 0.09898612648248672, 0.6770640015602112, 0.5631925463676453, 0.5537014603614807, 0.6477479338645935, 0.7002049684524536, 0.42539548873901367, 0.5001068115234375, 0.19892144203186035, 0.8219156265258789, 0.7855422496795654, 0.608223021030426, 0.6521640419960022, 0.6085875034332275, 0.8599791526794434, 0.6006498336791992, 0.7587823867797852, 0.7534887790679932, 0.5790438652038574, 0.7471253871917725, 0.7003353834152222, 0.5025662183761597, 0.761696457862854, 0.8462632298469543, 0.5319635272026062, 0.2982107400894165, 0.7398408651351929, 0.755104660987854, 0.823586642742157, 0.7835143804550171, 0.7201720476150513, 0.7297375202178955, 0.7028258442878723, 0.6420232653617859, 0.5789387226104736, 0.7840884923934937, 0.5448786020278931, 0.8673966526985168, 0.2965024709701538, 0.6865513324737549, 0.46869978308677673, 0.665858805179596, 0.8214411735534668, 0.6701854467391968, 0.8137147426605225, 0.6481426954269409, 0.5974071621894836, 0.48287832736968994, 0.6187424659729004, 0.5146684050559998, 0.7200195789337158, 0.6293639540672302, 0.489751398563385, 0.6164003610610962, 0.7008155584335327, 0.5579854249954224, 0.5450526475906372, 0.6047773361206055, 0.6628410220146179, 0.6634336113929749, 0.3663389980792999, 0.650763750076294, 0.6416075229644775, 0.40684518218040466, 0.5925261974334717, 0.5887517929077148, 0.49160653352737427, 0.4768771529197693, 0.6682153940200806, 0.41611921787261963, 0.570685088634491, 0.6352766156196594, 0.7139351963996887, 0.6617498993873596, 0.5733776688575745, 0.620278000831604, 0.6573293805122375, 0.6195970773696899, 0.6769837141036987, 0.4477772116661072, 0.5831032991409302, 0.6990259289741516, 0.577236533164978, 0.5764687061309814, 0.6661498546600342, 0.5590276718139648, 0.5178742408752441, 0.6728882789611816, 0.7588751912117004, 0.6117731332778931, 0.7691664695739746, 0.6480017304420471, 0.4260406494140625, 0.6025326251983643, 0.6400859355926514, 0.6923189163208008, 0.6770524978637695, 0.6437743902206421, 0.487174391746521, 0.8165708184242249, 0.6383793354034424, 0.588780403137207, 0.7219297885894775, 0.6559193730354309, 0.6217914819717407, 0.6555362939834595, 0.582483172416687, 0.5800563097000122, 0.46072128415107727, 0.6252754330635071, 0.5419493913650513, 0.6231386661529541, 0.5924423933029175, 0.3824201822280884, 0.6210106611251831, 0.6933244466781616, 0.17355330288410187, 0.612896740436554, 0.6441539525985718, 0.6184300184249878, 0.6240846514701843, 0.7356951236724854, 0.5953209400177002, 0.690757691860199, 0.7110708355903625, 0.7196058630943298, 0.5971727967262268, 0.6203704476356506, 0.5511268377304077, 0.7117069959640503, 0.6641674041748047, 0.602161169052124, 0.5568200945854187, 0.6936454176902771, 0.7134687900543213, 0.4446967840194702, 0.39893823862075806, 0.589918315410614, 0.6130737662315369, 0.7026179432868958, 0.6666218042373657, 0.6393274068832397, 0.39452043175697327, 0.6185212135314941, 0.4934285581111908, 0.4671536087989807, -0.10906542837619781, 0.6465144157409668, 0.576157808303833, 0.7304131388664246, 0.7768001556396484, 0.6223546266555786, 0.11293491721153259, 0.7089317440986633, 0.2878436744213104, 0.656343400478363, 0.6678492426872253, 0.6102522611618042, 0.6569530963897705, 0.5712529420852661, 0.5312904119491577, 0.39054301381111145, 0.5790684223175049, 0.14530310034751892, 0.6356501579284668, 0.6830897331237793, 0.2637588381767273, 0.6572303771972656, 0.7880033254623413, 0.6806332468986511, 0.6003745198249817, 0.6126564145088196, 0.6184979677200317, 0.5470958352088928, 0.6358333826065063, 0.5631153583526611, 0.7919902801513672, 0.7880387306213379, 0.6735657453536987, 0.49080729484558105, 0.7183874845504761, 0.34061557054519653, 0.7202645540237427, 0.5908899307250977, 0.7978453040122986, 0.6673866510391235, 0.5549681186676025, 0.25054699182510376, 0.7392594814300537, 0.6664673686027527, 0.6531345844268799, 0.7240180969238281, 0.7088672518730164, 0.8025839924812317, 0.5567976236343384, 0.6693115234375, 0.2222197949886322, 0.6603066921234131, 0.524932324886322, 0.512982964515686, 0.5849605798721313, 0.633910596370697, 0.6336628794670105, 0.470196008682251, 0.7799824476242065, 0.6872761845588684, 0.6078677177429199, 0.673442006111145, 0.6675252318382263, 0.6996148824691772, 0.609128475189209, 0.5823797583580017, 0.5843157172203064, 0.4620823264122009, 0.7258967161178589, 0.23295854032039642, 0.5343856811523438, 0.7246160507202148, 0.6531776189804077, 0.8237637281417847, 0.5807589888572693, 0.26727718114852905, 0.6682387590408325, 0.6228803396224976, 0.2148108035326004, 0.4334353804588318, 0.7237225770950317, 0.6404398679733276, 0.40496599674224854, 0.5574630498886108, 0.781757116317749, 0.8017460107803345, 0.5553734302520752, 0.7845239043235779, 0.6915299892425537, 0.6196644306182861, 0.6359920501708984, 0.5954904556274414, 0.676062822341919, 0.7073844075202942, 0.7153519988059998, 0.6770049929618835, 0.6349202394485474, 0.7082251906394958, 0.5323535203933716, 0.5201003551483154, 0.5799554586410522, 0.6855685114860535, -0.6065465211868286, 0.6023886799812317, 0.45174503326416016, -0.07561085373163223, 0.680923342704773, 0.6663898229598999, 0.7148578763008118, 0.48593372106552124, 0.34807342290878296, 0.6449226140975952, 0.5211486220359802, 0.6895094513893127, 0.5175201892852783, 0.6932642459869385, 0.8036688566207886, 0.6792718172073364, 0.5909857749938965, 0.08528874069452286, 0.02401173859834671, 0.753271758556366, 0.49187105894088745, 0.35267752408981323, 0.6979326605796814, 0.49060365557670593, 0.73225998878479, 0.4389033615589142, -0.007389456033706665, 0.4897157847881317, 0.7437562942504883, 0.22796085476875305, 0.5261744856834412, 0.45090287923812866, 0.7028770446777344, 0.7282102108001709, 0.6210165619850159, 0.921019434928894, 0.5942216515541077, 0.1663752943277359, 0.5291900634765625, 0.6546691656112671, 0.2035605013370514, 0.7756549119949341, 0.6786519289016724, 0.6120678186416626, 0.4089464545249939, 0.42512747645378113, 0.8466548919677734, 0.8005534410476685, 0.6738920211791992, 0.5813270807266235, 0.2929430603981018, 0.6719101071357727, -0.16025276482105255, 0.6656397581100464, 0.6065239310264587, 0.7796403169631958, 0.6533026695251465, 0.6815760731697083, 0.7542062997817993, 0.6342743635177612, 0.6985353231430054, 0.5855401754379272, -0.0929078534245491, 0.5445454120635986, 0.8209561109542847, 0.10527735948562622, 0.6484693288803101, 0.6575336456298828, 0.07322440296411514, 0.6331276297569275, 0.7005730867385864, 0.2695528566837311, -0.25591155886650085, 0.6821488738059998, 0.596687912940979, 0.6462045907974243, 0.12493664026260376, 0.6855941414833069, 0.7137224078178406, 0.6000292301177979, 0.8077651262283325, 0.8254900574684143, -0.1297621726989746, 0.5976694822311401, 0.6513293981552124, 0.6024378538131714, 0.8011261820793152, 0.5605401992797852, 0.718671441078186, 0.07558567821979523, 0.8379688262939453, 0.6813451051712036, -0.26485583186149597, 0.7914093136787415, 0.5174224972724915, 0.7701117992401123, 0.6744526028633118, 0.6733997464179993, 0.7469586133956909, 0.506990909576416, 0.5999977588653564, 0.8581537008285522, 0.7597561478614807, 0.5918362736701965, 0.6952046155929565, 0.09046787023544312, 0.8185274600982666, 0.6188710331916809, 0.5822317600250244, 0.11465778946876526, 0.5129764080047607, 0.4665295481681824, 0.8916066288948059, 0.5142961144447327, 0.17983821034431458, 0.6874454021453857, 0.626727819442749, -0.12529659271240234, 0.47958165407180786, 0.18653351068496704, 0.6334139704704285, 0.6171178221702576, 0.017698723822832108, 0.7721366286277771, 0.005753353238105774, 0.6857089996337891, 0.6769969463348389, 0.8238499164581299, 0.7203203439712524, 0.192865788936615, 0.7277510166168213, 0.5963822603225708, 0.7198856472969055, 0.5977082252502441, 0.5912361145019531, 0.6460607051849365, 0.6545752882957458, 0.1538773477077484, 0.7292924523353577, 0.811572790145874, 0.1424207091331482, 0.7274376153945923, 0.6772406101226807, 0.015856802463531494, 0.8615134358406067, -0.2235545665025711, 0.7116985321044922, 0.3972576856613159, -0.029240727424621582, 0.519790530204773, 0.6591110229492188, 0.7894132733345032, 0.5260589122772217, -0.16304275393486023, 0.839453399181366, 0.450310617685318, 0.729292094707489, 0.27437061071395874, 0.6177791953086853, 0.5937640070915222, 0.18586395680904388, -0.06662599742412567, 0.6911595463752747, 0.7824230194091797, 0.5218496322631836, 0.837499737739563, -0.029039405286312103, 0.6336939334869385, 0.5998913049697876, 0.48856326937675476, 0.07224667817354202, 0.6183511018753052, 0.7747703194618225, 0.5539791584014893, 0.44519561529159546, 0.5426494479179382, 0.3912244439125061, 0.5287064909934998, 0.742878258228302, -0.0073293596506118774, 0.6793608665466309, 0.6517605781555176, -0.5706022381782532, 0.0025444626808166504, 0.6892334818840027, 0.5758217573165894, 0.6441356539726257, 0.6725773811340332, 0.7302685379981995, 0.6906925439834595, 0.5201831459999084, 0.45761847496032715, 0.6628220081329346, 0.6301392912864685, 0.7338783740997314, 0.6928982734680176, 0.6043988466262817, 0.5037705898284912, 0.639249324798584, 0.7688091397285461, 0.6772882342338562, 0.525581955909729, 0.6066877245903015, 0.17791828513145447, 0.5257768630981445, 0.6956233978271484, 0.5879796147346497, 0.24370303750038147, 0.5476909279823303, 0.1474335938692093, 0.6752246618270874, 0.7671893835067749, 0.4081248342990875, 0.5608983039855957, 0.5171301364898682, -0.03822438418865204, 0.5778501033782959, 0.8989819288253784, 0.4777507781982422, 0.7729067206382751, 0.7808125615119934, 0.7959693670272827, 0.7949575185775757, 0.532470703125, 0.6812831163406372, 0.8014272451400757, 0.20493774116039276, 0.8438131809234619, 0.7484467029571533, 0.7452346682548523, 0.5372656583786011, -0.028588905930519104, 0.3048444092273712, 0.6780261993408203, 0.7257005572319031, 0.11049017310142517, 0.7386133670806885, 0.547991931438446, 0.5544456243515015, 0.7524617910385132, 0.10750629007816315, 0.746749997138977, 0.09471245110034943, 0.7748626470565796, 0.6242786645889282, 0.6713903546333313, 0.6246047019958496, 0.5663080215454102, 0.7170305252075195, 0.7401612997055054, 0.8279129266738892, 0.3946240246295929, 0.6361175775527954, 0.8319944143295288, -0.01870906352996826, 0.7308053374290466, 0.5004000663757324, 0.6631543636322021, 0.694068968296051, 0.46675732731819153, 0.74640953540802, 0.5647376179695129, 0.1213795393705368, 0.6625872850418091, 0.8172487616539001, 0.6673811674118042, 0.8061411380767822, 0.5202409625053406, 0.7089157104492188, 0.6658694744110107, 0.633820652961731, 0.6389272212982178, 0.6049895286560059, 0.7086262702941895, 0.13137906789779663, 0.8547007441520691, 0.43842750787734985, 0.5075417757034302, 0.732450544834137, 0.4564718008041382, 0.7201884388923645, -0.09616750478744507, 0.6055211424827576, 0.6162176132202148, 0.6612451076507568, -0.19454240798950195, 0.7576783895492554, 0.46672865748405457, 0.7042919397354126, 0.26887616515159607, 0.590219259262085, 0.6598835587501526, 0.7334024310112, 0.482761412858963, 0.6540576219558716, 0.08539657294750214, 0.6647906303405762, 0.8375847935676575, 0.6451037526130676, 0.779659628868103, 0.05550588667392731, 0.5827697515487671, 0.534306526184082, 0.6347290277481079, 0.0018135160207748413, 0.6377450227737427, 0.4125349819660187, 0.8416208028793335, 0.24050690233707428, 0.6967810392379761, 0.604335606098175, 0.9005064964294434, 0.5929780006408691, 0.7083820104598999, 0.7540791034698486, 0.5519689321517944, 0.628321647644043, 0.720826268196106, 0.4444717764854431, 0.6989245414733887, 0.6175262331962585, 0.09255760163068771, 0.3174673318862915, 0.5390748381614685, 0.4148806929588318, -0.28319162130355835, 0.42564886808395386, 0.5009362101554871, 0.724332332611084, 0.46137475967407227, 0.8583874702453613, 0.552638053894043, 0.6813428401947021, 0.3866317868232727, 0.6338545083999634, 0.55861496925354, 0.6606056690216064, 0.3460828363895416, 0.6588618755340576, 0.373213529586792, 0.5611340403556824, 0.35767126083374023, -0.07959432899951935, 0.29086536169052124, 0.8169649839401245, 0.7185893058776855, 0.5002197027206421, 0.6963846683502197, 0.622281551361084, 0.37926867604255676, 0.49004822969436646, 0.6899436116218567, 0.789857029914856, 0.6682881116867065, 0.4152146875858307, 0.3378095328807831, 0.6858857274055481, 0.6533157825469971, 0.6761090755462646, 0.6042728424072266, 0.7847678661346436, 0.746145486831665, 0.736767590045929, 0.6856642961502075, 0.49743562936782837, 0.6252979040145874, 0.663882851600647, 0.7866065502166748, 0.6643362641334534, 0.7462656497955322, 0.8011872172355652, 0.4882890284061432, 0.6475053429603577, -0.47351357340812683, 0.6919139623641968, 0.5533765554428101, 0.31772539019584656, 0.6029508113861084, 0.7262837290763855, 0.041860226541757584, 0.5678825974464417, 0.6488491296768188, 0.4229477643966675, 0.6482818722724915, 0.707446813583374, 0.850393533706665, 0.8627191781997681, 0.535444438457489, 0.6748358607292175, 0.46731430292129517, 0.6337459087371826, 0.05442254990339279, 0.6231138110160828, -0.014209762215614319, 0.15200556814670563, 0.5113113522529602, 0.542389988899231, 0.7209573984146118, 0.6128624677658081, 0.22574760019779205, 0.5230385661125183, 0.493411660194397, -0.5769811272621155, 0.47290271520614624, -0.11149919033050537, 0.6482416391372681, 0.6985941529273987, 0.7628446817398071, 0.6066484451293945, 0.7019293904304504, 0.19149649143218994, 0.5912817716598511, 0.640235424041748, 0.4272613823413849, 0.5486406683921814, 0.38921746611595154, 0.16487079858779907, 0.1880418062210083, 0.7283345460891724, 0.7034051418304443, 0.6876544952392578, 0.6740387082099915, 0.635735034942627, -0.08209025859832764, 0.766615629196167, 0.6506619453430176, 0.23016896843910217, -0.24850653111934662, 0.5131889581680298, 0.4953663945198059, 0.6144950985908508, 0.800119936466217, 0.23219218850135803, 0.7111183404922485, 0.4644867181777954, 0.47683262825012207, 0.6408416032791138, 0.5855344533920288, 0.810370147228241, 0.693257749080658, 0.6445515751838684, 0.634543776512146, -0.198438823223114, 0.47453591227531433, 0.709721565246582, 0.11954818665981293, 0.6998902559280396, 0.658270537853241, 0.5061700344085693, 0.7780421376228333, 0.7601310014724731, 0.5006711483001709, 0.5623471736907959, 0.6744849681854248, 0.6211459040641785, 0.7806832790374756, 0.6006286144256592, 0.8200587034225464, 0.7723315954208374, 0.38225096464157104, 0.6861857175827026, 0.5355134010314941, 0.42513445019721985, 0.17434260249137878, 0.5181931257247925, 0.11311870068311691, 0.6390398740768433, 0.6665723323822021, 0.713628351688385, 0.5261595845222473, 0.6695539951324463, 0.2711624801158905, -0.25564292073249817, 0.4676949977874756, 0.6441828012466431, 0.5513356924057007, 0.4950309991836548, 0.48772698640823364, 0.649901270866394, 0.6734884977340698, 0.5174700021743774, 0.6258522272109985, 0.8527143597602844, 0.40808141231536865, 0.7129995822906494, 0.5674655437469482, 0.5340778231620789, 0.4929605722427368, 0.6220695972442627, 0.5817249417304993, 0.6642884612083435, 0.13102856278419495, 0.10014137625694275, 0.5455525517463684, 0.6401243805885315, 0.3330177366733551, 0.6489018201828003, 0.7568396925926208, 0.595935583114624, 0.8325929641723633, 0.6244216561317444, 0.6025819778442383, 0.7719078063964844, 0.5781883597373962, 0.716331422328949, 0.5437051057815552, 0.5796147584915161, 0.4740394651889801, 0.5953664779663086, 0.6777877807617188, 0.6848808526992798, 0.5327644348144531, 0.59023118019104, -0.5835539698600769, 0.22846004366874695, 0.7193862199783325, 0.6652626395225525, 0.5882102251052856, 0.6650540828704834, 0.5309730768203735, 0.5544357299804688, 0.6264334917068481, 0.7474392652511597, 0.5500680804252625, 0.6498363614082336, 0.6632624864578247, 0.633601188659668, 0.5268006920814514, 0.14709818363189697, 0.6684417724609375, 0.5396312475204468, 0.6122074723243713, 0.08987988531589508, 0.6179578900337219, 0.7589439153671265, 0.4665606617927551, 0.5601286292076111, -0.20233294367790222, 0.734769880771637, 0.5924171209335327, 0.551352858543396, -0.16893962025642395, 0.6885167360305786, 0.49528300762176514, 0.6242719888687134, 0.8336007595062256, 0.7410570383071899, 0.7104184627532959, 0.7168681621551514, 0.6756728887557983, 0.579633891582489, 0.7675819396972656, 0.41041553020477295, 0.6360578536987305, 0.15901809930801392, 0.6721291542053223, 0.6895697116851807, -0.4951658546924591, 0.595076858997345, 0.8204007744789124, 0.797015905380249, 0.3746822774410248, 0.5169739127159119, 0.6217745542526245, 0.36383894085884094, 0.11514626443386078, 0.08065444231033325, 0.6367475986480713, 0.7878425717353821, 0.06704185903072357, 0.806921124458313, 0.4680361747741699, 0.7015918493270874, 0.6594868302345276, 0.39810729026794434, 0.628246545791626, 0.6391474008560181, 0.4908449053764343, 0.6764782667160034, 0.6447436809539795, 0.7196577787399292, 0.48951709270477295, 0.44941478967666626, 0.4314163029193878, 0.7625914812088013, 0.6406356692314148, 0.6163855791091919, 0.6142338514328003, 0.5793551206588745, 0.5811254382133484, 0.1831323802471161, 0.6317300796508789, 0.6713268756866455, 0.2737564444541931, 0.6841484308242798, -0.2861645519733429, 0.6214706301689148, 0.6286542415618896, 0.6217303276062012, 0.24800893664360046, -0.012898100540041924, 0.5755134224891663, 0.6132484078407288, -0.5209258794784546, 0.8239126205444336, 0.07255483418703079, -0.5111241936683655, 0.7179710268974304, 0.5557527542114258, 0.46876633167266846, 0.779215931892395, -0.00876878947019577, 0.8165885210037231, 0.7383180856704712, 0.8111131191253662, 0.6617059707641602, 0.4932098984718323, 0.6686478853225708, 0.569348931312561, 0.7049938440322876, 0.6109144687652588, 0.7217206954956055, 0.7437561750411987, 0.3921316862106323, 0.5420180559158325, 0.6683865785598755, 0.09512002766132355, 0.5322979688644409, 0.17143940925598145, 0.5836740136146545, 0.7635837197303772, -0.12316304445266724, 0.7403546571731567, 0.658004879951477, 0.612579882144928, 0.5558581352233887, 0.08563770353794098, 0.5094447135925293, 0.7964094877243042, 0.5768046379089355, -0.08783919364213943, 0.751348078250885, 0.6733042597770691, 0.3456372320652008, 0.7396166324615479, 0.5567235946655273, -0.07149486243724823, 0.5502415895462036, 0.7750364542007446, 0.08446359634399414, 0.6885267496109009, 0.40432456135749817, 0.502569854259491, 0.01327119767665863, 0.42472317814826965, 0.7918952703475952, -0.16487136483192444, 0.6905736327171326, 0.4934852719306946, 0.6897218227386475, 0.5023308992385864, 0.13957525789737701, 0.5007983446121216, 0.5343427658081055, 0.5434468388557434, 0.721196174621582, 0.6870653033256531, 0.7637417316436768, 0.711277961730957, 0.33543336391448975, -0.1994703710079193, 0.5079406499862671, 0.6542125344276428, 0.7373941540718079, 0.4522538185119629, -0.06153341382741928, 0.685641348361969, 0.8271907567977905, -0.021016627550125122, 0.45535388588905334, 0.7084034085273743, 0.6015815734863281, 0.8986425995826721, 0.41324499249458313, 0.5588410496711731, 0.47732722759246826, 0.6218886971473694, 0.7101466655731201, 0.8251522779464722, 0.694320797920227, 0.7105494141578674, 0.29308775067329407, 0.6589336395263672, 0.6118469834327698, 0.6237388849258423, 0.22962795197963715, 0.707639753818512, 0.11087104678153992, 0.4479914903640747, 0.500164270401001, -0.11989615112543106, 0.14155855774879456, 0.7190999984741211, 0.637478232383728, 0.7604339122772217, 0.49046820402145386, -0.22164089977741241, 0.6556316018104553, 0.6771332025527954, 0.5340331792831421, 0.38055771589279175, -0.6945541501045227, 0.5473703742027283, 0.45078593492507935, 0.6207241415977478, 0.2084798514842987, -0.3113105893135071, -0.20219142735004425, 0.7257851362228394, 0.7499380707740784, 0.792340874671936, 0.549731969833374, -0.017922360450029373, 0.5252201557159424, 0.5675443410873413, 0.7405198812484741, -0.1607505828142166, 0.13225358724594116, -0.022233150899410248, 0.2394549548625946, 0.6759529113769531, 0.7216916084289551, 0.19739887118339539, 0.5942056179046631, -0.29750245809555054, 0.6812738180160522, 0.6509528160095215, -0.5410416126251221, -0.025981731712818146, 0.1240045502781868, 0.7002819776535034, 0.49361878633499146, 0.5924094319343567, 0.016527138650417328, 0.6349257230758667, 0.43052396178245544, -0.24948328733444214, -0.31860560178756714, 0.6378199458122253, 0.745491623878479, 0.5243717432022095, 0.7556348443031311, 0.5293905735015869, 0.7187687158584595, 0.6056972742080688, 0.42665985226631165, 0.39568057656288147, 0.8336859941482544, -0.4354788661003113, 0.634813129901886, 0.1767173409461975, 0.06293103098869324, 0.6385848522186279, -0.5607482194900513, 0.05442209914326668, 0.2818862497806549, -0.0839429497718811, 0.06639791280031204, 0.4315722584724426, 0.48246172070503235, 0.7737429141998291, 0.5378713607788086, 0.5948549509048462, -0.11276385188102722, 0.4857231676578522, 0.03886355459690094, 0.3925464451313019, 0.006303057074546814, 0.4796738624572754, 0.11468435078859329, 0.4861317276954651, 0.6551182270050049, 0.6880747675895691, 0.625320553779602, 0.7824699878692627, -0.10649725794792175, 0.618783712387085, 0.835058331489563, 0.2860754728317261, 0.34279966354370117, 0.6674718260765076, 0.8039470911026001, 0.710287868976593, 0.07896759361028671, 0.3530445098876953, -0.17265668511390686, 0.5297576785087585, 0.09941451996564865, 0.6158479452133179, 0.6077584624290466, 0.6171292066574097, 0.613211989402771, -0.34247416257858276, -0.21776793897151947, 0.14750050008296967, 0.8841969966888428, 0.6252453327178955, 0.6155869364738464, 0.44590407609939575, 0.8095014691352844, 0.6381789445877075, 0.17520827054977417, 0.5893983840942383, -0.18332616984844208, 0.6336150765419006, 0.6740579009056091, 0.6117174625396729, 0.595435380935669, 0.46953123807907104, 0.7587010860443115, 0.502934455871582, 0.7850189208984375, 0.7184692621231079, 0.08462118357419968, 0.6015830039978027, 0.6259353756904602, -0.32079505920410156, 0.5095215439796448, 0.7647049427032471, -0.3057262897491455, 0.6041232347488403, 0.709893524646759, 0.28688690066337585, 0.6364790201187134, 0.6076981425285339, 0.5000171661376953, 0.6157084703445435, 0.5729875564575195, -0.050540611147880554, -0.44766390323638916, 0.7055135369300842, 0.6536949872970581, 0.7736745476722717, 0.5588467717170715, 0.6941269636154175, 0.6472100615501404, 0.236952006816864, 0.42336106300354004, 0.6273466944694519, 0.7289897203445435, -0.1945270150899887, 0.6597462892532349, 0.3688100576400757, 0.6934226751327515, 0.7612113952636719, 0.5685012340545654, 0.7255959510803223, 0.6747374534606934, -0.3152032792568207, 0.8127923011779785, 0.7141331434249878, 0.49716681241989136, 0.06272375583648682, 0.6892932653427124, 0.20721140503883362, -0.3219326138496399, 0.366621196269989, 0.5287355184555054, -0.37624409794807434, -0.4309096336364746, 0.8076832890510559, 0.7737422585487366, 0.8410084247589111, 0.7499459385871887, 0.36812520027160645, -0.38329148292541504, 0.6035207509994507, 0.7709246873855591, 0.7635354995727539, -0.5253624320030212, 0.6311657428741455, 0.5542511343955994, 0.6210706830024719, -0.5031256675720215, -0.18004387617111206, 0.6110736131668091, -0.2474444955587387, -0.4587518870830536, 0.6618514060974121, -0.28696107864379883, 0.46473371982574463, 0.7233664989471436, 0.6049071550369263, 0.5684645175933838, 0.6385383605957031, 0.6843713521957397, 0.16310755908489227, 0.5038443803787231, -0.30008530616760254, 0.3709225654602051, 0.48828768730163574, 0.8667421936988831, 0.7138339281082153, 0.39964765310287476, 0.463699072599411, 0.45681124925613403, 0.15468333661556244, 0.5091811418533325, 0.4074476957321167, 0.37506723403930664, 0.5453552603721619, 0.6786974668502808, 0.8115983009338379, 0.4616275131702423, -0.7297407388687134, 0.6133885383605957, 0.11409302800893784, 0.5364407896995544, 0.7290884256362915, 0.5706924796104431, -0.0013929754495620728, 0.7197487950325012, 0.41390010714530945, 0.6930278539657593, 0.6837610006332397, -0.2705742120742798, -0.17036283016204834, -0.15446904301643372, 0.601674497127533, 0.6758139133453369, 0.494783490896225, 0.6264523267745972, 0.610425591468811, -0.045165255665779114, 0.6213411092758179, 0.4494468569755554, -0.02141605317592621, 0.5326231122016907, -0.03683127835392952, 0.5615849494934082, 0.6998029947280884, 0.497078001499176, 0.7738626003265381, -0.21716642379760742, 0.5242974758148193, 0.5152215361595154, 0.653691291809082, 0.5623452663421631, 0.6608315706253052, 0.6441741585731506, 0.5010057687759399, 0.6265490651130676, -0.024313533678650856, -0.06545747816562653, -0.08197318017482758, -0.09097741544246674, 0.7851345539093018, 0.5908929109573364, 0.4973004162311554, 0.5726801156997681, 0.4582764506340027, 0.5423639416694641, 0.006315488368272781, 0.2188296616077423, 0.6222845315933228, 0.5648733973503113, 0.6377310156822205, 0.02826894447207451, 0.6184375882148743, 0.6054003834724426, 0.6001309156417847, 0.4371931850910187, 0.8417584300041199, 0.6709007024765015, -0.011818379163742065, 0.2976643443107605, 0.5262616872787476, 0.09049366414546967, -0.006444081664085388, 0.5732318162918091, 0.15839116275310516, -0.22784659266471863, 0.5178587436676025, 0.6274624466896057, -0.263602077960968, 0.06831349432468414, 0.17399246990680695, 0.39018696546554565, 0.35333824157714844, 0.632054328918457, 0.4979003071784973, 0.5545235872268677, 0.6781958341598511, -0.07836639881134033, 0.6254726648330688, 0.7334885597229004, 0.5405583381652832, 0.7044553160667419, 0.5652222037315369, 0.6570817232131958, 0.6448380947113037, 0.708116888999939, -0.30147624015808105, 0.7725971341133118, -0.16874444484710693, 0.7711507081985474, 0.5818567872047424, 0.0614628829061985, 0.6595762968063354, 0.7428892254829407, -0.20402437448501587, 0.725441575050354, -0.16181764006614685, 0.6205548644065857, 0.41586506366729736, 0.6925126314163208, 0.7131929397583008, 0.5353742837905884, 0.7011147737503052, 0.10971979051828384, 0.6128766536712646, 0.7084805369377136, -0.1104423999786377, 0.506527841091156, 0.6235263347625732, 0.4609214663505554, -0.09735213220119476, -0.09753194451332092, -0.17416004836559296, -0.03654208034276962, 0.20695123076438904, 0.5430554747581482, 0.6541093587875366, 0.16499072313308716, -0.2104668915271759, -0.2366214245557785, 0.6258692741394043, 0.06354495882987976, 0.6280645132064819, 0.7037836313247681, 0.6922972798347473, -0.27393361926078796, 0.663709282875061, 0.6847257018089294, -0.12525972723960876, 0.572135329246521, 0.6024574041366577, 0.6863051652908325, 0.73377525806427, 0.630371630191803, 0.6494725942611694, -0.016972415149211884, -0.16868162155151367, -0.2512843906879425, 0.3846539855003357, -0.04076315462589264, 0.25832879543304443, 0.8178318738937378, 0.5878520011901855, 0.40759217739105225, 0.45566073060035706, -0.12845468521118164, 0.4395674765110016, 0.5504306554794312, 0.748914361000061, 0.18969109654426575, 0.6928302049636841, 0.682296872138977, 0.03549797460436821, 0.04038123041391373, -0.14849838614463806, 0.6873541474342346, 0.31220293045043945, 0.6541759371757507, -0.28113245964050293, 0.6345738768577576, 0.5199402570724487, 0.7858319878578186, -0.19588518142700195, 0.4700220227241516, 0.7520672082901001, 0.7549962997436523, 0.1384301334619522, 0.8118563294410706, -0.02314286306500435, 0.8021558523178101, 0.5886690020561218, 0.5198042392730713, 0.6624561548233032, 0.6561194658279419, 0.7444327473640442, 0.048623278737068176, 0.7881584167480469, 0.09809665381908417, 0.4376978278160095, 0.7932888269424438, 0.7053260803222656, -0.04487273097038269, 0.7815098762512207, 0.5440982580184937, 0.7172554731369019, 0.6461755037307739, 0.6728032827377319, 0.7665549516677856, 0.04619413614273071, 0.5604418516159058, 0.15837182104587555, 0.7262058258056641, -0.29248151183128357, 0.5631123781204224, 0.11214637756347656, -0.2817930281162262, 0.741278886795044, 0.6079484820365906, -0.11600634455680847, 0.26733899116516113, 0.5866622924804688, 0.7507009506225586, 0.7514621615409851, 0.4989393949508667, 0.6434489488601685, 0.7020509243011475, 0.6381270289421082, 0.5196375250816345, 0.6443853378295898, 0.7043876647949219, 0.5011433362960815, 0.6494744420051575, 0.6040744781494141, 0.5380411148071289, 0.6122618913650513, 0.4759750962257385, 0.7641327381134033, 0.09643726050853729, 0.5785560607910156, 0.16683067381381989, 0.42569637298583984, 0.4003359079360962, 0.646582841873169, 0.7156699895858765, 0.028626009821891785, 0.1862727403640747, 0.6435500383377075, 0.00972922146320343, 0.6405588388442993, 0.8051713109016418, 0.6464341878890991, 0.4036983847618103, 0.7183932662010193, 0.7042295932769775, 0.1734028160572052, 0.13099978864192963, -0.07597553730010986, 0.6318538188934326, 0.6616594791412354, 0.4487789273262024, 0.6340911388397217, 0.7528636455535889, 0.653209388256073, 0.42487508058547974, 0.5908008813858032, 0.7053595185279846, 0.6181136965751648, 0.5759060382843018, -0.31681835651397705, -0.5361025333404541, -0.5129061937332153, -0.17895452678203583, 0.15835438668727875, 0.5791418552398682, 0.7758221626281738, 0.6270195841789246, 0.7059980630874634, 0.5642160177230835, 0.697148323059082, 0.2508847117424011, 0.05487129092216492, 0.6667685508728027, 0.7249673008918762, 0.7169407606124878, 0.5249388217926025, 0.36847344040870667, 0.25466087460517883, 0.7524330615997314, 0.6268499493598938, 0.5838512778282166, 0.4069538712501526, 0.74139404296875, 0.6204817891120911, 0.17950400710105896, -0.3760496973991394, 0.43493854999542236, 0.5992352962493896, -0.04240810126066208, 0.6272232532501221, 0.26125669479370117, 0.15248428285121918, 0.42191362380981445, -0.14817127585411072, 0.6375128030776978, 0.2517222762107849, -0.45059970021247864, 0.7524216175079346, 0.1669737994670868, 0.17077578604221344, 0.5528815984725952, 0.480932354927063, 0.5672778487205505, 0.674072265625, -0.01274944469332695, 0.5565244555473328, 0.6353633999824524, -0.32369592785835266, 0.520873486995697, 0.6763334274291992, 0.6387651562690735, 0.7538827061653137, -0.3358427882194519, 0.38831865787506104, 0.6956839561462402, 0.7001041769981384, 0.643019437789917, -0.1329159438610077, 0.7209017276763916, 0.6130441427230835, 0.3940510153770447, 0.6515387296676636, 0.6227150559425354, 0.4171158969402313, 0.5360986590385437, 0.05697892606258392, 0.44165492057800293, 0.6759161353111267, 0.43825849890708923, -0.022615961730480194, 0.519866406917572, 0.10468018800020218, 0.7770899534225464, 0.7823108434677124, 0.8027733564376831, 0.5864366888999939, 0.6751621961593628, 0.7169997692108154, 0.6197524070739746, 0.503589391708374, 0.6835569143295288, 0.8327309489250183, 0.5331239700317383, 0.015098720788955688, 0.7677439451217651, 0.8424373865127563, -0.1861250400543213, 0.8479913473129272, 0.598259449005127, 0.5182319283485413, 0.25411713123321533, 0.16521692276000977, 0.6006356477737427, 0.7683572769165039, -0.5905904769897461, 0.47294795513153076, 0.6371868848800659, 0.3593841791152954, 0.4829878807067871, -0.06185191869735718, -0.1067304015159607, 0.7240735292434692, 0.4880301356315613, 0.818774402141571, 0.8283131122589111, -0.10435803979635239, 0.6698230504989624, 0.7200759053230286, 0.592222273349762, -0.4927242696285248, 0.04699060320854187, -0.4211713671684265, 0.6417039036750793, 0.7056636810302734, 0.5824551582336426, 0.6406745910644531, -0.21192480623722076, 0.5949056148529053, 0.5480549335479736, 0.5982493758201599, 0.5404467582702637, 0.7472094297409058, 0.7138566970825195, 0.41376280784606934, 0.6962660551071167, 0.2308577597141266, 0.7977750301361084, 0.18395866453647614, 0.7529726028442383, 0.8243610262870789, 0.47618967294692993, 0.6384493112564087, 0.7788113951683044]
