sample name: ['Cc1ccc2nccc(C(=O)N3CCC[C@H](C(=O)c4cccc5ccccc45)C3)c2c1']
atom_index,distance,cosine_similarity
0,0.1883489990234375,-0.02797699496150017
1,-0.03276611328125,-0.0008233857527375221
2,-0.356282958984375,0.022753590643405916
3,-0.36336181640625,0.04257453709840774
4,-0.3241412353515625,0.03895178139209747
5,-0.648875732421875,0.04528302308171987
6,0.0626806640625,-0.00683431550860405
7,-1.1389501953125,0.11281703159213066
8,0.26423583984375,-0.022808276861906052
9,-0.4172216796875,0.042380905151367186
10,-0.2302783203125,0.023844228237867356
11,-1.07892822265625,0.09197215519845486
12,-0.0609808349609375,0.01601596187800169
13,-0.13427001953125,0.018242860548198223
14,-0.4884686279296875,0.060023306868970394
15,0.08372314453125,0.0009453134983778
16,-1.2081207275390624,0.13316321060061453
17,0.16715087890625,-0.006754173412919045
18,0.13467529296875,0.001303686797618866
19,0.054859619140625,0.012552276253700256
20,-0.3743414306640625,0.04047475129365921
21,0.1074542236328125,-0.012152266204357148
22,-0.3165087890625,0.03148270398378372

Sum of phi values for distance
-6.110368041992187
Sum of phi values for cosine similarity
0.6574319114163516
Average distance random samples:
10.44460787275563
Average cosine similarity random samples:
0.5543418346248243
Distances random samples
[22.50226593017578, 9.93614673614502, 11.08392333984375, 9.932631492614746, 10.373336791992188, 9.04705810546875, 10.177311897277832, 9.432950019836426, 10.0206880569458, 10.799440383911133, 9.308414459228516, 7.080935955047607, 8.085833549499512, 8.464365005493164, 10.541637420654297, 8.826786041259766, 9.753265380859375, 11.452971458435059, 9.451024055480957, 8.655547142028809, 9.160431861877441, 9.403105735778809, 9.949673652648926, 8.017187118530273, 9.96473503112793, 8.824092864990234, 8.105398178100586, 9.484682083129883, 8.64866828918457, 9.48076343536377, 8.272629737854004, 8.706881523132324, 9.371232032775879, 9.908740043640137, 9.741775512695312, 21.203054428100586, 8.672607421875, 13.340306282043457, 11.862427711486816, 19.85140037536621, 9.177661895751953, 8.371146202087402, 20.328428268432617, 8.474961280822754, 11.729256629943848, 10.72172737121582, 18.8730411529541, 6.602214336395264, 9.097216606140137, 8.164942741394043, 9.302497863769531, 8.987957000732422, 9.807039260864258, 7.523801326751709, 7.441633224487305, 8.728819847106934, 9.196008682250977, 7.192275524139404, 8.67564582824707, 6.249941349029541, 10.471074104309082, 8.30274772644043, 10.52070140838623, 8.025760650634766, 9.777676582336426, 9.804117202758789, 10.97740650177002, 9.195609092712402, 7.814200401306152, 10.170921325683594, 10.02852725982666, 8.87143325805664, 16.062646865844727, 10.497682571411133, 11.044004440307617, 11.024650573730469, 11.115927696228027, 9.160652160644531, 8.8231201171875, 7.467828273773193, 9.041009902954102, 12.707310676574707, 8.90899658203125, 7.34553337097168, 12.017509460449219, 10.471536636352539, 8.000020027160645, 7.827762603759766, 8.51876163482666, 8.832953453063965, 11.276336669921875, 10.278494834899902, 8.198675155639648, 8.961565971374512, 8.411280632019043, 8.62606143951416, 14.363631248474121, 7.989216327667236, 9.4257230758667, 10.02642822265625, 8.89578914642334, 8.433960914611816, 7.846457004547119, 7.087365627288818, 9.258054733276367, 9.498229026794434, 7.441548824310303, 8.570345878601074, 8.613327026367188, 9.471273422241211, 9.489872932434082, 8.370634078979492, 8.34696102142334, 9.15849781036377, 8.775416374206543, 9.925274848937988, 8.836325645446777, 9.804787635803223, 8.908233642578125, 8.26116943359375, 8.062132835388184, 11.233906745910645, 9.81985092163086, 7.788864612579346, 9.659238815307617, 8.537091255187988, 7.862949371337891, 9.272817611694336, 9.06661319732666, 11.008270263671875, 8.438353538513184, 9.291261672973633, 7.161424160003662, 9.18352222442627, 19.708866119384766, 8.92551040649414, 10.536632537841797, 9.105040550231934, 12.578620910644531, 9.958334922790527, 9.867270469665527, 11.151346206665039, 7.841305255889893, 21.445777893066406, 9.756762504577637, 8.677508354187012, 10.297203063964844, 19.915327072143555, 9.197721481323242, 11.165105819702148, 10.216941833496094, 16.43391227722168, 9.044229507446289, 9.460712432861328, 10.022188186645508, 9.176885604858398, 21.55136489868164, 11.292173385620117, 6.174226760864258, 9.122633934020996, 8.956343650817871, 14.515606880187988, 8.974542617797852, 8.809154510498047, 12.611468315124512, 8.095768928527832, 11.105907440185547, 8.136451721191406, 9.180875778198242, 8.882176399230957, 9.018281936645508, 7.787805080413818, 8.453347206115723, 10.554351806640625, 10.253195762634277, 9.711810111999512, 8.820722579956055, 10.62873649597168, 10.513203620910645, 8.833858489990234, 9.784892082214355, 10.425085067749023, 10.104619026184082, 9.672052383422852, 8.189809799194336, 9.51052474975586, 9.91796588897705, 8.01759147644043, 10.45846176147461, 21.553510665893555, 7.5531086921691895, 9.748368263244629, 9.254175186157227, 7.416036605834961, 7.7856903076171875, 9.562485694885254, 8.905221939086914, 19.847780227661133, 13.976591110229492, 9.97138786315918, 10.41213321685791, 7.55562686920166, 10.415911674499512, 9.850035667419434, 8.580849647521973, 9.797188758850098, 8.470437049865723, 8.825557708740234, 9.2462739944458, 7.659633636474609, 8.281429290771484, 13.02051830291748, 11.534219741821289, 11.38188648223877, 9.614714622497559, 9.306635856628418, 10.927804946899414, 8.062320709228516, 7.57781982421875, 11.075041770935059, 9.46174430847168, 20.52134895324707, 12.88021183013916, 21.161596298217773, 9.546570777893066, 7.904539585113525, 8.948702812194824, 7.910322666168213, 8.703645706176758, 10.001619338989258, 8.162466049194336, 9.299538612365723, 14.337615013122559, 11.563567161560059, 11.002811431884766, 9.725388526916504, 9.835607528686523, 11.65821361541748, 15.731171607971191, 10.620671272277832, 7.40492582321167, 7.493969917297363, 7.789486885070801, 10.227117538452148, 9.894445419311523, 8.305205345153809, 9.797091484069824, 9.733474731445312, 11.147483825683594, 20.700408935546875, 8.610058784484863, 10.150849342346191, 9.743613243103027, 8.32456111907959, 9.705583572387695, 9.98173999786377, 8.389450073242188, 10.53923511505127, 10.667753219604492, 11.995200157165527, 8.020471572875977, 9.301889419555664, 10.51457405090332, 8.765844345092773, 9.839980125427246, 8.691130638122559, 8.977468490600586, 14.884660720825195, 12.881731986999512, 8.881756782531738, 10.05703353881836, 8.6907377243042, 7.885409832000732, 9.884241104125977, 9.108895301818848, 11.699488639831543, 10.234267234802246, 11.196048736572266, 8.517098426818848, 8.004953384399414, 10.334110260009766, 10.406206130981445, 10.181267738342285, 9.682433128356934, 9.310990333557129, 10.166176795959473, 8.158080101013184, 7.307245254516602, 10.486968040466309, 11.657002449035645, 12.832904815673828, 8.78551959991455, 8.049845695495605, 8.362667083740234, 8.838706016540527, 8.508485794067383, 9.39039134979248, 9.408474922180176, 9.379555702209473, 8.508338928222656, 8.95654010772705, 11.16488265991211, 18.38462257385254, 9.867249488830566, 8.872106552124023, 10.451475143432617, 10.662922859191895, 12.416297912597656, 11.158750534057617, 6.125615119934082, 9.248941421508789, 14.41002368927002, 10.324007987976074, 13.947062492370605, 6.596214771270752, 9.710516929626465, 8.612262725830078, 10.262673377990723, 11.469562530517578, 13.373083114624023, 6.798175811767578, 9.614999771118164, 10.467110633850098, 8.811019897460938, 7.753046989440918, 10.327329635620117, 8.86943244934082, 10.044062614440918, 11.740378379821777, 10.634844779968262, 11.564772605895996, 9.419637680053711, 13.638890266418457, 8.029712677001953, 10.256518363952637, 9.330455780029297, 9.095308303833008, 8.023519515991211, 9.572986602783203, 8.829243659973145, 8.24979305267334, 9.116952896118164, 8.578369140625, 9.893106460571289, 12.491338729858398, 7.790387153625488, 10.718268394470215, 13.555536270141602, 7.4683613777160645, 12.819311141967773, 7.269176006317139, 9.609755516052246, 9.35838508605957, 15.401985168457031, 10.267476081848145, 14.073563575744629, 15.181448936462402, 8.976219177246094, 7.667529582977295, 8.709380149841309, 10.657156944274902, 9.980220794677734, 8.69446086883545, 8.206296920776367, 9.21841049194336, 9.36961555480957, 20.031864166259766, 9.655590057373047, 9.262514114379883, 11.040288925170898, 9.246674537658691, 9.027371406555176, 11.026061058044434, 7.566890716552734, 11.066246032714844, 8.313108444213867, 8.787145614624023, 8.231537818908691, 9.620146751403809, 8.770831108093262, 8.759964942932129, 9.91103744506836, 9.852526664733887, 9.51008129119873, 10.378594398498535, 8.488189697265625, 9.711402893066406, 8.303363800048828, 9.007211685180664, 7.362478733062744, 8.486527442932129, 9.540360450744629, 19.67304801940918, 10.331254005432129, 10.596675872802734, 8.385013580322266, 9.389350891113281, 7.477823257446289, 9.631086349487305, 9.214799880981445, 8.286783218383789, 11.241904258728027, 8.627334594726562, 7.902924060821533, 7.523672580718994, 9.140551567077637, 7.947386264801025, 8.20847225189209, 10.739808082580566, 10.725995063781738, 8.806469917297363, 21.02542495727539, 9.914973258972168, 10.738767623901367, 9.58389949798584, 8.731043815612793, 10.84788990020752, 9.331624031066895, 8.783224105834961, 8.724255561828613, 9.250467300415039, 9.145137786865234, 9.60490894317627, 7.6186041831970215, 10.291565895080566, 21.547529220581055, 21.3271541595459, 9.178565979003906, 8.788139343261719, 9.611002922058105, 7.341233730316162, 8.646903991699219, 8.492982864379883, 19.627534866333008, 9.84184741973877, 9.28738021850586, 9.659112930297852, 8.784257888793945, 8.370707511901855, 8.885885238647461, 9.14438533782959, 8.739241600036621, 12.189546585083008, 13.327727317810059, 10.170952796936035, 8.82596492767334, 8.860349655151367, 6.351038932800293, 7.718765735626221, 13.366460800170898, 9.502532958984375, 7.46331262588501, 8.965075492858887, 7.708980083465576, 8.747377395629883, 8.331114768981934, 9.91722583770752, 8.367491722106934, 9.292787551879883, 7.597482204437256, 17.565427780151367, 10.894911766052246, 19.652326583862305, 10.00606918334961, 9.131892204284668, 9.262971878051758, 19.084657669067383, 11.45200252532959, 7.983231067657471, 10.576953887939453, 9.466431617736816, 8.695310592651367, 7.730263710021973, 8.287738800048828, 9.596111297607422, 7.5906476974487305, 18.533926010131836, 8.132576942443848, 8.605718612670898, 20.408674240112305, 10.247910499572754, 8.258152961730957, 9.299972534179688, 18.520198822021484, 7.587188720703125, 8.747684478759766, 9.30001449584961, 9.383091926574707, 14.866662979125977, 10.664499282836914, 9.384298324584961, 9.848868370056152, 8.209911346435547, 8.431923866271973, 21.256017684936523, 8.185989379882812, 8.164435386657715, 8.67786693572998, 8.211243629455566, 13.644556045532227, 21.08103370666504, 8.367588996887207, 21.990402221679688, 20.03318214416504, 8.661294937133789, 8.596552848815918, 8.82797908782959, 7.679765701293945, 9.763528823852539, 7.368991851806641, 20.429548263549805, 20.994192123413086, 12.862874031066895, 10.137116432189941, 7.182871341705322, 9.988006591796875, 9.992791175842285, 4.954568862915039, 8.948758125305176, 8.69419002532959, 9.860583305358887, 11.154877662658691, 12.618626594543457, 9.325416564941406, 9.800580024719238, 8.906926155090332, 7.839851379394531, 13.038966178894043, 8.972013473510742, 9.065539360046387, 9.657031059265137, 9.257305145263672, 7.130993366241455, 8.808725357055664, 8.853079795837402, 9.972297668457031, 13.280025482177734, 9.813915252685547, 13.281440734863281, 10.179697036743164, 10.510066032409668, 9.155489921569824, 8.90782642364502, 7.098883152008057, 11.115191459655762, 7.265688419342041, 11.881305694580078, 8.18456745147705, 18.276294708251953, 7.673208236694336, 13.06344223022461, 9.304348945617676, 9.218153953552246, 20.589744567871094, 10.135988235473633, 8.751876831054688, 9.545625686645508, 7.91608190536499, 9.23169231414795, 9.312294006347656, 10.867769241333008, 7.3587751388549805, 8.704031944274902, 9.84632682800293, 7.447667121887207, 8.510931968688965, 13.524201393127441, 12.436522483825684, 10.267380714416504, 9.969881057739258, 7.460214614868164, 9.084173202514648, 8.30282211303711, 20.154020309448242, 9.283119201660156, 7.977695941925049, 21.216859817504883, 16.853382110595703, 10.446817398071289, 8.394100189208984, 7.220737457275391, 7.8142547607421875, 8.220742225646973, 6.559256553649902, 8.389245986938477, 8.985695838928223, 9.846456527709961, 9.052376747131348, 10.013745307922363, 10.524418830871582, 9.770877838134766, 7.506984233856201, 22.67561912536621, 10.314483642578125, 10.098628044128418, 8.140168190002441, 9.907130241394043, 7.863590240478516, 21.143081665039062, 8.723191261291504, 7.393104553222656, 10.912813186645508, 17.269207000732422, 14.311126708984375, 8.331259727478027, 8.496975898742676, 19.546594619750977, 10.609559059143066, 10.091070175170898, 13.051553726196289, 19.077486038208008, 10.876399040222168, 7.790493965148926, 15.79917049407959, 8.415328025817871, 20.918804168701172, 7.994195461273193, 20.77385139465332, 21.201417922973633, 7.291193962097168, 11.804997444152832, 10.733654022216797, 21.550167083740234, 8.765314102172852, 17.886812210083008, 9.188199043273926, 9.411894798278809, 10.997657775878906, 9.745266914367676, 11.45824909210205, 9.6923246383667, 16.18079376220703, 10.345967292785645, 12.861923217773438, 10.226184844970703, 8.142208099365234, 22.29612922668457, 8.788344383239746, 6.425713539123535, 9.073360443115234, 10.182195663452148, 16.971973419189453, 7.966165065765381, 7.577123165130615, 9.801200866699219, 9.615067481994629, 15.020609855651855, 9.423282623291016, 8.84402847290039, 8.504889488220215, 10.670805931091309, 8.476937294006348, 9.67197322845459, 12.904263496398926, 6.859405517578125, 10.498725891113281, 7.508580684661865, 13.043548583984375, 10.677359580993652, 8.703455924987793, 9.401644706726074, 7.6228790283203125, 8.006569862365723, 7.513373851776123, 22.059494018554688, 9.839744567871094, 7.601041316986084, 12.908795356750488, 19.52768325805664, 6.934098243713379, 6.417452335357666, 9.621435165405273, 12.44729995727539, 17.031261444091797, 9.367941856384277, 9.147004127502441, 8.348353385925293, 9.651281356811523, 7.96645450592041, 7.675605773925781, 13.969841003417969, 9.622140884399414, 9.236495971679688, 20.309873580932617, 9.854891777038574, 13.48817253112793, 8.94867992401123, 8.514532089233398, 9.318338394165039, 9.27157211303711, 10.871586799621582, 9.758662223815918, 13.16800308227539, 7.598511219024658, 9.601492881774902, 9.905067443847656, 10.182693481445312, 13.15152645111084, 12.161291122436523, 9.49950885772705, 11.216090202331543, 9.308576583862305, 15.251439094543457, 11.98351764678955, 8.922687530517578, 7.995682716369629, 7.425568103790283, 20.584592819213867, 8.612305641174316, 10.486660957336426, 10.063882827758789, 9.080477714538574, 8.202427864074707, 20.914752960205078, 18.051952362060547, 20.312885284423828, 10.018668174743652, 8.931610107421875, 10.232732772827148, 7.759846210479736, 10.725122451782227, 9.679102897644043, 11.711590766906738, 9.92404842376709, 8.323345184326172, 21.418575286865234, 11.047624588012695, 8.389165878295898, 21.57152557373047, 10.238014221191406, 8.20980453491211, 8.160301208496094, 9.86436653137207, 21.010683059692383, 9.418791770935059, 12.577454566955566, 9.732417106628418, 17.19341278076172, 11.073760032653809, 6.344149112701416, 8.308743476867676, 19.885221481323242, 8.4233980178833, 20.20561408996582, 6.429792881011963, 8.889250755310059, 8.541035652160645, 10.118544578552246, 10.306770324707031, 9.908228874206543, 10.635440826416016, 11.248278617858887, 9.543596267700195, 9.107929229736328, 9.66872501373291, 19.835847854614258, 9.006379127502441, 10.910659790039062, 13.286903381347656, 8.094996452331543, 21.211732864379883, 8.332961082458496, 18.668296813964844, 11.29619026184082, 9.00367546081543, 8.958032608032227, 8.940180778503418, 8.770604133605957, 22.94337272644043, 10.89643383026123, 14.491935729980469, 8.893409729003906, 16.24070930480957, 13.967852592468262, 11.757994651794434, 11.132823944091797, 8.771830558776855, 10.045100212097168, 9.773468017578125, 10.77371597290039, 22.85418701171875, 9.691615104675293, 9.496628761291504, 21.60478401184082, 11.447854995727539, 11.027735710144043, 10.708630561828613, 11.431403160095215, 9.457982063293457, 20.3675537109375, 10.44925594329834, 9.342397689819336, 11.2924165725708, 21.18355369567871, 8.904634475708008, 9.639518737792969, 12.951748847961426, 17.111637115478516, 8.6163969039917, 20.908090591430664, 8.837486267089844, 9.75865364074707, 9.303157806396484, 8.840256690979004, 21.676116943359375, 11.279607772827148, 10.24372386932373, 8.154012680053711, 7.739552974700928, 10.261702537536621, 9.467484474182129, 7.767242431640625, 7.991879463195801, 8.724943161010742, 10.076584815979004, 10.34225845336914, 8.416522026062012, 10.034438133239746, 10.319428443908691, 8.194500923156738, 6.744398593902588, 8.267287254333496, 10.094686508178711, 10.392674446105957, 9.26439094543457, 8.992814064025879, 7.945285797119141, 8.195524215698242, 9.957253456115723, 10.15557861328125, 7.671682834625244, 11.438143730163574, 7.17755126953125, 8.64051342010498, 10.123021125793457, 9.856101036071777, 9.465433120727539, 9.702316284179688, 10.029726028442383, 9.36020565032959, 8.08432388305664, 8.66033935546875, 11.425726890563965, 7.051602363586426, 7.543407440185547, 10.42716121673584, 9.277385711669922, 14.017044067382812, 8.300360679626465, 11.772948265075684, 10.162836074829102, 9.969425201416016, 11.007458686828613, 8.94538402557373, 11.6864595413208, 21.72658920288086, 7.93377161026001, 12.795312881469727, 8.583721160888672, 9.015229225158691, 10.593483924865723, 10.579231262207031, 8.960504531860352, 8.830427169799805, 8.46229362487793, 10.713211059570312, 15.990936279296875, 9.916611671447754, 9.194350242614746, 9.136549949645996, 9.630631446838379, 9.573712348937988, 9.390339851379395, 8.956449508666992, 12.680693626403809, 9.975421905517578, 10.727985382080078, 8.914887428283691, 7.691183090209961, 10.028945922851562, 9.65852165222168, 9.872645378112793, 9.817675590515137, 9.29696273803711, 8.132292747497559, 10.492060661315918, 10.87879467010498, 8.935965538024902, 9.480135917663574, 9.203276634216309, 7.7039475440979, 8.99138355255127, 12.26058578491211, 8.643956184387207, 8.371856689453125, 9.350279808044434, 12.628984451293945, 11.53746509552002, 10.986824989318848, 9.586416244506836, 10.555479049682617, 9.858080863952637, 9.203932762145996, 17.756589889526367, 6.970847129821777, 8.995027542114258, 11.404666900634766, 9.621406555175781, 8.95510482788086, 9.706315994262695, 19.173965454101562, 9.740362167358398, 10.052163124084473, 8.88175106048584, 8.064682006835938, 9.86065673828125, 10.486053466796875, 9.760639190673828, 9.78341007232666, 9.16018009185791, 9.672121047973633, 8.169927597045898, 9.400619506835938, 8.454263687133789, 9.004825592041016, 8.121274948120117, 7.876465320587158, 9.954690933227539, 8.956932067871094, 9.293290138244629, 9.785295486450195, 9.655878067016602, 8.659064292907715, 10.095973014831543, 20.886722564697266, 8.812881469726562, 8.768560409545898, 9.026650428771973, 8.597295761108398, 9.110408782958984, 8.739837646484375, 7.532912731170654, 9.825493812561035, 8.436896324157715, 8.181612014770508, 10.529942512512207, 11.576129913330078, 7.709687232971191, 18.505706787109375, 9.98575496673584, 9.902305603027344, 8.849663734436035, 12.049320220947266, 8.529057502746582, 8.77613353729248, 8.291348457336426, 8.808830261230469, 9.717188835144043, 11.19328784942627, 7.753093719482422, 11.029094696044922, 9.059202194213867, 10.989677429199219, 9.695475578308105, 8.257508277893066, 10.72352409362793, 9.81939697265625, 21.222415924072266, 8.599045753479004, 6.859447479248047, 8.27495002746582, 9.594809532165527, 9.906620979309082, 10.165287017822266, 11.123284339904785, 22.10042953491211, 9.772043228149414, 6.866386890411377, 9.076929092407227, 7.7555413246154785, 8.248350143432617, 6.5892157554626465, 11.23849105834961, 8.817034721374512, 10.775972366333008, 9.753595352172852, 9.590115547180176, 8.908953666687012, 9.954447746276855, 11.499975204467773, 9.736620903015137, 9.882867813110352, 11.080294609069824, 7.714517593383789, 9.264026641845703, 11.04930591583252, 9.237250328063965, 9.181417465209961, 10.20452880859375, 9.865159034729004, 12.87818431854248, 12.022603988647461, 9.13341236114502, 7.807622909545898, 9.781384468078613, 11.309545516967773, 8.388442039489746, 8.096959114074707, 9.213598251342773, 10.225504875183105, 9.357646942138672, 11.207548141479492, 9.666508674621582, 8.437554359436035, 10.158585548400879, 9.606534957885742, 7.9106364250183105, 7.096412658691406, 8.61103343963623, 11.687161445617676, 7.9958953857421875, 11.386757850646973, 6.1964569091796875, 10.812677383422852, 9.662239074707031, 9.284122467041016, 8.05047607421875, 10.58253288269043, 9.452509880065918, 7.894870758056641, 9.38629150390625, 11.18750286102295, 10.370214462280273, 9.671653747558594, 9.116225242614746, 8.567902565002441, 9.05969524383545, 12.545880317687988, 9.031405448913574, 9.600760459899902, 9.154562950134277, 9.198890686035156, 16.787513732910156, 8.632457733154297, 8.917597770690918, 13.512072563171387, 9.004931449890137, 8.092777252197266, 7.438016414642334, 14.011666297912598, 7.777976989746094, 9.025829315185547, 8.32507610321045, 7.77140474319458, 10.627758979797363, 12.118552207946777, 9.290079116821289, 8.748764038085938, 11.081550598144531, 10.34693431854248, 7.2578959465026855, 9.377429008483887, 8.698498725891113, 9.680591583251953, 8.984631538391113, 7.813864707946777, 11.145036697387695, 13.26803207397461, 9.497273445129395, 13.149791717529297, 8.997602462768555, 7.122239589691162, 6.961441516876221, 9.206872940063477, 10.121706008911133, 8.710647583007812, 7.5097246170043945, 11.398844718933105, 10.142860412597656, 8.82950496673584, 11.519979476928711, 9.202980041503906, 21.257164001464844, 9.289498329162598, 9.473302841186523, 7.832132816314697, 11.342878341674805, 11.416444778442383, 7.26029634475708, 11.043885231018066, 8.306780815124512, 8.782434463500977, 10.35365104675293, 6.716620922088623, 10.156557083129883, 10.086830139160156, 7.684902667999268, 8.083283424377441, 18.11945343017578, 9.890477180480957, 10.020576477050781, 21.253448486328125, 11.505714416503906, 8.782341957092285, 10.508498191833496, 9.505303382873535, 9.084549903869629, 11.532368659973145, 8.103734970092773, 8.334423065185547, 10.564358711242676, 10.009824752807617, 9.877671241760254, 8.269543647766113, 11.160534858703613, 9.40636157989502, 14.765995025634766, 22.288272857666016, 10.429604530334473, 9.84654712677002, 8.90201473236084, 8.153264999389648, 9.475184440612793, 9.395543098449707, 8.828288078308105, 8.403648376464844, 9.478211402893066, 9.52773666381836, 11.788817405700684, 9.459355354309082, 18.457067489624023, 8.948143005371094, 7.054612159729004, 10.035165786743164, 8.652971267700195, 20.580045700073242, 9.607638359069824, 8.434165000915527, 8.563234329223633, 9.367049217224121, 13.393434524536133, 10.894536018371582, 16.551271438598633, 22.523204803466797, 9.305154800415039, 21.8896484375, 9.508086204528809, 9.97382926940918, 10.666990280151367, 9.548857688903809, 9.300684928894043, 6.867028713226318, 10.289883613586426, 19.884065628051758, 6.603748321533203, 8.52563190460205, 11.114891052246094, 8.590490341186523, 10.273507118225098, 19.723360061645508, 19.955799102783203, 14.75149917602539, 10.410283088684082, 6.653210163116455, 8.677200317382812, 20.352296829223633, 8.029553413391113, 13.449385643005371, 10.172473907470703, 10.488210678100586, 8.416065216064453, 9.79390811920166, 10.771106719970703, 20.74281120300293, 20.883146286010742, 16.014970779418945, 9.102810859680176, 19.01099967956543, 21.448322296142578, 10.764418601989746, 20.527280807495117, 9.532708168029785, 10.367167472839355, 9.830512046813965, 9.352030754089355, 8.700763702392578, 8.161967277526855, 11.253522872924805, 9.462154388427734, 9.218351364135742, 10.551197052001953, 21.507516860961914, 9.914409637451172, 21.69179344177246, 10.764398574829102, 10.135616302490234, 21.637331008911133, 8.7999849319458, 8.884077072143555, 21.78357696533203, 8.704998970031738, 10.160734176635742, 9.672898292541504, 6.826282024383545, 8.820984840393066, 8.959454536437988, 9.910238265991211, 9.626551628112793, 10.357735633850098, 9.536145210266113, 11.899967193603516, 10.284466743469238, 8.96861457824707, 10.641874313354492, 6.8165202140808105, 9.734450340270996, 9.184608459472656, 8.548932075500488, 9.076188087463379, 18.343984603881836, 9.590258598327637, 8.501718521118164, 8.157120704650879, 10.815282821655273, 7.605747222900391, 7.365275859832764, 8.459684371948242, 8.38875961303711, 11.430519104003906, 8.867081642150879, 8.293764114379883, 12.18825912475586, 7.096254825592041, 10.406067848205566, 9.161043167114258, 9.082063674926758, 10.847846031188965, 10.532143592834473, 8.355703353881836, 9.625457763671875, 7.957896709442139, 9.721781730651855, 9.37409782409668, 8.950935363769531, 16.072542190551758, 14.564647674560547, 8.141453742980957, 9.717222213745117, 9.840537071228027, 8.144407272338867, 8.63303279876709, 8.603846549987793, 15.009714126586914, 9.463263511657715, 8.219096183776855, 9.201722145080566, 8.695780754089355, 7.167349815368652, 8.668537139892578, 9.225692749023438, 8.540534019470215, 7.967241287231445, 8.288945198059082, 11.012845039367676, 9.53935718536377, 11.359848976135254, 12.86994743347168, 19.967960357666016, 14.86482048034668, 10.276494026184082, 9.667218208312988, 9.133610725402832, 14.031647682189941, 10.199020385742188, 9.563811302185059, 7.476174831390381, 7.767850399017334, 20.97380828857422, 8.58310604095459, 15.98552417755127, 10.342506408691406, 10.322769165039062, 7.28586483001709, 7.322854042053223, 8.359786987304688, 12.951719284057617, 8.522454261779785, 8.048222541809082, 8.562350273132324, 9.314369201660156, 9.005258560180664, 10.270968437194824, 8.882939338684082, 10.51037883758545, 9.710404396057129, 6.604881763458252, 9.054383277893066, 7.183925151824951, 8.036396980285645, 10.382742881774902, 9.552371978759766, 9.521499633789062, 9.122873306274414, 11.309091567993164, 9.773721694946289, 15.472589492797852, 13.16518783569336, 11.173234939575195, 10.144948959350586, 9.215100288391113, 10.239680290222168, 10.585807800292969, 7.566086769104004, 7.643002986907959, 9.156835556030273, 9.074281692504883, 9.081149101257324, 9.086097717285156, 11.902743339538574, 8.158158302307129, 10.837800025939941, 11.818399429321289, 8.30154800415039, 12.012581825256348, 10.501916885375977, 9.502366065979004, 9.080026626586914, 9.33285140991211, 9.018054008483887, 8.311687469482422, 12.483382225036621, 17.773611068725586, 9.78841495513916, 9.656249046325684, 9.175864219665527, 8.616798400878906, 9.69927978515625, 8.30397891998291, 10.474772453308105, 12.315374374389648, 15.114887237548828, 10.153504371643066, 9.836145401000977, 7.692832946777344, 16.640316009521484, 8.716779708862305, 9.920360565185547, 10.227937698364258, 13.176413536071777, 15.811811447143555, 8.404677391052246, 9.34165096282959, 10.818474769592285, 12.920280456542969, 8.54888916015625, 9.2349271774292, 9.812219619750977, 9.780294418334961, 9.49007797241211, 10.45545482635498, 12.315468788146973, 15.0897216796875, 11.84270191192627, 8.62895393371582, 8.912657737731934, 7.513031959533691, 9.682024955749512, 10.037848472595215, 8.376201629638672, 9.310749053955078, 9.176484107971191, 7.6157145500183105, 12.037487983703613, 15.690460205078125, 7.39266300201416, 9.950356483459473, 5.439555644989014, 9.789709091186523, 9.341699600219727, 17.43070411682129, 10.005024909973145, 8.699969291687012, 9.845293998718262, 10.463313102722168, 8.006478309631348, 7.868956565856934, 9.752506256103516, 19.79072380065918, 17.123559951782227, 6.352603435516357, 12.00082015991211, 9.472228050231934, 11.414498329162598, 12.721445083618164, 7.355013847351074, 8.395458221435547, 9.02585506439209, 8.748564720153809, 11.465971946716309, 10.146181106567383, 8.804784774780273, 10.315633773803711, 8.829204559326172, 12.12967586517334, 9.739256858825684, 9.012150764465332, 20.373613357543945, 10.62063217163086, 8.179790496826172, 19.592498779296875, 8.484967231750488, 9.09196662902832, 8.988311767578125, 16.46709632873535, 10.695249557495117, 8.912764549255371, 7.969443321228027, 9.319056510925293, 8.747438430786133, 9.416950225830078, 9.652789115905762, 10.697603225708008, 9.162933349609375, 20.21498680114746, 9.661150932312012, 10.581165313720703, 8.222244262695312, 8.834847450256348, 9.036628723144531, 10.603591918945312, 9.315797805786133, 16.312711715698242, 15.166239738464355, 9.62626838684082, 19.805639266967773, 20.862831115722656, 13.576146125793457, 10.450879096984863, 8.841787338256836, 10.760454177856445, 18.872547149658203, 8.479379653930664, 22.583160400390625, 7.308143615722656, 10.383790016174316, 9.609487533569336, 9.005186080932617, 11.470059394836426, 10.442684173583984, 9.833948135375977, 9.432039260864258, 7.533911228179932, 9.044386863708496, 9.663542747497559, 7.080408573150635, 8.328338623046875, 10.134687423706055, 8.37037181854248, 19.283714294433594, 7.944491386413574, 8.579031944274902, 13.274941444396973, 8.31141185760498, 9.178390502929688, 9.588454246520996, 8.239643096923828, 20.633182525634766, 20.86776351928711, 7.838423252105713, 9.141456604003906, 14.454427719116211, 9.302477836608887, 11.206920623779297, 22.30377769470215, 9.150272369384766, 10.450749397277832, 9.139161109924316, 9.907815933227539, 9.777502059936523, 8.755379676818848, 8.608757019042969, 8.509239196777344, 7.194258689880371, 21.471845626831055, 10.176027297973633, 7.8013505935668945, 9.779035568237305, 8.07105541229248, 7.749844074249268, 11.86742115020752, 9.883853912353516, 9.103050231933594, 8.89904499053955, 8.977001190185547, 9.933971405029297, 7.747573375701904, 8.345871925354004, 10.509187698364258, 11.936285972595215, 8.873620986938477, 8.493868827819824, 17.49422836303711, 7.334052085876465, 9.366026878356934, 9.25806713104248, 10.382477760314941, 7.647909641265869, 8.709977149963379, 9.305902481079102, 8.454510688781738, 7.46049690246582, 8.809350967407227, 8.887157440185547, 7.68280553817749, 9.027688980102539, 9.889799118041992, 8.686295509338379, 11.046092987060547, 9.878329277038574, 9.220863342285156, 18.319889068603516, 19.280290603637695, 10.412595748901367, 6.848598003387451, 9.856602668762207, 9.354070663452148, 7.54908561706543, 9.439604759216309, 6.418152809143066, 7.779568195343018, 8.5557861328125, 10.384716033935547, 9.52757453918457, 9.045492172241211, 11.878531455993652, 9.126540184020996, 11.697380065917969, 6.465001106262207, 8.486391067504883, 19.182621002197266, 10.609184265136719, 9.146268844604492, 12.366473197937012, 8.507723808288574, 9.259736061096191, 10.348687171936035, 10.076748847961426, 9.478519439697266, 10.66578483581543, 16.18553352355957, 10.310574531555176, 9.589617729187012, 8.838419914245605, 9.06742000579834, 7.221693515777588, 9.650099754333496, 9.147750854492188, 9.10278034210205, 12.257402420043945, 11.873489379882812, 8.675043106079102, 9.464825630187988, 9.401728630065918, 8.66060733795166, 8.13419246673584, 9.53361988067627, 9.357068061828613, 13.271655082702637, 9.668529510498047, 12.410786628723145, 9.420185089111328, 8.025059700012207, 11.155865669250488, 10.368375778198242, 9.371119499206543, 7.030678749084473, 9.254284858703613, 8.926790237426758, 8.407781600952148, 8.56869888305664, 9.541234970092773, 7.306279182434082, 9.17275333404541, 9.525246620178223, 8.051523208618164, 19.44827651977539, 9.09095287322998, 10.933449745178223, 9.929442405700684, 9.85289192199707, 8.489044189453125, 9.5607271194458, 18.48992156982422, 9.021728515625, 8.450237274169922, 8.843125343322754, 9.604500770568848, 10.74406623840332, 10.184810638427734, 9.12289047241211, 9.733699798583984, 24.811376571655273, 9.401154518127441, 7.703100681304932, 22.374439239501953, 7.90922737121582, 10.388164520263672, 9.147086143493652, 22.052978515625, 8.133621215820312, 7.612494945526123, 7.141517639160156, 8.366677284240723, 9.718255996704102, 13.564396858215332, 8.615906715393066, 8.388653755187988, 8.847264289855957, 8.918313026428223, 9.683732986450195, 6.481002330780029, 9.744123458862305, 8.738465309143066, 19.634170532226562, 8.88780689239502, 8.991660118103027, 9.364237785339355, 23.02628517150879, 8.596681594848633, 8.812009811401367, 10.791165351867676, 8.082212448120117, 9.442527770996094, 21.558618545532227, 8.93740463256836, 7.7348198890686035, 22.133569717407227, 9.187173843383789, 8.068963050842285, 9.182198524475098, 7.672979831695557, 9.381608963012695, 21.172189712524414, 21.864246368408203, 17.594106674194336, 9.900339126586914, 9.440277099609375, 6.835514068603516, 8.867838859558105, 9.642274856567383, 22.010753631591797, 10.348531723022461, 8.427734375, 20.56604766845703, 9.883227348327637, 9.730319023132324, 8.315906524658203, 17.640010833740234, 7.699583053588867, 7.9041924476623535, 9.971430778503418, 10.107954978942871, 8.62874698638916, 10.362497329711914, 9.353784561157227, 7.951105117797852, 8.245373725891113, 9.7080659866333, 9.130176544189453, 12.20871353149414, 7.459033489227295, 8.850589752197266, 11.662734985351562, 8.144847869873047, 11.429716110229492, 9.949931144714355, 7.7787556648254395, 11.773844718933105, 9.70721435546875, 9.12820053100586, 9.13431167602539, 11.913731575012207, 9.551786422729492, 20.105396270751953, 8.879591941833496, 9.321310043334961, 9.191508293151855, 9.8833589553833, 11.264177322387695, 8.568695068359375, 21.463762283325195, 7.784286022186279, 8.469943046569824, 6.882357597351074, 8.981266021728516, 11.170368194580078, 10.972865104675293, 8.772802352905273, 9.22826099395752, 9.237276077270508, 9.3900785446167, 22.199283599853516, 9.197287559509277, 7.915706634521484, 7.781898498535156, 9.890021324157715, 8.210553169250488, 9.319451332092285, 13.225341796875, 6.983307361602783, 9.58096981048584, 22.48409652709961, 10.299944877624512, 9.199897766113281, 10.04636287689209, 9.355876922607422, 9.644415855407715, 6.885200023651123, 9.369657516479492, 8.382899284362793, 8.078971862792969, 10.822809219360352, 8.417595863342285, 7.813299655914307, 7.325315952301025, 9.820558547973633, 8.669013023376465, 17.57274055480957, 10.809541702270508, 8.41639232635498, 9.544751167297363, 22.165695190429688, 9.692581176757812, 9.756110191345215, 18.587890625, 8.099526405334473, 9.135408401489258, 10.085844993591309, 11.166800498962402, 7.7072038650512695, 10.008864402770996, 8.584656715393066, 9.131763458251953, 8.890026092529297, 10.00010871887207, 7.647285461425781, 8.527298927307129, 7.791395664215088, 9.828347206115723, 9.741835594177246, 9.13273811340332, 7.216872692108154, 10.338059425354004, 8.293451309204102, 9.756725311279297, 9.408516883850098, 6.1867547035217285, 9.481663703918457, 12.942371368408203, 8.949518203735352, 8.008731842041016, 9.919577598571777, 14.126869201660156, 9.878266334533691, 9.194459915161133, 9.466657638549805, 9.299287796020508, 9.27685546875, 20.16347312927246, 9.433646202087402, 8.425691604614258, 10.029934883117676, 9.968867301940918, 16.7982234954834, 8.392205238342285, 9.546867370605469, 19.73710060119629, 19.62209701538086, 9.226963996887207, 20.73297691345215, 15.66401481628418, 21.078868865966797, 8.44852066040039, 9.379476547241211, 9.358141899108887, 9.067534446716309, 8.95829963684082, 10.45817756652832, 16.9083194732666, 6.6703104972839355, 10.598196983337402, 8.69134521484375, 9.749014854431152, 9.234299659729004, 10.499314308166504, 10.809978485107422, 6.020034313201904, 9.33900260925293, 7.449429035186768, 8.183982849121094, 10.561717987060547, 22.355817794799805, 9.656439781188965, 9.241158485412598, 9.894911766052246, 9.205497741699219, 10.368982315063477, 11.056937217712402, 17.652067184448242, 8.725311279296875, 6.7560601234436035, 9.830705642700195, 8.832320213317871, 9.196657180786133, 18.86495018005371, 10.821993827819824, 9.717254638671875, 9.219291687011719, 9.691457748413086, 9.457514762878418, 9.030902862548828, 10.106593132019043, 9.355859756469727, 9.685717582702637, 6.663349628448486, 11.768807411193848, 6.372351169586182, 9.987961769104004, 9.747931480407715, 21.081695556640625, 11.319758415222168, 8.59404182434082, 7.362117767333984, 9.718076705932617, 7.686605930328369, 7.584602355957031, 8.406105995178223, 9.226486206054688, 10.98028564453125, 9.796881675720215, 10.485053062438965, 8.035088539123535, 7.037044048309326, 23.568941116333008, 8.305262565612793, 11.147520065307617, 7.4022908210754395, 8.830015182495117, 10.024898529052734, 17.695247650146484, 8.911232948303223, 8.257793426513672, 9.467184066772461, 9.42052173614502, 10.394140243530273, 8.87602424621582, 8.869433403015137, 8.913335800170898, 13.600570678710938, 23.549585342407227, 8.63427448272705, 13.65900993347168, 8.024871826171875, 10.704177856445312, 9.756889343261719, 8.301095008850098, 9.701942443847656, 8.695570945739746, 9.11857795715332, 9.42033576965332, 8.655914306640625, 13.928098678588867, 8.685643196105957, 9.140737533569336, 8.677051544189453, 23.221460342407227, 9.300686836242676, 10.288106918334961, 9.780447006225586, 8.790096282958984, 8.569849014282227, 8.71321964263916, 9.84097957611084, 9.41921329498291, 9.222830772399902, 9.758918762207031, 8.59959888458252, 6.8496623039245605, 7.077390193939209, 10.2903413772583, 10.174439430236816, 10.434810638427734, 19.53543472290039, 10.816201210021973, 7.644769191741943, 8.832635879516602, 20.32306671142578, 9.722075462341309, 9.954715728759766, 14.454049110412598, 11.464595794677734, 9.235392570495605, 8.696348190307617, 10.442305564880371, 18.512937545776367, 8.075282096862793, 7.847955703735352, 10.61684799194336, 11.030525207519531, 10.014547348022461, 10.642095565795898, 8.351746559143066, 14.524948120117188, 8.006991386413574, 8.946124076843262, 9.038853645324707, 8.739880561828613, 8.433947563171387, 7.842553615570068, 9.223678588867188, 9.373760223388672, 11.787690162658691, 10.184591293334961, 8.908720016479492, 14.525272369384766, 9.72978687286377, 8.941629409790039, 10.493830680847168, 12.915176391601562, 9.554147720336914, 8.4533109664917, 9.503520965576172, 9.266666412353516, 10.321283340454102, 9.098127365112305, 11.679112434387207, 8.361059188842773, 16.620561599731445, 9.638840675354004, 21.50562858581543, 7.130927085876465, 8.911932945251465, 9.382875442504883, 9.899969100952148, 8.223610877990723, 8.60411262512207, 8.593249320983887, 8.33291244506836, 19.446699142456055, 9.474202156066895, 10.917250633239746, 10.455713272094727, 11.032228469848633, 9.824891090393066, 10.506722450256348, 9.954719543457031, 8.346269607543945, 17.289594650268555, 8.274677276611328, 9.707404136657715, 8.93559741973877, 10.50921630859375, 9.85386848449707, 9.660264015197754, 9.35630989074707, 9.658732414245605, 9.936174392700195, 10.086231231689453, 9.999317169189453, 9.508549690246582, 8.355693817138672, 8.61452865600586, 8.699610710144043, 8.529644966125488, 9.116354942321777, 9.393195152282715, 9.32475471496582, 9.35469913482666, 9.9189453125, 10.353402137756348, 9.279533386230469, 11.191263198852539, 9.43265151977539, 10.49323558807373, 9.90632438659668, 10.021119117736816, 10.523099899291992, 9.955078125, 8.236769676208496, 10.108284950256348, 8.461414337158203, 9.005524635314941, 8.92984676361084, 8.642958641052246, 9.93077278137207, 7.359630584716797, 14.577370643615723, 11.696345329284668, 9.004683494567871, 15.370244979858398, 9.882559776306152, 7.838625431060791, 9.926933288574219, 8.234902381896973, 8.515558242797852, 9.239701271057129, 21.0201358795166, 7.572082042694092, 9.090659141540527, 8.194544792175293, 8.704827308654785, 9.30100154876709, 7.8503031730651855, 14.35675048828125, 9.87244987487793, 10.080842018127441, 9.949784278869629, 9.487899780273438, 10.240313529968262, 11.83176326751709, 9.80160903930664, 8.909744262695312, 7.822030067443848, 7.788765907287598, 8.831815719604492, 9.949071884155273, 11.398519515991211, 9.209514617919922, 8.498703002929688, 8.390690803527832, 9.251697540283203, 9.4975004196167, 9.728096961975098, 9.732453346252441, 8.100208282470703, 7.624700546264648, 12.977450370788574, 9.149348258972168, 10.025944709777832, 9.935193061828613, 9.625617027282715, 11.329806327819824, 10.903613090515137, 9.474987030029297, 10.04345989227295, 9.317234992980957, 21.150739669799805, 11.363701820373535, 8.51595401763916, 12.962752342224121, 9.098381042480469, 9.50365924835205, 9.50605297088623, 9.691365242004395, 8.682186126708984, 9.137499809265137, 11.099204063415527, 10.534692764282227, 10.273630142211914, 8.741493225097656, 9.109972953796387, 9.500309944152832, 8.847550392150879, 8.814122200012207, 10.090113639831543, 10.27181339263916, 10.869296073913574, 10.909294128417969, 7.732932090759277, 16.065855026245117, 8.949137687683105, 9.443121910095215, 11.43707275390625, 11.147279739379883, 7.774155139923096, 10.676920890808105, 9.767531394958496, 7.4014153480529785, 9.593253135681152, 21.62673568725586, 11.61506462097168, 9.369721412658691, 9.419076919555664, 11.208161354064941, 9.230948448181152, 9.518593788146973, 8.179722785949707, 9.36807918548584, 8.208674430847168, 8.039302825927734, 9.403345108032227, 11.931126594543457, 5.610873699188232, 6.475497722625732, 9.060460090637207, 8.850404739379883, 11.90258502960205, 13.155441284179688, 9.00851058959961, 10.44394588470459, 17.447778701782227, 8.344057083129883, 7.927440643310547, 10.26436996459961, 18.332807540893555, 22.092174530029297, 10.781163215637207, 8.028397560119629, 7.893373966217041, 9.843804359436035, 8.656065940856934, 8.14156436920166, 17.45039176940918, 9.513863563537598, 8.58154296875, 21.859970092773438, 10.152243614196777, 8.215751647949219, 10.10816478729248, 10.99061393737793, 12.665170669555664, 9.20346736907959, 7.376352310180664, 9.742257118225098, 7.325016021728516, 8.943029403686523, 7.965115070343018, 8.544267654418945, 9.832983016967773, 11.087090492248535, 7.883286476135254, 9.31237506866455, 7.655828475952148, 9.819990158081055, 8.591485977172852, 9.225937843322754, 8.573310852050781, 21.563886642456055, 15.0216703414917, 7.700356483459473, 9.933874130249023, 18.728792190551758, 9.374000549316406, 10.357431411743164, 8.11966323852539, 11.030016899108887, 8.876029968261719, 11.112997055053711, 8.619126319885254, 8.716981887817383, 12.319438934326172, 10.05907917022705, 8.855347633361816, 7.123727321624756, 7.967601299285889, 8.390527725219727, 8.857246398925781, 8.627338409423828, 9.820271492004395, 8.51489543914795, 7.89177942276001, 9.48141098022461, 12.49075984954834, 9.907938957214355, 8.370360374450684, 12.81473159790039, 10.49891185760498, 8.443832397460938, 8.406063079833984, 9.098186492919922, 9.867182731628418, 7.964720726013184, 20.868165969848633, 9.570978164672852, 15.156327247619629, 9.06889533996582, 10.151407241821289, 9.196542739868164, 9.450868606567383, 12.160003662109375, 8.778678894042969, 7.720605850219727, 14.435009002685547, 9.237968444824219, 9.869864463806152, 12.087718963623047, 6.615992546081543, 8.779364585876465, 9.21440601348877, 7.5679097175598145, 10.26025390625, 7.94340181350708, 11.85488224029541, 9.48575210571289, 8.3308744430542, 14.601302146911621, 9.849713325500488, 18.47702407836914, 5.837258338928223, 10.115107536315918, 8.946714401245117, 7.859574317932129, 7.304788112640381, 10.54637336730957, 19.490440368652344, 9.394094467163086, 18.484935760498047, 8.065326690673828, 9.1410493850708, 7.473523139953613, 8.574007034301758, 7.960635662078857, 8.684661865234375, 8.576054573059082, 9.028389930725098, 10.462852478027344, 9.954388618469238, 9.107636451721191, 9.58106517791748, 9.207385063171387, 9.616162300109863, 5.176792621612549, 7.244318962097168, 10.329985618591309, 10.925790786743164, 12.638810157775879, 11.021580696105957, 12.181798934936523, 13.825879096984863, 19.441463470458984, 12.592744827270508, 13.1699800491333, 16.591190338134766, 9.460265159606934, 8.876433372497559, 9.71191692352295, 6.217653751373291, 9.55488109588623, 8.880842208862305, 8.37547779083252, 10.021557807922363, 9.454716682434082, 8.007294654846191, 9.587567329406738, 7.841467380523682, 10.249131202697754, 9.720316886901855, 7.764943599700928, 8.396721839904785, 8.7241792678833, 9.594067573547363, 10.107791900634766, 7.992223739624023, 9.195185661315918, 10.453571319580078, 11.574837684631348, 10.489517211914062, 10.844649314880371, 10.649911880493164, 11.048605918884277, 9.323563575744629, 10.589367866516113, 22.411033630371094, 10.256108283996582, 7.647406101226807, 9.716618537902832, 9.391656875610352, 9.198417663574219, 8.366479873657227, 11.568415641784668, 8.418292999267578, 9.002484321594238, 9.058393478393555, 8.128273963928223, 9.732528686523438, 9.212335586547852, 11.358036994934082, 10.805065155029297, 9.186908721923828, 9.595962524414062, 10.216794967651367, 9.785977363586426, 8.763739585876465, 7.784692764282227, 7.381856441497803, 8.811820030212402, 12.011038780212402, 12.279780387878418, 8.772099494934082, 22.532901763916016, 7.208337306976318, 8.634511947631836, 7.975534439086914, 13.748446464538574, 15.083183288574219, 11.008011817932129, 9.68868637084961, 14.727795600891113, 7.617225646972656, 11.603591918945312]
Cosines similarity random samples
[-0.4814208149909973, 0.672793447971344, 0.5805786848068237, 0.6678884029388428, 0.5906781554222107, 0.6926307082176208, 0.6146540641784668, 0.6679115295410156, 0.7049852609634399, 0.5507917404174805, 0.650681734085083, 0.8120324611663818, 0.7643021941184998, 0.7491585612297058, 0.5687666535377502, 0.7064442038536072, 0.6296497583389282, 0.30926626920700073, 0.7011616826057434, 0.7290294170379639, 0.6493663787841797, 0.6888430118560791, 0.6872165203094482, 0.7686281800270081, 0.6992640495300293, 0.7326127290725708, 0.7806856632232666, 0.7005102634429932, 0.6964182257652283, 0.69505774974823, 0.7312965989112854, 0.7612873315811157, 0.6989083290100098, 0.6734822392463684, 0.6602061986923218, -0.5593960285186768, 0.7241649031639099, 0.25966739654541016, 0.4446413516998291, -0.4996359944343567, 0.6865227818489075, 0.7449222803115845, -0.47172805666923523, 0.7301892638206482, 0.375617653131485, 0.620498776435852, -0.3529198169708252, 0.8326992988586426, 0.7063289284706116, 0.7631219625473022, 0.6943984031677246, 0.7192919254302979, 0.6876949071884155, 0.7933588027954102, 0.8174036741256714, 0.7313860654830933, 0.6774223446846008, 0.815505862236023, 0.7312528491020203, 0.8537082076072693, 0.5874438881874084, 0.7228823900222778, 0.6054712533950806, 0.7544054985046387, 0.6522408723831177, 0.7095249891281128, 0.5349206328392029, 0.6779579520225525, 0.7663164138793945, 0.6152478456497192, 0.6830552816390991, 0.7122460603713989, 0.031880445778369904, 0.5462678670883179, 0.5626510381698608, 0.5942940711975098, 0.6015057563781738, 0.7341992855072021, 0.7581027746200562, 0.803678035736084, 0.711564838886261, 0.3918564021587372, 0.6996203064918518, 0.8403281569480896, 0.4721555709838867, 0.6331163644790649, 0.7880372405052185, 0.7812782526016235, 0.7411892414093018, 0.6905576586723328, 0.5744877457618713, 0.6821694374084473, 0.7433940172195435, 0.774870753288269, 0.7120574116706848, 0.7481204867362976, 0.1627303510904312, 0.7482188940048218, 0.6399139761924744, 0.6500357389450073, 0.7330489754676819, 0.7614908814430237, 0.7865471243858337, 0.8192412853240967, 0.6468324661254883, 0.7015951871871948, 0.7857558131217957, 0.7824594974517822, 0.7305411100387573, 0.665660560131073, 0.7499052286148071, 0.7500500082969666, 0.7381590008735657, 0.7194914817810059, 0.7386494874954224, 0.7066285610198975, 0.699737548828125, 0.6960724592208862, 0.6796466112136841, 0.7267911434173584, 0.7818053960800171, 0.6003859043121338, 0.5831465721130371, 0.7750148177146912, 0.6095090508460999, 0.7259976863861084, 0.786547064781189, 0.6470780372619629, 0.6945505142211914, 0.5119175910949707, 0.7516756057739258, 0.6881550550460815, 0.8029993176460266, 0.6620409488677979, -0.4401289224624634, 0.7089707851409912, 0.6205484867095947, 0.7359836101531982, 0.42862606048583984, 0.6027387380599976, 0.6031345129013062, 0.6324658393859863, 0.7877009510993958, -0.6012688279151917, 0.668419361114502, 0.7292060852050781, 0.5783962607383728, -0.37440240383148193, 0.7175664901733398, 0.6440156698226929, 0.6232939958572388, -0.1165400817990303, 0.6792995929718018, 0.6412712335586548, 0.6595541834831238, 0.6740866303443909, -0.5663792490959167, 0.476744681596756, 0.8568853139877319, 0.6964221000671387, 0.6772265434265137, 0.07995175570249557, 0.7387285232543945, 0.7405083179473877, 0.23978860676288605, 0.7411383390426636, 0.5846728682518005, 0.7792769074440002, 0.7123854160308838, 0.7189908623695374, 0.7252124547958374, 0.750670850276947, 0.7478366494178772, 0.6786907911300659, 0.6383152008056641, 0.6736648678779602, 0.7216694951057434, 0.6650241613388062, 0.6361719369888306, 0.7578051090240479, 0.6381114721298218, 0.5377857685089111, 0.646987795829773, 0.7001116275787354, 0.7719085216522217, 0.6039204597473145, 0.6293351650238037, 0.7397733926773071, 0.6047600507736206, -0.5135887861251831, 0.7999225854873657, 0.6563022136688232, 0.7116668224334717, 0.7949812412261963, 0.7715859413146973, 0.6990036964416504, 0.6849683523178101, -0.3821881115436554, 0.23333629965782166, 0.6755759716033936, 0.6583541631698608, 0.7801744937896729, 0.6462255716323853, 0.6699396371841431, 0.7585306167602539, 0.6435917615890503, 0.7359078526496887, 0.7115299701690674, 0.6558706760406494, 0.7861681580543518, 0.7575470209121704, 0.30048394203186035, 0.5505107045173645, 0.42299124598503113, 0.7111477851867676, 0.6716488599777222, 0.5499603748321533, 0.7510983943939209, 0.7905008792877197, 0.51523756980896, 0.6170767545700073, -0.5134453773498535, 0.30902719497680664, -0.5042105913162231, 0.5919146537780762, 0.7934886813163757, 0.6969012022018433, 0.7869701981544495, 0.7317283749580383, 0.6696293950080872, 0.7508968114852905, 0.6898589134216309, 0.17510098218917847, 0.33083829283714294, 0.4912780523300171, 0.6510989665985107, 0.6726924777030945, 0.5016586780548096, 0.11050711572170258, 0.5684698820114136, 0.7947759628295898, 0.7775509357452393, 0.7761088609695435, 0.5305464267730713, 0.6445020437240601, 0.7466381788253784, 0.6111741065979004, 0.6502124071121216, 0.529371440410614, -0.5539630651473999, 0.7371630668640137, 0.5855594277381897, 0.6472611427307129, 0.7326557636260986, 0.6421006321907043, 0.6424294114112854, 0.7132928371429443, 0.556693434715271, 0.646302342414856, 0.46860945224761963, 0.7245876789093018, 0.6613468527793884, 0.5260677337646484, 0.737745463848114, 0.6431422829627991, 0.7402303218841553, 0.6921265125274658, 0.010199321433901787, 0.3779776096343994, 0.6939212083816528, 0.632122278213501, 0.7185883522033691, 0.7545977830886841, 0.5905721187591553, 0.6966112852096558, 0.4512540400028229, 0.5947819352149963, 0.6385579705238342, 0.7047829627990723, 0.7440756559371948, 0.6575842499732971, 0.582610011100769, 0.6003140211105347, 0.65836101770401, 0.6818749904632568, 0.5528708100318909, 0.762733519077301, 0.8039742112159729, 0.5607428550720215, 0.6077370643615723, 0.3772733807563782, 0.7623401880264282, 0.7285524606704712, 0.731498658657074, 0.7240122556686401, 0.7011603116989136, 0.7004607319831848, 0.6417179703712463, 0.7097407579421997, 0.7070890665054321, 0.704891562461853, 0.5081996321678162, -0.13348880410194397, 0.6028845310211182, 0.7287636995315552, 0.58094322681427, 0.4818648397922516, 0.4754475951194763, 0.46658992767333984, 0.8550159335136414, 0.6503583788871765, 0.24122866988182068, 0.6031478047370911, 0.2422027885913849, 0.8491330146789551, 0.6503782272338867, 0.7229753732681274, 0.6126229763031006, 0.5107450485229492, 0.2649135887622833, 0.8230599164962769, 0.6536865234375, 0.5955862402915955, 0.7187646627426147, 0.7467619180679321, 0.5311051607131958, 0.6885519027709961, 0.5875545740127563, 0.5205866098403931, 0.6359728574752808, 0.5647112727165222, 0.6626676321029663, 0.19014284014701843, 0.7520391941070557, 0.6262000203132629, 0.7207876443862915, 0.6855676174163818, 0.7746697664260864, 0.6708040833473206, 0.7308293581008911, 0.7885475754737854, 0.6894349455833435, 0.7227816581726074, 0.6378422379493713, 0.3052797317504883, 0.7747911214828491, 0.5525341033935547, 0.22535234689712524, 0.8211818933486938, 0.3300080895423889, 0.7959932088851929, 0.6335713863372803, 0.6856511831283569, -0.10775651037693024, 0.6195868253707886, 0.27692461013793945, -0.037610843777656555, 0.692833423614502, 0.7587448954582214, 0.667317271232605, 0.5452437996864319, 0.6453730463981628, 0.7362947463989258, 0.7436276078224182, 0.6701229810714722, 0.6621887683868408, -0.5721302032470703, 0.6031962633132935, 0.664243221282959, 0.49795031547546387, 0.6968395709991455, 0.7089964151382446, 0.4999762177467346, 0.793387770652771, 0.5697866678237915, 0.7343474626541138, 0.6890524625778198, 0.7485057711601257, 0.6886002421379089, 0.6963440775871277, 0.7309664487838745, 0.5972198843955994, 0.6359989643096924, 0.6454749703407288, 0.6123921871185303, 0.7211313247680664, 0.6665782332420349, 0.7513687610626221, 0.7131696939468384, 0.818206787109375, 0.7312548756599426, 0.6462258100509644, -0.4468775987625122, 0.5812399387359619, 0.5596338510513306, 0.7369567155838013, 0.6559523344039917, 0.8050404787063599, 0.658981204032898, 0.7110005617141724, 0.7380157709121704, 0.5417060852050781, 0.7235912680625916, 0.7731622457504272, 0.7942262887954712, 0.7344406843185425, 0.7736392021179199, 0.7429537773132324, 0.6267198920249939, 0.6147094368934631, 0.7356171607971191, -0.3777291774749756, 0.6139846444129944, 0.6214766502380371, 0.6594980955123901, 0.7447636127471924, 0.6094751954078674, 0.6808619499206543, 0.6799225807189941, 0.7296240329742432, 0.6487523913383484, 0.671920895576477, 0.6339289546012878, 0.7787700295448303, 0.5932497978210449, -0.45371973514556885, -0.405830442905426, 0.7084956765174866, 0.6964095830917358, 0.6778485774993896, 0.7909707427024841, 0.7209094762802124, 0.7264108657836914, -0.43545156717300415, 0.6868117451667786, 0.6869763731956482, 0.6611959934234619, 0.7070306539535522, 0.7280433773994446, 0.7484934329986572, 0.6329476833343506, 0.7566960453987122, 0.3742901384830475, 0.31121644377708435, 0.6258517503738403, 0.70283043384552, 0.7100569009780884, 0.8490707278251648, 0.7635916471481323, 0.29371023178100586, 0.6431757211685181, 0.8276339173316956, 0.7009163498878479, 0.7561784386634827, 0.7136849164962769, 0.7488045692443848, 0.7031660079956055, 0.7167165875434875, 0.7114346027374268, 0.7738848328590393, -0.1697034388780594, 0.5716383457183838, -0.35911238193511963, 0.6827441453933716, 0.6603150367736816, 0.6551653742790222, -0.3942081034183502, 0.5038147568702698, 0.7700256109237671, 0.5396358966827393, 0.6980297565460205, 0.7647603154182434, 0.7808436155319214, 0.7372854948043823, 0.6025549173355103, 0.7654573917388916, -0.36896952986717224, 0.7620792388916016, 0.6718592643737793, -0.556092381477356, 0.6811144351959229, 0.7323096990585327, 0.6791115403175354, -0.42310407757759094, 0.7658323049545288, 0.6663771271705627, 0.6646158695220947, 0.7062981128692627, 0.08653584867715836, 0.5858683586120605, 0.6245755553245544, 0.5568885207176208, 0.7743006944656372, 0.740180253982544, -0.48597705364227295, 0.7270008325576782, 0.7585069537162781, 0.7182943820953369, 0.7622177004814148, 0.25739121437072754, -0.5072786211967468, 0.7566514015197754, -0.5620073080062866, -0.4203103184700012, 0.770688533782959, 0.7279528975486755, 0.7002649307250977, 0.7770334482192993, 0.6600140333175659, 0.8095731735229492, -0.4950987696647644, -0.565176248550415, 0.4093117117881775, 0.6499507427215576, 0.8050862550735474, 0.5975246429443359, 0.6086677312850952, 0.905437707901001, 0.7061901092529297, 0.7290670871734619, 0.6350698471069336, 0.5404015183448792, 0.4382563829421997, 0.6889459490776062, 0.7053310871124268, 0.7414113283157349, 0.8176069259643555, 0.30681559443473816, 0.7318858504295349, 0.7448586225509644, 0.6858066916465759, 0.6758551001548767, 0.8137784004211426, 0.6830184459686279, 0.7744938135147095, 0.6176661252975464, 0.3422755300998688, 0.6867263317108154, 0.3682534098625183, 0.6089448928833008, 0.6270641684532166, 0.6969729661941528, 0.7003185749053955, 0.8371335864067078, 0.6123524904251099, 0.8195067644119263, 0.4057779312133789, 0.7483636140823364, -0.3876226246356964, 0.7751603126525879, 0.2781248688697815, 0.7368746399879456, 0.677886426448822, -0.5176845788955688, 0.6613690853118896, 0.7286587357521057, 0.65842604637146, 0.7849346995353699, 0.679231584072113, 0.7026159763336182, 0.46923720836639404, 0.8333815932273865, 0.7669981122016907, 0.6942566633224487, 0.8189327716827393, 0.6961125731468201, 0.20825637876987457, 0.3754194378852844, 0.6298403143882751, 0.6898288130760193, 0.7898118495941162, 0.7126023769378662, 0.7517286539077759, -0.4240395128726959, 0.7401223182678223, 0.75763338804245, -0.4559566378593445, -0.1151837408542633, 0.5089514255523682, 0.7613516449928284, 0.8501642346382141, 0.7890524864196777, 0.7627136707305908, 0.833245038986206, 0.7419002056121826, 0.7529370784759521, 0.6705342531204224, 0.6731496453285217, 0.6172314882278442, 0.6643617749214172, 0.6623003482818604, 0.8054492473602295, -0.5493635535240173, 0.6450421214103699, 0.6246656179428101, 0.7982012033462524, 0.6710821390151978, 0.7589985728263855, -0.6155102252960205, 0.722414493560791, 0.7780740857124329, 0.6381185054779053, -0.08496478945016861, 0.15435168147087097, 0.7319876551628113, 0.7381404638290405, -0.3779686689376831, 0.5443636178970337, 0.6357131004333496, 0.3205069899559021, -0.3411640524864197, 0.5409752130508423, 0.7564517259597778, 0.22180581092834473, 0.7162439227104187, -0.5082797408103943, 0.7394022941589355, -0.3854788541793823, -0.5802958011627197, 0.807304322719574, 0.4420182704925537, 0.6069509983062744, -0.48014938831329346, 0.7195956707000732, -0.3612459599971771, 0.6948084831237793, 0.6488524675369263, 0.5508543252944946, 0.7046192288398743, 0.38304704427719116, 0.6451636552810669, -0.033568575978279114, 0.610218346118927, 0.34800025820732117, 0.5640625357627869, 0.7640581727027893, -0.6065712571144104, 0.7310643196105957, 0.8550724387168884, 0.705492377281189, 0.6882449388504028, -0.3594120442867279, 0.7729889750480652, 0.7919896245002747, 0.6865344643592834, 0.6552677154541016, 0.22702106833457947, 0.669035792350769, 0.7261772155761719, 0.7661720514297485, 0.5876805186271667, 0.7376654148101807, 0.7025618553161621, 0.3819701671600342, 0.8212284445762634, 0.6614988446235657, 0.812862753868103, 0.5099838972091675, 0.5520530939102173, 0.7599366307258606, 0.7112554907798767, 0.7928301095962524, 0.729116678237915, 0.8016790747642517, -0.4658498466014862, 0.6727832555770874, 0.8180867433547974, 0.3329358696937561, -0.426290899515152, 0.8384983539581299, 0.8512438535690308, 0.6170754432678223, 0.43488842248916626, -0.29511964321136475, 0.7115948796272278, 0.6965796947479248, 0.7548387050628662, 0.7393733263015747, 0.8129993677139282, 0.7716482281684875, 0.22185198962688446, 0.663751482963562, 0.6553077101707458, -0.5229443907737732, 0.6859772205352783, 0.3063170313835144, 0.7111325263977051, 0.7539896965026855, 0.6720759272575378, 0.6479533910751343, 0.5849641561508179, 0.697720468044281, 0.3105045557022095, 0.780193030834198, 0.6120868921279907, 0.6796092987060547, 0.6186126470565796, 0.27739378809928894, 0.42834949493408203, 0.6660097241401672, 0.40776336193084717, 0.6462217569351196, 0.011125139892101288, 0.5612891316413879, 0.7114834785461426, 0.7363020181655884, 0.7928855419158936, -0.30147767066955566, 0.7730785608291626, 0.5818117260932922, 0.6268182992935181, 0.7458476424217224, 0.7464210987091064, -0.5877913236618042, -0.5064781904220581, -0.4308890998363495, 0.6254912614822388, 0.735117495059967, 0.6125121116638184, 0.7723090052604675, 0.5301870107650757, 0.6881064176559448, 0.622963547706604, 0.6678524017333984, 0.7631160616874695, -0.5485730767250061, 0.5520511865615845, 0.7650812864303589, -0.5847512483596802, 0.5933046936988831, 0.7645741105079651, 0.7373159527778625, 0.6628633737564087, -0.4587382972240448, 0.6852635145187378, 0.3440951406955719, 0.6266695261001587, -0.3042706251144409, 0.6523042917251587, 0.871472954750061, 0.7479900121688843, -0.5316342115402222, 0.7220872640609741, -0.33087098598480225, 0.8485761880874634, 0.7206957936286926, 0.7513161897659302, 0.6426265239715576, 0.5580116510391235, 0.6195120215415955, 0.6263524293899536, 0.3865078091621399, 0.5728767514228821, 0.7318870425224304, 0.6704308986663818, -0.3876970112323761, 0.6975416541099548, 0.42363154888153076, 0.43428194522857666, 0.7713582515716553, -0.524038553237915, 0.7513058185577393, -0.31054043769836426, 0.5353716611862183, 0.7451764941215515, 0.7054100036621094, 0.6696202754974365, 0.6811129450798035, -0.5729082226753235, 0.5285488367080688, 0.07373673468828201, 0.6728878617286682, -0.27060121297836304, 0.17340371012687683, 0.3921284079551697, 0.5132955312728882, 0.7031537890434265, 0.6823281049728394, 0.6209880113601685, 0.5030010342597961, -0.6613044142723083, 0.5760481357574463, 0.6737709641456604, -0.5451765060424805, 0.3379170894622803, 0.5739855766296387, 0.530164361000061, 0.6065725684165955, 0.6351983547210693, -0.4082007110118866, 0.6350265741348267, 0.6628802418708801, 0.5354275703430176, -0.5570042729377747, 0.716462254524231, 0.6150627732276917, 0.27672678232192993, -0.04734001308679581, 0.7453996539115906, -0.6105785369873047, 0.7150676250457764, 0.5728573203086853, 0.622730016708374, 0.6724334955215454, -0.5214269757270813, 0.5125507712364197, 0.6247810125350952, 0.7660669088363647, 0.7794151306152344, 0.6782262325286865, 0.5970613956451416, 0.7497692704200745, 0.7758816480636597, 0.7090678215026855, 0.5718019008636475, 0.5557841062545776, 0.7325207591056824, 0.5771539211273193, 0.5792357921600342, 0.7592997550964355, 0.8498159050941467, 0.7683480381965637, 0.6510021090507507, 0.6606656908988953, 0.6988584995269775, 0.7122986912727356, 0.8054975271224976, 0.7623165249824524, 0.6608297824859619, 0.6195648908615112, 0.7813584804534912, 0.4133768379688263, 0.7947301864624023, 0.7469686269760132, 0.5704146027565002, 0.5622093677520752, 0.6872634291648865, 0.6286165118217468, 0.6536933183670044, 0.6782246232032776, 0.7311104536056519, 0.7647854089736938, 0.5457767248153687, 0.8122683763504028, 0.7764385342597961, 0.5940295457839966, 0.6165494322776794, 0.13943415880203247, 0.7638063430786133, 0.4214441180229187, 0.5725195407867432, 0.6178501844406128, 0.5415151119232178, 0.6882858276367188, 0.4650408625602722, -0.6018833518028259, 0.7818489074707031, 0.3412747383117676, 0.7442985773086548, 0.7316250801086426, 0.5759548544883728, 0.6406608819961548, 0.6835476160049438, 0.6632258892059326, 0.7452297210693359, 0.5232530236244202, 0.039146676659584045, 0.6213827729225159, 0.7357956171035767, 0.680706262588501, 0.647291898727417, 0.6520156264305115, 0.6599503755569458, 0.7202257513999939, 0.30210375785827637, 0.6376774311065674, 0.5727506279945374, 0.6629704236984253, 0.7554004788398743, 0.5836794376373291, 0.6640014052391052, 0.6566474437713623, 0.6231099367141724, 0.6589565873146057, 0.7445774674415588, 0.5688791275024414, 0.48786038160324097, 0.6915744543075562, 0.5904945135116577, 0.6838752031326294, 0.7838422656059265, 0.7179257869720459, 0.4106927216053009, 0.7143142223358154, 0.7356438040733337, 0.6556414365768433, 0.36847612261772156, 0.4384878873825073, 0.4063451290130615, 0.6264443397521973, 0.49584585428237915, 0.6442128419876099, 0.6443605422973633, -0.2600502371788025, 0.8038578033447266, 0.7640411853790283, 0.6201225519180298, 0.6446859836578369, 0.6990323662757874, 0.6233110427856445, -0.38439077138900757, 0.6522130966186523, 0.630840539932251, 0.664596676826477, 0.7407478094100952, 0.63785719871521, 0.5870137214660645, 0.7287760972976685, 0.6084216237068176, 0.6447834968566895, 0.6428664922714233, 0.7415158748626709, 0.669486403465271, 0.7370227575302124, 0.6730716228485107, 0.7540738582611084, 0.7357226610183716, 0.5903246402740479, 0.6716540455818176, 0.6673150658607483, 0.6434985399246216, 0.6552827954292297, 0.7224260568618774, 0.5695701241493225, -0.5144146680831909, 0.6766511797904968, 0.7084801197052002, 0.7173619270324707, 0.6847796440124512, 0.7221577167510986, 0.7080633044242859, 0.8108890056610107, 0.607089638710022, 0.7271459102630615, 0.7173229455947876, 0.494416207075119, 0.47877660393714905, 0.7576041221618652, -0.2477167844772339, 0.5860093235969543, 0.6791844367980957, 0.7026342153549194, 0.35238829255104065, 0.7325261831283569, 0.6877285242080688, 0.7114548087120056, 0.7133834362030029, 0.6229113936424255, 0.5384734869003296, 0.7577598094940186, 0.5444173216819763, 0.7333863973617554, 0.45363080501556396, 0.680243730545044, 0.7606777548789978, 0.6833129525184631, 0.6539740562438965, -0.42774873971939087, 0.7240324020385742, 0.8251333236694336, 0.7162097096443176, 0.6039097309112549, 0.6762251257896423, 0.6244771480560303, 0.5376611351966858, -0.48088762164115906, 0.6593001484870911, 0.8202738761901855, 0.6686123609542847, 0.7625759840011597, 0.7068272233009338, 0.8447228670120239, 0.5567622184753418, 0.7379195094108582, 0.5940905213356018, 0.6485536694526672, 0.6910607814788818, 0.6881755590438843, 0.5858662128448486, 0.44701650738716125, 0.6873524188995361, 0.5734149217605591, 0.5931212902069092, 0.7699042558670044, 0.6408176422119141, 0.5488088130950928, 0.6623309850692749, 0.6997843384742737, 0.6356582045555115, 0.5654274821281433, 0.29297637939453125, 0.5517184138298035, 0.7678617835044861, 0.7638226747512817, 0.6299123764038086, 0.5744526982307434, 0.7292561531066895, 0.7893750071525574, 0.7339398264884949, 0.6749693155288696, 0.6650956273078918, 0.43414199352264404, 0.7059741616249084, 0.7419335842132568, 0.6235118508338928, 0.6815172433853149, 0.7473139762878418, 0.7972127199172974, 0.7151120901107788, 0.5312778353691101, 0.7248350381851196, 0.6137217879295349, 0.8525187969207764, 0.5492745637893677, 0.685321569442749, 0.6913981437683105, 0.7493209838867188, 0.6109243631362915, 0.6637084484100342, 0.7475603222846985, 0.7055438160896301, 0.5352765917778015, 0.5724369287490845, 0.6230446100234985, 0.7716485857963562, 0.717165470123291, 0.700788676738739, 0.4225015640258789, 0.7194133996963501, 0.5590949058532715, 0.7618629932403564, 0.7009667158126831, -0.13404245674610138, 0.7949457168579102, 0.6988786458969116, 0.17048490047454834, 0.7397178411483765, 0.733771800994873, 0.80003422498703, 0.17831695079803467, 0.795063853263855, 0.6976292729377747, 0.7897782325744629, 0.7818483114242554, 0.6008279323577881, 0.5270286202430725, 0.6912075877189636, 0.7478880882263184, 0.3992564380168915, 0.6831163167953491, 0.7952049970626831, 0.6462266445159912, 0.7340316772460938, 0.665031909942627, 0.7019225358963013, 0.7696318030357361, 0.641457736492157, 0.29602545499801636, 0.6202379465103149, 0.36043304204940796, 0.7126021385192871, 0.7911494374275208, 0.8365933895111084, 0.6694095730781555, 0.6469928026199341, 0.7418116331100464, 0.7879210710525513, 0.511951208114624, 0.6385514140129089, 0.7005863785743713, 0.48524215817451477, 0.6585558652877808, -0.4085544943809509, 0.6696150302886963, 0.6418266296386719, 0.7675750255584717, 0.4975541830062866, 0.5635968446731567, 0.8072255849838257, 0.441059947013855, 0.7226482629776001, 0.7239181995391846, 0.6404562592506409, 0.8195422887802124, 0.6803635358810425, 0.7006903886795044, 0.8224889039993286, 0.720793604850769, -0.2678183615207672, 0.6585181951522827, 0.5961759090423584, -0.5651481747627258, 0.4941287040710449, 0.7751574516296387, 0.5953838229179382, 0.7106887102127075, 0.7134509682655334, 0.48556894063949585, 0.7948213219642639, 0.7397124767303467, 0.6311790943145752, 0.6577989459037781, 0.64853835105896, 0.7466548085212708, 0.5706712007522583, 0.6611554622650146, 0.04154541343450546, -0.5901898145675659, 0.6075389385223389, 0.658598005771637, 0.7154346704483032, 0.7547072172164917, 0.6487959027290344, 0.6643799543380737, 0.6875103712081909, 0.7499661445617676, 0.6767004728317261, 0.6682294011116028, 0.4883573353290558, 0.6197733879089355, -0.30305397510528564, 0.7468574047088623, 0.8297739028930664, 0.6306521892547607, 0.713260293006897, -0.4962162673473358, 0.6714199781417847, 0.7233121395111084, 0.7102219462394714, 0.6750080585479736, 0.28142866492271423, 0.5642836093902588, -0.030567549169063568, -0.5739479064941406, 0.7193329334259033, -0.48763757944107056, 0.7098771333694458, 0.5987867712974548, 0.5785289406776428, 0.6016140580177307, 0.6643397808074951, 0.8277787566184998, 0.6029253005981445, -0.24463775753974915, 0.8387904167175293, 0.7090813517570496, 0.5655170679092407, 0.721811056137085, 0.635701060295105, -0.3286481201648712, -0.3320390582084656, 0.12659797072410583, 0.5830445885658264, 0.8260440826416016, 0.7402417659759521, -0.5699998736381531, 0.7791213989257812, 0.3197876811027527, 0.628330409526825, 0.5982843637466431, 0.7407944202423096, 0.621566653251648, 0.5569155812263489, -0.48463380336761475, -0.5497545599937439, -0.030878383666276932, 0.7052015066146851, -0.4276513457298279, -0.4861539304256439, 0.5876566171646118, -0.4623304605484009, 0.727990448474884, 0.5890440344810486, 0.6530753374099731, 0.6795936822891235, 0.7090564966201782, 0.74098801612854, 0.5047006607055664, 0.6754957437515259, 0.6741530299186707, 0.6072421073913574, -0.5977379083633423, 0.6464704871177673, -0.46579110622406006, 0.6066238880157471, 0.6361553072929382, -0.4961448907852173, 0.7382128238677979, 0.7183362245559692, -0.5761348009109497, 0.7090510725975037, 0.6366962194442749, 0.6408033967018127, 0.8252599835395813, 0.6870546936988831, 0.6675949096679688, 0.572912335395813, 0.6365931034088135, 0.6529334783554077, 0.6419365406036377, 0.36818811297416687, 0.5604067444801331, 0.6978780627250671, 0.4861588776111603, 0.8232227563858032, 0.6176736354827881, 0.6677768230438232, 0.7096248865127563, 0.6920502185821533, -0.2468087524175644, 0.6277418732643127, 0.7057186961174011, 0.7504063844680786, 0.46634459495544434, 0.7610806226730347, 0.8119181990623474, 0.6838061213493347, 0.740915060043335, 0.48319190740585327, 0.6959954500198364, 0.7668114304542542, 0.48776155710220337, 0.8196672797203064, 0.69277024269104, 0.6843015551567078, 0.6709507703781128, 0.46828344464302063, 0.5745474100112915, 0.7172104120254517, 0.6586751937866211, 0.7584155797958374, 0.6658737659454346, 0.6171036958694458, 0.6955176591873169, 0.05883261561393738, 0.14757981896400452, 0.7441369891166687, 0.7022968530654907, 0.6264117360115051, 0.7438042163848877, 0.7311832904815674, 0.7134440541267395, 0.0984235554933548, 0.6097881197929382, 0.7479274272918701, 0.6502224802970886, 0.7101537585258484, 0.8133780360221863, 0.7032779455184937, 0.6519326567649841, 0.7093175053596497, 0.7663438320159912, 0.7250308394432068, 0.4768575429916382, 0.6032202243804932, 0.4938206076622009, 0.4610041081905365, -0.4353674054145813, 0.23854392766952515, 0.556485652923584, 0.6152912378311157, 0.6877509951591492, 0.23704758286476135, 0.6117952466011047, 0.6975192427635193, 0.7741512656211853, 0.7846859693527222, -0.5363200306892395, 0.7596486806869507, -0.15942558646202087, 0.6191830635070801, 0.6100292205810547, 0.7988923788070679, 0.7858020067214966, 0.7168354392051697, 0.18409463763237, 0.7169507145881653, 0.7401286363601685, 0.7334314584732056, 0.6952558159828186, 0.7383291125297546, 0.6194880604743958, 0.6997746229171753, 0.526224672794342, 0.624171257019043, 0.8455933332443237, 0.7031698822975159, 0.8441445827484131, 0.7517808675765991, 0.6731827855110168, 0.6694993376731873, 0.6361150145530701, 0.7471286058425903, 0.5442971587181091, 0.6576627492904663, 0.01439814642071724, 0.09451623260974884, 0.550622820854187, 0.655361533164978, 0.6343047618865967, 0.6614366769790649, 0.6463114023208618, 0.77676922082901, 0.7768411636352539, 0.6660333275794983, 0.6709641218185425, 0.6787405014038086, 0.7037979960441589, 0.39278358221054077, 0.7619611024856567, 0.4555572271347046, 0.5468328595161438, 0.75282883644104, 0.4073411226272583, 0.6574105024337769, 0.6337703466415405, 0.7158821821212769, 0.6457195281982422, 0.6981028318405151, 0.7113099694252014, 0.380501925945282, -0.23234781622886658, 0.6510974168777466, 0.6357593536376953, 0.6375772953033447, 0.7272294759750366, 0.6516504883766174, 0.7417855262756348, 0.6127080917358398, 0.4493427574634552, 0.09849373251199722, 0.6149284839630127, 0.6145573854446411, 0.7864336967468262, -0.011600365862250328, 0.6986052989959717, 0.6650564670562744, 0.5952047109603882, 0.13334441184997559, -0.12730535864830017, 0.7244330048561096, 0.7170020341873169, 0.5538046360015869, 0.3431926369667053, 0.7258785367012024, 0.6583927273750305, 0.6420897245407104, 0.610954225063324, 0.6867337822914124, 0.6245092153549194, 0.5125514268875122, 0.17649558186531067, 0.4475288689136505, 0.724736213684082, 0.7348840236663818, 0.8099365234375, 0.6071845293045044, 0.5815171599388123, 0.7113670706748962, 0.6936150789260864, 0.6500861644744873, 0.7881526947021484, 0.4754900336265564, -0.23167605698108673, 0.7838776111602783, 0.6308282017707825, 0.9041220545768738, 0.6165766716003418, 0.7231607437133789, -0.3102957010269165, 0.6387408971786499, 0.701481282711029, 0.6183222532272339, 0.5471934676170349, 0.7770745158195496, 0.7481690645217896, 0.7118954062461853, -0.34675461053848267, -0.20970945060253143, 0.856186032295227, 0.34758514165878296, 0.6921262145042419, 0.4912746250629425, 0.38967618346214294, 0.7893807888031006, 0.7315331697463989, 0.6970629692077637, 0.7413362264633179, 0.4628174901008606, 0.5975785851478577, 0.7689963579177856, 0.6189168691635132, 0.7011411190032959, 0.36340850591659546, 0.6690181493759155, 0.6880593299865723, -0.6463176012039185, 0.5914282202720642, 0.7539136409759521, -0.507280707359314, 0.7363760471343994, 0.6808053851127625, 0.7043410539627075, -0.35838690400123596, 0.5777190327644348, 0.6574167013168335, 0.7470431327819824, 0.6916022300720215, 0.6899176836013794, 0.650547206401825, 0.6430976390838623, 0.5776336193084717, 0.7092009782791138, -0.3226478099822998, 0.6594533920288086, 0.4844752550125122, 0.77842116355896, 0.7167080640792847, 0.6796159744262695, 0.6257216334342957, 0.6683167815208435, -0.11133049428462982, -0.03263771906495094, 0.6490777730941772, -0.4714319705963135, -0.3256639838218689, 0.25261056423187256, 0.6410670280456543, 0.7498836517333984, 0.5184041857719421, -0.2737056314945221, 0.7257457375526428, -0.48797324299812317, 0.829353928565979, 0.5431075692176819, 0.6431666016578674, 0.6793628931045532, 0.47572749853134155, 0.48285937309265137, 0.6421557068824768, 0.6419909000396729, 0.7912613153457642, 0.7144861221313477, 0.6591156721115112, 0.8076243996620178, 0.7157304286956787, 0.6051491498947144, 0.7312310934066772, -0.3396081328392029, 0.7571930885314941, 0.7238332033157349, 0.22759070992469788, 0.7007355690002441, 0.6608346700668335, 0.6485636830329895, 0.7620590925216675, -0.47893431782722473, -0.5098806023597717, 0.7539588212966919, 0.7083269357681274, 0.14715519547462463, 0.6690430045127869, 0.4910390377044678, -0.6844912767410278, 0.7246237397193909, 0.6078488230705261, 0.6555176973342896, 0.6292046308517456, 0.6480327844619751, 0.702226459980011, 0.7154499292373657, 0.709540605545044, 0.8303900957107544, -0.493164986371994, 0.6501075625419617, 0.7776064276695251, 0.5914815664291382, 0.7463570833206177, 0.775887131690979, 0.47223150730133057, 0.6045629978179932, 0.6421513557434082, 0.7270039319992065, 0.6723334789276123, 0.5709757804870605, 0.7741098403930664, 0.7529327869415283, 0.6609188318252563, 0.3854513168334961, 0.6827151775360107, 0.7054312825202942, -0.41311126947402954, 0.8174946308135986, 0.6662585139274597, 0.6772251725196838, 0.5613042116165161, 0.7749954462051392, 0.7343418002128601, 0.6920760273933411, 0.7079067230224609, 0.7681340575218201, 0.7081168293952942, 0.7127983570098877, 0.7950413823127747, 0.6877167224884033, 0.6833911538124084, 0.7167077660560608, 0.5575624704360962, 0.5991300344467163, 0.7345025539398193, -0.34521353244781494, -0.3409034013748169, 0.5612972974777222, 0.8193876147270203, 0.6582832932472229, 0.6713312268257141, 0.7989209294319153, 0.6546666622161865, 0.8445320725440979, 0.790086030960083, 0.7419767379760742, 0.5780864953994751, 0.673423707485199, 0.6599762439727783, 0.5726901888847351, 0.656030535697937, 0.47150951623916626, 0.8358751535415649, 0.7204420566558838, -0.30171674489974976, 0.577595591545105, 0.7170156240463257, 0.48436689376831055, 0.7098691463470459, 0.7087383270263672, 0.5694969892501831, 0.5878946781158447, 0.6932203769683838, 0.6093713045120239, -0.29026490449905396, 0.6421091556549072, 0.6683511734008789, 0.6806938052177429, 0.6803967356681824, 0.7996255159378052, 0.6281609535217285, 0.6705849766731262, 0.6776087284088135, 0.4457325339317322, 0.4886961281299591, 0.7282955646514893, 0.6555076837539673, 0.6615179777145386, 0.7383864521980286, 0.743525505065918, 0.6452562808990479, 0.679360032081604, 0.2999414801597595, 0.6019845604896545, 0.42233920097351074, 0.6703075170516968, 0.767662525177002, 0.6281459927558899, 0.5986254811286926, 0.6536376476287842, 0.8049786686897278, 0.6874123811721802, 0.7020233869552612, 0.7075955867767334, 0.7410763502120972, 0.6346865892410278, 0.7987949252128601, 0.7025824785232544, 0.6492871046066284, 0.7711986303329468, -0.6715551614761353, 0.6983981132507324, 0.5213234424591064, 0.6368354558944702, 0.6822196245193481, 0.7110815048217773, 0.6493739485740662, -0.5937902331352234, 0.6955788731575012, 0.7052126526832581, 0.7319600582122803, 0.668759286403656, 0.6025640964508057, 0.6269527673721313, 0.6709054708480835, 0.6858469247817993, -0.7643229961395264, 0.6735297441482544, 0.781235933303833, -0.4731697142124176, 0.7440573573112488, 0.5832310914993286, 0.6585067510604858, -0.6049020290374756, 0.7416451573371887, 0.7987407445907593, 0.8069537281990051, 0.7455145716667175, 0.6215833425521851, 0.20751498639583588, 0.6996715068817139, 0.7539430260658264, 0.7065955400466919, 0.6785456538200378, 0.6452659368515015, 0.8542208075523376, 0.6214056611061096, 0.7495124936103821, -0.24937693774700165, 0.7013291120529175, 0.6930789947509766, 0.6896243095397949, -0.6253865957260132, 0.6853348016738892, 0.7014402151107788, 0.5890284776687622, 0.7480732202529907, 0.6535109281539917, -0.46204090118408203, 0.7087396383285522, 0.7612596750259399, -0.6395853757858276, 0.6648626327514648, 0.7509604692459106, 0.6928715705871582, 0.7791748642921448, 0.6501931548118591, -0.6106258630752563, -0.6644148826599121, -0.12749038636684418, 0.628831148147583, 0.6788462400436401, 0.8116105198860168, 0.6961320638656616, 0.60539710521698, -0.5326878428459167, 0.5944443941116333, 0.7419172525405884, -0.5487356185913086, 0.6371287107467651, 0.6264027953147888, 0.7483246326446533, -0.19769351184368134, 0.7744842767715454, 0.7572653293609619, 0.5994682312011719, 0.6204438805580139, 0.7255251407623291, 0.6000922918319702, 0.6493778228759766, 0.7785999774932861, 0.7287482023239136, 0.582805871963501, 0.6609177589416504, 0.4421256482601166, 0.7916058301925659, 0.7458691000938416, 0.3983795940876007, 0.7856454253196716, 0.419445663690567, 0.657548725605011, 0.7638377547264099, 0.4572586119174957, 0.6562409400939941, 0.6832249760627747, 0.6777005195617676, 0.392145574092865, 0.6363803744316101, -0.48399507999420166, 0.7204036712646484, 0.6290988326072693, 0.6880540251731873, 0.6323354244232178, 0.5172015428543091, 0.7123532295227051, -0.5109853148460388, 0.7826875448226929, 0.7695087790489197, 0.8139296770095825, 0.698947548866272, 0.5407030582427979, 0.5029860138893127, 0.7201820611953735, 0.6831077933311462, 0.6578686237335205, 0.6958152651786804, -0.513648509979248, 0.7238579988479614, 0.7455796599388123, 0.7855073809623718, 0.581014096736908, 0.7610564827919006, 0.6789686679840088, 0.34302788972854614, 0.8423978090286255, 0.6806219816207886, -0.5159345269203186, 0.6213321685791016, 0.7011511921882629, 0.5903052091598511, 0.6513746976852417, 0.6555023193359375, 0.8558814525604248, 0.6439141035079956, 0.7290472388267517, 0.774741530418396, 0.5666918158531189, 0.7015032768249512, 0.7589497566223145, 0.7918341159820557, 0.6773238182067871, 0.7407571077346802, -0.45116445422172546, 0.4749113917350769, 0.7074416875839233, 0.6526830792427063, 0.03299999237060547, 0.7420300245285034, 0.6637077331542969, -0.43713101744651794, 0.7809392213821411, 0.684411883354187, 0.6567786931991577, 0.5378473997116089, 0.784371018409729, 0.5885869860649109, 0.6965163946151733, 0.7302321195602417, 0.6978086233139038, 0.6331610083580017, 0.779414713382721, 0.7003707885742188, 0.757696270942688, 0.5899374485015869, 0.6365036964416504, 0.7262318730354309, 0.7975529432296753, 0.5876505374908447, 0.7559586763381958, 0.640815019607544, 0.6648273468017578, 0.8635915517807007, 0.6104178428649902, 0.2805614471435547, 0.6994304656982422, 0.7281913757324219, 0.630700945854187, 0.15939028561115265, 0.6390966773033142, 0.6639044880867004, 0.6613979339599609, 0.6655879616737366, 0.6830765008926392, -0.49776002764701843, 0.6321131587028503, 0.7283390164375305, 0.6024456024169922, 0.632135272026062, -0.3924521207809448, 0.739700436592102, 0.6809744834899902, -0.350864052772522, -0.46202966570854187, 0.6437098979949951, -0.3347000777721405, -0.11644208431243896, -0.5856316089630127, 0.7292964458465576, 0.6663035154342651, 0.7092074155807495, 0.7278342843055725, 0.7164181470870972, 0.6118743419647217, -0.017277084290981293, 0.8384813070297241, 0.5948120355606079, 0.7016687393188477, 0.6587421894073486, 0.655532956123352, 0.5511969327926636, 0.5312631130218506, 0.8732761144638062, 0.7085517644882202, 0.7720346450805664, 0.7306326627731323, 0.5389556884765625, -0.6397642493247986, 0.6155221462249756, 0.7062682509422302, 0.6350659132003784, 0.692263662815094, 0.6616472005844116, 0.5105414390563965, -0.16784989833831787, 0.7159026861190796, 0.829788088798523, 0.6127292513847351, 0.7182224988937378, 0.6878300309181213, -0.49223122000694275, 0.5102502703666687, 0.6366987228393555, 0.6817218661308289, 0.6410657167434692, 0.6367988586425781, 0.690140962600708, 0.5786833763122559, 0.6535698175430298, 0.6521917581558228, 0.8316152095794678, 0.4701937437057495, 0.8370060324668884, 0.5938600301742554, 0.6092230677604675, -0.6059161424636841, 0.5320653319358826, 0.7176008820533752, 0.8041843771934509, 0.6248509883880615, 0.7793456315994263, 0.7809560894966125, 0.7249385714530945, 0.6744232773780823, 0.5688430666923523, 0.6397258639335632, 0.560403048992157, 0.7584536671638489, 0.8145787715911865, -0.6480262875556946, 0.7394444942474365, 0.5341358780860901, 0.8143975734710693, 0.7077717781066895, 0.5994359254837036, -0.19313764572143555, 0.6574825048446655, 0.7187541127204895, 0.6566751003265381, 0.664650559425354, 0.5655036568641663, 0.689418375492096, 0.7081087827682495, 0.6925395727157593, 0.12221668660640717, -0.526474118232727, 0.7314795255661011, 0.2594456970691681, 0.7371385097503662, 0.5622144937515259, 0.6164027452468872, 0.7287207841873169, 0.648141622543335, 0.719150185585022, 0.6750367879867554, 0.6414190530776978, 0.697891891002655, 0.06865547597408295, 0.7300344705581665, 0.6968141794204712, 0.728364109992981, -0.6907305717468262, 0.7053638696670532, 0.688118040561676, 0.6582192182540894, 0.6748325824737549, 0.7375428676605225, 0.699530303478241, 0.5780562162399292, 0.6827284097671509, 0.7156592011451721, 0.6534847021102905, 0.7399581074714661, 0.8087106943130493, 0.8140228986740112, 0.6319961547851562, 0.5803951025009155, 0.6474523544311523, -0.4425390958786011, 0.5968782305717468, 0.7933555841445923, 0.6804556846618652, -0.4802713394165039, 0.6359606385231018, 0.6292672157287598, -0.13620412349700928, 0.49470824003219604, 0.682471513748169, 0.7287195920944214, 0.5923104286193848, -0.3318222463130951, 0.7602152824401855, 0.7914981842041016, 0.570866048336029, 0.44573134183883667, 0.6134037375450134, 0.6160402297973633, 0.7288129925727844, 0.16767218708992004, 0.7741034030914307, 0.700050950050354, 0.6981145143508911, 0.7311002016067505, 0.7439471483230591, 0.7609357833862305, 0.6588520407676697, 0.6918162107467651, 0.4462912678718567, 0.6044295430183411, 0.7066189050674438, -0.01159791648387909, 0.6356196403503418, 0.7058233022689819, 0.5870059132575989, 0.3506122827529907, 0.6758348345756531, 0.7263374328613281, 0.6567282676696777, 0.6677125692367554, 0.5966776609420776, 0.6764549612998962, 0.5124949812889099, 0.7254725098609924, -0.3603953719139099, 0.6719078421592712, -0.6938650608062744, 0.8146650791168213, 0.7301806211471558, 0.6638580560684204, 0.6179249286651611, 0.7367531061172485, 0.7352707982063293, 0.7561960816383362, 0.7332304120063782, -0.2559334337711334, 0.6708645224571228, 0.584225058555603, 0.5921130180358887, 0.6111406087875366, 0.6900308728218079, 0.560838520526886, 0.6405141949653625, 0.7380169630050659, -0.13483378291130066, 0.7641074657440186, 0.628287136554718, 0.6575159430503845, 0.5648691654205322, 0.6543200016021729, 0.6368622779846191, 0.6733261942863464, 0.6152459383010864, 0.5736186504364014, 0.6368301510810852, 0.6240565776824951, 0.657159149646759, 0.7239909172058105, 0.7276716232299805, 0.7071511745452881, 0.687341570854187, 0.6732228994369507, 0.713953971862793, 0.696448802947998, 0.6997142434120178, 0.6072299480438232, 0.5778460502624512, 0.7060816287994385, 0.5168960094451904, 0.6454174518585205, 0.6099440455436707, 0.6477854251861572, 0.575353741645813, 0.5845896005630493, 0.6807440519332886, 0.7595990896224976, 0.6134152412414551, 0.7229723334312439, 0.6704298257827759, 0.6693316698074341, 0.734466552734375, 0.6196662187576294, 0.7964670658111572, 0.18591126799583435, 0.5485153794288635, 0.6795666217803955, -0.05316162109375, 0.6391744017601013, 0.7582342028617859, 0.6007421612739563, 0.7817934155464172, 0.7298375964164734, 0.6600105166435242, -0.3414716124534607, 0.8147609233856201, 0.6875748038291931, 0.756928563117981, 0.7276090383529663, 0.6631092429161072, 0.7693537473678589, 0.21475332975387573, 0.610535740852356, 0.6135587692260742, 0.6077813506126404, 0.6860681772232056, 0.6583966016769409, 0.3650944232940674, 0.6009244918823242, 0.724174976348877, 0.7773160934448242, 0.7428637146949768, 0.6731961965560913, 0.6804156303405762, 0.475072979927063, 0.683577299118042, 0.751258134841919, 0.7669157385826111, 0.6386922597885132, 0.6384830474853516, 0.6074689626693726, 0.6100733280181885, 0.744134783744812, 0.7897310256958008, 0.21074551343917847, 0.6847265958786011, 0.6232189536094666, 0.635730504989624, 0.6594803333282471, 0.43702661991119385, 0.6431570053100586, 0.6712667942047119, 0.6567641496658325, 0.6998755931854248, -0.47794294357299805, 0.6069096326828003, 0.7180332541465759, 0.39935898780822754, 0.7074387073516846, 0.6678113341331482, 0.7032374143600464, 0.6580833196640015, 0.6960587501525879, 0.7349216341972351, 0.4723409414291382, 0.5961373448371887, 0.5816675424575806, 0.7289975881576538, 0.6864465475082397, 0.6648051142692566, 0.6824634075164795, 0.7154303193092346, 0.6477437019348145, 0.564455509185791, 0.4685404896736145, 0.5537961721420288, 0.7673478126525879, -0.1976373791694641, 0.677284836769104, 0.6665891408920288, 0.477329820394516, 0.5106858015060425, 0.7875095009803772, 0.5499604344367981, 0.596767783164978, 0.7865041494369507, 0.6964205503463745, -0.5225011110305786, 0.525502622127533, 0.6873352527618408, 0.6524776220321655, 0.4276149868965149, 0.6712303161621094, 0.6942379474639893, 0.757951021194458, 0.6349073648452759, 0.7386274337768555, 0.7553561925888062, 0.6896336078643799, 0.35413527488708496, 0.8788903951644897, 0.8429318070411682, 0.7045124769210815, 0.6985214948654175, 0.4727477431297302, 0.4631458520889282, 0.678158164024353, 0.5530771017074585, -0.24718418717384338, 0.7579472064971924, 0.7577109336853027, 0.5610625743865967, -0.2329372763633728, -0.4605635106563568, 0.5183678865432739, 0.7735722661018372, 0.7814449071884155, 0.6081668734550476, 0.7248493432998657, 0.777161717414856, -0.38165420293807983, 0.6517144441604614, 0.724254846572876, -0.4908296763896942, 0.5897599458694458, 0.7797013521194458, 0.5656733512878418, 0.5689042806625366, 0.4154597520828247, 0.686061441898346, 0.7717564105987549, 0.632264256477356, 0.822044312953949, 0.7066828012466431, 0.7826274633407593, 0.7213345766067505, 0.61778724193573, 0.4980001449584961, 0.766471266746521, 0.6842966675758362, 0.7756119966506958, 0.6694611310958862, 0.7382957339286804, 0.6555260419845581, 0.712529182434082, -0.5086995959281921, 0.07568786293268204, 0.7830153703689575, 0.6407378911972046, -0.19610637426376343, 0.7039055824279785, 0.5631416440010071, 0.750420868396759, 0.5562698841094971, 0.7117958068847656, 0.4984999895095825, 0.7501866817474365, 0.6950666904449463, 0.4228416681289673, 0.6186822652816772, 0.6966390609741211, 0.8183512091636658, 0.7485247850418091, 0.7449693083763123, 0.6874064207077026, 0.7471078038215637, 0.5880908966064453, 0.7202544212341309, 0.7681046724319458, 0.6745184659957886, 0.40827035903930664, 0.6518089771270752, 0.7648823857307434, 0.2636793851852417, 0.6453754305839539, 0.7416521310806274, 0.7531688213348389, 0.6723809242248535, 0.6508371829986572, 0.7361466884613037, -0.5620206594467163, 0.6409351825714111, -0.20356139540672302, 0.6896526217460632, 0.6507928371429443, 0.6991134881973267, 0.6806321740150452, 0.3655660152435303, 0.7336917519569397, 0.778559684753418, 0.1486952006816864, 0.7056173086166382, 0.6649610996246338, 0.4104725122451782, 0.8275827169418335, 0.6966385841369629, 0.6582940816879272, 0.7982780933380127, 0.5571743845939636, 0.7684487104415894, 0.44727814197540283, 0.6940076351165771, 0.7165005207061768, 0.15340769290924072, 0.6145644187927246, -0.20088094472885132, 0.8757197260856628, 0.6561646461486816, 0.6916382908821106, 0.7554323673248291, 0.7986948490142822, 0.5906211733818054, -0.4537729024887085, 0.6407507061958313, -0.14973954856395721, 0.7562917470932007, 0.6613937616348267, 0.7954999804496765, 0.6994503140449524, 0.7577338218688965, 0.7150654792785645, 0.7110835909843445, 0.6774654388427734, 0.5796456933021545, 0.5894936323165894, 0.6756373643875122, 0.642661988735199, 0.7484400272369385, 0.7091879844665527, 0.9134962558746338, 0.7878508567810059, 0.5357288122177124, 0.526654064655304, 0.3374149799346924, 0.5820870995521545, 0.4192717969417572, 0.021921876817941666, -0.3568328022956848, 0.4707717001438141, 0.3118746280670166, -0.22322043776512146, 0.7016267776489258, 0.6876133680343628, 0.700331449508667, 0.8651981353759766, 0.6664096713066101, 0.7049664258956909, 0.7209020853042603, 0.6102771759033203, 0.7084789276123047, 0.7566874623298645, 0.652582585811615, 0.7599848508834839, 0.5901022553443909, 0.6220495700836182, 0.7826261520385742, 0.7586408853530884, 0.7139981985092163, 0.6487058401107788, 0.6297240853309631, 0.7342966198921204, 0.698979377746582, 0.5858625173568726, 0.4643961787223816, 0.5908493399620056, 0.5213515758514404, 0.555702805519104, 0.5304528474807739, 0.7071134448051453, 0.5670650601387024, -0.5722887516021729, 0.6147514581680298, 0.7959073781967163, 0.6125372648239136, 0.7104569673538208, 0.7211923599243164, 0.7724106907844543, 0.4986114799976349, 0.7610412836074829, 0.7235100865364075, 0.6912215948104858, 0.7644091844558716, 0.6017267107963562, 0.6829583644866943, 0.6042760014533997, 0.5216268301010132, 0.6401939392089844, 0.6368083357810974, 0.6213417053222656, 0.644649863243103, 0.7297475934028625, 0.7842627763748169, 0.7951847314834595, 0.6924603581428528, 0.5058600306510925, 0.30505335330963135, 0.7128077745437622, -0.575959324836731, 0.8259885311126709, 0.7284132838249207, 0.7687660455703735, 0.2385772466659546, 0.06037985533475876, 0.5102415680885315, 0.6231220960617065, 0.3824179172515869, 0.7807623147964478, 0.5207474231719971]
