sample name: ['Cc1ccc(CCNC(=O)NCCc2csc(N3CCCC3)n2)c(C)c1']
atom_index,distance,cosine_similarity
0,0.8254803466796875,-0.07086296632885933
1,-1.717183837890625,0.15026901505887508
2,-2.2954608154296876,0.24877487847581506
3,-2.3685528564453127,0.2910599732398987
4,0.1928271484375,-0.04632731140591204
5,-0.90069091796875,0.050343608371913436
6,0.03782958984375,-0.010685621183365584
7,1.52024169921875,-0.15747729603201152
8,-3.336046142578125,0.2982996918261051
9,-0.3396124267578125,0.03413230560719967
10,-1.3660498046875,0.1643220805376768
11,-0.04123779296875,-0.005659601762890816
12,-1.362255859375,0.14822298403829337
13,-0.2137823486328125,0.056767726764082906
14,-0.248023681640625,0.0222765251994133
15,-1.1813671875,0.12464251415804029
16,-2.56194580078125,0.23929463651031255
17,0.3568951416015625,-0.02105971220880747
18,-1.229071044921875,0.11624104807153345
19,-0.6194580078125,0.028017749823629857

Sum of phi values for distance
-16.847464599609374
Sum of phi values for cosine similarity
1.660592228760943
Average distance random samples:
10.44699397814274
Average cosine similarity random samples:
0.41138809770811346
Distances random samples
[5.6822428703308105, 11.802021026611328, 5.837361812591553, 7.127443313598633, 5.967578411102295, 7.377699375152588, 7.403697967529297, 12.869555473327637, 19.01837730407715, 7.271121501922607, 18.240192413330078, 21.083417892456055, 6.566707611083984, 8.385899543762207, 10.194586753845215, 9.212335586547852, 6.523066520690918, 6.781304359436035, 5.850121974945068, 9.425310134887695, 18.495834350585938, 6.760971546173096, 12.483625411987305, 11.558549880981445, 7.66426420211792, 17.86208152770996, 7.868368625640869, 20.899499893188477, 7.029521465301514, 6.392824649810791, 18.136085510253906, 9.952071189880371, 6.977156162261963, 14.590841293334961, 8.174579620361328, 7.128103256225586, 7.863997936248779, 7.807418346405029, 16.049278259277344, 12.603326797485352, 21.476760864257812, 7.919968605041504, 7.165470600128174, 8.827399253845215, 7.664172649383545, 19.036409378051758, 6.810539245605469, 6.070732116699219, 7.12050199508667, 7.310573101043701, 7.113900184631348, 6.062114715576172, 12.175939559936523, 6.195781230926514, 11.076386451721191, 19.575712203979492, 5.466988563537598, 5.545623302459717, 8.33081340789795, 14.62330436706543, 8.180107116699219, 14.394946098327637, 8.790756225585938, 7.430979251861572, 6.885806560516357, 8.113336563110352, 11.391278266906738, 7.725801944732666, 15.006708145141602, 5.163768768310547, 11.526728630065918, 7.224539756774902, 6.607932090759277, 4.844241619110107, 16.910476684570312, 10.5908842086792, 8.347526550292969, 6.284621715545654, 20.410524368286133, 5.534190654754639, 8.216082572937012, 7.53937292098999, 14.59712028503418, 9.623534202575684, 7.065808296203613, 20.44184684753418, 8.632156372070312, 16.405776977539062, 7.747234344482422, 7.774378776550293, 6.455601215362549, 11.354249000549316, 6.609394550323486, 17.918254852294922, 8.497716903686523, 6.725417137145996, 8.068811416625977, 20.67204475402832, 7.511154651641846, 9.590375900268555, 11.302396774291992, 18.9006404876709, 18.94788932800293, 16.82746124267578, 9.1371488571167, 5.850511074066162, 10.670182228088379, 9.22548770904541, 10.195613861083984, 5.652704238891602, 10.600582122802734, 14.350273132324219, 15.340397834777832, 10.391845703125, 13.466766357421875, 18.53390884399414, 9.8203706741333, 14.84606647491455, 11.3114595413208, 7.910719871520996, 7.978276252746582, 5.323797702789307, 9.948470115661621, 13.229827880859375, 14.76947021484375, 9.928438186645508, 8.195551872253418, 8.10735034942627, 10.62745475769043, 12.561260223388672, 7.117384910583496, 14.884177207946777, 7.565107345581055, 13.421228408813477, 12.300835609436035, 10.535661697387695, 10.63505744934082, 10.62330150604248, 9.197050094604492, 11.140557289123535, 14.33552074432373, 5.925130367279053, 10.083791732788086, 10.599874496459961, 14.092597961425781, 7.5379815101623535, 20.194461822509766, 19.985389709472656, 9.788654327392578, 11.317058563232422, 9.717780113220215, 10.157390594482422, 10.73569393157959, 8.40289306640625, 19.383514404296875, 7.138467788696289, 7.792539596557617, 12.386008262634277, 15.550518035888672, 9.961859703063965, 9.479148864746094, 10.744007110595703, 13.685077667236328, 16.589370727539062, 8.988439559936523, 18.653467178344727, 13.552019119262695, 10.96984577178955, 10.305968284606934, 13.18353271484375, 7.375875949859619, 20.073911666870117, 11.498607635498047, 13.538615226745605, 8.934832572937012, 18.388031005859375, 10.75823974609375, 5.198187828063965, 8.255254745483398, 15.202651977539062, 10.030159950256348, 11.537673950195312, 11.151047706604004, 9.481648445129395, 8.342523574829102, 18.34893226623535, 12.944564819335938, 10.732505798339844, 16.01902961730957, 8.757277488708496, 11.67148494720459, 11.164898872375488, 8.666380882263184, 7.577060222625732, 5.3235063552856445, 11.722105979919434, 7.876400947570801, 7.853941917419434, 15.241621971130371, 13.277945518493652, 13.015262603759766, 12.25435733795166, 6.71062707901001, 6.664271354675293, 10.221783638000488, 6.639345645904541, 12.411340713500977, 13.259203910827637, 8.555116653442383, 8.384275436401367, 12.629456520080566, 15.065542221069336, 11.727174758911133, 15.408686637878418, 13.755358695983887, 6.224308967590332, 9.127541542053223, 10.923052787780762, 10.801321029663086, 14.44861888885498, 12.706028938293457, 8.565139770507812, 8.433311462402344, 9.857431411743164, 11.117667198181152, 6.946300506591797, 5.98641300201416, 8.763108253479004, 12.114363670349121, 8.240123748779297, 11.30717658996582, 7.8761420249938965, 11.968751907348633, 9.84235954284668, 11.543124198913574, 8.123780250549316, 13.499629974365234, 7.4196977615356445, 10.533130645751953, 11.810994148254395, 17.63579559326172, 10.357617378234863, 14.698419570922852, 8.824909210205078, 13.281500816345215, 16.868896484375, 11.136892318725586, 7.1946282386779785, 8.064447402954102, 10.606846809387207, 13.358705520629883, 15.672253608703613, 12.505549430847168, 5.279482841491699, 5.112814426422119, 11.844096183776855, 3.9445981979370117, 6.9709696769714355, 6.794980049133301, 15.318525314331055, 17.424633026123047, 14.06790828704834, 17.480085372924805, 12.937347412109375, 15.72268295288086, 12.278459548950195, 3.4696731567382812, 17.361934661865234, 7.507751941680908, 12.465621948242188, 5.911327362060547, 7.153522968292236, 10.38070297241211, 6.557367324829102, 13.301877975463867, 17.41025161743164, 12.307674407958984, 6.554089546203613, 7.0517168045043945, 11.383377075195312, 6.564525127410889, 14.161933898925781, 13.482539176940918, 6.682801723480225, 9.179037094116211, 8.076128959655762, 12.912178993225098, 8.521069526672363, 5.998064041137695, 9.162909507751465, 9.457686424255371, 11.617087364196777, 11.827737808227539, 18.110553741455078, 15.037779808044434, 16.826030731201172, 12.80955696105957, 11.68598461151123, 11.505820274353027, 4.863665580749512, 8.84206771850586, 19.331722259521484, 10.839529037475586, 14.377105712890625, 20.162227630615234, 19.167903900146484, 7.676921367645264, 7.866610050201416, 21.537200927734375, 6.345458030700684, 8.474970817565918, 7.73778772354126, 9.546858787536621, 16.90814208984375, 9.35793399810791, 18.853622436523438, 7.052322864532471, 7.095517158508301, 14.902085304260254, 8.14923095703125, 7.750854969024658, 7.382168769836426, 8.129992485046387, 7.498717784881592, 8.276206016540527, 14.31358814239502, 20.48324203491211, 8.233716011047363, 16.317781448364258, 5.026188373565674, 8.126388549804688, 19.349834442138672, 11.687291145324707, 4.819100856781006, 11.808692932128906, 7.754652976989746, 18.973722457885742, 7.037290096282959, 13.662467956542969, 8.367304801940918, 7.339279651641846, 18.941740036010742, 14.765875816345215, 7.406531810760498, 5.933035850524902, 7.432218551635742, 5.995960235595703, 17.300228118896484, 9.296280860900879, 8.064306259155273, 19.329795837402344, 7.6290435791015625, 5.546926021575928, 7.64747953414917, 15.493192672729492, 14.458125114440918, 7.548299789428711, 7.448807239532471, 5.957704067230225, 5.346932888031006, 7.399223327636719, 7.957542419433594, 6.764925956726074, 8.43540096282959, 12.739091873168945, 6.655576705932617, 17.38973617553711, 7.18198823928833, 11.961031913757324, 13.289411544799805, 6.198411464691162, 8.186254501342773, 18.33722496032715, 13.86367130279541, 18.524307250976562, 8.83307933807373, 7.860870361328125, 9.9420804977417, 8.8141508102417, 5.395986557006836, 7.294487953186035, 8.897459983825684, 4.581653594970703, 13.648799896240234, 18.23149871826172, 17.433277130126953, 16.505064010620117, 20.86761474609375, 10.522575378417969, 7.819362163543701, 17.153684616088867, 14.471261978149414, 17.22548484802246, 12.348631858825684, 9.736536979675293, 11.839727401733398, 18.712665557861328, 9.884343147277832, 16.887615203857422, 12.182217597961426, 4.308882236480713, 15.487103462219238, 11.774333953857422, 15.501651763916016, 8.127102851867676, 11.838667869567871, 7.395373344421387, 16.411029815673828, 14.749119758605957, 10.365621566772461, 14.75670337677002, 9.761056900024414, 13.710289001464844, 16.789514541625977, 12.402497291564941, 13.55416488647461, 13.34570598602295, 6.107152462005615, 12.907119750976562, 8.291516304016113, 12.320490837097168, 18.017227172851562, 13.222569465637207, 13.367571830749512, 7.848850250244141, 13.140179634094238, 17.793643951416016, 6.746422290802002, 14.264265060424805, 7.746831893920898, 9.128161430358887, 9.859067916870117, 9.413045883178711, 14.606204986572266, 15.963436126708984, 15.974342346191406, 10.04764461517334, 6.511163234710693, 4.409798622131348, 8.687331199645996, 12.799459457397461, 7.892667770385742, 10.16553020477295, 9.765938758850098, 16.49786949157715, 8.0547456741333, 7.121484279632568, 15.369712829589844, 7.836531162261963, 11.622618675231934, 9.284137725830078, 9.631675720214844, 15.253525733947754, 7.333686351776123, 13.591208457946777, 7.4541096687316895, 6.831531047821045, 12.051379203796387, 7.409032344818115, 6.610013008117676, 15.29635238647461, 7.985535144805908, 7.801682472229004, 14.279635429382324, 9.084099769592285, 8.592053413391113, 8.7311429977417, 15.14262580871582, 14.035368919372559, 9.96343994140625, 8.908132553100586, 8.411661148071289, 8.157496452331543, 9.379741668701172, 10.260004043579102, 8.678954124450684, 14.272078514099121, 19.131755828857422, 9.58822250366211, 7.520380973815918, 11.660271644592285, 13.486298561096191, 7.80863618850708, 9.740361213684082, 10.360686302185059, 7.716324806213379, 3.9665565490722656, 9.237211227416992, 10.79228401184082, 6.747373104095459, 7.948909759521484, 7.553131103515625, 15.893814086914062, 7.045034885406494, 7.834393501281738, 9.444173812866211, 6.122282981872559, 7.40831995010376, 16.063344955444336, 7.248133659362793, 5.998648166656494, 15.202019691467285, 10.106664657592773, 13.21684455871582, 6.795688152313232, 12.370688438415527, 5.202830791473389, 7.69096565246582, 6.562207221984863, 11.072053909301758, 9.067313194274902, 14.120494842529297, 8.03580093383789, 11.095516204833984, 7.554880142211914, 8.037566184997559, 10.07308292388916, 5.57813835144043, 7.0457963943481445, 13.550581932067871, 8.912951469421387, 11.14565372467041, 10.017395973205566, 7.944371700286865, 20.430727005004883, 9.122328758239746, 7.335658550262451, 11.45671272277832, 11.088290214538574, 6.459303379058838, 7.49684476852417, 11.106225967407227, 15.049567222595215, 8.909574508666992, 10.162014961242676, 7.4977922439575195, 8.182708740234375, 9.691153526306152, 6.800661087036133, 10.265436172485352, 6.988552093505859, 8.282333374023438, 14.828851699829102, 12.915485382080078, 13.07803726196289, 6.8600311279296875, 8.213083267211914, 10.27529239654541, 12.678027153015137, 7.129916667938232, 6.480126857757568, 12.986005783081055, 10.897340774536133, 14.383776664733887, 8.285040855407715, 5.4762396812438965, 10.843096733093262, 12.574604034423828, 19.953266143798828, 8.720242500305176, 12.02371597290039, 6.946142673492432, 9.067789077758789, 6.9597344398498535, 13.148834228515625, 8.726052284240723, 14.00998592376709, 7.600903511047363, 9.104036331176758, 7.0717878341674805, 6.633495330810547, 9.027494430541992, 12.44716739654541, 8.25748348236084, 7.7718729972839355, 12.284019470214844, 11.48796272277832, 13.835822105407715, 8.221720695495605, 7.864823341369629, 6.701251983642578, 9.226519584655762, 9.88392162322998, 8.406018257141113, 8.521533966064453, 13.96925163269043, 13.595501899719238, 11.408103942871094, 9.921852111816406, 13.98001766204834, 19.699138641357422, 6.762625217437744, 5.745189666748047, 13.547100067138672, 6.528743743896484, 13.583465576171875, 7.7819085121154785, 9.065268516540527, 8.772785186767578, 14.699075698852539, 17.093273162841797, 6.63897180557251, 13.328346252441406, 4.047377109527588, 7.133740425109863, 6.021369457244873, 5.566854953765869, 8.62994384765625, 5.918081760406494, 14.217447280883789, 16.480167388916016, 11.680706024169922, 15.587289810180664, 5.699689865112305, 12.236555099487305, 7.6441521644592285, 7.966267108917236, 18.306737899780273, 9.255609512329102, 6.496994972229004, 14.280360221862793, 9.009631156921387, 6.437767505645752, 12.158888816833496, 14.155684471130371, 8.293436050415039, 5.206905364990234, 5.7000956535339355, 8.210902214050293, 6.25367546081543, 8.571090698242188, 7.942000389099121, 8.173910140991211, 6.724194049835205, 6.785112380981445, 6.405741214752197, 12.034866333007812, 8.729268074035645, 6.763682842254639, 7.945836544036865, 11.506168365478516, 8.7889986038208, 10.968666076660156, 10.091146469116211, 8.269807815551758, 20.05301284790039, 12.728422164916992, 6.818066120147705, 5.8169145584106445, 5.063619136810303, 8.84068489074707, 14.52375602722168, 12.70351505279541, 7.5526862144470215, 4.98868989944458, 6.156790256500244, 9.716278076171875, 12.274261474609375, 4.72390604019165, 10.411624908447266, 12.641074180603027, 7.104803562164307, 13.409494400024414, 5.29384708404541, 8.706591606140137, 7.2881951332092285, 8.376238822937012, 7.025176048278809, 6.844999313354492, 7.634180545806885, 5.599802494049072, 14.734712600708008, 5.889270782470703, 7.324211597442627, 8.685660362243652, 6.858491897583008, 6.430313587188721, 12.62802505493164, 12.042082786560059, 8.404583930969238, 10.507362365722656, 19.904085159301758, 14.470510482788086, 7.124092102050781, 8.435053825378418, 7.164527416229248, 6.639678478240967, 8.406266212463379, 8.695128440856934, 8.818742752075195, 6.552382469177246, 5.724536895751953, 15.660325050354004, 7.482052803039551, 13.933795928955078, 8.768743515014648, 14.560330390930176, 14.370773315429688, 10.335461616516113, 5.817208766937256, 7.108794212341309, 13.700063705444336, 9.474409103393555, 8.283181190490723, 7.449893951416016, 16.064424514770508, 11.737792015075684, 5.7646164894104, 8.294452667236328, 10.468389511108398, 10.534076690673828, 15.047967910766602, 6.917304039001465, 14.53377628326416, 5.361209392547607, 7.265214443206787, 9.111865043640137, 7.1077165603637695, 5.804727077484131, 6.206569194793701, 8.174280166625977, 11.450906753540039, 6.988039493560791, 7.83735466003418, 7.2338151931762695, 11.082921981811523, 6.808772563934326, 9.468936920166016, 13.025506019592285, 16.104759216308594, 7.475671291351318, 10.342361450195312, 13.32209587097168, 7.684432506561279, 12.39366340637207, 7.504486560821533, 7.13664436340332, 14.19491195678711, 8.476901054382324, 7.586811065673828, 6.475955009460449, 7.49707555770874, 8.45883846282959, 7.231021881103516, 3.0413978099823, 6.9410600662231445, 8.288708686828613, 11.111776351928711, 18.4298152923584, 10.734928131103516, 3.9160759449005127, 7.618617534637451, 5.527288436889648, 11.019559860229492, 7.1055803298950195, 7.50230073928833, 7.862981796264648, 7.918361663818359, 5.770888805389404, 8.171146392822266, 6.007584095001221, 6.134660720825195, 7.744811534881592, 10.452653884887695, 8.058392524719238, 7.8468241691589355, 15.509284973144531, 9.882635116577148, 14.382706642150879, 12.113861083984375, 5.262318134307861, 11.748395919799805, 11.637526512145996, 7.601571083068848, 5.748313903808594, 7.101089954376221, 6.52360200881958, 8.594093322753906, 8.561196327209473, 6.880596160888672, 10.558236122131348, 5.630659580230713, 6.031466484069824, 12.81562614440918, 10.192419052124023, 13.401704788208008, 14.213752746582031, 5.811404228210449, 8.159523963928223, 9.629698753356934, 20.725215911865234, 7.101197719573975, 14.628255844116211, 19.281885147094727, 5.27556037902832, 17.652015686035156, 6.480249881744385, 6.986810207366943, 5.840880393981934, 5.752087116241455, 14.739534378051758, 17.83952522277832, 20.34397315979004, 14.780609130859375, 9.810434341430664, 14.42642879486084, 6.862751483917236, 10.07522964477539, 10.78565502166748, 13.693989753723145, 6.32657527923584, 10.21163558959961, 14.886316299438477, 16.314897537231445, 8.033302307128906, 10.743698120117188, 15.077115058898926, 14.807055473327637, 8.99191665649414, 8.614421844482422, 14.548892974853516, 10.925210952758789, 14.54251480102539, 18.814682006835938, 12.681122779846191, 8.11314582824707, 7.376244068145752, 12.866063117980957, 15.459540367126465, 9.171854019165039, 8.483777046203613, 15.814778327941895, 10.922687530517578, 14.404019355773926, 7.526175498962402, 13.893747329711914, 9.61029052734375, 8.474011421203613, 10.412701606750488, 9.954611778259277, 9.108552932739258, 11.018790245056152, 9.561360359191895, 14.853095054626465, 7.988595008850098, 12.157913208007812, 8.160454750061035, 6.762451648712158, 16.03885269165039, 14.541725158691406, 17.405193328857422, 11.38892936706543, 10.28909969329834, 7.811307907104492, 6.617687225341797, 8.366236686706543, 17.533720016479492, 8.817827224731445, 12.592604637145996, 7.457037925720215, 19.053144454956055, 9.652132034301758, 15.777436256408691, 14.173094749450684, 12.198918342590332, 9.381548881530762, 11.129962921142578, 11.705208778381348, 6.195333003997803, 9.34132194519043, 9.43333625793457, 14.192194938659668, 9.853292465209961, 11.204448699951172, 13.70594596862793, 11.98243522644043, 8.329380989074707, 15.021132469177246, 9.609536170959473, 13.709733963012695, 9.28144645690918, 13.700289726257324, 14.432879447937012, 15.565524101257324, 21.136547088623047, 15.228277206420898, 7.968195915222168, 16.030988693237305, 13.452430725097656, 6.362406253814697, 16.12333869934082, 9.924161911010742, 10.950681686401367, 16.31177520751953, 12.595847129821777, 9.59074592590332, 9.3763427734375, 14.163726806640625, 5.792600154876709, 11.197566032409668, 10.980802536010742, 17.669374465942383, 12.716998100280762, 14.430548667907715, 13.439569473266602, 6.383244037628174, 8.342658042907715, 11.297386169433594, 5.982615947723389, 6.55299711227417, 9.908180236816406, 17.390291213989258, 12.53795337677002, 7.221036434173584, 12.179734230041504, 14.565034866333008, 7.664927005767822, 7.7360758781433105, 9.112091064453125, 6.469791412353516, 6.261497974395752, 4.973715305328369, 8.643619537353516, 6.962750434875488, 7.28974723815918, 19.15427017211914, 13.213547706604004, 6.25228214263916, 4.721989154815674, 7.960699558258057, 8.632963180541992, 8.150674819946289, 6.393887042999268, 4.82444953918457, 11.647122383117676, 8.73409652709961, 15.816661834716797, 5.614622592926025, 13.837977409362793, 18.327421188354492, 7.230566024780273, 7.685414791107178, 9.713339805603027, 5.113390922546387, 9.72860050201416, 8.567899703979492, 7.906444549560547, 11.48661994934082, 8.000444412231445, 8.437333106994629, 7.360308647155762, 6.671159744262695, 4.002635955810547, 19.96183967590332, 6.592280387878418, 8.06188678741455, 11.979329109191895, 7.380995273590088, 7.740558624267578, 4.842859268188477, 12.017464637756348, 5.899572849273682, 7.787014484405518, 7.326054096221924, 4.793060302734375, 5.816147327423096, 12.063834190368652, 5.975119113922119, 16.87371253967285, 13.437233924865723, 5.679635047912598, 6.820040225982666, 12.600054740905762, 7.1282501220703125, 18.402982711791992, 7.628230094909668, 9.44865608215332, 7.5243611335754395, 13.661154747009277, 8.946723937988281, 10.292908668518066, 7.220108985900879, 13.966354370117188, 7.89749813079834, 8.142935752868652, 12.562032699584961, 6.979043006896973, 7.24762487411499, 4.580246448516846, 5.996427536010742, 7.905940532684326, 7.896240711212158, 9.353652954101562, 5.626909255981445, 8.866336822509766, 11.298442840576172, 6.447800636291504, 8.144136428833008, 14.746121406555176, 4.886110782623291, 14.340802192687988, 15.253141403198242, 12.818315505981445, 7.569289207458496, 9.682099342346191, 14.797516822814941, 12.310894012451172, 6.344858169555664, 11.329141616821289, 6.422852516174316, 16.68357276916504, 6.800697326660156, 7.43663215637207, 8.570569038391113, 7.99563455581665, 16.15496826171875, 6.977322578430176, 7.487122535705566, 12.918037414550781, 6.284097194671631, 9.589022636413574, 16.249902725219727, 5.4303436279296875, 17.91530990600586, 6.26324462890625, 9.038704872131348, 6.053103446960449, 7.644096374511719, 7.344162464141846, 19.801876068115234, 17.70529556274414, 13.15527057647705, 13.697659492492676, 13.46788501739502, 11.876471519470215, 14.712713241577148, 16.048635482788086, 13.41991138458252, 15.262495040893555, 11.802343368530273, 11.44787883758545, 7.933933734893799, 7.2989501953125, 8.201677322387695, 15.51828670501709, 14.488578796386719, 9.428858757019043, 13.771167755126953, 14.421499252319336, 8.38487434387207, 7.705197811126709, 15.421509742736816, 14.128738403320312, 8.454615592956543, 16.695226669311523, 6.474794864654541, 11.171355247497559, 13.153097152709961, 12.416722297668457, 15.36446475982666, 7.854987144470215, 14.856143951416016, 6.764027118682861, 14.909250259399414, 12.336624145507812, 10.951607704162598, 17.252552032470703, 6.342244625091553, 12.33464527130127, 7.880097389221191, 14.667595863342285, 6.399628162384033, 7.841001987457275, 15.480026245117188, 17.750934600830078, 4.285684108734131, 13.616915702819824, 13.8336763381958, 7.654402732849121, 13.665046691894531, 6.296111583709717, 15.50202751159668, 15.591547966003418, 12.543519020080566, 7.944610595703125, 12.1140775680542, 19.839120864868164, 12.743884086608887, 15.564099311828613, 6.946994781494141, 5.308956146240234, 12.066015243530273, 12.895977973937988, 8.553071022033691, 8.661263465881348, 7.901033401489258, 14.881674766540527, 13.98005199432373, 13.828405380249023, 12.682234764099121, 6.539617538452148, 7.621492385864258, 6.43608283996582, 7.122620582580566, 7.527262210845947, 8.783422470092773, 7.163890838623047, 6.335736274719238, 5.1037187576293945, 7.756518840789795, 5.9954118728637695, 5.32820987701416, 9.16578197479248, 11.92987060546875, 10.494521141052246, 8.442113876342773, 3.8610880374908447, 10.677929878234863, 8.0128173828125, 12.601265907287598, 5.263753890991211, 12.95041561126709, 6.992948532104492, 9.822877883911133, 7.536416053771973, 9.972238540649414, 8.522109031677246, 7.011171340942383, 8.552356719970703, 10.326910018920898, 7.301291465759277, 6.581860065460205, 18.929534912109375, 7.06124210357666, 7.44379997253418, 9.384865760803223, 7.376032829284668, 17.767288208007812, 4.726115703582764, 8.753992080688477, 19.00600242614746, 7.997591018676758, 7.882177829742432, 11.213059425354004, 9.447369575500488, 11.495869636535645, 4.8348493576049805, 11.654603958129883, 11.267090797424316, 5.380486965179443, 7.709760665893555, 14.34862995147705, 11.819380760192871, 9.027868270874023, 8.130645751953125, 14.071651458740234, 8.015227317810059, 11.281060218811035, 9.34725570678711, 8.22603702545166, 9.829660415649414, 18.484987258911133, 11.888175010681152, 4.869771480560303, 10.175219535827637, 7.311521530151367, 5.1919660568237305, 5.436844348907471, 16.39566993713379, 13.048707962036133, 11.198943138122559, 8.140091896057129, 7.855130672454834, 18.12617301940918, 6.997489929199219, 9.838556289672852, 11.166558265686035, 5.903273582458496, 13.236382484436035, 6.644650459289551, 18.217103958129883, 6.803140163421631, 7.496033191680908, 7.940752983093262, 8.033129692077637, 12.153786659240723, 12.179219245910645, 17.795270919799805, 11.847911834716797, 17.933021545410156, 6.725647449493408, 8.610526084899902, 8.004724502563477, 10.500688552856445, 8.464508056640625, 13.617029190063477, 7.942436695098877, 7.2360920906066895, 8.191447257995605, 5.903330326080322, 14.121603012084961, 8.028152465820312, 7.253678321838379, 7.386253833770752, 20.403945922851562, 16.641197204589844, 5.58445930480957, 10.684370994567871, 9.091381072998047, 6.652923583984375, 13.117356300354004, 8.114325523376465, 15.328021049499512, 17.12550926208496, 17.568273544311523, 8.808768272399902, 7.779599189758301, 5.754745960235596, 8.934314727783203, 8.141225814819336, 5.60470724105835, 12.374990463256836, 5.890236854553223, 5.806267261505127, 19.966598510742188, 9.728163719177246, 12.4216947555542, 21.14919090270996, 3.083324670791626, 5.712103843688965, 7.181607723236084, 5.846958637237549, 11.891179084777832, 8.08163070678711, 19.109949111938477, 11.509676933288574, 6.218818187713623, 5.589722633361816, 19.203920364379883, 8.38640022277832, 11.670767784118652, 7.5529632568359375, 15.907280921936035, 9.83647346496582, 19.292264938354492, 8.274579048156738, 7.897271633148193, 15.462594985961914, 6.845692157745361, 7.709770202636719, 21.102792739868164, 6.073596477508545, 14.283249855041504, 18.998767852783203, 8.788925170898438, 7.463641166687012, 9.876681327819824, 8.966712951660156, 17.789209365844727, 19.281225204467773, 11.959352493286133, 9.481780052185059, 13.24498176574707, 14.86201000213623, 5.5944952964782715, 9.704849243164062, 20.40353012084961, 5.547409534454346, 20.327856063842773, 7.4816436767578125, 19.5765380859375, 13.49155044555664, 8.368626594543457, 19.799135208129883, 7.938465595245361, 19.368276596069336, 5.250640869140625, 7.424143314361572, 7.810783386230469, 8.607292175292969, 19.789281845092773, 11.365706443786621, 15.729312896728516, 12.723800659179688, 5.826693534851074, 11.441515922546387, 19.9962215423584, 5.5870795249938965, 10.180534362792969, 6.902505874633789, 7.599215030670166, 14.785552978515625, 7.370001792907715, 12.778739929199219, 14.009641647338867, 5.134270668029785, 4.482938766479492, 5.51014518737793, 12.526793479919434, 7.227041244506836, 8.236529350280762, 8.99580192565918, 9.880315780639648, 6.956595420837402, 8.998601913452148, 8.16310977935791, 14.068928718566895, 10.566022872924805, 3.2040743827819824, 6.352591037750244, 15.934377670288086, 7.694301128387451, 19.210447311401367, 7.800442218780518, 6.0478081703186035, 7.261926174163818, 15.716334342956543, 18.709924697875977, 7.505227088928223, 18.651456832885742, 19.764387130737305, 19.01127052307129, 8.788508415222168, 19.75794219970703, 6.147686004638672, 12.461748123168945, 7.1505513191223145, 7.088400363922119, 5.804492950439453, 19.607606887817383, 5.340337753295898, 7.014554500579834, 11.630927085876465, 6.279906272888184, 4.883327484130859, 15.72993278503418, 19.605709075927734, 4.692647457122803, 18.656539916992188, 8.504977226257324, 7.516621112823486, 7.340811252593994, 7.441735744476318, 3.910290479660034, 12.345470428466797, 10.569064140319824, 9.824530601501465, 16.82909393310547, 6.07314395904541, 7.529801368713379, 9.026268005371094, 16.571664810180664, 10.0989351272583, 15.217928886413574, 9.718738555908203, 8.254441261291504, 4.736626148223877, 5.99332332611084, 14.561161994934082, 9.000703811645508, 6.423949718475342, 8.725136756896973, 7.488848686218262, 19.429353713989258, 7.81272554397583, 12.839261054992676, 8.190984725952148, 8.194390296936035, 13.724543571472168, 9.485371589660645, 20.432945251464844, 6.090622425079346, 19.749439239501953, 15.671941757202148, 5.2409868240356445, 10.825203895568848, 9.208358764648438, 7.852997779846191, 7.1099114418029785, 13.24370288848877, 7.73814058303833, 8.168907165527344, 15.376401901245117, 10.315888404846191, 14.98153305053711, 14.408027648925781, 12.047383308410645, 16.25221061706543, 15.241729736328125, 14.19924545288086, 6.086584091186523, 17.92581558227539, 18.518386840820312, 18.9925479888916, 5.768128395080566, 7.731483459472656, 7.1769208908081055, 7.091750144958496, 20.249855041503906, 6.56290340423584, 8.699606895446777, 13.384283065795898, 6.83970308303833, 6.90241003036499, 5.259861946105957, 10.38671588897705, 8.051543235778809, 20.5867862701416, 7.490952014923096, 19.89951515197754, 6.691377639770508, 7.323536396026611, 9.114973068237305, 12.390061378479004, 8.980427742004395, 4.824187278747559, 7.368334770202637, 4.018475532531738, 6.455036640167236, 7.5492377281188965, 5.570974349975586, 13.821691513061523, 19.16202735900879, 11.908635139465332, 7.965330600738525, 7.6950225830078125, 8.107515335083008, 12.536528587341309, 6.831793308258057, 8.52407169342041, 13.39210033416748, 6.292635440826416, 7.033030986785889, 7.796530246734619, 7.489552021026611, 8.394105911254883, 6.142391681671143, 6.20237398147583, 10.164422988891602, 8.566167831420898, 15.498025894165039, 15.262051582336426, 7.706113338470459, 8.62517261505127, 14.627803802490234, 6.957637786865234, 7.238027572631836, 7.895124435424805, 7.697478771209717, 6.9359636306762695, 7.5439581871032715, 6.151238918304443, 13.098237991333008, 7.897988796234131, 7.76885461807251, 15.834416389465332, 15.034680366516113, 19.681102752685547, 7.0655999183654785, 7.330519199371338, 7.414116859436035, 9.800426483154297, 8.136019706726074, 12.972370147705078, 8.077654838562012, 8.40571403503418, 6.399089813232422, 6.690356731414795, 11.192156791687012, 9.032835960388184, 7.341983318328857, 15.870743751525879, 7.803152084350586, 7.811802387237549, 13.590896606445312, 8.284919738769531, 15.590472221374512, 13.900768280029297, 17.08160400390625, 13.133655548095703, 5.335678577423096, 4.418787479400635, 12.159064292907715, 4.546365261077881, 5.883700847625732, 7.339691638946533, 20.457502365112305, 8.263493537902832, 6.207040309906006, 17.293601989746094, 13.004867553710938, 14.540762901306152, 8.418685913085938, 5.823970794677734, 8.48686408996582, 7.058468818664551, 10.912286758422852, 10.841011047363281, 5.729402542114258, 14.994745254516602, 9.930550575256348, 16.090023040771484, 6.590392589569092, 7.272407054901123, 6.5435590744018555, 9.148347854614258, 7.0551066398620605, 17.155546188354492, 9.142683029174805, 15.453567504882812, 12.170989990234375, 17.72139549255371, 15.817859649658203, 11.452474594116211, 7.6005024909973145, 14.698932647705078, 14.642446517944336, 8.36772632598877, 11.452272415161133, 7.499311447143555, 13.089820861816406, 7.9217209815979, 10.310577392578125, 7.759735107421875, 6.7866692543029785, 7.376039028167725, 9.250863075256348, 20.008546829223633, 6.335021018981934, 14.188170433044434, 11.85902214050293, 12.81053638458252, 5.187286376953125, 11.462911605834961, 14.872776985168457, 8.513163566589355, 14.96302604675293, 9.351825714111328, 5.970545291900635, 13.636917114257812, 11.554291725158691, 16.3846378326416, 14.815417289733887, 6.551459789276123, 6.941774368286133, 12.939666748046875, 12.897424697875977, 14.625615119934082, 11.767134666442871, 13.414666175842285, 15.263256072998047, 8.521921157836914, 7.3044538497924805, 7.94696569442749, 8.147969245910645, 15.74655818939209, 10.170915603637695, 8.106965065002441, 12.388895988464355, 15.87501049041748, 11.792022705078125, 6.204184055328369, 6.627072334289551, 7.984495639801025, 14.98522663116455, 10.682341575622559, 6.139760971069336, 15.539897918701172, 7.30760383605957, 9.74226188659668, 12.841879844665527, 10.302669525146484, 18.82663917541504, 7.876049041748047, 11.977804183959961, 4.351185321807861, 10.662919998168945, 20.615869522094727, 7.0515971183776855, 6.125521659851074, 13.630865097045898, 6.59942102432251, 17.533920288085938, 16.130399703979492, 10.172863960266113, 8.222583770751953, 15.164073944091797, 8.411409378051758, 5.813120365142822, 17.273279190063477, 5.408372402191162, 11.744913101196289, 7.620091438293457, 8.876909255981445, 12.645913124084473, 6.186939716339111, 13.323430061340332, 5.853970050811768, 6.685161113739014, 8.593286514282227, 18.583192825317383, 11.213810920715332, 15.19428539276123, 11.057575225830078, 18.127676010131836, 7.569096565246582, 7.278696060180664, 11.379196166992188, 7.471197128295898, 8.795560836791992, 7.4664106369018555, 9.686375617980957, 14.644259452819824, 17.214933395385742, 6.848762035369873, 13.991884231567383, 13.574705123901367, 12.729798316955566, 14.460464477539062, 7.607116222381592, 14.157631874084473, 11.759831428527832, 8.483468055725098, 8.289896011352539, 8.839920997619629, 9.573586463928223, 5.191647529602051, 5.358924865722656, 12.316786766052246, 9.162013053894043, 12.026284217834473, 14.567781448364258, 11.645916938781738, 8.783185005187988, 14.597810745239258, 14.125560760498047, 8.363115310668945, 7.365874767303467, 8.204902648925781, 10.84908676147461, 5.914064407348633, 14.326902389526367, 7.657101154327393, 16.066003799438477, 9.87411117553711, 7.701432704925537, 20.885940551757812, 9.606206893920898, 12.203543663024902, 13.786782264709473, 6.859728813171387, 7.5553998947143555, 6.145327568054199, 15.869129180908203, 7.678894996643066, 6.317315101623535, 6.165998458862305, 13.64324951171875, 7.50553035736084, 8.929442405700684, 14.467778205871582, 11.070671081542969, 12.443485260009766, 15.471254348754883, 4.849588394165039, 9.976848602294922, 16.064899444580078, 8.120938301086426, 7.2072930335998535, 11.442570686340332, 12.762466430664062, 8.945555686950684, 10.35628604888916, 5.901151180267334, 5.02088737487793, 12.733243942260742, 7.64438009262085, 5.129245281219482, 8.036296844482422, 14.67386245727539, 19.38521957397461, 5.9245076179504395, 11.702905654907227, 8.862659454345703, 6.845627784729004, 15.807058334350586, 8.250016212463379, 16.03889274597168, 10.846985816955566, 8.453179359436035, 6.54971981048584, 7.971584320068359, 7.031999588012695, 12.784674644470215, 11.282088279724121, 8.285595893859863, 12.769498825073242, 13.864556312561035, 8.588571548461914, 7.934579372406006, 8.736818313598633, 15.005170822143555, 13.028793334960938, 5.33324670791626, 7.561500549316406, 5.2088141441345215, 7.577033042907715, 6.704046726226807, 12.785276412963867, 13.122268676757812, 7.036872863769531, 11.857898712158203, 7.52652645111084, 18.737205505371094, 8.647193908691406, 6.963116645812988, 8.556710243225098, 6.110494613647461, 7.340710639953613, 9.41695499420166, 7.0209126472473145, 5.974867343902588, 9.677251815795898, 6.99714469909668, 7.534388065338135, 15.528273582458496, 18.564395904541016, 12.644001960754395, 5.792093753814697, 9.444865226745605, 10.305885314941406, 20.505464553833008, 11.703863143920898, 6.441895961761475, 7.163293361663818, 15.722179412841797, 8.6995849609375, 7.626994609832764, 5.898997783660889, 20.577659606933594, 10.396576881408691, 13.11782169342041, 8.85373306274414, 10.286166191101074, 14.061066627502441, 7.27943754196167, 7.01687479019165, 6.104668140411377, 8.458305358886719, 10.369671821594238, 5.513704299926758, 9.196388244628906, 8.5586519241333, 8.106400489807129, 7.8974199295043945, 5.653153419494629, 9.694976806640625, 14.511493682861328, 6.8226752281188965, 8.675254821777344, 7.717092514038086, 9.022918701171875, 6.44203519821167, 5.862972736358643, 6.914242267608643, 5.807956218719482, 10.861207008361816, 9.647530555725098, 8.54702091217041, 7.096588134765625, 12.215471267700195, 14.647214889526367, 17.296390533447266, 7.64902400970459, 20.09107208251953, 19.01536750793457, 9.880425453186035, 7.685807704925537, 19.302486419677734, 9.880502700805664, 6.537725448608398, 7.720748424530029, 10.25732707977295, 7.516735553741455, 12.035867691040039, 10.546762466430664, 6.613125801086426, 7.479989051818848, 7.089853286743164, 6.54879093170166, 9.930215835571289, 13.440438270568848, 12.142502784729004, 9.649924278259277, 6.654046535491943, 11.704574584960938, 16.47841453552246, 7.581759452819824, 8.168295860290527, 14.724662780761719, 12.214409828186035, 10.274088859558105, 10.867692947387695, 11.448150634765625, 21.251863479614258, 13.863104820251465, 13.497603416442871, 5.524670600891113, 12.763398170471191, 19.549959182739258, 6.783108234405518, 12.2343168258667, 8.369869232177734, 10.786046981811523, 11.893020629882812, 11.934553146362305, 7.978269577026367, 14.558893203735352, 11.895050048828125, 8.901796340942383, 13.798872947692871, 7.617703914642334, 8.130362510681152, 8.96916389465332, 9.593018531799316, 7.262129306793213, 4.570306301116943, 9.883392333984375, 9.650094032287598, 9.590387344360352, 9.390775680541992, 16.237869262695312, 7.101916313171387, 11.62393856048584, 13.223628997802734, 7.131072044372559, 11.548149108886719, 7.391335487365723, 7.090909957885742, 10.167208671569824, 7.557226657867432, 16.1690673828125, 13.373479843139648, 4.140481948852539, 11.623893737792969, 6.917818069458008, 6.25761604309082, 7.158442497253418, 7.843374252319336, 13.334881782531738, 8.163844108581543, 6.697135925292969, 5.54287052154541, 18.145832061767578, 11.864922523498535, 8.560053825378418, 9.343326568603516, 17.65981101989746, 13.47477912902832, 11.099279403686523, 11.541142463684082, 7.99195671081543, 6.953765869140625, 6.921952724456787, 11.599252700805664, 11.05356216430664, 14.572720527648926, 9.731534957885742, 18.812761306762695, 8.845501899719238, 13.480393409729004, 10.716779708862305, 9.148050308227539, 12.262868881225586, 11.99463176727295, 11.553383827209473, 6.39086389541626, 11.694758415222168, 12.670661926269531, 17.461637496948242, 4.893493175506592, 6.879722595214844, 11.137236595153809, 13.630093574523926, 7.8200483322143555, 11.708452224731445, 12.606361389160156, 11.768778800964355, 6.937394142150879, 13.845681190490723, 9.558695793151855, 5.797726631164551, 15.054933547973633, 12.454516410827637, 13.988910675048828, 11.997807502746582, 16.84591293334961, 9.783364295959473, 12.027511596679688, 12.108131408691406, 7.30800199508667, 6.967564105987549, 6.453255653381348, 7.874022006988525, 8.117201805114746, 13.743521690368652, 7.417283058166504, 9.075536727905273, 10.360091209411621, 10.039437294006348, 7.050589561462402, 9.588780403137207, 8.01064395904541, 8.563929557800293, 13.538108825683594, 6.501119613647461, 8.715208053588867, 11.025891304016113, 9.072007179260254, 6.679512977600098, 7.506596088409424, 19.156288146972656, 8.511512756347656, 16.720348358154297, 9.510817527770996, 9.6007080078125, 9.029502868652344, 8.595852851867676, 9.232735633850098, 5.755334377288818, 12.070024490356445, 6.072331428527832, 7.250662326812744, 7.182422161102295, 7.140714168548584, 9.709375381469727, 9.505087852478027, 7.721774101257324, 8.52031421661377, 9.665964126586914, 13.711498260498047, 16.09799575805664, 11.073586463928223, 11.03693675994873, 16.425884246826172, 8.150566101074219, 9.638535499572754, 7.8188157081604, 7.023001670837402, 14.458724975585938, 8.921317100524902, 6.744818210601807, 15.005276679992676, 5.613402843475342, 12.886528968811035, 9.928281784057617, 12.401382446289062, 5.877099990844727, 11.41275405883789, 6.245636940002441, 7.503965377807617, 13.411498069763184, 11.8532133102417, 6.805985450744629, 15.048748970031738, 7.672945976257324, 6.353996753692627, 12.204675674438477, 9.072644233703613, 14.133259773254395, 9.178112030029297, 8.84605884552002, 7.943447589874268, 13.232900619506836, 18.99506378173828, 6.235991477966309, 9.444793701171875, 7.044409275054932, 7.535172939300537, 13.636277198791504, 9.410055160522461, 9.032113075256348, 9.865062713623047, 7.789052486419678, 7.201249599456787, 15.266422271728516, 14.241140365600586, 9.139405250549316, 14.394635200500488, 15.513426780700684, 11.609712600708008, 15.726303100585938, 8.226006507873535, 12.19087028503418, 8.375652313232422, 8.538742065429688, 10.034680366516113, 8.273307800292969, 6.607994079589844, 9.48952865600586]
Cosines similarity random samples
[0.838281512260437, 0.2765957713127136, 0.826755166053772, 0.7445183992385864, 0.8290029168128967, 0.6870003342628479, 0.7110417485237122, 0.21579764783382416, -0.7125722169876099, 0.7444126605987549, -0.6019560098648071, -0.7642341256141663, 0.773770809173584, 0.6816638708114624, 0.45978623628616333, 0.6159862875938416, 0.8005337715148926, 0.7501342296600342, 0.8290631175041199, 0.5605452060699463, -0.7043495774269104, 0.7693793773651123, 0.18504281342029572, 0.3890035152435303, 0.7248530387878418, -0.479488730430603, 0.7258763313293457, -0.7284653782844543, 0.7426680326461792, 0.8054512739181519, -0.4925614297389984, 0.5600730180740356, 0.7570216655731201, -0.015828028321266174, 0.6871330142021179, 0.7704356908798218, 0.6913379430770874, 0.6935980319976807, -0.041950523853302, 0.15778802335262299, -0.7370696067810059, 0.6908242702484131, 0.7392103672027588, 0.6353010535240173, 0.690011739730835, -0.6117950677871704, 0.7739617228507996, 0.8213036060333252, 0.7214348912239075, 0.7185062170028687, 0.743668794631958, 0.7977937459945679, 0.20252157747745514, 0.8104313611984253, 0.4017195403575897, -0.7645509243011475, 0.8470995426177979, 0.8401095867156982, 0.6387330293655396, 0.11166130006313324, 0.6580147743225098, 0.09563343226909637, 0.6567198038101196, 0.7261250615119934, 0.7479870319366455, 0.6461801528930664, 0.3838033080101013, 0.7614657878875732, -0.07553426176309586, 0.8620436191558838, 0.4067855477333069, 0.7215428948402405, 0.7697927355766296, 0.8864028453826904, 0.04986170679330826, 0.4721749424934387, 0.6487575769424438, 0.7915183901786804, -0.7779516577720642, 0.854576587677002, 0.6831309199333191, 0.7076693177223206, 0.014265350997447968, 0.5311547517776489, 0.7334868311882019, -0.7779437899589539, 0.6356920003890991, -0.45717522501945496, 0.6964475512504578, 0.7067856788635254, 0.7990975379943848, 0.3612874150276184, 0.7745387554168701, -0.3802608251571655, 0.6458876132965088, 0.7728066444396973, 0.666517436504364, -0.7911437749862671, 0.7193443179130554, 0.6285890936851501, 0.4140612483024597, -0.2115980088710785, -0.6171654462814331, -0.3292771577835083, 0.5562853813171387, 0.8408665657043457, 0.4386265277862549, 0.5970169901847839, 0.4975540339946747, 0.8411839008331299, 0.42762112617492676, 0.0045984722673892975, 0.03823350369930267, 0.5137240886688232, 0.18644975125789642, -0.6894128322601318, 0.6020573973655701, 0.04879963397979736, 0.3888079524040222, 0.6759376525878906, 0.6787885427474976, 0.8578083515167236, 0.5060421824455261, 0.22415399551391602, 0.021069809794425964, 0.5275097489356995, 0.6795816421508789, 0.67973792552948, 0.4681420922279358, 0.29748696088790894, 0.773816704750061, -0.08311457186937332, 0.7007020711898804, 0.26718807220458984, 0.23289892077445984, 0.45142433047294617, 0.494568794965744, 0.45756644010543823, 0.6559817790985107, 0.3222089409828186, 0.0698700100183487, 0.8190113306045532, 0.4970724582672119, 0.399897038936615, 0.128645122051239, 0.7197908163070679, -0.719714879989624, -0.6891663670539856, 0.5219900608062744, 0.40745869278907776, 0.517214298248291, 0.4584888517856598, 0.3432658910751343, 0.6399580240249634, -0.6860533952713013, 0.7388540506362915, 0.7041594982147217, 0.24350985884666443, -0.2837332487106323, 0.5279276371002197, 0.49127769470214844, 0.46171703934669495, -0.025687966495752335, -0.29513606429100037, 0.5737143158912659, -0.6001065969467163, 0.16821742057800293, 0.457407146692276, 0.45776763558387756, 0.10243690013885498, 0.7522441148757935, -0.7884455323219299, 0.36184394359588623, 0.16141995787620544, 0.6009184122085571, -0.6450399160385132, 0.4653227627277374, 0.8695545792579651, 0.6570874452590942, -0.012384440749883652, 0.5887903571128845, 0.38045579195022583, 0.40436655282974243, 0.5417485237121582, 0.6717686653137207, -0.5553699731826782, 0.15591567754745483, 0.42285698652267456, -0.3251945376396179, 0.6004117727279663, 0.30066049098968506, 0.32339149713516235, 0.5806175470352173, 0.761732816696167, 0.8584986329078674, 0.358128160238266, 0.6802039742469788, 0.6869274377822876, 0.0338422916829586, 0.11329632252454758, 0.23803846538066864, 0.23014488816261292, 0.7692435383796692, 0.7694858908653259, 0.5061425566673279, 0.7877315282821655, 0.184063121676445, 0.23301710188388824, 0.6136274337768555, 0.6592191457748413, 0.19341671466827393, -0.1396116316318512, 0.2733660936355591, -0.1722891479730606, 0.21970967948436737, 0.8149192333221436, 0.5796728134155273, 0.44772428274154663, 0.40606066584587097, 0.010968789458274841, 0.27456238865852356, 0.6508833765983582, 0.6325814723968506, 0.4698486030101776, 0.3981438875198364, 0.7602779865264893, 0.8254112005233765, 0.5178560018539429, 0.31255507469177246, 0.6082910299301147, 0.38230687379837036, 0.6844899654388428, 0.30962660908699036, 0.48894524574279785, 0.3462216854095459, 0.6492971181869507, 0.1625065952539444, 0.7076556086540222, 0.384604275226593, 0.2069898396730423, -0.474364310503006, 0.4456139802932739, -0.07180652022361755, 0.6087567210197449, 0.1675891876220703, -0.30577951669692993, 0.3342973589897156, 0.7225510478019714, 0.6756353974342346, 0.42118486762046814, 0.08581762760877609, -0.1123216301202774, 0.278222918510437, 0.8693578243255615, 0.8725987076759338, 0.2864223122596741, 0.9229243397712708, 0.7552838921546936, 0.7605397701263428, 0.04169423133134842, -0.4288780987262726, 0.1463603377342224, -0.44137370586395264, 0.28561079502105713, -0.09079232811927795, 0.23091834783554077, 0.9464629888534546, -0.26901713013648987, 0.6739591956138611, 0.2564876079559326, 0.8325232863426208, 0.7218886613845825, 0.4113299250602722, 0.788195013999939, 0.19249853491783142, -0.5548665523529053, 0.2997170090675354, 0.793200671672821, 0.7137278914451599, 0.3378329873085022, 0.7598133087158203, 0.06576809287071228, 0.20760910212993622, 0.773533046245575, 0.5518355965614319, 0.6777169704437256, 0.3286474943161011, 0.5565301179885864, 0.8261570930480957, 0.6034886837005615, 0.511103630065918, 0.3594283163547516, 0.30291610956192017, -0.48453786969184875, -0.10611971467733383, -0.4134593605995178, 0.2384137660264969, 0.3770917057991028, 0.2591797113418579, 0.8804822564125061, 0.6552599668502808, -0.6156504154205322, 0.41120463609695435, 0.07118384540081024, -0.7105903625488281, -0.7369574308395386, 0.7001358270645142, 0.7090580463409424, -0.756634533405304, 0.8221429586410522, 0.6668634414672852, 0.6887283325195312, 0.540569543838501, -0.4462164640426636, 0.5826398730278015, -0.6749364137649536, 0.7404251098632812, 0.721983015537262, 0.09510770440101624, 0.673927366733551, 0.7185512781143188, 0.697310209274292, 0.6607234477996826, 0.7183386087417603, 0.6976041197776794, -0.00561794638633728, -0.7627613544464111, 0.6696948409080505, -0.4176088273525238, 0.8762333989143372, 0.6630122661590576, -0.6224852800369263, 0.29001539945602417, 0.8863439559936523, 0.325639545917511, 0.6977168321609497, -0.5989813804626465, 0.7588773369789124, 0.1541469842195511, 0.6479509472846985, 0.7157163619995117, -0.762924075126648, 0.006625622510910034, 0.7483105659484863, 0.8159315586090088, 0.7464208006858826, 0.8416301608085632, -0.48860594630241394, 0.5204606056213379, 0.6641426682472229, -0.6571943759918213, 0.7079731822013855, 0.8398889899253845, 0.6995083689689636, -0.007930025458335876, 0.06376594305038452, 0.687393069267273, 0.6666951179504395, 0.8184475898742676, 0.8621646165847778, 0.7394362688064575, 0.6891986131668091, 0.7692381739616394, 0.6694765090942383, 0.08928775787353516, 0.7765179872512817, -0.2545360028743744, 0.7414336204528809, 0.2900664210319519, 0.014894209802150726, 0.8331027626991272, 0.6519322395324707, -0.6275794506072998, 0.15572303533554077, -0.5450404286384583, 0.6158062815666199, 0.6739208698272705, 0.34466928243637085, 0.56395024061203, 0.8820372819900513, 0.7371169328689575, 0.6457948684692383, 0.8960846066474915, 0.11920852959156036, -0.49718913435935974, -0.4828830063343048, -0.2200435996055603, -0.7926781177520752, 0.3709946870803833, 0.6595354080200195, -0.43939638137817383, -0.009450316429138184, -0.4065185785293579, 0.2638460099697113, 0.49354562163352966, 0.07460541278123856, -0.7165695428848267, 0.5183776617050171, -0.4834362268447876, 0.3340723216533661, 0.9061374664306641, 0.058593034744262695, 0.29998499155044556, 0.004985518753528595, 0.676811695098877, 0.2887546718120575, 0.7375338673591614, 0.014007806777954102, 0.026577457785606384, 0.4257899224758148, 0.017581820487976074, 0.4568968713283539, 0.1784699559211731, -0.3636561632156372, 0.30389338731765747, 0.20987580716609955, 0.13116995990276337, 0.8168132305145264, 0.17383679747581482, 0.6371088027954102, 0.31954556703567505, -0.15823231637477875, 0.08258377760648727, 0.21473842859268188, 0.7042917013168335, 0.05367507040500641, -0.41038811206817627, 0.7521281242370605, 0.05370739847421646, 0.7586773633956909, 0.54653000831604, 0.5711575150489807, 0.49056971073150635, -0.12845078110694885, 0.0031919702887535095, -0.17781934142112732, 0.5156652927398682, 0.8245657682418823, 0.9118689894676208, 0.650152325630188, 0.15972557663917542, 0.6861563920974731, 0.42990460991859436, 0.6219348907470703, -0.0719289779663086, 0.7128952145576477, 0.7626585960388184, -0.1798836886882782, 0.7087070941925049, 0.33857250213623047, 0.524760365486145, 0.3898444175720215, -0.18139813840389252, 0.78525710105896, 0.04623574763536453, 0.7637708187103271, 0.7990553379058838, 0.23090077936649323, 0.7169243693351746, 0.7532882690429688, -0.40170082449913025, 0.6809211373329163, 0.7006441354751587, 0.06496775150299072, 0.665326714515686, 0.694451093673706, 0.6931507587432861, -0.09662997722625732, 0.0007018372416496277, 0.47418028116226196, 0.6652606725692749, 0.6613259315490723, 0.7387369871139526, 0.6577291488647461, 0.41531091928482056, 0.6787042021751404, 0.128838449716568, -0.6297413110733032, 0.651840329170227, 0.7178962826728821, 0.33661705255508423, 0.09995270520448685, 0.7347396612167358, 0.5415213704109192, 0.4804668426513672, 0.7044154405593872, 0.9237839579582214, 0.5159292221069336, 0.459960401058197, 0.8019555807113647, 0.7417691946029663, 0.702769935131073, 0.006343234330415726, 0.7571676969528198, 0.7293998003005981, 0.5585921406745911, 0.7996543645858765, 0.6856793165206909, -0.14550814032554626, 0.7838618755340576, 0.836357593536377, -0.1120285838842392, 0.5932149887084961, 0.14900873601436615, 0.7722009420394897, 0.26418337225914, 0.8792984485626221, 0.7152166366577148, 0.7867388725280762, 0.493028461933136, 0.604414701461792, 0.20641496777534485, 0.675159752368927, 0.4463025629520416, 0.7123831510543823, 0.6845759153366089, 0.5044488906860352, 0.8410249948501587, 0.763465940952301, 0.06695608794689178, 0.6115776300430298, 0.3652627468109131, 0.46738213300704956, 0.6989825963973999, -0.8034288287162781, 0.6102553606033325, 0.731709361076355, 0.3461363911628723, 0.45478498935699463, 0.8167736530303955, 0.7431187629699707, 0.42138081789016724, 0.009417325258255005, 0.6147609949111938, 0.45977309346199036, 0.7257407307624817, 0.622861385345459, 0.5147501826286316, 0.7704145312309265, 0.43012887239456177, 0.7817246913909912, 0.6752846240997314, 0.12738773226737976, 0.24760206043720245, 0.25231626629829407, 0.7665930390357971, 0.70255446434021, 0.4371502101421356, 0.26566579937934875, 0.7786355018615723, 0.7884147763252258, 0.19910036027431488, 0.3958698511123657, -0.03180985152721405, 0.6771759986877441, 0.8687711954116821, 0.3423364758491516, 0.3634813725948334, -0.6888902187347412, 0.6498973369598389, 0.35728001594543457, 0.7700967788696289, 0.6156933307647705, 0.7732651233673096, 0.32065629959106445, 0.6028043627738953, 0.0868694856762886, 0.7263705730438232, 0.5528815984725952, 0.7689846754074097, 0.7996698617935181, 0.5998756885528564, 0.22831332683563232, 0.6740970611572266, 0.6951092481613159, 0.36564865708351135, 0.37763819098472595, 0.1782531440258026, 0.6489323377609253, 0.6875256299972534, 0.7451623678207397, 0.5892916321754456, 0.5423035025596619, 0.6686807870864868, 0.6178626418113708, 0.10400737822055817, 0.12037158757448196, 0.33622950315475464, 0.6092826128005981, 0.1428697407245636, -0.7419626116752625, 0.7741347551345825, 0.8513573408126831, 0.2541268467903137, 0.7965812683105469, 0.16582751274108887, 0.7017065286636353, 0.5930536389350891, 0.6260946989059448, 0.009497754275798798, -0.6283739805221558, 0.7905009984970093, 0.02112209051847458, 0.9229366779327393, 0.7570387125015259, 0.8276478052139282, 0.8507631421089172, 0.6221919655799866, 0.8541619777679443, 0.09581064432859421, -0.3661203980445862, 0.3463533818721771, -0.10899030417203903, 0.840516209602356, 0.31708598136901855, 0.7219085693359375, 0.7015912532806396, -0.6843686103820801, 0.5644924640655518, 0.7904354333877563, 0.017337292432785034, 0.5933085083961487, 0.7995641231536865, 0.3568524420261383, 0.07818751037120819, 0.6770780682563782, 0.8676594495773315, 0.8484395742416382, 0.6651772856712341, 0.8150351643562317, 0.6609998345375061, 0.7000718712806702, 0.6923177242279053, 0.7783795595169067, 0.7858378291130066, 0.8026522397994995, 0.02748536504805088, 0.6195337772369385, 0.7758702039718628, 0.7051395177841187, 0.35637152194976807, 0.6437132358551025, 0.45654964447021484, 0.5473906993865967, 0.6860923767089844, -0.7384952902793884, 0.21088114380836487, 0.7914361953735352, 0.8370773792266846, 0.874427080154419, 0.614949643611908, 0.018294721841812134, 0.3347001075744629, 0.7465143799781799, 0.8877995014190674, 0.8213778734207153, 0.4835563600063324, 0.34287047386169434, 0.9002442359924316, 0.3820664882659912, 0.19331398606300354, 0.7576140761375427, 0.180586576461792, 0.862474799156189, 0.627058207988739, 0.6998578906059265, 0.6810479164123535, 0.7646726369857788, 0.768004298210144, 0.6976279020309448, 0.8586100339889526, -0.05433741956949234, 0.8350241184234619, 0.7563177347183228, 0.6682610511779785, 0.7749813795089722, 0.7890466451644897, 0.1430242955684662, 0.2371404618024826, 0.6613770127296448, 0.4968257546424866, -0.7699576020240784, 0.014711139723658562, 0.7406786680221558, 0.681549608707428, 0.7624255418777466, 0.7766017317771912, 0.6510000228881836, 0.6487644910812378, 0.6296718120574951, 0.7867648601531982, 0.8356651663780212, -0.0987042561173439, 0.7265547513961792, 0.12174805998802185, 0.6164745092391968, 0.07110492140054703, -0.03877755254507065, 0.5033478736877441, 0.8399381041526794, 0.7803253531455994, 0.10900749266147614, 0.5831708312034607, 0.6661074161529541, 0.7189404964447021, -0.17757830023765564, 0.35071107745170593, 0.8490419387817383, 0.6593038439750671, 0.43062007427215576, 0.4636278748512268, -0.09040779620409012, 0.7583080530166626, -0.027547476813197136, 0.8637621402740479, 0.7303074598312378, 0.610749363899231, 0.7529966831207275, 0.8213731050491333, 0.8118939995765686, 0.6884411573410034, 0.2787761092185974, 0.7744677066802979, 0.7241122722625732, 0.7776849865913391, 0.37697142362594604, 0.7591602802276611, 0.6200138330459595, 0.15888762474060059, -0.07996229827404022, 0.7742079496383667, 0.5133551955223083, 0.20815888047218323, 0.7189443111419678, 0.2514975965023041, 0.7225959300994873, 0.7615230679512024, 0.08509133011102676, 0.722955048084259, 0.722766637802124, 0.8233845233917236, 0.730096697807312, 0.6761940717697144, 0.7122741341590881, 0.9559889435768127, 0.7856689691543579, 0.6588230729103088, 0.3646848201751709, -0.710309624671936, 0.39570698142051697, 0.9279698729515076, 0.7144603729248047, 0.8575335741043091, 0.39235544204711914, 0.7495460510253906, 0.7643354535102844, 0.7132906317710876, 0.7328698039054871, 0.8444675803184509, 0.7137035131454468, 0.8469052314758301, 0.8185652494430542, 0.6946057677268982, 0.4869813323020935, 0.7030565738677979, 0.7088149189949036, 0.078812375664711, 0.5760812759399414, 0.01860649138689041, 0.350425124168396, 0.8595852851867676, 0.3586985468864441, 0.3134884834289551, 0.7308908104896545, 0.8473807573318481, 0.7564664483070374, 0.7811927199363708, 0.6502972841262817, 0.6228522062301636, 0.7913323044776917, 0.43610936403274536, 0.8453236222267151, 0.8382256031036377, 0.23071809113025665, 0.5095174312591553, 0.13702377676963806, 0.12245817482471466, 0.8450358510017395, 0.6334326863288879, 0.5808270573616028, -0.7108877897262573, 0.7390522956848145, 0.012417551130056381, -0.5429547429084778, 0.8672665357589722, -0.5102047324180603, 0.8202836513519287, 0.771206259727478, 0.8580162525177002, 0.8248751163482666, 0.040558286011219025, -0.6114963889122009, -0.7626714110374451, 0.09920360893011093, 0.5763335227966309, -0.0038330182433128357, 0.7867503762245178, 0.5022673606872559, 0.45864182710647583, 0.18309441208839417, 0.8138662576675415, 0.464532732963562, 0.07498553395271301, -0.3708760738372803, 0.680522084236145, 0.3787812888622284, 0.06815584748983383, 0.11834385246038437, 0.6532970666885376, 0.6927527189254761, 0.05347524583339691, 0.4070590138435364, 0.09038311243057251, -0.5166150331497192, 0.33821535110473633, 0.7116996645927429, 0.7781985402107239, 0.212315171957016, 0.005230981856584549, 0.6384782195091248, 0.6375550031661987, -0.0452284999191761, 0.4004901349544525, -0.04262003302574158, 0.7190512418746948, 0.12257018685340881, 0.5166723728179932, 0.6705992817878723, 0.4414307773113251, 0.5919493436813354, 0.5335713028907776, 0.39200109243392944, 0.5071529150009155, -0.10070771723985672, 0.6934192180633545, 0.33899712562561035, 0.6551902294158936, 0.7642979621887207, -0.2589041590690613, 0.19858187437057495, -0.40370437502861023, 0.33419686555862427, 0.4642513394355774, 0.6967799663543701, 0.8017144203186035, 0.6264380812644958, -0.6377472877502441, 0.652690052986145, 0.2820754945278168, 0.7342528700828552, -0.6734045743942261, 0.6007767915725708, -0.07721611857414246, 0.11374072730541229, 0.2445961833000183, 0.5721468925476074, 0.36765092611312866, 0.3097107410430908, 0.8129603266716003, 0.48472699522972107, 0.5480836629867554, 0.09258616715669632, 0.48259711265563965, 0.3249053359031677, 0.0794752836227417, 0.2693968117237091, 0.6931491494178772, 0.01638014242053032, 0.5968329906463623, 0.0846019759774208, 0.602821946144104, 0.06629762053489685, 0.04886743053793907, -0.08440470695495605, -0.7544621229171753, -0.046705782413482666, 0.6924394369125366, 0.017271406948566437, 0.047233834862709045, 0.7948923110961914, 0.12274177372455597, 0.48986130952835083, 0.45690280199050903, -0.35006850957870483, 0.19586773216724396, 0.6056227684020996, 0.5420935153961182, 0.03913189470767975, 0.833438515663147, 0.34480971097946167, 0.3389942944049835, -0.20773625373840332, 0.2811586856842041, 0.014798596501350403, 0.1489579677581787, 0.793805718421936, 0.6118549704551697, 0.34719619154930115, 0.8442232608795166, 0.7914480566978455, 0.5130369663238525, -0.4444934129714966, 0.2787107825279236, 0.7192686796188354, 0.3587576746940613, -0.04883730411529541, 0.711336612701416, 0.7490751147270203, 0.5935322046279907, 0.8071465492248535, 0.8254506587982178, 0.877657413482666, 0.6191790103912354, 0.7606590390205383, 0.7305675745010376, -0.6771003603935242, 0.2518165111541748, 0.804735541343689, 0.9094164371490479, 0.7117525339126587, 0.6446229815483093, 0.7208406925201416, 0.8212181329727173, 0.8947435617446899, 0.6236943602561951, 0.5826361775398254, -0.3368823528289795, 0.8301180601119995, 0.06520497053861618, -0.6706253290176392, 0.7494014501571655, 0.71391761302948, 0.5421592593193054, 0.8728375434875488, 0.44799530506134033, 0.6429628133773804, 0.7105811834335327, 0.425879567861557, 0.7014141082763672, 0.6732198596000671, 0.7346068620681763, 0.7783129215240479, 0.9194064140319824, -0.712299108505249, 0.7894108295440674, 0.6900163888931274, 0.2573455572128296, 0.7567627429962158, 0.7146939635276794, 0.8794068098068237, 0.22167517244815826, 0.8356882333755493, 0.7072300314903259, 0.7271229028701782, 0.8879901170730591, 0.815091609954834, 0.2510213255882263, 0.8252471685409546, 0.00973784551024437, 0.1417813003063202, 0.8444567918777466, 0.7640563249588013, 0.23207500576972961, 0.7510056495666504, -0.5547844171524048, 0.7275556325912476, 0.5693038105964661, 0.7384184002876282, 0.08168117702007294, 0.6026462316513062, 0.4305754005908966, 0.7530829906463623, 0.04217838495969772, 0.7247835397720337, 0.7073187828063965, 0.20088323950767517, 0.7781416773796082, 0.7320535182952881, 0.8964096307754517, 0.824721097946167, 0.7249282598495483, 0.6825617551803589, 0.569165825843811, 0.8482699394226074, 0.6078318357467651, 0.37603795528411865, 0.8042349815368652, 0.6880834102630615, 0.024939700961112976, 0.8858256340026855, 0.01904759556055069, -0.08542899787425995, 0.20607326924800873, 0.685849666595459, 0.5209732055664062, -0.011325452476739883, 0.3206515908241272, 0.801552414894104, 0.4006021022796631, 0.7928147315979004, -0.440278559923172, 0.7798590660095215, 0.7114830017089844, 0.6348837614059448, 0.6914587020874023, -0.2866671085357666, 0.8022466897964478, 0.7566094398498535, 0.19830399751663208, 0.792762815952301, 0.5033929347991943, -0.16707798838615417, 0.8513127565383911, -0.4845423698425293, 0.7913768887519836, 0.5761772394180298, 0.8235145807266235, 0.7400990724563599, 0.7140470743179321, -0.6348608732223511, -0.6043413877487183, 0.10336004942655563, 0.10154317319393158, 0.12381276488304138, 0.25284579396247864, -0.08813584595918655, -0.15418457984924316, 0.24123942852020264, -0.18731187283992767, 0.27287447452545166, 0.263960599899292, 0.674304723739624, 0.7425081133842468, 0.665677011013031, -0.15874706208705902, 0.02185583859682083, 0.5769113898277283, 0.08641105890274048, -0.011735953390598297, 0.6321327090263367, 0.7188529968261719, -0.14202991127967834, 0.012354269623756409, 0.672012448310852, -0.3565242290496826, 0.7900792360305786, 0.3977355659008026, 0.03009980171918869, 0.199035182595253, -0.14789345860481262, 0.6944732666015625, -0.02275025099515915, 0.7840414643287659, 0.02863384783267975, 0.2505824863910675, 0.42351847887039185, -0.4596232771873474, 0.8012805581092834, 0.25437313318252563, 0.7119203805923462, 0.041483573615550995, 0.7986257076263428, 0.7411512136459351, -0.22231222689151764, -0.48291605710983276, 0.9171751737594604, 0.14028145372867584, 0.09565602242946625, 0.7231144905090332, 0.09678410738706589, 0.822584331035614, -0.14447404444217682, -0.1254512518644333, 0.20704641938209534, 0.7183794975280762, 0.23339496552944183, -0.7598809003829956, 0.3149987757205963, -0.07656380534172058, 0.7907987833023071, 0.8762822151184082, 0.4118768274784088, 0.19520136713981628, 0.6203708648681641, 0.6010931134223938, 0.7192947268486023, -0.1238708645105362, 0.1352825164794922, 0.0994834378361702, 0.2782893180847168, 0.7974426746368408, 0.6985849738121033, 0.7871658802032471, 0.7418885231018066, 0.718366265296936, 0.5694380402565002, 0.7460616827011108, 0.7745929956436157, 0.8760495185852051, 0.6869092583656311, 0.8311997652053833, 0.8719425201416016, 0.6275172233581543, 0.3801857829093933, 0.4480321407318115, 0.6685851812362671, 0.9317742586135864, 0.46679776906967163, 0.6914212107658386, 0.22605162858963013, 0.865837812423706, 0.3043988049030304, 0.783990204334259, 0.4555320143699646, 0.7153735756874084, 0.5268728733062744, 0.627974271774292, 0.7450486421585083, 0.685620129108429, 0.3690605163574219, 0.7411909103393555, 0.7837756872177124, -0.7949170470237732, 0.7333086729049683, 0.7159648537635803, 0.5818590521812439, 0.7346829175949097, -0.4506949186325073, 0.8969329595565796, 0.5562077760696411, -0.6113708019256592, 0.6503806114196777, 0.6999332904815674, 0.35722625255584717, 0.5330015420913696, 0.41567039489746094, 0.8879072666168213, 0.4349060356616974, 0.37608420848846436, 0.8635247945785522, 0.7118457555770874, 0.18890342116355896, 0.36342501640319824, 0.564382791519165, 0.6691928505897522, 0.04662109166383743, 0.6947176456451416, 0.4198863208293915, 0.5548380613327026, 0.6741507053375244, 0.4931032061576843, -0.7040830850601196, 0.2753293514251709, 0.8848544359207153, 0.5446078181266785, 0.7349997758865356, 0.8700904846191406, 0.8680063486099243, -0.2655600607395172, 0.2888449430465698, 0.3559951186180115, 0.6862155795097351, 0.6709628105163574, -0.6580967903137207, 0.7302507758140564, 0.5311859250068665, 0.34173691272735596, 0.8325505256652832, 0.2796518802642822, 0.7831985950469971, -0.45331811904907227, 0.753088653087616, 0.7263507843017578, 0.6450105309486389, 0.683167576789856, 0.2612566649913788, 0.22481119632720947, -0.4016340672969818, 0.3724747896194458, -0.46796393394470215, 0.796478271484375, 0.6911104917526245, 0.6610400080680847, 0.4498666524887085, 0.6428099870681763, 0.1375730037689209, 0.6837908029556274, 0.7200148105621338, 0.6257771849632263, 0.8409885168075562, 0.018555551767349243, 0.6761469841003418, 0.7274636030197144, 0.7084941864013672, -0.6680014133453369, -0.33920562267303467, 0.8435162305831909, 0.47319239377975464, 0.7135108113288879, 0.7624943256378174, 0.31529146432876587, 0.6799402236938477, -0.0048279911279678345, -0.07181406766176224, -0.4879877269268036, 0.592851996421814, 0.6862970590591431, 0.832056999206543, 0.5758640766143799, 0.6560128927230835, 0.8349050879478455, 0.2732499837875366, 0.8421878218650818, 0.8467892408370972, -0.7152420282363892, 0.47804567217826843, 0.2419704794883728, -0.525073766708374, 0.9521892070770264, 0.8237001895904541, 0.7420828938484192, 0.8445959091186523, 0.3314589262008667, 0.7235164046287537, -0.6770144701004028, 0.38259240984916687, 0.8071308135986328, 0.8469861745834351, -0.7397809624671936, 0.6105414032936096, 0.41759759187698364, 0.7283124923706055, -0.10892297327518463, 0.47654154896736145, -0.6962168216705322, 0.6581786274909973, 0.6793793439865112, -0.05222465842962265, 0.7688248753547668, 0.7050787210464478, -0.7848250269889832, 0.8222165703773499, 0.19384773075580597, -0.7023487687110901, 0.6504254341125488, 0.7274183034896851, 0.5141498446464539, 0.6486446261405945, -0.5918381810188293, -0.6484897136688232, 0.3097319006919861, 0.5305238962173462, 0.11009075492620468, -0.293595552444458, 0.8491114377975464, 0.5147961378097534, -0.7540461421012878, 0.8534364700317383, -0.5509665012359619, 0.7520647048950195, -0.4720615744590759, 0.08871743828058243, 0.6883650422096252, -0.8113343715667725, 0.7105590105056763, -0.7388646602630615, 0.8635120987892151, 0.716580331325531, 0.6812896728515625, 0.5912895202636719, -0.7387877702713013, 0.3967943787574768, -0.03249970078468323, 0.050782084465026855, 0.8288507461547852, 0.3508967161178589, -0.6979702711105347, 0.835151731967926, 0.4624417722225189, 0.7659580707550049, 0.7187254428863525, 0.028342068195343018, 0.7618622779846191, 0.11911134421825409, 0.05570504814386368, 0.8727823495864868, 0.9009412527084351, 0.8468195199966431, 0.2609714865684509, 0.7564847469329834, 0.636299192905426, 0.6373661160469055, 0.4994513988494873, 0.7688248157501221, 0.6543689966201782, 0.6720066070556641, -0.01285911351442337, 0.404763400554657, 0.9472871422767639, 0.8015615940093994, -0.3081420063972473, 0.732174277305603, -0.7024849653244019, 0.7047294974327087, 0.83379065990448, 0.7539566159248352, -0.21003396809101105, -0.643050491809845, 0.7143348455429077, -0.7189910411834717, -0.532987117767334, -0.7567963600158691, 0.6191059350967407, -0.7184476852416992, 0.8210747838020325, 0.20158036053180695, 0.7386084794998169, 0.761614203453064, 0.8321307301521301, -0.7258574962615967, 0.8590842485427856, 0.7651793956756592, 0.34851643443107605, 0.807122528553009, 0.8775052428245544, -0.06495128571987152, -0.6669988632202148, 0.8943162560462952, -0.6465117931365967, 0.6926583051681519, 0.7308976650238037, 0.7650483846664429, 0.759139895439148, 0.9228395223617554, 0.21678006649017334, 0.46003225445747375, 0.5500481128692627, -0.31977325677871704, 0.8264502286911011, 0.7427971363067627, 0.5770760774612427, -0.3219063878059387, 0.419393926858902, -0.22504732012748718, 0.5153831243515015, 0.6507573127746582, 0.8967701196670532, 0.8059272766113281, 0.08744704723358154, 0.5711404085159302, 0.8349560499191284, 0.6258817315101624, 0.7083295583724976, -0.7114467024803162, 0.7182185649871826, 0.15849125385284424, 0.6391481161117554, 0.6368592977523804, 0.03272385895252228, 0.526591420173645, -0.8185639381408691, 0.8170512318611145, -0.7696322798728943, -0.09158588200807571, 0.8623955249786377, 0.3974737226963043, 0.6488838195800781, 0.7019935250282288, 0.7565251588821411, 0.14750802516937256, 0.7212897539138794, 0.7019808292388916, 0.00874931737780571, 0.4432069659233093, -0.046304624527692795, 0.05989806354045868, 0.24761247634887695, -0.2731819152832031, -0.10519358515739441, 0.07267105579376221, 0.8116830587387085, -0.7052809596061707, -0.700201153755188, -0.7123469710350037, 0.833749532699585, 0.679940402507782, 0.7664209604263306, 0.7376205921173096, -0.7469673752784729, 0.7734859585762024, 0.6829140186309814, 0.11345920711755753, 0.7903509140014648, 0.7764793634414673, 0.8535439968109131, 0.4522101879119873, 0.6718198657035828, -0.7643030285835266, 0.6757605075836182, -0.7284985184669495, 0.7915794253349304, 0.7233908176422119, 0.6291764378547668, 0.21396172046661377, 0.5658838748931885, 0.8880274295806885, 0.7102521657943726, 0.9201298952102661, 0.8021814823150635, 0.7221168279647827, 0.8578158617019653, 0.02517499029636383, -0.608135461807251, 0.28115153312683105, 0.6853340268135071, 0.6870572566986084, 0.6860085725784302, 0.1612146943807602, 0.7668616771697998, 0.6313156485557556, 0.10720115900039673, 0.8154378533363342, 0.7601760625839233, 0.659244954586029, 0.7192643284797668, 0.6436388492584229, 0.8079289197921753, 0.8162410855293274, 0.5028538703918457, 0.674317479133606, -0.014350604265928268, -0.1276935338973999, 0.7073384523391724, 0.6292464733123779, 0.16710981726646423, 0.7654916644096375, 0.7647212147712708, 0.7084598541259766, 0.7202832698822021, 0.7727005481719971, 0.7390801310539246, 0.8216842412948608, 0.07355768978595734, 0.6883037686347961, 0.6845293045043945, -0.16676756739616394, 0.0734795480966568, -0.6719062924385071, 0.7524620294570923, 0.7406594753265381, 0.7581424713134766, 0.5972530245780945, 0.673305094242096, 0.24910792708396912, 0.6681098937988281, 0.6407614350318909, 0.805695652961731, 0.7694410085678101, 0.3703714609146118, 0.5623490810394287, 0.7014687061309814, -0.12680354714393616, 0.699998676776886, 0.6858635544776917, 0.11777399480342865, 0.6918938159942627, -0.04815226048231125, 0.02818526327610016, -0.29566478729248047, 0.12082569301128387, 0.8582949638366699, 0.9004000425338745, 0.36385586857795715, 0.903633177280426, 0.8376709222793579, 0.7557573318481445, -0.7095233201980591, 0.5794849991798401, 0.8187006711959839, -0.17434945702552795, 0.2422354519367218, 0.1527867466211319, 0.6574073433876038, 0.8271270394325256, 0.6317444443702698, 0.766362190246582, 0.3030099868774414, 0.38015228509902954, 0.8417986631393433, 0.14619910717010498, 0.42530474066734314, -0.1632298231124878, 0.7929569482803345, 0.7455122470855713, 0.7780245542526245, 0.5852602124214172, 0.768592357635498, -0.3853782117366791, 0.5540908575057983, -0.045514196157455444, 0.26048099994659424, -0.21288710832595825, -0.2092362642288208, 0.3072652816772461, 0.7123717069625854, -0.045701757073402405, -0.06998038291931152, 0.6428231000900269, 0.3294587731361389, 0.7143374681472778, 0.1414521485567093, 0.7070325613021851, 0.47015947103500366, 0.7070426940917969, 0.7910873889923096, 0.7361685037612915, 0.5264768600463867, -0.6668360233306885, 0.810447096824646, 0.07500819861888885, 0.32095569372177124, 0.17685726284980774, 0.862670361995697, 0.3908920884132385, -0.05755189061164856, 0.6836388111114502, -0.01842663437128067, 0.5870798230171204, 0.8222557902336121, 0.03318190202116966, 0.3196542263031006, -0.3203456401824951, -0.1150117963552475, 0.7840113639831543, 0.7752384543418884, 0.27395331859588623, 0.2164948284626007, 0.11005862057209015, 0.29603660106658936, 0.1680411994457245, -0.12683939933776855, 0.6174576282501221, 0.7433421611785889, 0.6794984936714172, 0.6812540292739868, -0.05041162669658661, 0.5014041662216187, 0.6880741715431213, 0.1917116343975067, -0.1188482865691185, 0.2914504408836365, 0.801658034324646, 0.7847102880477905, 0.6880095601081848, -0.15519830584526062, 0.39769279956817627, 0.8134743571281433, -0.05402039736509323, 0.7399957180023193, 0.502564549446106, 0.31921178102493286, 0.4491877555847168, -0.72121661901474, 0.6904904842376709, 0.32260802388191223, 0.9100545644760132, 0.41026771068573, -0.7073602080345154, 0.7368582487106323, 0.8282855749130249, 0.27490895986557007, 0.7909033298492432, -0.21921618282794952, -0.15634894371032715, 0.45525506138801575, 0.7020521759986877, -0.11930127441883087, 0.6246159076690674, 0.8318672180175781, -0.16686037182807922, 0.8604333996772766, 0.298106849193573, 0.7427898645401001, 0.6215873956680298, 0.2079201191663742, 0.8137384653091431, 0.09850676357746124, 0.8351700305938721, 0.7710261344909668, 0.628507137298584, -0.6652683019638062, 0.32990121841430664, -0.16307902336120605, 0.4224960207939148, -0.49176162481307983, 0.710928201675415, 0.7259167432785034, 0.352146714925766, 0.7151968479156494, 0.5803961753845215, 0.7120241522789001, 0.38135451078414917, 0.07284266501665115, -0.30521252751350403, 0.7627597451210022, 0.04165203869342804, 0.07223587483167648, 0.2363675832748413, -0.007562369108200073, 0.75846266746521, 0.09874818474054337, 0.34291279315948486, 0.6396542191505432, 0.6397495269775391, 0.6333897113800049, 0.5021287202835083, 0.877683699131012, 0.86176997423172, 0.1827014535665512, 0.5901612639427185, 0.3494988679885864, 0.06819619238376617, 0.3436378836631775, 0.6664220094680786, 0.09539851546287537, 0.11396549642086029, 0.6216707229614258, 0.7267330884933472, 0.7178810238838196, 0.43953561782836914, 0.8366089463233948, 0.043014101684093475, 0.6811619997024536, -0.08676177263259888, 0.4865950644016266, 0.7011203169822693, -0.6812618970870972, 0.5596771240234375, 0.32291990518569946, -0.0048118531703948975, 0.7309486269950867, 0.7467342019081116, 0.8371931314468384, -0.0713648572564125, 0.7058984041213989, 0.8006399273872375, 0.8052127957344055, 0.08558978885412216, 0.7352918386459351, 0.5903090238571167, 0.04871104657649994, 0.42105597257614136, 0.15197865664958954, -0.21634513139724731, 0.8835564851760864, 0.46113577485084534, -0.09423451870679855, 0.6742908358573914, 0.7537996768951416, 0.3421962857246399, 0.24398866295814514, 0.603986918926239, 0.49591365456581116, 0.8215964436531067, 0.86744624376297, 0.19713498651981354, 0.6956668496131897, 0.8659144639968872, 0.6744154095649719, 0.027046427130699158, -0.7086693644523621, 0.8136882781982422, 0.389522910118103, 0.6066063046455383, 0.7676277756690979, -0.08303818851709366, 0.6604640483856201, -0.42100846767425537, 0.45539796352386475, 0.6520594358444214, 0.7751195430755615, 0.6715028285980225, 0.7468370199203491, 0.24421226978302002, 0.36253803968429565, 0.6567432880401611, 0.16601751744747162, 0.16224750876426697, 0.6261526346206665, 0.681620717048645, 0.6349101662635803, 0.05241033434867859, 0.11399536579847336, 0.8590688705444336, 0.7499428987503052, 0.8635208010673523, 0.7201329469680786, 0.7749438285827637, 0.2750658392906189, 0.18335799872875214, 0.7444706559181213, 0.3420007824897766, 0.7152047157287598, -0.6971238851547241, 0.6373536586761475, 0.7217758893966675, 0.5635842680931091, 0.8183767199516296, 0.7479550242424011, 0.5281743407249451, 0.7598534822463989, 0.8202206492424011, 0.5114337801933289, 0.7520501613616943, 0.7229945659637451, -0.3891097903251648, -0.6000751852989197, 0.31376999616622925, 0.8410782217979431, 0.5584824085235596, 0.473809152841568, -0.6899039149284363, 0.24181601405143738, 0.7894601821899414, 0.7521759867668152, -0.4233643412590027, 0.6657425165176392, 0.7172892093658447, 0.8256053924560547, -0.7734474539756775, 0.45411431789398193, 0.13104292750358582, 0.5797957181930542, 0.48921123147010803, 0.22209212183952332, 0.7376100420951843, 0.7517560124397278, 0.8494871854782104, 0.6174514293670654, 0.46365591883659363, 0.8571765422821045, 0.575124979019165, 0.5844550132751465, 0.6228188872337341, 0.7089720964431763, 0.8428388237953186, 0.5505505204200745, 0.1629992127418518, 0.7783302664756775, 0.6311287879943848, 0.7014729976654053, 0.5473986864089966, 0.7987719774246216, 0.837189793586731, 0.7624478340148926, 0.8256242275238037, 0.38589826226234436, 0.4893156886100769, 0.6467795968055725, 0.7246847152709961, 0.25948968529701233, 0.07641515880823135, -0.4498597979545593, 0.7157339453697205, -0.7101218700408936, -0.6486614942550659, 0.46026504039764404, 0.6874683499336243, -0.7317014336585999, 0.4747968316078186, 0.7916044592857361, 0.7281906008720398, 0.46654725074768066, 0.733847975730896, 0.29503360390663147, 0.44980886578559875, 0.7916252017021179, 0.7213020324707031, 0.7170937061309814, 0.7896398305892944, 0.5183070302009583, -0.01077432930469513, 0.3323121666908264, 0.5587226748466492, 0.7900049090385437, 0.3620835542678833, -0.4274108111858368, 0.710171639919281, 0.6771820783615112, 0.06599866598844528, 0.33287110924720764, 0.49849629402160645, 0.41108807921409607, 0.30646345019340515, -0.7856189012527466, 0.08333028107881546, 0.10564224421977997, 0.8482261896133423, 0.15593671798706055, -0.795342206954956, 0.7464118599891663, 0.2552957832813263, 0.6638212203979492, 0.421583354473114, 0.3079228103160858, 0.28659725189208984, 0.6621054410934448, -0.0892934799194336, 0.23179779946804047, 0.6491612195968628, 0.23294097185134888, 0.6761079430580139, 0.6680537462234497, 0.5695770978927612, 0.5070139765739441, 0.7539419531822205, 0.8986294865608215, 0.4730147421360016, 0.5635855197906494, 0.5655708909034729, 0.5302650928497314, -0.49894601106643677, 0.7532135844230652, 0.3482682704925537, 0.2811131179332733, 0.7155996561050415, 0.36353182792663574, 0.7181441783905029, 0.7292945384979248, 0.4561208486557007, 0.7276901602745056, -0.3770963251590729, 0.15729309618473053, 0.9227749109268188, 0.35558438301086426, 0.7783982753753662, 0.7973347902297974, 0.7575854659080505, 0.6859774589538574, 0.17918962240219116, 0.6498237252235413, 0.7630963921546936, 0.8517972230911255, -0.7040777802467346, 0.267362117767334, 0.6672762036323547, 0.5674600601196289, -0.40361469984054565, 0.12345598638057709, 0.34258323907852173, 0.3249320387840271, 0.6651649475097656, 0.7447260618209839, 0.7513561844825745, 0.3671777844429016, 0.41640615463256836, 0.0008515492081642151, 0.5392022728919983, -0.6458026170730591, 0.5900583863258362, 0.07556833326816559, 0.4236692190170288, 0.5659008622169495, 0.2807590961456299, 0.3430327773094177, 0.438998818397522, 0.7891896963119507, 0.3209407329559326, 0.26947805285453796, -0.6895568370819092, 0.8948112726211548, 0.7783792018890381, 0.39214757084846497, -0.007319305092096329, 0.6661791801452637, 0.30140283703804016, 0.3041374087333679, 0.2866988778114319, 0.7700362205505371, 0.045918747782707214, 0.5506104230880737, 0.8363134860992432, -0.13223108649253845, 0.2784695625305176, -0.00028960779309272766, 0.2201291173696518, 0.034054361283779144, 0.546852707862854, 0.2294396311044693, 0.23700743913650513, 0.7331788539886475, 0.7452046275138855, 0.8075193762779236, 0.6865280866622925, 0.6985968351364136, 0.06526181846857071, 0.7267859578132629, 0.6287920475006104, 0.49671927094459534, 0.5283840894699097, 0.7683817744255066, 0.5742592811584473, 0.7147203683853149, 0.6129899024963379, 0.09316020458936691, 0.8102480173110962, 0.654216468334198, 0.38454532623291016, 0.6256674528121948, 0.787739634513855, 0.746232271194458, -0.6696855425834656, 0.681075930595398, -0.4450598955154419, 0.5420708656311035, 0.5329850316047668, 0.5769813060760498, 0.6592932939529419, 0.5962316989898682, 0.8451985120773315, 0.3627917170524597, 0.846075177192688, 0.7488034963607788, 0.7272343635559082, 0.7665156126022339, 0.5160109400749207, 0.5660545825958252, 0.6768038272857666, 0.6369531750679016, 0.468157023191452, 0.4490945339202881, -0.09080662578344345, 0.4037897288799286, 0.374912828207016, -0.5263813734054565, 0.7063531279563904, 0.49270913004875183, 0.7162595987319946, 0.7483652830123901, 0.11372275650501251, 0.641984224319458, 0.7711876034736633, 0.11072996258735657, 0.852809488773346, 0.0761275440454483, 0.5514898300170898, 0.2230118364095688, 0.8249397277832031, 0.3341389000415802, 0.8070417046546936, 0.7361637353897095, 0.15999898314476013, 0.3014226257801056, 0.7942934036254883, 0.200507253408432, 0.7296625375747681, 0.8105258941650391, 0.32124149799346924, 0.6393340229988098, -0.007937297224998474, 0.5738973617553711, 0.6398488283157349, 0.6717894077301025, 0.16778942942619324, -0.7495443820953369, 0.7969509363174438, 0.6060335636138916, 0.7855384349822998, 0.755771279335022, 0.10665413737297058, 0.5383116006851196, 0.622156023979187, 0.5427180528640747, 0.6705381870269775, 0.7191330194473267, -0.2223953902721405, 0.15984410047531128, 0.633760929107666, -0.07637874782085419, -0.07240532338619232, 0.36617332696914673, -0.10361386835575104, 0.66517174243927, 0.3719072937965393, 0.6415588855743408, 0.6889395117759705, 0.4201294779777527, 0.6573269367218018, 0.7644205093383789, 0.5338000059127808]
