sample name: ['C[C@H]1C[C@@H](C)CN(S(=O)(=O)c2ccc(NC(=O)c3cccs3)cc2)C1']
atom_index,distance,cosine_similarity
0,0.019324951171875,0.016463427543640136
1,0.16730499267578125,-0.009088912010192872
2,0.0421368408203125,0.007627958692610264
3,-0.00362274169921875,0.009544434547424317
4,-0.195491943359375,0.04849319353699684
5,0.0942449951171875,-0.010881944596767425
6,-0.10764068603515625,0.010611623227596283
7,-0.9852215576171875,0.04027013927698135
8,0.037305908203125,-0.01591694764792919
9,-0.28162078857421874,0.03598408363759518
10,0.0078143310546875,0.006640893518924713
11,-0.1693658447265625,0.01817756563425064
12,-0.15210662841796874,0.012364142090082169
13,-0.612784423828125,0.04168012231588364
14,-0.0491558837890625,-0.00844557374715805
15,-0.2047735595703125,0.012337907701730728
16,-0.01356109619140625,-0.015502479672431946
17,-0.1087591552734375,0.00916380137205124
18,-0.1834014892578125,0.02317640870809555

Sum of phi values for distance
-2.6993737792968755
Sum of phi values for cosine similarity
0.23269984412938355
Average distance random samples:
5.390559059506969
Average cosine similarity random samples:
0.5516218184669943
Distances random samples
[5.653485298156738, 5.789561748504639, 4.052128314971924, 4.0347580909729, 5.295183181762695, 5.609716892242432, 4.695239543914795, 5.174996852874756, 4.654085636138916, 5.125201225280762, 4.6678080558776855, 5.838128566741943, 6.093155384063721, 6.132081985473633, 4.695882797241211, 4.854814529418945, 5.439638137817383, 6.277749061584473, 5.856093883514404, 5.256543159484863, 7.82173490524292, 4.546141624450684, 5.555412292480469, 4.7452311515808105, 5.302632808685303, 5.013103485107422, 5.389201641082764, 5.779031753540039, 5.953057765960693, 4.899959564208984, 5.2770466804504395, 5.776733875274658, 3.045865774154663, 4.682749271392822, 5.398952960968018, 6.3573317527771, 7.3677263259887695, 6.208208084106445, 4.708489418029785, 6.134629726409912, 6.7318525314331055, 4.45497465133667, 4.832602500915527, 5.296870708465576, 5.158045768737793, 4.754130840301514, 4.846273899078369, 5.373784065246582, 4.904138565063477, 6.499074935913086, 5.417374610900879, 3.2170517444610596, 6.259232521057129, 4.222911834716797, 6.259402751922607, 5.298823356628418, 5.629488945007324, 6.443852424621582, 5.2317214012146, 5.466326713562012, 5.8786845207214355, 3.785205364227295, 5.596532344818115, 5.456799030303955, 5.580173969268799, 5.6167473793029785, 6.228253364562988, 2.850248098373413, 6.882241249084473, 3.2519733905792236, 6.152822017669678, 3.5259552001953125, 5.457369804382324, 5.792147636413574, 6.422484874725342, 4.369380950927734, 5.122840404510498, 4.920094013214111, 6.522363185882568, 4.929689407348633, 5.127857208251953, 5.296739101409912, 5.99127721786499, 4.868014335632324, 4.846522808074951, 4.870396614074707, 4.849038124084473, 6.307138442993164, 4.86073112487793, 6.895445346832275, 4.671834468841553, 4.74680757522583, 4.4447503089904785, 5.120929718017578, 5.203054428100586, 5.271012783050537, 7.270118713378906, 5.244269847869873, 5.729050159454346, 5.806294918060303, 3.997924566268921, 2.5224711894989014, 4.815001487731934, 3.9653899669647217, 3.2300972938537598, 6.493632793426514, 5.284222602844238, 4.504304885864258, 6.2322845458984375, 4.604498386383057, 6.743326187133789, 5.509016513824463, 4.3017354011535645, 5.979820728302002, 5.418657302856445, 4.123054504394531, 5.382142543792725, 4.6271233558654785, 5.275063991546631, 4.310412406921387, 5.206971645355225, 4.055891036987305, 5.401484489440918, 5.445577621459961, 6.415313720703125, 5.627126216888428, 4.639278888702393, 5.467005252838135, 5.407116889953613, 5.6938958168029785, 3.9268693923950195, 6.559183120727539, 3.133244514465332, 6.93558406829834, 6.022242546081543, 5.595634460449219, 5.299421310424805, 3.9602677822113037, 4.596778392791748, 5.6328582763671875, 5.383628845214844, 3.4953861236572266, 4.870339393615723, 5.361810207366943, 6.280431747436523, 3.9916977882385254, 4.4446797370910645, 5.681870460510254, 6.026334285736084, 5.096383094787598, 5.14871883392334, 4.080955505371094, 5.998714923858643, 6.218854904174805, 6.247504711151123, 4.716640472412109, 5.519438743591309, 5.0579094886779785, 5.237978458404541, 4.183565139770508, 5.529789924621582, 4.53905725479126, 5.81748628616333, 5.373040676116943, 5.615145683288574, 6.289289474487305, 6.9416823387146, 6.5589728355407715, 6.914882183074951, 4.690458297729492, 4.339879989624023, 6.068689823150635, 5.211126804351807, 6.224933624267578, 5.1085286140441895, 5.877248287200928, 5.09802770614624, 4.315381050109863, 5.415604114532471, 4.583617687225342, 4.906767845153809, 5.645139217376709, 6.112936019897461, 5.434028148651123, 5.852366924285889, 3.7765212059020996, 5.479421138763428, 4.258447647094727, 5.191329479217529, 7.855854034423828, 4.937201976776123, 5.438935279846191, 6.279607772827148, 5.098595142364502, 5.812626838684082, 5.854999542236328, 7.479606628417969, 5.59358024597168, 5.780538082122803, 4.488927364349365, 4.126115798950195, 4.120020389556885, 6.03875732421875, 5.551901340484619, 6.923815727233887, 4.48436975479126, 7.751542568206787, 3.7463605403900146, 5.785907745361328, 5.655975818634033, 6.418909072875977, 4.029689788818359, 4.4662322998046875, 4.335160732269287, 4.278563976287842, 5.291983604431152, 6.021476745605469, 5.640652656555176, 6.096920967102051, 5.627905368804932, 5.924098968505859, 3.4667868614196777, 5.518138885498047, 5.255061149597168, 4.521908283233643, 7.333764553070068, 5.821595191955566, 4.536485195159912, 5.488265514373779, 5.7780938148498535, 4.45039176940918, 5.265944957733154, 5.571961879730225, 5.229954719543457, 4.770284175872803, 4.962488651275635, 7.165433883666992, 4.02648401260376, 4.268128871917725, 4.866199970245361, 4.5946125984191895, 5.126825332641602, 5.805405616760254, 5.347287178039551, 5.479435443878174, 5.704021453857422, 5.373126029968262, 5.839926242828369, 5.934507846832275, 5.703333854675293, 6.788862228393555, 7.143540859222412, 5.2174224853515625, 4.610079288482666, 6.401630401611328, 4.78297233581543, 4.257678985595703, 5.198544979095459, 5.690475940704346, 4.497412204742432, 5.716357231140137, 5.29003381729126, 5.5484113693237305, 4.262125015258789, 5.758963584899902, 5.76964807510376, 5.595871448516846, 3.980952262878418, 5.311244487762451, 4.430493354797363, 6.6366353034973145, 5.66391658782959, 4.9125285148620605, 6.3927836418151855, 8.521533966064453, 5.457130432128906, 5.283039569854736, 6.0503997802734375, 3.8889503479003906, 4.216052055358887, 6.977201461791992, 6.112436771392822, 6.775267124176025, 5.616050720214844, 5.107804298400879, 8.30436897277832, 5.999213695526123, 5.723062992095947, 8.074463844299316, 4.603923320770264, 5.651413917541504, 5.0384907722473145, 6.159135818481445, 4.857299327850342, 5.624852657318115, 5.462634563446045, 5.311038017272949, 4.633050441741943, 5.407205104827881, 4.459475517272949, 4.866067409515381, 4.025826454162598, 5.351876258850098, 5.671972274780273, 6.866393089294434, 5.435924053192139, 5.815584182739258, 5.658350944519043, 4.480320930480957, 4.850934982299805, 5.250843524932861, 5.446922302246094, 4.239725589752197, 5.825127601623535, 6.603150367736816, 5.6622843742370605, 5.685792922973633, 5.265705585479736, 5.421993255615234, 5.182484149932861, 5.401212215423584, 6.215470314025879, 5.714827060699463, 3.7287259101867676, 4.447320938110352, 4.229859828948975, 5.734313488006592, 5.643181324005127, 6.493721008300781, 4.670688629150391, 5.2778639793396, 5.611648082733154, 5.3852219581604, 5.852147579193115, 5.508146286010742, 7.351211071014404, 5.962327003479004, 5.10792875289917, 5.792383670806885, 4.651406764984131, 4.689579010009766, 3.7143757343292236, 5.223236560821533, 9.350945472717285, 3.3549323081970215, 5.262367248535156, 6.119557857513428, 5.4242730140686035, 4.065334320068359, 4.171724796295166, 6.894101142883301, 5.268370628356934, 5.61041784286499, 4.029751300811768, 4.362466335296631, 3.1292595863342285, 5.344462871551514, 4.921879768371582, 4.168567657470703, 4.291233062744141, 4.539350986480713, 4.228041172027588, 6.531341552734375, 5.542236804962158, 6.452755451202393, 4.502793788909912, 5.564352512359619, 7.804986000061035, 6.076455116271973, 5.245516777038574, 6.106442928314209, 4.698693752288818, 2.2041172981262207, 4.016108989715576, 4.0808186531066895, 5.449617385864258, 7.299895763397217, 5.591921329498291, 6.191632270812988, 4.691474437713623, 3.0662786960601807, 5.758490085601807, 6.399709224700928, 6.2842841148376465, 6.168264389038086, 4.235583305358887, 4.748454570770264, 4.471006870269775, 5.2862958908081055, 5.345989227294922, 4.652405738830566, 5.943959712982178, 4.510985851287842, 4.487381935119629, 5.392188549041748, 5.824845314025879, 5.841884613037109, 5.4932708740234375, 7.694490432739258, 3.365163564682007, 6.76118278503418, 6.177888870239258, 4.717548370361328, 6.928564071655273, 6.531703948974609, 4.649804592132568, 5.440465450286865, 4.585206508636475, 5.910648345947266, 4.743708610534668, 5.645316123962402, 4.243661403656006, 4.234072685241699, 4.500705242156982, 5.420518398284912, 5.163932800292969, 5.658095359802246, 4.7158660888671875, 6.1769256591796875, 5.833043575286865, 8.992457389831543, 5.604255199432373, 4.9912333488464355, 5.47337007522583, 4.673229217529297, 5.945003986358643, 5.806966304779053, 5.201507091522217, 4.501317501068115, 3.9914188385009766, 5.021663188934326, 4.538468837738037, 3.9980549812316895, 5.834860324859619, 4.675671577453613, 8.277853965759277, 6.645024299621582, 5.9162421226501465, 4.247861862182617, 5.049452781677246, 5.538578987121582, 8.815149307250977, 5.593258380889893, 5.499463081359863, 3.8406288623809814, 5.42897367477417, 4.654727935791016, 4.456356525421143, 6.129317283630371, 5.8125457763671875, 6.6475510597229, 5.9926981925964355, 5.768751621246338, 3.4302725791931152, 3.799772024154663, 6.759188652038574, 3.5784413814544678, 5.2855353355407715, 5.084819793701172, 5.237089157104492, 4.529694080352783, 4.128090858459473, 4.634757995605469, 6.555872440338135, 6.07177734375, 5.068031311035156, 5.0690598487854, 4.785296440124512, 4.478188991546631, 6.31744384765625, 5.480216026306152, 5.823570728302002, 6.0639495849609375, 7.219449043273926, 3.8250720500946045, 4.751072406768799, 7.16652774810791, 4.278409004211426, 4.87612247467041, 4.6716179847717285, 5.613537311553955, 5.603428840637207, 5.353016376495361, 6.267210006713867, 6.076449871063232, 5.356961727142334, 5.5828142166137695, 5.034632682800293, 7.250409126281738, 4.009676456451416, 4.977477073669434, 5.284036159515381, 4.990390300750732, 4.023151874542236, 5.460424423217773, 5.914867877960205, 3.7787129878997803, 6.140773773193359, 5.347018718719482, 6.133683204650879, 4.191081523895264, 5.5571608543396, 5.869079113006592, 4.802187919616699, 4.0247344970703125, 4.91448450088501, 5.361069202423096, 5.346289157867432, 4.660217761993408, 4.951866626739502, 5.7229766845703125, 5.195127964019775, 5.903595447540283, 4.865482330322266, 5.3834638595581055, 5.430755615234375, 4.418684005737305, 5.439590930938721, 3.997748374938965, 4.324959754943848, 5.686675548553467, 5.744819164276123, 5.484713554382324, 4.018916606903076, 7.478480339050293, 6.806761741638184, 5.312619686126709, 5.5049519538879395, 6.170304775238037, 5.143147945404053, 6.1359710693359375, 6.185222625732422, 3.995119333267212, 5.525762557983398, 4.885833740234375, 6.132774353027344, 4.842980861663818, 5.353440284729004, 5.069378852844238, 4.617246150970459, 5.861619472503662, 4.886041641235352, 6.105024337768555, 4.611301422119141, 7.018150806427002, 4.655959129333496, 4.340705394744873, 5.4398627281188965, 4.1704912185668945, 7.925904750823975, 6.469922065734863, 5.636524677276611, 5.210247039794922, 6.9115166664123535, 4.948421478271484, 6.276217937469482, 5.799321174621582, 5.082643985748291, 3.9749069213867188, 6.539519786834717, 4.189091205596924, 3.9789865016937256, 3.6298134326934814, 4.103874206542969, 4.292514801025391, 5.785114765167236, 3.429813861846924, 5.743661880493164, 6.205195903778076, 4.330185890197754, 4.6019368171691895, 5.171745777130127, 4.49512243270874, 5.450614929199219, 5.185730934143066, 3.221851110458374, 7.1993632316589355, 5.091595649719238, 6.324767112731934, 4.832046031951904, 5.359720706939697, 4.606930255889893, 4.601744651794434, 5.158339023590088, 4.891749382019043, 5.268995761871338, 4.240856170654297, 6.228370666503906, 3.606626033782959, 5.811558723449707, 5.266300678253174, 4.605100631713867, 4.682461261749268, 4.6444478034973145, 5.102137565612793, 5.179218292236328, 6.735008239746094, 5.251114368438721, 5.432989597320557, 4.002691268920898, 4.635774612426758, 5.993473052978516, 5.644951820373535, 5.211857795715332, 3.8627002239227295, 5.34046745300293, 6.31841516494751, 4.6772942543029785, 3.1667990684509277, 4.232792377471924, 5.435288906097412, 3.979381561279297, 4.229333400726318, 4.432176113128662, 5.172300815582275, 4.861875534057617, 6.576955318450928, 4.873861789703369, 5.935631275177002, 4.451329231262207, 5.071312427520752, 4.6430344581604, 4.434616565704346, 5.965614318847656, 6.066714763641357, 5.465706825256348, 4.773812770843506, 5.890310287475586, 6.020259380340576, 5.175974369049072, 4.693594455718994, 5.26182222366333, 5.765256404876709, 5.057176113128662, 5.295079231262207, 4.666024684906006, 4.676689147949219, 5.438262939453125, 4.237264156341553, 3.2860231399536133, 6.016355991363525, 4.811252593994141, 5.693723678588867, 5.752330303192139, 5.74363374710083, 4.823931694030762, 7.740281105041504, 5.062257766723633, 5.258168697357178, 3.9973528385162354, 5.494498252868652, 4.786944389343262, 4.474455833435059, 5.290907382965088, 6.9720611572265625, 3.7462780475616455, 3.43182110786438, 5.423812389373779, 3.7417755126953125, 4.87203311920166, 3.719780206680298, 3.694390296936035, 3.732835292816162, 5.381426811218262, 6.0700201988220215, 4.649595737457275, 5.803677558898926, 5.1414408683776855, 6.065583229064941, 4.429701805114746, 7.934298515319824, 5.995506286621094, 5.076366901397705, 4.272426128387451, 6.366660118103027, 5.081175804138184, 7.466898441314697, 7.256208419799805, 5.215881824493408, 5.946711540222168, 5.7947001457214355, 5.057672023773193, 5.476391792297363, 4.76229190826416, 5.073598861694336, 5.849155902862549, 5.516917705535889, 4.310666561126709, 5.817673683166504, 4.46290397644043, 5.473991394042969, 5.074381351470947, 5.422406196594238, 3.9677774906158447, 4.000332832336426, 4.088670253753662, 5.61342191696167, 5.690962314605713, 4.871819019317627, 6.816498756408691, 6.328216552734375, 7.141467571258545, 6.197777271270752, 6.38230037689209, 6.4743781089782715, 7.284266471862793, 6.043925762176514, 6.969083786010742, 5.741193771362305, 6.4535651206970215, 5.673499584197998, 6.4683966636657715, 7.599208831787109, 6.708438396453857, 6.491402626037598, 7.1779022216796875, 6.416922569274902, 7.085350036621094, 6.504587650299072, 6.519258975982666, 7.0354838371276855, 7.68798303604126, 5.7393293380737305, 6.130852222442627, 4.744929313659668, 6.560556411743164, 6.043057918548584, 6.975275039672852, 4.477992534637451, 4.874379634857178, 6.015223503112793, 7.612139701843262, 6.135044097900391, 6.274786472320557, 8.953006744384766, 6.175492286682129, 6.407429218292236, 7.849942684173584, 5.655097484588623, 7.669023036956787, 6.309684753417969, 4.498288631439209, 7.151705741882324, 4.972826957702637, 5.604063034057617, 6.63137674331665, 4.882538318634033, 6.76643705368042, 5.250654220581055, 6.397342681884766, 7.017841815948486, 7.869874477386475, 6.122883319854736, 5.979488372802734, 5.233356475830078, 6.463889122009277, 7.299203872680664, 6.343968868255615, 9.62136459350586, 5.473518371582031, 5.8280158042907715, 7.2537736892700195, 6.347568035125732, 8.420934677124023, 6.348362445831299, 7.658858299255371, 5.295666217803955, 5.807907581329346, 7.827635288238525, 7.276484489440918, 6.661869525909424, 6.200616359710693, 7.020847797393799, 5.883024215698242, 6.077869415283203, 5.808306694030762, 5.701947212219238, 6.425713539123535, 5.000293731689453, 6.023720741271973, 5.345471382141113, 3.6293630599975586, 6.0973992347717285, 5.641437530517578, 6.203235149383545, 5.4069600105285645, 7.827069282531738, 7.522491931915283, 5.221197605133057, 6.644649028778076, 5.964828968048096, 5.980389595031738, 5.750608444213867, 7.2193403244018555, 5.993762969970703, 6.427412509918213, 6.659806728363037, 7.533360958099365, 5.426689624786377, 7.158397674560547, 5.414464950561523, 5.554625988006592, 7.604485988616943, 4.5685906410217285, 4.700571537017822, 4.531808853149414, 5.159120082855225, 4.856274604797363, 7.477700233459473, 6.078345775604248, 4.457459926605225, 6.2266340255737305, 6.065214157104492, 5.903215408325195, 5.075131893157959, 4.926913261413574, 5.157673358917236, 5.926974296569824, 4.695670127868652, 4.79246187210083, 5.626402854919434, 3.780665397644043, 5.638855934143066, 4.6796040534973145, 5.227599143981934, 5.405984878540039, 6.566622734069824, 4.98371696472168, 4.929915428161621, 3.3228440284729004, 4.310388565063477, 4.33672571182251, 4.551059246063232, 4.258540153503418, 8.032536506652832, 6.953355312347412, 8.582328796386719, 5.039901256561279, 3.870145559310913, 5.45689058303833, 3.4198856353759766, 5.828637599945068, 6.514979839324951, 6.844444274902344, 3.7770516872406006, 4.994207859039307, 5.45028018951416, 6.142281532287598, 5.342922687530518, 5.334061622619629, 4.733880043029785, 5.6308159828186035, 4.538873195648193, 5.242547512054443, 6.733400821685791, 4.480576992034912, 6.499334812164307, 5.7944817543029785, 7.668255805969238, 4.645668029785156, 3.2156317234039307, 5.014474868774414, 6.001628875732422, 6.255812644958496, 4.859952926635742, 5.681620121002197, 5.153590202331543, 5.196887969970703, 4.579095840454102, 5.165749549865723, 4.7957634925842285, 4.872375965118408, 5.158774375915527, 4.609279155731201, 5.562568187713623, 4.843146800994873, 5.780184745788574, 6.671070575714111, 5.797989845275879, 5.6317057609558105, 4.877964496612549, 4.5050859451293945, 6.679573059082031, 5.278881549835205, 5.569285869598389, 6.736376762390137, 5.44747257232666, 5.629096984863281, 6.218821048736572, 5.853874683380127, 5.17241907119751, 5.763247489929199, 5.439811706542969, 9.037206649780273, 3.2060813903808594, 4.65283727645874, 5.114757537841797, 5.488061428070068, 4.469132423400879, 4.435257911682129, 5.269650936126709, 5.395777702331543, 6.1832475662231445, 4.820626735687256, 5.074530124664307, 4.54787540435791, 4.245561122894287, 4.2577924728393555, 5.293364524841309, 7.0268378257751465, 5.127873420715332, 5.893120288848877, 5.8558244705200195, 7.082111835479736, 4.041384696960449, 4.352581977844238, 7.546558380126953, 4.998595714569092, 6.623782157897949, 5.281911373138428, 5.251248359680176, 5.71706485748291, 2.711491346359253, 5.416665077209473, 5.692836761474609, 5.504397392272949, 6.553272724151611, 5.3087687492370605, 6.306907653808594, 5.696896553039551, 6.3774733543396, 6.209919452667236, 8.95484733581543, 9.57943058013916, 4.934255123138428, 5.072752475738525, 5.778313159942627, 4.571536540985107, 4.585453033447266, 5.304300785064697, 4.262862205505371, 6.52839994430542, 4.4860758781433105, 6.448317050933838, 5.538365364074707, 5.158220291137695, 6.033699989318848, 6.081315994262695, 5.327680587768555, 5.679531097412109, 3.877635955810547, 4.477362155914307, 4.4621262550354, 4.142648696899414, 4.4065070152282715, 7.542440414428711, 5.142618179321289, 6.507128715515137, 5.491207599639893, 4.794332981109619, 4.106512069702148, 5.392655372619629, 4.9508843421936035, 5.251504898071289, 3.732250213623047, 4.457599639892578, 5.537854194641113, 4.56476354598999, 5.659430027008057, 4.789621353149414, 6.582874298095703, 4.857297897338867, 5.332283973693848, 5.900769233703613, 3.9929633140563965, 4.8269476890563965, 5.6159491539001465, 4.462271213531494, 3.9437458515167236, 5.492576599121094, 4.014490127563477, 5.355477333068848, 4.804159641265869, 7.085644721984863, 6.034060955047607, 5.819141387939453, 3.9751172065734863, 4.471818447113037, 5.265662670135498, 6.295989036560059, 5.8475446701049805, 6.293792724609375, 5.261241436004639, 4.6747846603393555, 4.477394104003906, 6.0904717445373535, 5.770300388336182, 5.594296455383301, 5.176726341247559, 4.252645015716553, 5.265455722808838, 4.453141212463379, 5.573811054229736, 4.915589332580566, 4.047692775726318, 5.330533504486084, 4.844428062438965, 4.360410690307617, 5.1145782470703125, 4.862559795379639, 5.386058330535889, 8.994789123535156, 5.324459075927734, 4.290093898773193, 5.5633544921875, 5.570944786071777, 5.4316558837890625, 5.063122749328613, 5.560063362121582, 4.231105804443359, 3.9084839820861816, 5.511915683746338, 3.4032254219055176, 5.747779846191406, 5.656668663024902, 5.553211212158203, 6.099277019500732, 5.160455703735352, 4.901485443115234, 4.8805718421936035, 5.941182613372803, 6.631957054138184, 5.27100133895874, 4.881739139556885, 6.022338390350342, 6.141473770141602, 6.574007034301758, 4.5794548988342285, 5.307347774505615, 5.673295497894287, 5.152141571044922, 4.904178142547607, 6.134967803955078, 3.704814910888672, 5.615184307098389, 5.8879570960998535, 6.067914009094238, 4.025840759277344, 4.952029228210449, 5.849669933319092, 5.627701759338379, 5.47603702545166, 6.02912712097168, 4.009200572967529, 5.219918727874756, 5.932095527648926, 5.386110782623291, 5.193174839019775, 5.008673191070557, 6.600073337554932, 3.8483693599700928, 4.0728759765625, 4.550176620483398, 6.813999176025391, 4.840989589691162, 4.986409664154053, 5.377744674682617, 4.907667636871338, 7.141279220581055, 6.573118209838867, 4.006556510925293, 7.006259441375732, 5.19074010848999, 5.335029125213623, 6.950091361999512, 4.678099632263184, 5.318434238433838, 5.899379253387451, 4.645697593688965, 4.231884002685547, 4.934072494506836, 5.779646873474121, 4.889080047607422, 4.695000171661377, 7.430805683135986, 5.919643878936768, 7.374242305755615, 6.679373264312744, 5.823984146118164, 6.849462985992432, 5.597853183746338, 4.647762298583984, 5.599959850311279, 5.585414886474609, 4.085297107696533, 4.928961753845215, 4.615787029266357, 3.26222825050354, 6.0031585693359375, 4.700827121734619, 5.07434606552124, 5.928915977478027, 9.057785987854004, 5.026639461517334, 4.022472381591797, 2.943160057067871, 6.731784343719482, 4.437318801879883, 3.9815351963043213, 4.025401592254639, 4.116271018981934, 4.628098964691162, 5.577341079711914, 6.324182510375977, 3.176725387573242, 4.655550956726074, 5.4206461906433105, 6.1880574226379395, 4.7237043380737305, 5.250836372375488, 2.846256971359253, 5.186686992645264, 5.803069114685059, 4.822952747344971, 5.03670597076416, 5.873501300811768, 7.032700538635254, 6.92034387588501, 5.035494327545166, 4.192492485046387, 4.021536827087402, 5.773980140686035, 5.889494895935059, 5.2650041580200195, 4.512847900390625, 5.659217834472656, 4.676410675048828, 3.7610058784484863, 5.6945085525512695, 5.2729573249816895, 5.048205852508545, 4.750776767730713, 5.500217437744141, 4.211889266967773, 5.479259014129639, 6.761735439300537, 4.8376970291137695, 5.9271063804626465, 6.843600749969482, 5.011357307434082, 1.3086968660354614, 4.734419345855713, 5.439429759979248, 5.4175825119018555, 5.062899112701416, 6.396054744720459, 6.508800506591797, 3.994861602783203, 4.886253833770752, 4.640246391296387, 4.786581039428711, 5.781097412109375, 6.335709095001221, 6.1534647941589355, 5.929811477661133, 5.640966415405273, 7.140834808349609, 6.630180835723877, 4.300767421722412, 3.9902803897857666, 5.952895164489746, 5.836457252502441, 6.627838611602783, 4.68775749206543, 4.3143134117126465, 4.958033561706543, 5.620434284210205, 5.960241317749023, 3.7267239093780518, 4.96773099899292, 4.772061824798584, 5.966207504272461, 5.604271411895752, 3.6338863372802734, 3.952749729156494, 4.428038120269775, 3.7529003620147705, 4.472072124481201, 4.434124946594238, 6.031471252441406, 4.008911609649658, 4.203266620635986, 5.264870643615723, 5.758936882019043, 4.950338840484619, 5.4092793464660645, 4.721960067749023, 5.122898101806641, 5.061246395111084, 4.031146049499512, 5.213685989379883, 5.650060653686523, 4.456995964050293, 5.078217029571533, 5.382353782653809, 5.756051063537598, 6.402265548706055, 4.653265476226807, 5.730566501617432, 7.209841251373291, 5.936463356018066, 5.868788242340088, 4.461230754852295, 5.7879743576049805, 6.43900203704834, 4.2122955322265625, 5.9870991706848145, 4.493599891662598, 4.443567752838135, 4.679660797119141, 5.594927787780762, 4.447113037109375, 5.510067462921143, 4.356106281280518, 5.910247325897217, 5.052962303161621, 5.8670735359191895, 6.696145534515381, 5.419060707092285, 6.340782165527344, 3.416682004928589, 5.734591007232666, 4.539209365844727, 6.586232662200928, 7.539836883544922, 5.816833972930908, 6.430294513702393, 5.075296878814697, 4.45102071762085, 6.206196308135986, 5.233055114746094, 5.775556564331055, 5.367995738983154, 5.795307159423828, 5.97215461730957, 5.183505058288574, 4.898892402648926, 4.64151668548584, 5.710404872894287, 5.799135684967041, 6.133446216583252, 6.046942710876465, 4.030614852905273, 4.951218128204346, 5.383723258972168, 5.387622833251953, 5.299765586853027, 6.432854652404785, 8.329185485839844, 4.429355621337891, 3.0203440189361572, 5.405825614929199, 5.762185096740723, 6.880766868591309, 3.9775822162628174, 4.181510925292969, 3.779982089996338, 5.266051769256592, 5.807477951049805, 5.662840366363525, 4.576279640197754, 4.869104385375977, 5.766369342803955, 5.136993408203125, 5.429243564605713, 5.821749687194824, 4.6623992919921875, 8.715465545654297, 4.226150035858154, 5.821023464202881, 4.971906661987305, 5.233165264129639, 5.84153413772583, 4.777525424957275, 4.445470809936523, 4.788027763366699, 6.946494102478027, 5.905785083770752, 5.148019790649414, 5.419244766235352, 5.414366722106934, 5.118918418884277, 5.55583381652832, 5.12114143371582, 7.617406368255615, 5.701298713684082, 5.446804523468018, 5.854122161865234, 5.5363569259643555, 5.8308892250061035, 6.632660865783691, 5.421444892883301, 5.5807695388793945, 4.871260166168213, 6.864903450012207, 5.259093284606934, 4.75568151473999, 6.923923492431641, 5.748107433319092, 5.980902671813965, 7.977015018463135, 6.148530006408691, 6.534522533416748, 5.5377116203308105, 6.268336772918701, 5.892100811004639, 6.190260887145996, 5.748721599578857, 6.1038432121276855, 7.716615676879883, 7.680594444274902, 5.03017520904541, 5.678764820098877, 6.2130279541015625, 6.3524322509765625, 6.5760955810546875, 6.86259126663208, 4.980434894561768, 7.089648246765137, 5.220480442047119, 6.715035915374756, 5.088037490844727, 5.7003374099731445, 6.852693557739258, 5.923155307769775, 4.540543556213379, 6.6166672706604, 5.338566303253174, 6.377028465270996, 6.842165470123291, 4.649003982543945, 5.218516826629639, 5.497137069702148, 4.805959224700928, 4.076301574707031, 6.3215227127075195, 6.262955188751221, 6.043509483337402, 4.458183288574219, 5.52228307723999, 6.978815078735352, 6.458055019378662, 5.015281677246094, 6.366734504699707, 6.379946231842041, 5.811023712158203, 5.527041435241699, 6.361096382141113, 6.662357330322266, 7.2169318199157715, 5.7583160400390625, 6.887463092803955, 8.988546371459961, 5.232032299041748, 7.5285420417785645, 5.7441511154174805, 6.230579376220703, 5.551960468292236, 6.531571388244629, 4.865207195281982, 6.730636119842529, 5.049213409423828, 4.815632343292236, 6.43051290512085, 6.242938995361328, 5.493627548217773, 6.394928455352783, 4.7010393142700195, 7.089827060699463, 6.168319225311279, 6.702345371246338, 4.933581352233887, 6.612764835357666, 6.26217794418335, 5.6231489181518555, 5.583542346954346, 5.866556167602539, 6.127304553985596, 9.014636039733887, 6.016218662261963, 4.811363697052002, 4.33784818649292, 5.829469680786133, 4.382739067077637, 6.107731819152832, 6.2210564613342285, 5.806634902954102, 5.6473164558410645, 5.064184188842773, 6.617320537567139, 5.185849189758301, 4.144290924072266, 4.019235134124756, 4.752636909484863, 5.2301554679870605, 6.2349114418029785, 5.2340803146362305, 6.267037868499756, 5.150463581085205, 5.293352127075195, 4.243863105773926, 3.821301221847534, 5.549337863922119, 4.973012924194336, 4.961935997009277, 3.7219393253326416, 5.226877212524414, 4.588809967041016, 3.7337088584899902, 5.543087482452393, 4.560354232788086, 4.179018974304199, 6.252485275268555, 4.971526145935059, 6.562926769256592, 4.830210208892822, 5.304177284240723, 3.6039247512817383, 4.815962791442871, 4.6580729484558105, 6.025448322296143, 5.176240921020508, 5.1329522132873535, 4.822679042816162, 6.036506652832031, 5.5904011726379395, 3.5164825916290283, 4.897164821624756, 6.134993076324463, 7.117246627807617, 4.838104248046875, 5.962273597717285, 4.808989524841309, 4.973674774169922, 5.526873588562012, 5.073256969451904, 4.8128437995910645, 6.306628227233887, 3.7990024089813232, 5.0926384925842285, 5.273224830627441, 5.880146503448486, 5.424505233764648, 4.649319171905518, 6.412502765655518, 3.3948793411254883, 5.6130523681640625, 5.787692546844482, 4.720098972320557, 7.58391809463501, 5.27296257019043, 5.381613731384277, 5.217581272125244, 4.042184829711914, 7.200435161590576, 6.030041694641113, 5.916498184204102, 5.494313716888428, 5.793217182159424, 5.702913761138916, 4.914508819580078, 4.178013801574707, 5.450737953186035, 4.763220310211182, 5.365608215332031, 5.639616966247559, 4.969109535217285, 4.1197943687438965, 4.615137100219727, 4.661008358001709, 5.35552978515625, 6.265115261077881, 4.064840316772461, 5.40543794631958, 5.224108695983887, 6.086423397064209, 5.147580146789551, 4.479299545288086, 6.091414451599121, 6.388498783111572, 6.50642204284668, 5.039170742034912, 5.818211078643799, 5.180939674377441, 5.1397175788879395, 5.236382007598877, 4.23987340927124, 5.016727447509766, 4.6487135887146, 4.481203556060791, 5.2054243087768555, 5.891616344451904, 5.846909046173096, 6.553849220275879, 4.673250198364258, 5.493297576904297, 7.5100531578063965, 4.522653579711914, 5.47522497177124, 4.00126314163208, 6.86361026763916, 4.894472599029541, 5.516585350036621, 3.778393030166626, 4.623409748077393, 4.840185165405273, 5.368993759155273, 8.742199897766113, 4.537634372711182, 5.0699782371521, 6.3065690994262695, 5.61375093460083, 4.390599250793457, 5.312437534332275, 5.43937349319458, 4.706841468811035, 5.945683479309082, 5.063214302062988, 4.904871463775635, 5.924137115478516, 5.269680023193359, 5.731988906860352, 5.253988742828369, 6.072810173034668, 8.190256118774414, 4.982950210571289, 3.6946165561676025, 6.1007513999938965, 5.777131080627441, 5.320849418640137, 7.568800449371338, 5.7427191734313965, 5.829400062561035, 5.6837968826293945, 4.640259742736816, 4.241006374359131, 5.712274551391602, 4.689397811889648, 5.6717305183410645, 6.363633632659912, 5.024869441986084, 5.171231746673584, 3.7324893474578857, 4.741321563720703, 4.738070964813232, 5.462331295013428, 7.065282821655273, 5.846592426300049, 5.623487949371338, 3.7969274520874023, 4.418035507202148, 4.1793317794799805, 4.695972442626953, 5.405210971832275, 4.687982082366943, 6.23819637298584, 3.9651997089385986, 5.296713352203369, 3.9693868160247803, 5.250981330871582, 5.088375568389893, 4.505558013916016, 5.138988018035889, 5.51283073425293, 4.668707370758057, 4.402031898498535, 4.022769927978516, 4.26764440536499, 6.017126083374023, 5.948139667510986, 4.1765336990356445, 5.723874568939209, 6.230714797973633, 4.938479423522949, 6.703759670257568, 7.3273820877075195, 5.6034979820251465, 5.404809474945068, 5.315377712249756, 5.187206268310547, 5.012953758239746, 6.205552577972412, 6.003548622131348, 2.9083831310272217, 4.790092468261719, 4.578863143920898, 4.487346649169922, 5.773651123046875, 1.0558574199676514, 6.036051273345947, 4.10339879989624, 4.5003342628479, 8.46976089477539, 5.942774772644043, 5.763360023498535, 5.539025783538818, 3.5934865474700928, 4.969235420227051, 5.275794982910156, 6.304841995239258, 3.5193984508514404, 5.500320911407471, 7.320876121520996, 6.357428550720215, 4.2533488273620605, 3.8798444271087646, 5.2724432945251465, 6.174924850463867, 4.431368350982666, 5.4770073890686035, 4.271421909332275, 5.622132301330566, 5.634995937347412, 5.0343146324157715, 5.1103997230529785, 5.813067436218262, 5.848034381866455, 5.4268412590026855, 5.93972635269165, 3.8352749347686768, 3.8339576721191406, 5.930739402770996, 4.633025646209717, 5.167811393737793, 5.291774749755859, 5.061873435974121, 5.33035135269165, 6.316548824310303, 4.786693572998047, 6.159763813018799, 6.378544807434082, 4.565343379974365, 5.458905220031738, 4.484646797180176, 5.78287935256958, 6.117894649505615, 5.269780158996582, 5.2860426902771, 5.272019863128662, 5.103891372680664, 4.666441440582275, 7.073027610778809, 5.333526134490967, 4.973932266235352, 6.0132575035095215, 4.68891716003418, 6.047262668609619, 5.2990241050720215, 5.838726043701172, 4.715410232543945, 5.721352577209473, 5.250411033630371, 4.691997528076172, 5.617686748504639, 5.700169563293457, 5.8007001876831055, 5.848498821258545, 5.581796646118164, 3.7458980083465576, 4.682314395904541, 5.634408950805664, 5.586655139923096, 4.087546348571777, 6.1800665855407715, 4.034758567810059, 5.237157821655273, 6.051446437835693, 6.970115661621094, 7.240854263305664, 4.005220890045166, 4.73175573348999, 4.588038921356201, 3.998201370239258, 5.1797566413879395, 7.272401809692383, 6.533184051513672, 5.0839080810546875, 5.284997940063477, 4.886497974395752, 5.256388187408447, 6.052857398986816, 5.692268371582031, 4.357287883758545, 5.187290191650391, 6.49004602432251, 4.895604610443115, 5.701852798461914, 3.743656873703003, 6.21333122253418, 6.206386089324951, 4.425304889678955, 6.10879373550415, 5.12211799621582, 3.14019775390625, 3.783832311630249, 6.040217876434326, 4.222482204437256, 5.798657417297363, 5.012640953063965, 5.645511627197266, 6.390571117401123, 6.786637306213379, 5.380011081695557, 5.832155227661133, 6.278837203979492, 5.269487380981445, 6.296703338623047, 5.626318454742432, 5.796673774719238, 5.270327568054199, 4.000222206115723, 3.7652852535247803, 4.332282543182373, 5.480779647827148, 5.48635721206665, 4.438211917877197, 5.004935264587402, 5.222829341888428, 5.794058799743652, 5.583981990814209, 4.214884281158447, 5.308487415313721, 5.352946758270264, 5.392882347106934, 4.944773197174072, 3.8416104316711426, 5.424541473388672, 4.984401702880859, 6.8048095703125, 5.5480852127075195, 5.964301586151123, 4.4538960456848145, 5.996323585510254, 4.013529300689697, 6.349119186401367, 5.26331090927124, 7.384188175201416, 4.848509788513184, 5.801544666290283, 3.652517557144165, 2.8820013999938965, 4.8507795333862305, 5.859653949737549, 6.735628604888916, 5.8467888832092285, 5.323669910430908, 5.043606281280518, 3.9977872371673584, 5.009714126586914, 5.430936813354492, 4.669856548309326, 5.635462760925293, 4.024060249328613, 5.144976615905762, 5.57793664932251, 3.9800000190734863, 4.543684959411621, 6.888027667999268, 5.188281536102295, 5.830010890960693, 5.634939670562744, 3.7653493881225586, 6.258759498596191, 5.891798496246338, 5.76644229888916, 5.48063325881958, 5.314905166625977, 5.0565338134765625, 5.756613254547119, 6.609360218048096, 5.384254455566406, 3.868006944656372, 5.151564121246338, 4.968715667724609, 4.243299961090088, 4.085733890533447, 5.570695877075195, 4.02421236038208, 4.004624366760254, 4.883784770965576, 5.837512493133545, 5.265826225280762, 4.8935394287109375, 6.347012042999268, 6.174178123474121, 4.87431526184082, 5.235480785369873, 5.6296491622924805, 5.115397930145264, 5.534090995788574, 5.473239421844482, 5.568917274475098, 2.0573108196258545, 4.858567714691162, 7.812422275543213, 7.7428083419799805, 5.576391696929932, 4.563758850097656, 6.364202499389648, 4.282723903656006, 6.163285255432129, 4.911609172821045, 5.7600507736206055, 5.865392208099365, 3.939523696899414, 4.830875396728516, 6.094519138336182, 5.327498435974121, 4.843019962310791, 5.2786102294921875, 5.122430801391602, 6.300204753875732, 5.99500846862793, 6.765988826751709, 4.443514347076416, 5.232168674468994, 6.621885776519775, 5.619271755218506, 2.0384521484375, 4.65565299987793, 5.714175224304199, 4.637568950653076, 3.7952933311462402, 5.311949253082275, 5.4289140701293945, 4.720883369445801, 5.858518123626709, 4.921823024749756, 4.727731227874756, 3.1775057315826416, 3.853226661682129, 4.389129161834717, 5.787982940673828, 5.793389797210693, 6.1075239181518555, 4.591998100280762, 5.313664436340332, 4.721137523651123, 5.258748531341553, 5.87075138092041, 5.389339923858643, 4.992494106292725, 4.224617958068848, 6.403714179992676, 4.6444926261901855, 4.000782489776611, 5.659323692321777, 4.7386040687561035, 4.41060209274292, 6.031554698944092, 5.911215305328369, 4.274331092834473, 3.8515138626098633, 5.960041522979736, 6.82323694229126, 6.039680004119873, 4.060292720794678, 5.494229793548584, 4.740835666656494, 6.1628570556640625, 3.735300064086914, 7.225523948669434, 6.171536445617676, 5.670198917388916, 5.153048992156982, 6.272274017333984, 4.429657936096191, 5.437745571136475, 6.189250946044922, 5.294236183166504, 4.482569217681885, 5.492635726928711, 6.158276557922363, 6.246623516082764, 4.518313884735107, 5.3921661376953125, 5.312808990478516, 4.945172309875488, 5.153904914855957, 5.061393737792969, 5.092106819152832, 4.504912853240967, 5.979055881500244, 5.356562614440918, 4.217595100402832, 4.522315502166748, 7.38252592086792, 3.75801944732666, 5.43464469909668, 5.7797956466674805]
Cosines similarity random samples
[0.4519084095954895, 0.4169723391532898, 0.7241706848144531, 0.728238582611084, 0.5310880541801453, 0.48238229751586914, 0.6336526274681091, 0.5469548106193542, 0.6490392684936523, 0.5759783983230591, 0.62978196144104, 0.4761083424091339, 0.37424230575561523, 0.3749811053276062, 0.6358001232147217, 0.6986011266708374, 0.5426304340362549, 0.37432265281677246, 0.38912445306777954, 0.562576413154602, 0.27130311727523804, 0.64597487449646, 0.47578877210617065, 0.6329724788665771, 0.5261988043785095, 0.5791680812835693, 0.5310018062591553, 0.547781229019165, 0.4171180725097656, 0.5874069333076477, 0.537340521812439, 0.5343275666236877, 0.8398741483688354, 0.6289452314376831, 0.50360107421875, 0.4688228964805603, 0.13171452283859253, 0.3959469795227051, 0.6294987201690674, 0.3849630057811737, 0.21389803290367126, 0.663602352142334, 0.6404285430908203, 0.533808171749115, 0.630296528339386, 0.6219805479049683, 0.6203155517578125, 0.515113115310669, 0.6103343963623047, 0.32654017210006714, 0.5021612644195557, 0.8235989809036255, 0.3141134977340698, 0.7054256796836853, 0.5317370295524597, 0.5431495904922485, 0.4695644974708557, 0.3002873659133911, 0.5399848222732544, 0.5373117923736572, 0.4438628852367401, 0.7620818614959717, 0.5002212524414062, 0.4983897805213928, 0.4863090515136719, 0.48570922017097473, 0.49185630679130554, 0.8657082319259644, 0.29720091819763184, 0.8227056264877319, 0.33138859272003174, 0.7919947504997253, 0.5093819499015808, 0.43741363286972046, 0.6588948965072632, 0.6830988526344299, 0.565007209777832, 0.7302111983299255, 0.3563002943992615, 0.6734516620635986, 0.5544339418411255, 0.5304702520370483, 0.3881971836090088, 0.6295818090438843, 0.6266751885414124, 0.5961754322052002, 0.5944341421127319, 0.3244476318359375, 0.6004197597503662, 0.4248808026313782, 0.6293390989303589, 0.6183876991271973, 0.6716679334640503, 0.5558807849884033, 0.5697494745254517, 0.5453937649726868, 0.3548605144023895, 0.5624315738677979, 0.41700631380081177, 0.4362741708755493, 0.7483908534049988, 0.8935621976852417, 0.7735505104064941, 0.7437894344329834, 0.8363987803459167, 0.4702998101711273, 0.5383816957473755, 0.6469696760177612, 0.3973195552825928, 0.6440049409866333, 0.29767417907714844, 0.4920683205127716, 0.6728916168212891, 0.4009665846824646, 0.5276786684989929, 0.7142696380615234, 0.5424907207489014, 0.6439285278320312, 0.5515438914299011, 0.6886846423149109, 0.5528307557106018, 0.7220823764801025, 0.6437101364135742, 0.5108441710472107, 0.29986274242401123, 0.4717981815338135, 0.6645622253417969, 0.49625810980796814, 0.5368520021438599, 0.46434205770492554, 0.7565456628799438, 0.35671478509902954, 0.8453695774078369, 0.48551374673843384, 0.5506932735443115, 0.46172523498535156, 0.7318106293678284, 0.7521526217460632, 0.6538973450660706, 0.49503812193870544, 0.5210837721824646, 0.8010027408599854, 0.6097705364227295, 0.5135509967803955, 0.33974623680114746, 0.7325510382652283, 0.6734188795089722, 0.5690632462501526, 0.5628145337104797, 0.5665709376335144, 0.5521623492240906, 0.7462355494499207, 0.42120444774627686, 0.41891124844551086, 0.3613443374633789, 0.6469312906265259, 0.5094496011734009, 0.5865740180015564, 0.5484285354614258, 0.735170841217041, 0.524181604385376, 0.6751920580863953, 0.5652227997779846, 0.5092916488647461, 0.5430948734283447, 0.4888918101787567, 0.3890204429626465, 0.47537723183631897, 0.41454875469207764, 0.6355670690536499, 0.6923763751983643, 0.4328646659851074, 0.5445560812950134, 0.45449990034103394, 0.5561072826385498, 0.4235437512397766, 0.5696142911911011, 0.7135928869247437, 0.5782963633537292, 0.6434071063995361, 0.6204824447631836, 0.5419114232063293, 0.3735949397087097, 0.5003302097320557, 0.573878288269043, 0.7619455456733704, 0.5793676972389221, 0.701661229133606, 0.5594819784164429, 0.31196630001068115, 0.6129709482192993, 0.4984564185142517, 0.4029516577720642, 0.5665714740753174, 0.43923914432525635, 0.6258786916732788, 0.4018511474132538, 0.513914942741394, 0.46629995107650757, 0.658815860748291, 0.7272620797157288, 0.7210433483123779, 0.3921029567718506, 0.6228958964347839, 0.21365675330162048, 0.6606677174568176, 0.024911414831876755, 0.7624188661575317, 0.3964143395423889, 0.4804149866104126, 0.2898389995098114, 0.7293304204940796, 0.6589560508728027, 0.7249243259429932, 0.6892185211181641, 0.5183690786361694, 0.36091285943984985, 0.46902787685394287, 0.3807101249694824, 0.5071489214897156, 0.38890090584754944, 0.7981531620025635, 0.4735735356807709, 0.5356545448303223, 0.6422591209411621, 0.10314449667930603, 0.4441491961479187, 0.6501924991607666, 0.5248172283172607, 0.42964160442352295, 0.6847569346427917, 0.5322793126106262, 0.48237574100494385, 0.5182459354400635, 0.6113889217376709, 0.5727698802947998, 0.26975953578948975, 0.7273025512695312, 0.6920973062515259, 0.6024318933486938, 0.6405304670333862, 0.5592653155326843, 0.40512481331825256, 0.5091891288757324, 0.5260002017021179, 0.4554787874221802, 0.516838550567627, 0.581352710723877, 0.4018619954586029, 0.4490557909011841, 0.4524194598197937, 0.27628061175346375, 0.5398083925247192, 0.6425423622131348, 0.38684117794036865, 0.6112637519836426, 0.6932610273361206, 0.5497163534164429, 0.4654049873352051, 0.6586319208145142, 0.46109718084335327, 0.5335636138916016, 0.4922374188899994, 0.6924512982368469, 0.4220181405544281, 0.4356133043766022, 0.46315646171569824, 0.7326154708862305, 0.5154450535774231, 0.6609136462211609, 0.4403761625289917, 0.42788174748420715, 0.5930777192115784, 0.35243529081344604, 0.10769061744213104, 0.5633971095085144, 0.5301268100738525, 0.44086629152297974, 0.738384485244751, 0.6991755962371826, 0.41553211212158203, 0.44720470905303955, 0.3937455117702484, 0.49472448229789734, 0.5560987591743469, -0.05356835573911667, 0.3809088468551636, 0.47142574191093445, 0.19374170899391174, 0.6400041580200195, 0.4678072929382324, 0.5828705430030823, 0.4733940362930298, 0.6069906949996948, 0.4769831597805023, 0.49860095977783203, 0.523059606552124, 0.6624464988708496, 0.5573240518569946, 0.6704895496368408, 0.6007853746414185, 0.7498457431793213, 0.5606814622879028, 0.45319607853889465, 0.1964266300201416, 0.49492645263671875, 0.43782728910446167, 0.5487849712371826, 0.6650559902191162, 0.6118888854980469, 0.5316683053970337, 0.49936604499816895, 0.6957194805145264, 0.42612212896347046, 0.45031076669692993, 0.6297292709350586, 0.5437735319137573, 0.5778427124023438, 0.5028495788574219, 0.5719755291938782, 0.5200467109680176, 0.48426559567451477, 0.4594194293022156, 0.7695420384407043, 0.6702931523323059, 0.694817066192627, 0.4482024013996124, 0.47449710965156555, 0.35316166281700134, 0.6270742416381836, 0.5331703424453735, 0.47229450941085815, 0.542852520942688, 0.4051940143108368, 0.4744141399860382, 0.31469154357910156, 0.3866138160228729, 0.5619063377380371, 0.44162416458129883, 0.6338341236114502, 0.654615044593811, 0.7719401121139526, 0.5531935691833496, -0.263746976852417, 0.8163862228393555, 0.5667580962181091, 0.4008839726448059, 0.5023981332778931, 0.731319010257721, 0.7100111246109009, 0.4397006034851074, 0.5398834943771362, 0.4808477461338043, 0.7266665101051331, 0.6950966119766235, 0.8424575328826904, 0.540692150592804, 0.5929360389709473, 0.7071986794471741, 0.6992145776748657, 0.6790663003921509, 0.6907917261123657, 0.43992236256599426, 0.501551628112793, 0.3332958221435547, 0.6550101637840271, 0.47045451402664185, 0.25185227394104004, 0.403072327375412, 0.542852520942688, 0.4252500534057617, 0.6201589107513428, 0.9225230813026428, 0.7324296236038208, 0.7244902849197388, 0.49365437030792236, 0.30396100878715515, 0.48395922780036926, 0.45137566328048706, 0.6223422288894653, 0.8499787449836731, 0.44135361909866333, 0.3405776619911194, 0.42091166973114014, 0.35077759623527527, 0.7064396142959595, 0.60880446434021, 0.6990331411361694, 0.5406143665313721, 0.5917807817459106, 0.6482645869255066, 0.40553128719329834, 0.6836419701576233, 0.6779688596725464, 0.5429429411888123, 0.4207969009876251, 0.4636412262916565, 0.5262880325317383, 0.5053185224533081, 0.8150184154510498, 0.30696648359298706, 0.46170181035995483, 0.6212679147720337, 0.23096728324890137, 0.2886219322681427, 0.6367107033729553, 0.4940043091773987, 0.6408647894859314, 0.4076269865036011, 0.6061069369316101, 0.45721369981765747, 0.7217721343040466, 0.6897733807563782, 0.6567858457565308, 0.564592719078064, 0.5951413512229919, 0.44041746854782104, 0.6271756887435913, 0.46897581219673157, 0.49976831674575806, 0.09330712258815765, 0.44110816717147827, 0.573777437210083, 0.48442599177360535, 0.7005208730697632, 0.4417518973350525, 0.41806235909461975, 0.5219858288764954, 0.6561238765716553, 0.7342687845230103, 0.5633124709129333, 0.6477071642875671, 0.7228124141693115, 0.43836599588394165, 0.6272298097610474, 0.069306381046772, 0.42021822929382324, 0.5718502998352051, 0.6906436085700989, 0.5839954614639282, 0.4834628999233246, -0.17370657622814178, 0.44679367542266846, 0.49193406105041504, 0.7469643354415894, 0.4994352459907532, 0.6754783391952515, 0.6651666164398193, 0.368338406085968, 0.4209974408149719, 0.2632019519805908, 0.3844608664512634, 0.4482392966747284, 0.812812328338623, 0.7543758153915405, 0.31380900740623474, 0.7941441535949707, 0.5247480273246765, 0.5641562342643738, 0.5280226469039917, 0.6538048982620239, 0.7244924306869507, 0.6380104422569275, 0.4269484877586365, 0.43362438678741455, 0.5695452094078064, 0.5615124106407166, 0.6277410984039307, 0.6760056614875793, 0.3491976261138916, 0.5299897193908691, 0.4261438846588135, 0.39622780680656433, 0.3296619653701782, 0.7789502143859863, 0.6166000962257385, 0.512053370475769, 0.6909709572792053, 0.6005938053131104, 0.6455271244049072, 0.47065258026123047, 0.46385812759399414, 0.5441592931747437, 0.39138495922088623, 0.3713875412940979, 0.48094210028648376, 0.4669573903083801, 0.5754474401473999, 0.3330203592777252, 0.7319607734680176, 0.5808327198028564, 0.531268835067749, 0.5894441604614258, 0.7416752576828003, 0.501213014125824, 0.4356006383895874, 0.7595797777175903, 0.565407395362854, 0.5296638011932373, 0.4328494071960449, 0.714041531085968, 0.5436213612556458, 0.40975695848464966, 0.6205645799636841, 0.7366520166397095, 0.6943356990814209, 0.5626711845397949, 0.5440136194229126, 0.6912561655044556, 0.5773246884346008, 0.48941850662231445, 0.5584877729415894, 0.4122575521469116, 0.6024829149246216, 0.5219740867614746, 0.49913206696510315, 0.6738372445106506, 0.5046607255935669, 0.7332416772842407, 0.7031285762786865, 0.514430046081543, 0.44312551617622375, 0.5517120957374573, 0.7268220782279968, 0.2807844281196594, 0.22778627276420593, 0.5690963268280029, 0.496978759765625, 0.32161563634872437, 0.6082751750946045, 0.4415188133716583, 0.4381088614463806, 0.7505237460136414, 0.47802314162254333, 0.6043624877929688, 0.37415844202041626, 0.6091774106025696, 0.527589738368988, 0.5743173956871033, 0.6648476123809814, 0.4278596043586731, 0.5927906036376953, 0.3764430284500122, 0.63944411277771, 0.1615663766860962, 0.6490857005119324, 0.6938381195068359, 0.49871253967285156, 0.7060296535491943, 0.3794606924057007, 0.33149856328964233, 0.46685588359832764, 0.5594640374183655, 0.45105981826782227, 0.6106716394424438, 0.32581794261932373, 0.44067108631134033, 0.5617754459381104, 0.7419824004173279, 0.30043673515319824, 0.7046548128128052, 0.7360861301422119, 0.7820658683776855, 0.7363870143890381, 0.727034330368042, 0.44837793707847595, 0.7990440130233765, 0.4789789915084839, 0.3505331575870514, 0.7033195495605469, 0.6609870195388794, 0.5589281916618347, 0.6676598191261292, 0.523084819316864, 0.5903624296188354, 0.8207893967628479, 0.1352318972349167, 0.58365797996521, 0.42708301544189453, 0.6447099447250366, 0.5355178117752075, 0.6461342573165894, 0.6677101254463196, 0.5820915699005127, 0.6002392768859863, 0.5546921491622925, 0.7013182044029236, 0.35492274165153503, 0.7872445583343506, 0.439344197511673, 0.5387099981307983, 0.6389065384864807, 0.6367026567459106, 0.6431220769882202, 0.5651692748069763, 0.5596606135368347, 0.38605377078056335, 0.5516360998153687, 0.5105440616607666, 0.738682746887207, 0.6505377888679504, 0.48958954215049744, 0.5145183801651001, 0.5483258962631226, 0.754712700843811, 0.5563874244689941, 0.3321835696697235, 0.6449966430664062, 0.8349928855895996, 0.6942698955535889, 0.5396586656570435, 0.7475780248641968, 0.7044366598129272, 0.6841995716094971, 0.5805602073669434, 0.6167920827865601, 0.3247845768928528, 0.6445167064666748, 0.40060511231422424, 0.670648455619812, 0.5822927951812744, 0.7200459241867065, 0.6817014217376709, 0.400449275970459, 0.37786224484443665, 0.5429399013519287, 0.6384890079498291, 0.4292398691177368, 0.3968760371208191, 0.5621504783630371, 0.6221014261245728, 0.5436182022094727, 0.47186824679374695, 0.590549886226654, 0.5804323554039001, 0.6436970233917236, 0.6408518552780151, 0.5170300006866455, 0.7038818597793579, 0.8190368413925171, 0.6681281924247742, 0.6089624166488647, 0.47518643736839294, 0.5004390478134155, 0.4449235796928406, 0.6140419244766235, 0.2319435328245163, 0.5719160437583923, 0.5519616603851318, 0.7357068657875061, 0.60866379737854, 0.6227485537528992, 0.6897693276405334, 0.5923107862472534, 0.3889066278934479, 0.7723112106323242, 0.809551477432251, 0.5290658473968506, 0.7761391401290894, 0.6140085458755493, 0.7778052091598511, 0.7871558666229248, 0.7710509300231934, 0.5268824100494385, 0.4671626389026642, 0.6495740413665771, 0.4210585951805115, 0.678406834602356, 0.38030579686164856, 0.6904852390289307, 0.22775313258171082, 0.4543573558330536, 0.5762511491775513, 0.7265492677688599, 0.39456233382225037, 0.6280034184455872, 0.3100842237472534, 0.38384848833084106, 0.5771327018737793, 0.4514493942260742, 0.4291837215423584, 0.5955862402915955, 0.5108891725540161, 0.6486324667930603, 0.5943666696548462, 0.447590708732605, 0.49018239974975586, 0.7140582799911499, 0.5959146022796631, 0.6767460107803345, 0.6717959642410278, 0.5775984525680542, 0.5266294479370117, 0.7483302354812622, 0.7371944785118103, 0.7161791324615479, 0.4908234775066376, 0.44468954205513, 0.6412591934204102, 0.33956167101860046, 0.5167157649993896, 0.34536445140838623, 0.5173344612121582, 0.5038948059082031, 0.5077362656593323, 0.4289705157279968, 0.6247857809066772, 0.39621680974960327, 0.5564054250717163, 0.4763437509536743, 0.5604908466339111, 0.4976368546485901, 0.27544915676116943, 0.4388293921947479, 0.5242118239402771, 0.3584323525428772, 0.5993475914001465, 0.33532336354255676, 0.4423278868198395, 0.5649526119232178, 0.3319694399833679, 0.3811098337173462, 0.5673664808273315, 0.50413578748703, 0.7227508425712585, 0.4526379108428955, 0.6207253336906433, 0.36354097723960876, 0.749375581741333, 0.6509584784507751, 0.38199982047080994, 0.19514042139053345, 0.5107777714729309, 0.5474118590354919, 0.13842767477035522, 0.5272819399833679, 0.45974022150039673, -0.010174453258514404, 0.6559491157531738, 0.4473901689052582, 0.576802670955658, 0.8496336936950684, 0.47710588574409485, 0.7162874937057495, 0.5819694995880127, 0.43085575103759766, 0.6282118558883667, 0.2980438768863678, 0.713668942451477, 0.5188170075416565, 0.31802284717559814, -0.0014355313032865524, 0.5893340110778809, 0.6194853782653809, 0.6365460157394409, 0.4773123562335968, 0.36838918924331665, 0.4659617841243744, -0.21230879426002502, 0.5943765640258789, 0.5422176122665405, 0.1720896065235138, 0.4981089234352112, 0.2914630174636841, 0.44595709443092346, 0.24702297151088715, 0.614382266998291, 0.6173804402351379, 0.3343592882156372, 0.35895973443984985, 0.3717948794364929, 0.4538208842277527, 0.366953581571579, 0.6202871203422546, 0.5718263387680054, 0.5775210857391357, 0.6285676956176758, 0.4368664622306824, 0.6902345418930054, 0.4846610426902771, 0.6175808906555176, 0.8143876791000366, 0.6178230047225952, 0.6943519115447998, 0.45155227184295654, 0.5832276344299316, 0.24667629599571228, 0.08373852074146271, 0.668735146522522, 0.4030376672744751, 0.5412819385528564, 0.5555509328842163, 0.6271559000015259, 0.4101981818675995, 0.5326942205429077, 0.5220300555229187, 0.5150426626205444, 0.3218193054199219, 0.7083550095558167, 0.33818116784095764, 0.5401564836502075, 0.5382895469665527, 0.24814073741436005, 0.6592319011688232, 0.6484066247940063, 0.667563796043396, 0.5867345333099365, 0.6335322856903076, 0.25790345668792725, 0.4079504907131195, 0.6950897574424744, 0.3850175738334656, 0.469391405582428, 0.45344316959381104, 0.5979529619216919, 0.6814393997192383, 0.5753142237663269, 0.5817458629608154, 0.660628080368042, 0.631895124912262, 0.5056182742118835, 0.7820203304290771, 0.5053038001060486, 0.656720757484436, 0.5671014189720154, 0.5572089552879333, 0.5341415405273438, 0.6731340289115906, 0.6214607954025269, 0.828511655330658, 0.7326208353042603, 0.6972372531890869, 0.6738280057907104, 0.7231388688087463, 0.13680237531661987, 0.24936364591121674, -0.1317138820886612, 0.6400231122970581, 0.7785148620605469, 0.5074172019958496, 0.8140132427215576, 0.4707459807395935, 0.4674603044986725, 0.30223965644836426, 0.7781277894973755, 0.625180184841156, 0.5397111773490906, 0.4292275607585907, 0.6130681037902832, 0.5629597306251526, 0.6451731324195862, 0.4965161979198456, 0.6540170311927795, 0.5721487998962402, 0.2579279839992523, 0.6902621984481812, 0.5135749578475952, 0.4867069125175476, 0.3490898013114929, 0.663299560546875, 0.8408331871032715, 0.5979709029197693, 0.5125443339347839, 0.37888848781585693, 0.6175156831741333, 0.4913255572319031, 0.68207848072052, 0.5876248478889465, 0.688193678855896, 0.5710671544075012, 0.6574326157569885, 0.6210824251174927, 0.5867000222206116, 0.6559423208236694, 0.5104368925094604, 0.6324472427368164, 0.4729539155960083, 0.5464920997619629, 0.4604644775390625, 0.5002755522727966, 0.6652045249938965, 0.6860001087188721, 0.5365442037582397, 0.5663748979568481, 0.5960716605186462, 0.3076590299606323, 0.5376466512680054, 0.5092369318008423, 0.4035179018974304, 0.5788515210151672, 0.6278102993965149, 0.5272830724716187, 0.521885871887207, 0.25467878580093384, 0.8374301791191101, 0.7851607799530029, 0.5817872285842896, 0.5285803079605103, 0.6900513172149658, 0.6709043979644775, 0.5498419404029846, 0.5625821352005005, 0.4412877559661865, 0.6292765736579895, 0.5985572338104248, 0.6639899015426636, 0.7237335443496704, 0.7205832004547119, 0.5455674529075623, 0.261994332075119, 0.5759166479110718, 0.4818441867828369, 0.4651755094528198, 0.30386775732040405, 0.7451403141021729, 0.6945356130599976, 0.39779067039489746, 0.5990350246429443, 0.3416602909564972, 0.5588934421539307, 0.5481784343719482, 0.4682508707046509, 0.886070966720581, 0.5279291868209839, 0.4853990077972412, 0.5553734302520752, 0.29939013719558716, 0.54921555519104, 0.3923628032207489, 0.4842033386230469, 0.43800070881843567, 0.40067368745803833, -0.23631659150123596, 0.16350625455379486, 0.6264122724533081, 0.5888916850090027, 0.48673251271247864, 0.6640838384628296, 0.6625772714614868, 0.5525118112564087, 0.7004930973052979, 0.5143719911575317, 0.6772869229316711, 0.3480120897293091, 0.5348790287971497, 0.5973300933837891, 0.4893460273742676, 0.4801296293735504, 0.5821948051452637, 0.4713001549243927, 0.7444144487380981, 0.6951930522918701, 0.6843335628509521, 0.7211808562278748, 0.693503201007843, 0.2826184630393982, 0.5793590545654297, 0.5001225471496582, 0.5275013446807861, 0.6296892762184143, 0.7406203746795654, 0.5499931573867798, 0.6496507525444031, 0.5673101544380188, 0.7765270471572876, 0.6852760314941406, 0.5334552526473999, 0.7252776622772217, 0.4984699487686157, 0.6517301797866821, 0.45417550206184387, 0.6396971940994263, 0.5554596781730652, 0.4742897152900696, 0.7538538575172424, 0.6452422738075256, 0.500717043876648, 0.6979842782020569, 0.7464534640312195, 0.5862661600112915, 0.7469717860221863, 0.557464599609375, 0.6626148819923401, 0.36822766065597534, 0.44157734513282776, 0.4829723834991455, 0.743228554725647, 0.6871132850646973, 0.5783405303955078, 0.5207756757736206, 0.44893553853034973, 0.37384718656539917, 0.5511889457702637, 0.6524736881256104, 0.6973890066146851, 0.49236005544662476, 0.46620282530784607, 0.4969868063926697, 0.5715268850326538, 0.7152554392814636, 0.5548837184906006, 0.6838022470474243, 0.4821789562702179, 0.6622530221939087, 0.7292039394378662, 0.5305249094963074, 0.6269632577896118, 0.7074247002601624, 0.5569976568222046, 0.6082158088684082, 0.5048777461051941, 0.2194565087556839, 0.53886878490448, 0.6999703645706177, 0.49015915393829346, 0.5116866827011108, 0.5068168640136719, 0.5705159902572632, 0.5039196014404297, 0.7014583349227905, 0.7463964223861694, 0.4838307797908783, 0.8243862390518188, 0.4920603334903717, 0.4839341640472412, 0.5404242277145386, 0.4387892186641693, 0.6328652501106262, 0.5923914909362793, 0.6391435861587524, 0.41031622886657715, 0.42798641324043274, 0.5401171445846558, 0.5918283462524414, 0.48673775792121887, 0.4596613347530365, 0.3957114517688751, 0.6777971982955933, 0.5556946396827698, 0.4824955463409424, 0.5603996515274048, 0.6375619769096375, 0.4661983251571655, 0.7757222056388855, 0.538416862487793, 0.4557742178440094, 0.37862831354141235, 0.7566716074943542, 0.5462997555732727, 0.4264681339263916, 0.4654702842235565, 0.496801495552063, 0.4528019428253174, 0.7335931062698364, 0.5596370100975037, 0.4649304449558258, 0.6227422952651978, 0.5330661535263062, 0.6109934449195862, 0.26007068157196045, 0.7658694982528687, 0.7448588013648987, 0.6589604020118713, 0.368219792842865, 0.6057654619216919, 0.5781989693641663, 0.5205811858177185, 0.6011373996734619, 0.22017981112003326, 0.30650630593299866, 0.7373343706130981, 0.3246428668498993, 0.5491114258766174, 0.543998122215271, 0.401964008808136, 0.642776608467102, 0.5402827858924866, 0.5166839361190796, 0.6226681470870972, 0.7057730555534363, 0.6152665615081787, 0.4510255455970764, 0.5906385183334351, 0.6492102146148682, 0.3265919089317322, 0.4333227872848511, -0.006749160587787628, 0.3378481864929199, 0.39255261421203613, 0.3661577105522156, 0.4921613335609436, 0.6657345294952393, 0.5875654816627502, 0.5252265334129333, 0.7308001518249512, 0.6057450175285339, 0.6609206199645996, 0.8233337998390198, 0.45375972986221313, 0.6551491022109985, 0.5849756002426147, 0.48988205194473267, 0.42024827003479004, 0.6770732998847961, 0.723441481590271, 0.8694536685943604, 0.17557044327259064, 0.6798787713050842, 0.7528409957885742, 0.749778151512146, 0.7270244359970093, 0.6726241111755371, 0.571319580078125, 0.31104838848114014, 0.8421598076820374, 0.6436220407485962, 0.504949152469635, 0.3795458674430847, 0.6381672024726868, 0.6252695322036743, 0.8632486462593079, 0.565757155418396, 0.4910939931869507, 0.619094729423523, 0.6744024753570557, 0.4077819585800171, 0.426181435585022, 0.5281147956848145, 0.5884401798248291, 0.7094190120697021, 0.7327831983566284, 0.42196089029312134, 0.5208784937858582, 0.5354475975036621, 0.6548085808753967, 0.5093655586242676, 0.6457614898681641, 0.7613855600357056, 0.44310879707336426, 0.5516153573989868, 0.5776225328445435, 0.6385352611541748, 0.5241696834564209, 0.703835129737854, 0.5297512412071228, 0.3029134273529053, 0.6433098316192627, 0.41010546684265137, 0.3884933590888977, 0.5947948694229126, 0.9724490642547607, 0.6197767853736877, 0.559961199760437, 0.6248151659965515, 0.5859966278076172, 0.44669994711875916, 0.3279445171356201, 0.7411994934082031, 0.6072975397109985, 0.6444038152694702, 0.6940518021583557, 0.46589577198028564, 0.3943586051464081, 0.34470853209495544, 0.41976290941238403, 0.6005370616912842, 0.49280521273612976, 0.5797834992408752, 0.7009908556938171, 0.7528409361839294, 0.4464494287967682, 0.516171395778656, 0.44898760318756104, 0.6469215154647827, 0.6821949481964111, 0.6030658483505249, 0.473444402217865, 0.4292677640914917, 0.7663663625717163, 0.6251660585403442, 0.6943632364273071, 0.4243748188018799, 0.47716039419174194, 0.7873728275299072, 0.7629666328430176, 0.6814764738082886, 0.7700822353363037, 0.672386109828949, 0.6740024089813232, 0.43456143140792847, 0.7433876395225525, 0.7535588145256042, 0.5509881973266602, 0.4617921710014343, 0.6350322961807251, 0.5129362344741821, 0.6105384230613708, 0.5688384175300598, 0.5840644836425781, 0.7439841032028198, 0.5525718331336975, 0.5219438672065735, 0.6848853230476379, 0.6170665621757507, 0.5084073543548584, 0.48564618825912476, 0.3085488975048065, 0.6524754762649536, 0.5891739130020142, 0.27114710211753845, 0.4718255400657654, 0.45904994010925293, 0.6841057538986206, 0.43771257996559143, 0.44960489869117737, 0.7096210718154907, 0.48300600051879883, 0.6778259873390198, 0.6948130130767822, 0.6970250606536865, 0.5221964716911316, 0.6961182951927185, 0.4798222482204437, 0.6956432461738586, 0.4903019666671753, 0.5971357822418213, 0.6180624961853027, 0.37124329805374146, 0.5627477169036865, 0.4212838411331177, 0.8245671987533569, 0.5007873773574829, 0.672846257686615, 0.5089120864868164, 0.22747352719306946, 0.5863975286483765, 0.380011647939682, 0.5745631456375122, 0.6826097965240479, 0.41277727484703064, 0.553939700126648, 0.472772479057312, 0.5164474248886108, 0.49240177869796753, 0.4747241735458374, 0.5711456537246704, 0.6259927749633789, 0.6537327766418457, 0.49156659841537476, 0.4527413845062256, 0.3660607933998108, 0.4299156665802002, 0.7518520951271057, 0.6019145250320435, 0.5386295318603516, 0.5720406174659729, 0.5713573694229126, 0.46659088134765625, 0.034543126821517944, 0.6798599362373352, 0.8760154247283936, 0.5536426305770874, 0.5071371793746948, 0.4556666314601898, 0.7347231507301331, 0.7556341886520386, 0.7595759034156799, 0.574670135974884, 0.6536750793457031, 0.4858734905719757, 0.6817177534103394, 0.6173449754714966, 0.4827076196670532, 0.5978169441223145, 0.531481146812439, 0.4948616623878479, 0.6512718200683594, -0.10315503180027008, 0.7180595397949219, 0.6008095741271973, 0.6118029952049255, 0.5419531464576721, 0.41668662428855896, 0.6573486328125, 0.6682611703872681, 0.6473265290260315, 0.4000106453895569, 0.46455973386764526, 0.6690917015075684, 0.55644291639328, 0.5636961460113525, 0.6575169563293457, 0.49011164903640747, 0.5806629657745361, 0.3925759196281433, 0.5000834465026855, 0.5287527441978455, 0.6077976822853088, 0.5634899139404297, 0.5403743386268616, 0.36053481698036194, 0.5676131248474121, 0.5828452706336975, 0.6117185354232788, 0.3615611493587494, 0.6389757990837097, 0.6715718507766724, 0.323819637298584, 0.4855617880821228, 0.5713511109352112, 0.4658700227737427, 0.44078749418258667, 0.402646541595459, 0.5559781193733215, 0.45987218618392944, 0.5715229511260986, 0.5073428750038147, 0.5347896218299866, 0.4451245963573456, 0.38638824224472046, 0.36705222725868225, 0.668356716632843, 0.5137436389923096, 0.478449285030365, 0.38419485092163086, 0.4245612919330597, 0.40856456756591797, 0.721642017364502, 0.562689483165741, 0.6347343921661377, 0.2681076228618622, 0.5990183353424072, 0.524097740650177, 0.25701993703842163, 0.4771822690963745, 0.6649515628814697, 0.38466352224349976, 0.5856650471687317, 0.5967817306518555, 0.35887593030929565, 0.6634601950645447, 0.6311770677566528, 0.5545849204063416, 0.7234561443328857, 0.7567920684814453, 0.4150232672691345, 0.4092940390110016, 0.5636192560195923, 0.6567442417144775, 0.5543352365493774, 0.3806397318840027, 0.3301219940185547, 0.628347635269165, 0.37484732270240784, 0.4396972954273224, 0.5506619215011597, 0.5424250364303589, 0.4302999973297119, 0.365744948387146, 0.3712482452392578, 0.5266181826591492, 0.44905948638916016, 0.3661847412586212, 0.5686588883399963, 0.3395726680755615, 0.5492849349975586, 0.47780412435531616, 0.5823063850402832, 0.43403327465057373, 0.6312844753265381, 0.36140555143356323, 0.6539202928543091, 0.6976697444915771, 0.4060855507850647, 0.4389258623123169, 0.5384381413459778, 0.3467943072319031, 0.6530252695083618, 0.3958114683628082, 0.5637384653091431, 0.3440554141998291, 0.617097795009613, 0.6338579654693604, 0.42292970418930054, 0.5564042329788208, 0.5822597742080688, 0.6076574325561523, 0.44382980465888977, -0.15207794308662415, 0.45808371901512146, 0.6582951545715332, 0.7094031572341919, 0.5467262268066406, 0.7109717726707458, 0.43611520528793335, 0.4651625156402588, 0.5099823474884033, 0.5533599853515625, 0.6482423543930054, 0.4915536642074585, 0.5631734132766724, 0.7185608148574829, 0.7404807806015015, 0.6279405951499939, 0.5914500951766968, 0.4916468560695648, 0.5640988349914551, 0.3595157563686371, 0.5881199836730957, 0.5598360300064087, 0.7179148197174072, 0.7791256904602051, 0.5157573819160461, 0.6366370916366577, 0.6100243330001831, 0.7831858992576599, 0.6156976819038391, 0.6590542793273926, 0.7834956645965576, 0.5165683031082153, 0.6651946902275085, 0.7176254391670227, 0.5407722592353821, 0.5975035429000854, 0.4416362941265106, 0.6414819955825806, 0.5128523111343384, 0.7961767315864563, 0.6567784547805786, 0.6573184728622437, 0.5176191329956055, 0.6274237036705017, 0.5789909362792969, 0.6231772899627686, 0.6425265073776245, 0.4822287857532501, 0.8053041696548462, 0.6156412363052368, 0.34814929962158203, 0.36691588163375854, 0.6273391246795654, 0.5640704035758972, 0.6512054204940796, 0.6342549324035645, 0.6479002237319946, 0.6035170555114746, 0.677697479724884, 0.48242056369781494, 0.7754898071289062, 0.5820794105529785, 0.5532954931259155, 0.5188101530075073, 0.5394606590270996, 0.7259737253189087, 0.48418766260147095, 0.8166362643241882, 0.5018294453620911, 0.48415693640708923, 0.6590667366981506, 0.27304399013519287, 0.5931782126426697, 0.5595788955688477, 0.5849076509475708, 0.7424263954162598, 0.35158610343933105, 0.4574243426322937, 0.4448915719985962, 0.6166121363639832, 0.46219751238822937, 0.48423853516578674, 0.641224205493927, 0.736312985420227, 0.5957213640213013, 0.6656981706619263, 0.5556747913360596, 0.5853253602981567, 0.5793710947036743, 0.8103676438331604, 0.6572731733322144, 0.6432271599769592, 0.5455002784729004, 0.5332493782043457, 0.7154816389083862, 0.5347709655761719, 0.5448983907699585, 0.4837602972984314, 0.5455080270767212, 0.6749419569969177, 0.5527446269989014, 0.466486394405365, 0.45428723096847534, 0.5856972932815552, 0.46401500701904297, 0.5661885738372803, 0.5586108565330505, 0.5305078029632568, 0.720742404460907, 0.602446436882019, 0.650776207447052, 0.68263840675354, 0.6567437648773193, 0.4472457766532898, 0.4315420389175415, 0.3306288719177246, 0.6334909200668335, 0.5327489376068115, 0.4356818199157715, 0.6606090664863586, 0.5533021688461304, 0.7281302213668823, 0.216599240899086, 0.6484365463256836, 0.54302978515625, 0.7753292322158813, 0.6567753553390503, 0.6846634149551392, 0.5418626070022583, -0.20799893140792847, 0.6699853539466858, 0.5656505823135376, 0.3715880811214447, 0.5035973787307739, 0.7232813835144043, 0.5614886283874512, 0.5516175031661987, 0.649212121963501, 0.5266236066818237, 0.5734663009643555, 0.7040462493896484, 0.4421370327472687, 0.5447004437446594, 0.47478851675987244, 0.6172124147415161, 0.5091235041618347, 0.3144259452819824, 0.5795717239379883, 0.8023605346679688, 0.4613535404205322, 0.4556286036968231, 0.5895426273345947, 0.263407438993454, 0.5515040159225464, 0.5712040662765503, 0.5314536094665527, 0.6647450923919678, 0.7184637784957886, 0.5724570751190186, 0.6296021938323975, 0.5683900117874146, 0.43385180830955505, 0.7011336088180542, 0.5964520573616028, 0.7774274349212646, 0.6603962779045105, 0.6495723724365234, 0.6088746786117554, 0.4893449544906616, 0.4928509294986725, 0.5088988542556763, 0.7735699415206909, 0.7137137651443481, 0.7169626951217651, 0.6562447547912598, 0.579069972038269, 0.6652609705924988, 0.49067938327789307, 0.7470600605010986, 0.5607596635818481, 0.7390820980072021, 0.5500578880310059, 0.6188223361968994, 0.6773754358291626, 0.5862853527069092, 0.49534714221954346, 0.6569886207580566, 0.7145199179649353, 0.7365165948867798, 0.7134304046630859, 0.5788207650184631, 0.4241694211959839, 0.7105902433395386, 0.5255005955696106, 0.42919331789016724, 0.6198402643203735, 0.44487854838371277, 0.37031838297843933, 0.625948429107666, 0.5699273943901062, 0.6093754172325134, 0.5930824279785156, 0.6230149269104004, 0.44234368205070496, 0.5150924921035767, 0.8669255375862122, 0.6633144617080688, 0.6972699165344238, 0.7283291816711426, 0.4434727728366852, 0.9836421012878418, 0.37235456705093384, 0.7369704246520996, 0.707922637462616, 0.26765522360801697, 0.4860441982746124, 0.5450986623764038, 0.5430008172988892, 0.8444947600364685, 0.6122816205024719, 0.6001335382461548, 0.45738738775253296, 0.8070799112319946, 0.6125000715255737, 0.5129357576370239, 0.41021716594696045, 0.7284811735153198, 0.7555049061775208, 0.5220908522605896, 0.3959360420703888, 0.6840076446533203, 0.4996581971645355, 0.7201662659645081, 0.5412670373916626, 0.4581880569458008, 0.6610608100891113, 0.5977572798728943, 0.4868919849395752, 0.4696308970451355, 0.5479984283447266, 0.42194080352783203, 0.7704401612281799, 0.770317554473877, 0.5128516554832458, 0.6394340991973877, 0.5954251289367676, 0.5788589715957642, 0.5641714334487915, 0.5551755428314209, 0.40140920877456665, 0.6567367911338806, 0.4083600640296936, 0.4131178855895996, 0.6670687794685364, 0.5212845802307129, 0.6596929430961609, 0.45832037925720215, 0.5006661415100098, 0.5760654807090759, 0.5786682963371277, 0.6155316233634949, 0.6198407411575317, 0.6372936964035034, 0.39575350284576416, 0.5564262866973877, 0.651390790939331, 0.5465539693832397, 0.6765323877334595, 0.5393010377883911, 0.5712885856628418, 0.4651402235031128, 0.6540616750717163, 0.5217687487602234, 0.5465621948242188, 0.6556152105331421, 0.47672712802886963, 0.4776107370853424, 0.44762009382247925, 0.4677122235298157, 0.6304824352264404, 0.7677133083343506, 0.6655235886573792, 0.5129529237747192, 0.514057457447052, 0.737200140953064, 0.43626856803894043, 0.7243173718452454, 0.5456475615501404, 0.4714412987232208, 0.41222402453422546, 0.3287160396575928, 0.7432023882865906, 0.6420961618423462, 0.6806036233901978, 0.7378722429275513, 0.5620855689048767, 0.14383241534233093, 0.46329134702682495, 0.6055742502212524, 0.5467298030853271, 0.6360471844673157, 0.5481669306755066, 0.6245553493499756, 0.49219879508018494, 0.7074766159057617, 0.641542911529541, 0.36697667837142944, 0.6301572322845459, 0.5980973243713379, 0.7673996686935425, 0.43114230036735535, 0.39051204919815063, 0.7023557424545288, 0.4014313817024231, 0.5942773818969727, 0.835589587688446, 0.784421443939209, 0.4287221431732178, 0.6892167329788208, 0.5346149802207947, 0.602826714515686, 0.505827784538269, 0.43753260374069214, 0.2417261302471161, 0.5678310394287109, 0.4116256833076477, 0.6291034817695618, 0.5903880000114441, 0.3098769783973694, 0.47440922260284424, 0.42833244800567627, 0.5243959426879883, 0.734794557094574, 0.7809706330299377, 0.6961413621902466, 0.47800832986831665, 0.5507546663284302, 0.6646421551704407, 0.6261289715766907, 0.5969427824020386, 0.44267886877059937, 0.49339985847473145, 0.7027027606964111, 0.5106662511825562, 0.5397894382476807, 0.5879756808280945, 0.6174185872077942, 0.7665550708770752, 0.5343140959739685, 0.6436749696731567, 0.48957559466362, 0.5900217890739441, 0.5777088403701782, 0.6945386528968811, 0.46448272466659546, 0.7521915435791016, 0.36635011434555054, 0.5835826992988586, 0.2839449346065521, 0.6342785358428955, 0.5044249296188354, 0.8204505443572998, 0.8645187616348267, 0.6202313899993896, 0.5332685708999634, 0.338296115398407, 0.49482521414756775, 0.5744171142578125, 0.5897802114486694, 0.7289461493492126, 0.759053111076355, 0.5672402381896973, 0.6353491544723511, 0.4665091633796692, 0.7269018292427063, 0.585590124130249, 0.5273334383964539, 0.7321838140487671, 0.6722026467323303, 0.3372144401073456, 0.5769578218460083, 0.46690595149993896, 0.46965211629867554, 0.7619102001190186, 0.38362938165664673, 0.48503944277763367, 0.5267006158828735, 0.5134811401367188, 0.5561164617538452, 0.607867419719696, 0.500000536441803, 0.5485185980796814, 0.49457865953445435, 0.7592155337333679, 0.5694664120674133, 0.6435838937759399, 0.6914602518081665, 0.7365509271621704, 0.5371527671813965, 0.7269269227981567, 0.7314269542694092, 0.6149436235427856, 0.4922794699668884, 0.5909560918807983, 0.6115378737449646, 0.5300133228302002, 0.4351730942726135, 0.6346302628517151, 0.5728024244308472, 0.5211851596832275, 0.589686393737793, 0.5098563432693481, 0.5198354125022888, 0.47148850560188293, 0.9290893077850342, 0.6138256788253784, 0.15564656257629395, 0.3607933223247528, 0.5480249524116516, 0.6541705131530762, 0.3479565978050232, 0.6902332901954651, 0.44817572832107544, 0.5989913940429688, 0.5296724438667297, 0.5243504047393799, 0.7350006103515625, 0.6497933864593506, 0.4846777319908142, 0.5309584736824036, 0.6342536211013794, 0.5438143014907837, 0.5684718489646912, 0.38761988282203674, 0.450255423784256, 0.5212055444717407, 0.6703957915306091, 0.5466421842575073, 0.4554958939552307, 0.47266635298728943, 0.9359464645385742, 0.6565237045288086, 0.4448815584182739, 0.6566810607910156, 0.7697831988334656, 0.5389358401298523, 0.5649330615997314, 0.6391150951385498, 0.4011886417865753, 0.6051909327507019, 0.6640210747718811, 0.8299885988235474, 0.7470011711120605, 0.6683461666107178, 0.4763377606868744, 0.4797145128250122, 0.44100216031074524, 0.6990046501159668, 0.5458381772041321, 0.6424992084503174, 0.5473480224609375, 0.45697277784347534, 0.5348843336105347, 0.6229778528213501, 0.7045595049858093, 0.3955880403518677, 0.6434191465377808, 0.7286260724067688, 0.4826156795024872, 0.6606491208076477, 0.7150838375091553, 0.4336537718772888, 0.5972827672958374, 0.7148681879043579, 0.7662532329559326, 0.3584202527999878, 0.27795886993408203, 0.5227157473564148, 0.7346099019050598, 0.5408753156661987, 0.6533172726631165, 0.5407679677009583, 0.7664763927459717, 0.37538325786590576, 0.462510883808136, 0.4482528865337372, 0.599936306476593, 0.5295495986938477, 0.689750075340271, 0.5335354804992676, 0.554456353187561, 0.5262953042984009, 0.6630072593688965, 0.5873918533325195, 0.43147754669189453, 0.5227232575416565, 0.6747165322303772, 0.5511225461959839, 0.5138438940048218, 0.6299052834510803, 0.5741182565689087, 0.6132692098617554, 0.6311001777648926, 0.6559946537017822, 0.49256736040115356, 0.5431651473045349, 0.7291134595870972, 0.671126663684845, 0.2551666498184204, 0.7619055509567261, 0.5011887550354004, 0.47995731234550476]
