sample name: ['Cc1ccc2c(c1)C(=O)N(CCC(=O)NCC(C1CC1)C1CC1)C2=O']
atom_index,distance,cosine_similarity
0,0.4601007080078125,-0.07529417748562992
1,0.6611761474609374,-0.11652902077883481
2,-0.4260223388671875,0.048825448155403135
3,-0.46867919921875,0.016465294137597085
4,-0.5011614990234375,0.04010094679892063
5,0.2231121826171875,-0.0572048956155777
6,0.5207769775390625,-0.10904757134616375
7,-0.4651934814453125,0.07871436182409525
8,-0.334927978515625,0.04800822235643864
9,-0.4055810546875,0.06086659152060747
10,-0.1143255615234375,0.02010509669780731
11,-0.368302001953125,0.05647002961486578
12,-0.4906011962890625,0.06850350763648748
13,0.01453857421875,0.0250258632004261
14,-0.497437744140625,0.08561429277062416
15,-2.12850830078125,0.30311806246638295
16,-0.774312744140625,0.1018440105766058
17,-1.133302001953125,0.16382028579711913
18,-0.4696112060546875,0.08191850863397121
19,0.0889971923828125,0.006993721649050713

Sum of phi values for distance
-6.609264526367188
Sum of phi values for cosine similarity
0.8483185786101967
Average distance random samples:
9.075659486889839
Average cosine similarity random samples:
0.3332097079269588
Distances random samples
[8.820690155029297, 6.6263651847839355, 7.263570308685303, 8.433578491210938, 12.084371566772461, 6.678332805633545, 6.253000259399414, 7.790043830871582, 7.815401554107666, 7.749553203582764, 7.6683855056762695, 6.252342224121094, 12.0153169631958, 7.657933712005615, 7.76671838760376, 7.270940780639648, 8.001870155334473, 8.932001113891602, 13.044476509094238, 8.32233715057373, 9.386967658996582, 7.609019756317139, 7.3297929763793945, 8.32735538482666, 10.121535301208496, 6.989089012145996, 10.748200416564941, 11.72024154663086, 5.425739765167236, 15.844376564025879, 10.533119201660156, 8.3024320602417, 9.880168914794922, 11.21093463897705, 15.040430068969727, 10.400652885437012, 12.37160873413086, 6.330296516418457, 5.635411262512207, 10.418769836425781, 4.443820953369141, 6.249618053436279, 7.1087141036987305, 9.612592697143555, 9.905364990234375, 6.985961437225342, 6.6480913162231445, 13.392471313476562, 10.91439437866211, 10.505386352539062, 9.84311294555664, 9.298661231994629, 5.820329189300537, 8.370763778686523, 7.49343204498291, 5.530983924865723, 9.906624794006348, 9.420774459838867, 8.402557373046875, 10.58721923828125, 7.504549980163574, 10.342303276062012, 14.258256912231445, 11.184062004089355, 10.231526374816895, 7.666136741638184, 7.803464412689209, 11.948124885559082, 6.449062824249268, 3.8961050510406494, 7.01268196105957, 10.321847915649414, 7.224820137023926, 7.429192066192627, 6.856639385223389, 10.371585845947266, 7.178292751312256, 13.878897666931152, 6.422379493713379, 6.546614170074463, 7.734582901000977, 6.36778450012207, 10.194329261779785, 8.532114028930664, 6.726319313049316, 4.575530052185059, 5.836183547973633, 6.0577712059021, 5.879191875457764, 16.733121871948242, 8.743721961975098, 10.997865676879883, 8.720895767211914, 8.887140274047852, 8.283811569213867, 5.93205451965332, 11.797348976135254, 4.820348262786865, 10.732793807983398, 9.413071632385254, 11.865694046020508, 8.43608570098877, 5.242427349090576, 10.687588691711426, 9.356771469116211, 12.41247844696045, 9.480262756347656, 8.252641677856445, 8.901233673095703, 8.5546875, 6.379214286804199, 7.072272777557373, 13.587564468383789, 9.690825462341309, 8.87492847442627, 18.497262954711914, 15.245424270629883, 8.657149314880371, 10.546448707580566, 9.36332893371582, 9.910877227783203, 6.570097923278809, 6.963801383972168, 8.125045776367188, 7.1810688972473145, 14.661449432373047, 7.092465877532959, 10.253094673156738, 5.4531331062316895, 9.167680740356445, 8.136238098144531, 12.165356636047363, 8.871171951293945, 7.534934997558594, 9.88432502746582, 9.061577796936035, 6.603157043457031, 6.098179340362549, 13.352738380432129, 5.522148132324219, 7.33754301071167, 14.49293041229248, 5.748164176940918, 10.496256828308105, 9.155508041381836, 9.213919639587402, 9.033138275146484, 8.469846725463867, 5.8515801429748535, 6.075867176055908, 10.298154830932617, 11.2941255569458, 8.585639953613281, 8.567403793334961, 9.670731544494629, 8.761860847473145, 12.295047760009766, 8.846877098083496, 9.691450119018555, 9.008543968200684, 9.769176483154297, 11.154207229614258, 8.433648109436035, 10.962176322937012, 10.911162376403809, 5.626723289489746, 7.356502056121826, 7.587775230407715, 6.87677526473999, 10.009324073791504, 10.557432174682617, 7.6899094581604, 6.791337966918945, 11.527297019958496, 6.329073905944824, 7.104270935058594, 8.509060859680176, 10.760526657104492, 9.390518188476562, 6.175158977508545, 7.33531379699707, 10.672128677368164, 10.980254173278809, 6.1240949630737305, 15.809064865112305, 7.0255446434021, 10.639249801635742, 8.619525909423828, 11.541259765625, 8.798866271972656, 7.889745235443115, 5.775723934173584, 13.339316368103027, 8.670488357543945, 7.046402931213379, 4.476222038269043, 9.60812759399414, 5.193709373474121, 9.916117668151855, 19.803739547729492, 9.526360511779785, 9.940075874328613, 6.71446418762207, 7.27018404006958, 8.937939643859863, 8.428001403808594, 7.508926868438721, 20.03809928894043, 7.998330116271973, 10.728203773498535, 8.298287391662598, 7.530423641204834, 10.559978485107422, 12.091898918151855, 11.085641860961914, 9.743346214294434, 16.493221282958984, 6.804688453674316, 9.389564514160156, 10.511996269226074, 12.098000526428223, 7.011146545410156, 9.388580322265625, 13.475481033325195, 8.333944320678711, 15.989121437072754, 10.674895286560059, 9.992955207824707, 11.081357955932617, 10.752533912658691, 12.338513374328613, 13.136444091796875, 7.056635856628418, 9.897006034851074, 7.997599124908447, 13.211219787597656, 8.377161026000977, 12.3546142578125, 12.922492980957031, 12.822436332702637, 7.674510955810547, 7.748518943786621, 12.027112007141113, 7.018422603607178, 5.008371353149414, 8.158910751342773, 9.118030548095703, 8.604887962341309, 9.584210395812988, 9.375298500061035, 9.322205543518066, 10.959036827087402, 13.750981330871582, 8.357208251953125, 6.599556922912598, 6.845284461975098, 10.0696439743042, 12.498896598815918, 8.9364013671875, 15.227351188659668, 11.565390586853027, 8.665478706359863, 6.3038787841796875, 4.987785816192627, 6.4345550537109375, 10.518326759338379, 7.081034183502197, 6.868628978729248, 6.650651454925537, 14.426203727722168, 8.870112419128418, 9.404031753540039, 7.711434364318848, 9.103574752807617, 10.813720703125, 11.15299129486084, 6.71964693069458, 11.272149085998535, 7.757774353027344, 8.6207275390625, 7.62147855758667, 9.567221641540527, 9.275217056274414, 6.086932182312012, 8.203009605407715, 6.2176008224487305, 4.3214640617370605, 8.33723258972168, 6.088771820068359, 7.56375789642334, 8.136792182922363, 14.800910949707031, 7.5468950271606445, 9.412240982055664, 8.110966682434082, 8.037145614624023, 6.166356086730957, 6.4730658531188965, 9.88728141784668, 10.481559753417969, 6.733125686645508, 8.914385795593262, 7.395593643188477, 8.772682189941406, 7.48063325881958, 11.341137886047363, 7.726330757141113, 9.861104011535645, 10.639302253723145, 14.164983749389648, 7.389420509338379, 8.884003639221191, 14.32298755645752, 8.672435760498047, 9.08707046508789, 6.703373432159424, 9.37890625, 12.18741226196289, 9.227099418640137, 7.500365257263184, 8.181678771972656, 7.947442054748535, 4.617798328399658, 5.964350700378418, 9.349002838134766, 8.971528053283691, 13.279073715209961, 6.373846530914307, 9.12618637084961, 5.915004253387451, 8.158589363098145, 6.805038928985596, 10.061713218688965, 8.75951099395752, 8.304320335388184, 8.074196815490723, 9.573474884033203, 11.051137924194336, 7.768106460571289, 9.871811866760254, 10.437454223632812, 5.982109546661377, 13.420026779174805, 8.909414291381836, 18.266773223876953, 7.293827533721924, 7.564984321594238, 6.736973285675049, 9.47765827178955, 8.563536643981934, 11.192460060119629, 9.67692756652832, 9.103130340576172, 9.90752124786377, 12.31010627746582, 6.502054691314697, 9.341965675354004, 7.010104656219482, 9.145649909973145, 9.330453872680664, 9.526117324829102, 8.076103210449219, 7.0328168869018555, 4.876392841339111, 9.217554092407227, 7.911047458648682, 10.475118637084961, 9.846150398254395, 9.36160659790039, 8.205792427062988, 7.175644397735596, 9.857364654541016, 6.126815319061279, 15.307933807373047, 6.79063606262207, 6.814212322235107, 7.486632347106934, 9.000195503234863, 7.677087783813477, 6.544005393981934, 8.589716911315918, 7.4707417488098145, 6.853144645690918, 6.3644232749938965, 6.825235843658447, 7.852193832397461, 12.83906364440918, 8.706694602966309, 10.631566047668457, 5.9774394035339355, 12.414398193359375, 7.053791522979736, 8.866155624389648, 7.81920051574707, 8.667984962463379, 9.24474048614502, 9.07178783416748, 7.956791400909424, 6.768706798553467, 7.696147441864014, 7.6410441398620605, 7.116439342498779, 5.901795387268066, 7.975920677185059, 12.308040618896484, 6.464327335357666, 8.48469066619873, 8.292271614074707, 6.025707721710205, 6.36643123626709, 6.227808952331543, 10.5562105178833, 9.861998558044434, 11.195226669311523, 7.061200141906738, 13.099166870117188, 12.594046592712402, 7.5992960929870605, 6.599482536315918, 13.150882720947266, 6.621793746948242, 7.895305156707764, 15.993682861328125, 8.044042587280273, 6.92073392868042, 10.372523307800293, 7.803737163543701, 9.336568832397461, 7.723230838775635, 5.0574727058410645, 4.956006050109863, 6.469143867492676, 11.934091567993164, 5.385105609893799, 7.649722576141357, 7.953739166259766, 13.673957824707031, 9.153698921203613, 11.404191970825195, 7.255184650421143, 11.671703338623047, 8.156388282775879, 9.674519538879395, 5.537448406219482, 9.029549598693848, 6.849687576293945, 7.858392715454102, 6.772858619689941, 7.803288459777832, 7.974530220031738, 5.716436386108398, 6.34465217590332, 6.532994747161865, 5.655963897705078, 10.180203437805176, 5.990362644195557, 8.593109130859375, 11.168648719787598, 12.095077514648438, 7.953479290008545, 6.19211483001709, 8.33194351196289, 8.948269844055176, 5.850190162658691, 9.281370162963867, 7.976529598236084, 7.765158176422119, 8.838345527648926, 8.859827041625977, 7.151562690734863, 7.430768013000488, 8.151311874389648, 9.390523910522461, 15.060323715209961, 8.43388843536377, 11.943279266357422, 11.882394790649414, 7.4767937660217285, 8.645045280456543, 4.422780513763428, 7.717810153961182, 5.905445098876953, 14.081783294677734, 9.10566520690918, 8.938398361206055, 8.172572135925293, 9.518667221069336, 10.710611343383789, 7.740143775939941, 7.290066242218018, 12.694997787475586, 7.561553955078125, 9.909700393676758, 7.39524507522583, 6.379181385040283, 9.769594192504883, 7.796614646911621, 9.588127136230469, 11.42363452911377, 9.881613731384277, 7.03213357925415, 7.684793472290039, 8.884276390075684, 7.678010940551758, 7.588203430175781, 16.22456169128418, 9.517901420593262, 11.315729141235352, 10.544448852539062, 7.919826030731201, 9.538496971130371, 14.950617790222168, 16.016075134277344, 10.084025382995605, 8.268486022949219, 6.520224094390869, 8.32315731048584, 7.754469871520996, 10.139374732971191, 10.352913856506348, 11.281326293945312, 8.051140785217285, 8.058781623840332, 7.786836624145508, 6.792419910430908, 5.104716777801514, 6.9721879959106445, 7.940730094909668, 7.35530948638916, 7.918364524841309, 6.846786975860596, 5.592644214630127, 7.907191753387451, 5.815786361694336, 8.23449993133545, 15.212902069091797, 8.074971199035645, 11.516585350036621, 13.017292022705078, 9.10861587524414, 6.819103240966797, 14.006390571594238, 12.387999534606934, 7.953446865081787, 8.116558074951172, 7.71212100982666, 6.116894721984863, 6.6850175857543945, 9.986424446105957, 7.351118564605713, 6.9959635734558105, 4.632927417755127, 12.501602172851562, 9.901847839355469, 9.3827486038208, 13.397163391113281, 7.63361120223999, 15.85639476776123, 5.329006671905518, 6.554818153381348, 7.38377046585083, 14.101357460021973, 12.343988418579102, 6.878817081451416, 7.688286304473877, 10.491369247436523, 6.337066650390625, 9.11676025390625, 12.966941833496094, 6.438414096832275, 5.695852279663086, 7.630326271057129, 10.129293441772461, 7.410523891448975, 8.933549880981445, 8.473472595214844, 9.731829643249512, 7.963659763336182, 15.850076675415039, 12.671632766723633, 11.833925247192383, 6.788183689117432, 9.717813491821289, 9.085539817810059, 4.7786054611206055, 5.360822677612305, 8.056699752807617, 5.794425964355469, 8.583887100219727, 10.010889053344727, 4.757227420806885, 7.683022499084473, 16.05567169189453, 7.7299089431762695, 13.601458549499512, 17.78158187866211, 5.744905471801758, 12.906280517578125, 9.992761611938477, 7.667396068572998, 8.219579696655273, 7.208712577819824, 14.311470985412598, 5.278616428375244, 11.749614715576172, 9.464408874511719, 7.782386779785156, 7.004941940307617, 7.439216136932373, 10.764812469482422, 9.545278549194336, 6.708898067474365, 8.756587982177734, 15.218180656433105, 5.796122074127197, 15.61606216430664, 11.313520431518555, 5.543599605560303, 9.948437690734863, 7.6437177658081055, 4.816956043243408, 11.595884323120117, 8.127811431884766, 7.754981517791748, 10.583314895629883, 7.300332546234131, 9.225201606750488, 10.757333755493164, 8.382533073425293, 5.461032390594482, 15.635723114013672, 7.032431602478027, 8.968744277954102, 5.743371963500977, 4.5909624099731445, 8.052412033081055, 7.384695529937744, 8.759675025939941, 10.878039360046387, 5.779116630554199, 7.23586368560791, 7.556735038757324, 7.856375694274902, 8.507633209228516, 6.800807952880859, 6.615997314453125, 7.07449197769165, 6.015547752380371, 7.845375061035156, 6.2958455085754395, 10.098946571350098, 8.58833122253418, 6.650659561157227, 7.6630120277404785, 7.129281520843506, 6.088765621185303, 13.546205520629883, 7.355627059936523, 8.877189636230469, 7.019946575164795, 15.011581420898438, 8.125365257263184, 11.094828605651855, 7.498559474945068, 9.658647537231445, 10.250865936279297, 7.682613372802734, 8.097098350524902, 7.249329090118408, 13.758800506591797, 7.285701274871826, 7.058950424194336, 8.616880416870117, 9.523930549621582, 7.21456241607666, 12.11817455291748, 6.337784767150879, 7.503566741943359, 6.043584823608398, 5.14523458480835, 13.13261890411377, 8.997934341430664, 7.992776870727539, 7.553085803985596, 16.142433166503906, 10.919245719909668, 5.931248188018799, 8.32565975189209, 7.344094276428223, 12.009329795837402, 5.874673366546631, 7.743952751159668, 9.410106658935547, 8.25993537902832, 7.9311676025390625, 6.749912261962891, 10.325571060180664, 6.771484851837158, 7.137178897857666, 8.344941139221191, 9.701467514038086, 7.878181457519531, 11.103099822998047, 7.0188164710998535, 5.523776054382324, 9.439404487609863, 4.522843837738037, 4.417695999145508, 7.611311435699463, 8.837250709533691, 8.611403465270996, 5.653843402862549, 9.340685844421387, 7.581916809082031, 11.46735668182373, 8.922547340393066, 8.329390525817871, 7.451820373535156, 6.127312660217285, 11.835668563842773, 6.982120037078857, 8.613149642944336, 8.737688064575195, 10.424226760864258, 8.469501495361328, 7.830784797668457, 7.374448776245117, 11.98682975769043, 13.415898323059082, 6.838113784790039, 8.378029823303223, 6.919598579406738, 9.610881805419922, 6.766622543334961, 6.134618759155273, 6.342007637023926, 8.815903663635254, 6.752933979034424, 7.140834331512451, 10.980738639831543, 8.786980628967285, 11.807230949401855, 6.234473705291748, 15.144346237182617, 7.950191974639893, 9.427809715270996, 10.612805366516113, 9.219866752624512, 9.314385414123535, 7.614771842956543, 10.373923301696777, 17.651704788208008, 4.2315497398376465, 6.143704414367676, 5.664920330047607, 10.034479141235352, 11.437786102294922, 9.601510047912598, 13.715487480163574, 9.298197746276855, 10.930108070373535, 6.897262096405029, 11.101710319519043, 8.180927276611328, 9.161447525024414, 9.065095901489258, 8.764376640319824, 9.68203067779541, 13.769875526428223, 7.941527843475342, 7.1519670486450195, 8.04461669921875, 11.91523265838623, 9.8252534866333, 11.787186622619629, 11.629405975341797, 5.925966262817383, 7.677631855010986, 12.635706901550293, 8.852143287658691, 6.0258307456970215, 6.478161811828613, 9.323471069335938, 11.518832206726074, 9.883722305297852, 9.681821823120117, 7.858760833740234, 8.488266944885254, 8.6965913772583, 10.403393745422363, 11.217238426208496, 6.646127700805664, 5.114768028259277, 5.768238067626953, 9.164127349853516, 11.191206932067871, 6.885750770568848, 5.13901424407959, 9.509190559387207, 9.154394149780273, 12.230103492736816, 11.083246231079102, 7.481489658355713, 10.071432113647461, 11.229042053222656, 7.076663970947266, 12.522202491760254, 9.560758590698242, 17.071149826049805, 10.601277351379395, 8.910378456115723, 10.092565536499023, 7.37082052230835, 9.532249450683594, 9.983161926269531, 7.333512306213379, 11.166955947875977, 7.792090892791748, 6.601008892059326, 11.201677322387695, 7.615471839904785, 11.082011222839355, 6.801153659820557, 4.547430992126465, 10.717310905456543, 6.694343566894531, 11.431120872497559, 9.748979568481445, 7.510187149047852, 10.923101425170898, 6.94905424118042, 7.221853256225586, 8.623472213745117, 7.850335597991943, 10.543898582458496, 12.610078811645508, 7.5341596603393555, 7.832930088043213, 6.910274982452393, 8.76706314086914, 7.500370502471924, 11.478528022766113, 8.751372337341309, 8.924518585205078, 7.318349838256836, 7.776403427124023, 6.6775288581848145, 11.157502174377441, 8.734426498413086, 11.938821792602539, 11.08290958404541, 6.773349285125732, 7.872708320617676, 8.678653717041016, 8.291149139404297, 10.064062118530273, 7.349271297454834, 9.02939510345459, 7.435190677642822, 8.44365406036377, 9.163492202758789, 9.779533386230469, 5.936153411865234, 8.47624397277832, 9.269420623779297, 15.792770385742188, 6.659156322479248, 8.903255462646484, 8.002165794372559, 6.51174259185791, 8.37861156463623, 7.324339389801025, 7.253841400146484, 6.250820636749268, 5.821550369262695, 12.684830665588379, 7.635221481323242, 6.505679130554199, 6.173390865325928, 7.611328601837158, 7.939097881317139, 5.99470329284668, 8.90331745147705, 12.718679428100586, 7.120433807373047, 5.98406982421875, 6.877817630767822, 10.96668815612793, 8.785969734191895, 5.763728618621826, 7.536349773406982, 11.699769973754883, 5.954361915588379, 11.678572654724121, 6.7658514976501465, 8.047903060913086, 12.276741981506348, 5.395718574523926, 7.954420566558838, 10.44797420501709, 9.70500373840332, 10.207022666931152, 7.799591064453125, 10.105659484863281, 8.783546447753906, 9.591632843017578, 7.581552505493164, 7.727067947387695, 8.384099006652832, 7.580461025238037, 7.1115288734436035, 7.2225871086120605, 9.89497184753418, 8.160901069641113, 9.225637435913086, 11.128695487976074, 6.1751885414123535, 11.883843421936035, 7.610742092132568, 9.508039474487305, 8.61821174621582, 7.564859867095947, 7.549785614013672, 8.569114685058594, 9.864768981933594, 8.971857070922852, 7.000470161437988, 8.356559753417969, 7.566141128540039, 15.270498275756836, 7.950003623962402, 6.227928161621094, 6.234302997589111, 6.163668155670166, 8.913347244262695, 6.6552839279174805, 14.172043800354004, 10.68937873840332, 8.890716552734375, 12.2412691116333, 6.249675750732422, 9.277312278747559, 9.39095687866211, 9.516018867492676, 12.153755187988281, 7.618868827819824, 7.380709171295166, 9.047310829162598, 9.222289085388184, 9.076960563659668, 8.409961700439453, 7.0056328773498535, 11.93761157989502, 10.476788520812988, 10.110404014587402, 7.061648368835449, 7.15176248550415, 7.1920671463012695, 11.275996208190918, 6.510880470275879, 7.096445083618164, 11.002320289611816, 8.298076629638672, 6.440797328948975, 6.437532424926758, 8.489378929138184, 12.188213348388672, 12.640581130981445, 6.550999164581299, 14.689519882202148, 12.922080039978027, 7.11414909362793, 7.652337551116943, 15.431480407714844, 9.616286277770996, 12.856795310974121, 5.753536701202393, 9.172745704650879, 11.391775131225586, 10.457549095153809, 12.154212951660156, 6.590466022491455, 6.276900291442871, 10.643074035644531, 7.694157600402832, 7.566579818725586, 7.617259502410889, 10.17808723449707, 11.537728309631348, 8.94808578491211, 8.813679695129395, 8.355960845947266, 6.4273152351379395, 6.1979241371154785, 16.576374053955078, 8.659295082092285, 9.414457321166992, 9.55868911743164, 7.487320423126221, 6.167653560638428, 11.766975402832031, 11.977232933044434, 13.039603233337402, 7.862956523895264, 14.110956192016602, 9.374041557312012, 11.432497024536133, 7.708446502685547, 6.532310962677002, 8.616782188415527, 4.601776599884033, 8.68841552734375, 7.412705898284912, 9.682380676269531, 9.174947738647461, 9.344501495361328, 16.160839080810547, 11.603959083557129, 4.821179389953613, 9.933670997619629, 11.626341819763184, 7.576646327972412, 7.657061576843262, 5.7295331954956055, 6.957313537597656, 7.020778179168701, 10.01388168334961, 11.085198402404785, 14.989700317382812, 15.033733367919922, 8.96291732788086, 8.971198081970215, 11.130359649658203, 6.104991912841797, 8.952597618103027, 6.957761764526367, 7.569960594177246, 7.747706413269043, 8.266357421875, 6.5441741943359375, 5.5648908615112305, 6.773690223693848, 8.29940128326416, 10.435104370117188, 9.502851486206055, 8.770081520080566, 6.964968681335449, 12.74678897857666, 11.22523307800293, 9.630575180053711, 8.380433082580566, 6.5609049797058105, 7.414680004119873, 10.668100357055664, 10.040609359741211, 10.45523738861084, 8.138472557067871, 10.09986686706543, 10.583625793457031, 7.191172122955322, 5.604877471923828, 14.518308639526367, 11.50975227355957, 8.754406929016113, 10.46675968170166, 8.68823528289795, 6.98031759262085, 6.0580925941467285, 6.340573787689209, 9.575560569763184, 8.165389060974121, 10.910149574279785, 6.460493564605713, 10.284141540527344, 8.074755668640137, 6.436641216278076, 10.45025634765625, 7.783904075622559, 7.788834571838379, 12.200980186462402, 11.337926864624023, 11.75513744354248, 17.018674850463867, 12.55444049835205, 8.898726463317871, 7.172755718231201, 8.601405143737793, 7.5295209884643555, 16.324153900146484, 6.933177947998047, 5.077585697174072, 7.777116775512695, 10.487247467041016, 7.784676551818848, 5.539696216583252, 9.390851974487305, 8.003610610961914, 8.173748016357422, 7.346903324127197, 8.471598625183105, 6.95387077331543, 7.385651111602783, 15.80431842803955, 10.543937683105469, 8.103952407836914, 6.400391101837158, 8.622480392456055, 14.128839492797852, 5.655699729919434, 9.193684577941895, 6.45065975189209, 10.515952110290527, 7.059952735900879, 14.903131484985352, 10.869702339172363, 10.054963111877441, 8.698087692260742, 11.532630920410156, 9.329141616821289, 11.145833969116211, 11.363306045532227, 10.286873817443848, 9.56087589263916, 14.636655807495117, 5.778326988220215, 12.009833335876465, 11.806841850280762, 8.45024299621582, 11.611536026000977, 11.261116027832031, 9.153769493103027, 9.771909713745117, 9.447525978088379, 8.808964729309082, 6.866899013519287, 8.310650825500488, 14.734919548034668, 8.696931838989258, 7.996527194976807, 16.912368774414062, 8.613019943237305, 13.096954345703125, 9.525148391723633, 7.440356731414795, 10.413223266601562, 11.183112144470215, 7.940072536468506, 7.043928623199463, 11.395622253417969, 8.436127662658691, 10.657383918762207, 8.454561233520508, 8.684700012207031, 6.589423656463623, 16.55729103088379, 10.75337028503418, 7.945339679718018, 8.46939754486084, 13.353291511535645, 13.96816349029541, 6.624094009399414, 6.250124931335449, 11.020700454711914, 6.308286666870117, 10.681049346923828, 10.175658226013184, 7.6422624588012695, 6.477737903594971, 9.881569862365723, 11.306737899780273, 10.690926551818848, 7.360968589782715, 13.541094779968262, 9.581648826599121, 11.826375961303711, 11.844683647155762, 9.494549751281738, 8.019352912902832, 10.447583198547363, 13.499135971069336, 7.59200382232666, 6.837082386016846, 8.200011253356934, 6.799195289611816, 6.806817531585693, 9.744595527648926, 14.180137634277344, 5.179489612579346, 8.366325378417969, 6.906520366668701, 12.663330078125, 7.1232452392578125, 10.526827812194824, 6.441552639007568, 6.164419651031494, 8.163315773010254, 7.277868747711182, 7.232381343841553, 7.7358551025390625, 9.129888534545898, 16.60746955871582, 7.738152027130127, 11.602568626403809, 9.449212074279785, 7.086309432983398, 9.862229347229004, 6.889035224914551, 7.742583274841309, 7.868587017059326, 8.157689094543457, 8.355650901794434, 6.486501216888428, 6.023429870605469, 7.133111000061035, 13.495439529418945, 13.235040664672852, 6.068874359130859, 10.981803894042969, 18.21040153503418, 10.758299827575684, 6.126928329467773, 10.014697074890137, 6.6514081954956055, 13.994560241699219, 12.20028305053711, 6.7101850509643555, 10.1151704788208, 13.59872055053711, 13.303041458129883, 8.865808486938477, 8.73213005065918, 10.275006294250488, 4.327202796936035, 9.82136058807373, 12.446711540222168, 4.900870323181152, 13.169049263000488, 5.714042663574219, 15.52426815032959, 7.227079391479492, 9.897449493408203, 7.7601847648620605, 7.2402215003967285, 11.263976097106934, 8.37784481048584, 7.077520370483398, 6.166139602661133, 10.345812797546387, 8.082063674926758, 11.040044784545898, 18.216585159301758, 11.438014030456543, 10.669320106506348, 11.167681694030762, 7.7608962059021, 11.297134399414062, 6.756132125854492, 8.50619125366211, 12.360892295837402, 12.991096496582031, 4.912438869476318, 11.595081329345703, 9.328753471374512, 17.05330467224121, 7.885064601898193, 8.267398834228516, 6.37186861038208, 12.605188369750977, 11.014238357543945, 9.022079467773438, 5.848227500915527, 10.995555877685547, 9.171531677246094, 13.502028465270996, 9.523855209350586, 16.9143123626709, 10.19481372833252, 6.013436317443848, 15.527458190917969, 6.337985515594482, 7.853288173675537, 8.759568214416504, 9.844761848449707, 4.004424571990967, 8.327880859375, 9.485330581665039, 6.78231143951416, 5.852932453155518, 7.639553546905518, 7.896194934844971, 15.331595420837402, 5.614870548248291, 7.614707946777344, 7.30881929397583, 7.181907653808594, 8.385658264160156, 8.20295238494873, 4.908984661102295, 8.933151245117188, 12.344305992126465, 8.49243450164795, 12.78954029083252, 8.159614562988281, 7.8291730880737305, 6.606220245361328, 7.8058180809021, 11.82668685913086, 11.136168479919434, 9.921536445617676, 10.749053955078125, 7.387753486633301, 11.879855155944824, 6.622566223144531, 6.119959831237793, 6.942674160003662, 10.450518608093262, 9.28467845916748, 13.365314483642578, 9.964306831359863, 6.304736137390137, 8.279793739318848, 7.895499229431152, 7.901528835296631, 8.694523811340332, 4.832356929779053, 11.143074035644531, 6.9194111824035645, 11.256479263305664, 9.212726593017578, 6.573115825653076, 8.424262046813965, 7.563294410705566, 7.264178276062012, 7.043290138244629, 7.037354946136475, 10.22510814666748, 7.0508317947387695, 10.141329765319824, 11.50527286529541, 8.707479476928711, 13.111674308776855, 9.88113021850586, 6.178430557250977, 9.929117202758789, 7.877304553985596, 9.105756759643555, 7.793190956115723, 7.028642177581787, 8.819676399230957, 7.811872482299805, 14.725135803222656, 10.410446166992188, 14.664321899414062, 12.508959770202637, 6.879100322723389, 6.407312393188477, 9.893587112426758, 9.148615837097168, 12.549006462097168, 10.756511688232422, 5.875921726226807, 9.020973205566406, 9.148942947387695, 9.950849533081055, 15.110042572021484, 6.9657182693481445, 10.882833480834961, 6.204262733459473, 5.598455429077148, 10.087061882019043, 9.757616996765137, 9.77634048461914, 6.485663414001465, 10.23917007446289, 6.512272834777832, 8.854942321777344, 8.149224281311035, 10.253541946411133, 11.1554536819458, 7.482266426086426, 10.951688766479492, 9.19058609008789, 10.792886734008789, 7.074612617492676, 6.923343658447266, 5.78598165512085, 6.972924709320068, 5.530972003936768, 8.084362030029297, 10.855875015258789, 7.725129127502441, 7.78723669052124, 12.185224533081055, 8.762910842895508, 9.047632217407227, 8.14175033569336, 9.953132629394531, 11.912187576293945, 7.594104766845703, 9.860230445861816, 12.284653663635254, 7.434473037719727, 8.204405784606934, 6.9964423179626465, 9.66209602355957, 8.383447647094727, 9.7544584274292, 7.768255233764648, 8.982576370239258, 8.923993110656738, 13.586467742919922, 9.06598949432373, 10.58242416381836, 5.382147312164307, 7.952188968658447, 6.967592239379883, 7.709788799285889, 11.566248893737793, 7.430968284606934, 8.093024253845215, 8.60240364074707, 6.309190273284912, 7.4016432762146, 6.506251811981201, 11.489415168762207, 5.1722493171691895, 12.342008590698242, 6.5508809089660645, 5.5133819580078125, 7.972483158111572, 10.454928398132324, 9.496111869812012, 5.664424896240234, 9.127812385559082, 17.359445571899414, 11.374929428100586, 5.70933198928833, 6.754398345947266, 10.38943099975586, 13.787825584411621, 13.385900497436523, 10.208849906921387, 12.572729110717773, 5.904237747192383, 10.350269317626953, 6.420337677001953, 7.991309642791748, 14.273918151855469, 5.515047550201416, 13.232152938842773, 6.682064533233643, 12.647967338562012, 12.144375801086426, 7.278682231903076, 10.590963363647461, 7.82045841217041, 8.656119346618652, 7.693424701690674, 6.367928504943848, 10.297066688537598, 9.481242179870605, 11.441584587097168, 7.7414679527282715, 8.046892166137695, 9.166967391967773, 11.508071899414062, 11.761935234069824, 5.5314788818359375, 8.53373908996582, 7.775912284851074, 5.31561803817749, 7.108919143676758, 7.7745490074157715, 15.177441596984863, 11.580262184143066, 10.246153831481934, 11.807428359985352, 8.877359390258789, 7.258772373199463, 6.148410320281982, 8.923918724060059, 10.505180358886719, 9.343948364257812, 6.782167911529541, 11.713910102844238, 10.986324310302734, 17.069305419921875, 9.762429237365723, 12.0253267288208, 10.5243558883667, 6.817542552947998, 7.124358654022217, 9.510539054870605, 5.958137512207031, 12.3336820602417, 8.940290451049805, 6.408763408660889, 12.114806175231934, 9.139534950256348, 6.046599864959717, 5.41240930557251, 10.53377914428711, 6.388836860656738, 8.127728462219238, 7.11880350112915, 9.24517822265625, 11.841063499450684, 12.94558334350586, 7.834575653076172, 7.5149312019348145, 7.663544654846191, 7.20175313949585, 12.541165351867676, 11.603694915771484, 8.524362564086914, 8.75971508026123, 8.290589332580566, 9.710886001586914, 10.95350456237793, 11.28109359741211, 15.850594520568848, 6.058383464813232, 7.4203996658325195, 9.032306671142578, 7.626827716827393, 7.229576110839844, 9.743027687072754, 10.293819427490234, 9.336764335632324, 12.668667793273926, 8.957449913024902, 7.208733081817627, 10.928081512451172, 6.856551170349121, 7.283102512359619, 9.225424766540527, 10.415501594543457, 13.479288101196289, 7.196643829345703, 6.952003002166748, 10.496222496032715, 7.969877243041992, 7.96015739440918, 13.080568313598633, 9.014591217041016, 11.801926612854004, 10.036696434020996, 7.961007118225098, 11.9226713180542, 11.335140228271484, 10.567116737365723, 10.985600471496582, 7.492725849151611, 5.748497486114502, 6.678121089935303, 11.265946388244629, 6.678880214691162, 14.513118743896484, 15.777505874633789, 14.544020652770996, 6.9584455490112305, 9.72232437133789, 6.845978736877441, 17.490571975708008, 8.20745849609375, 7.586613178253174, 10.516802787780762, 9.944479942321777, 8.856188774108887, 10.121111869812012, 9.202349662780762, 10.068958282470703, 4.879117012023926, 8.065380096435547, 7.9271931648254395, 10.643274307250977, 9.753432273864746, 11.37411880493164, 8.179008483886719, 14.596148490905762, 14.264957427978516, 8.514443397521973, 7.0020246505737305, 8.750730514526367, 9.381406784057617, 9.076512336730957, 8.072998046875, 12.017733573913574, 9.755624771118164, 10.5394868850708, 7.144680976867676, 8.015299797058105, 5.083495140075684, 15.737622261047363, 16.904237747192383, 8.793015480041504, 8.126331329345703, 17.483854293823242, 7.858526229858398, 7.077273368835449, 7.632073879241943, 9.6467866897583, 13.542930603027344, 9.270750999450684, 8.23267650604248, 7.173585414886475, 11.03847885131836, 9.983282089233398, 12.412187576293945, 6.899430751800537, 10.224894523620605, 10.110978126525879, 6.8062286376953125, 7.714755058288574, 14.813770294189453, 12.472393035888672, 7.484772205352783, 10.229991912841797, 10.491121292114258, 15.299530029296875, 7.128561019897461, 6.54609489440918, 7.934899806976318, 8.817693710327148, 10.205999374389648, 9.806949615478516, 10.16026782989502, 16.343473434448242, 9.723827362060547, 7.263382434844971, 8.774968147277832, 6.030520915985107, 14.250659942626953, 15.581231117248535, 6.293076992034912, 7.145515441894531, 9.460357666015625, 8.308793067932129, 7.6692118644714355, 9.114564895629883, 9.65258502960205, 11.243425369262695, 7.109354019165039, 9.536850929260254, 8.513932228088379, 8.52283000946045, 16.265413284301758, 9.46578598022461, 8.788908004760742, 8.073149681091309, 9.225223541259766, 8.985011100769043, 8.850443840026855, 7.923913478851318, 7.070800304412842, 9.481060028076172, 7.743083953857422, 11.7430419921875, 9.339415550231934, 16.169902801513672, 8.608603477478027, 8.407916069030762, 10.838802337646484, 8.238293647766113, 14.13611888885498, 6.775784492492676, 10.613336563110352, 4.5715012550354, 15.108423233032227, 11.583137512207031, 7.89630651473999, 9.442527770996094, 12.953632354736328, 10.313924789428711, 7.700618743896484, 7.845023155212402, 9.255058288574219, 7.16829776763916, 8.985861778259277, 15.450057029724121, 9.400111198425293, 8.21014404296875, 7.66183614730835, 11.971571922302246, 8.666621208190918, 7.7142014503479, 7.4687066078186035, 7.605690956115723, 6.21024227142334, 8.861334800720215, 7.427210330963135, 16.51388931274414, 10.813018798828125, 7.877367973327637, 7.22758150100708, 6.378600120544434, 6.250655651092529, 9.369275093078613, 6.356623649597168, 11.176562309265137, 10.522171020507812, 7.165518283843994, 8.397470474243164, 6.181229114532471, 7.063049793243408, 8.628292083740234, 6.289366245269775, 5.690940856933594, 11.534103393554688, 9.434340476989746, 9.030441284179688, 9.260344505310059, 14.597872734069824, 9.069634437561035, 10.58409309387207, 8.075632095336914, 7.265812397003174, 9.47956657409668, 10.995957374572754, 7.319612979888916, 9.19589614868164, 6.406475067138672, 12.778372764587402, 10.16727066040039, 7.975811004638672, 8.414946556091309, 9.121480941772461, 9.163873672485352, 13.419249534606934, 9.374923706054688, 8.545848846435547, 8.641374588012695, 10.101811408996582, 10.801719665527344, 6.941705226898193, 7.294735908508301, 11.059651374816895, 8.945786476135254, 7.6284074783325195, 10.945396423339844, 10.708942413330078, 8.77751636505127, 8.779661178588867, 6.928521633148193, 18.294391632080078, 9.064053535461426, 10.446309089660645, 15.035244941711426, 8.01796817779541, 10.13895320892334, 11.289478302001953, 8.22796630859375, 5.609638690948486, 10.217227935791016, 10.498857498168945, 10.462910652160645, 10.216057777404785, 8.98902416229248, 9.941326141357422, 9.695035934448242, 6.472601890563965, 10.760189056396484, 8.773677825927734, 6.396939277648926, 8.342681884765625, 10.761543273925781, 8.411728858947754, 11.313264846801758, 4.618715763092041, 6.617770195007324, 5.944865703582764, 8.141728401184082, 10.396507263183594, 9.466943740844727, 7.816156387329102, 9.459772109985352, 11.13984489440918, 10.576301574707031, 6.279428958892822, 15.11255931854248, 5.962011337280273, 10.061060905456543, 9.240779876708984, 9.609757423400879, 7.180294036865234, 10.628691673278809, 6.629255771636963, 7.5574951171875, 7.598398685455322, 10.915970802307129, 11.12600040435791, 10.266803741455078, 8.876049041748047, 8.848149299621582, 12.667389869689941, 10.084228515625, 6.120428562164307, 7.3694748878479, 9.001842498779297, 10.726140975952148, 11.0637788772583, 6.727409839630127, 9.930318832397461, 4.8209943771362305, 10.973249435424805, 5.995439529418945, 5.483879566192627, 9.576536178588867, 9.056693077087402, 8.249011993408203, 8.526132583618164, 7.665057182312012, 11.860690116882324, 6.740236759185791, 9.735107421875, 8.754880905151367, 5.1949262619018555, 7.293393135070801, 6.420887470245361, 7.042025566101074, 9.190020561218262, 8.220600128173828, 4.459020614624023, 9.134108543395996, 13.198627471923828, 11.643060684204102, 13.662454605102539, 10.641057968139648, 9.987476348876953, 10.494086265563965, 6.387767314910889, 6.748929977416992, 6.382699012756348, 8.821660995483398, 14.762747764587402, 7.874403476715088, 11.024441719055176, 8.707365989685059, 5.413786888122559, 6.876295566558838, 8.459550857543945, 9.015891075134277, 5.572976589202881, 8.025755882263184, 8.641459465026855, 7.67422342300415, 8.421022415161133, 9.626530647277832, 10.39397144317627, 11.424171447753906, 6.0181050300598145, 6.35361909866333, 15.494239807128906, 7.209405422210693, 12.870526313781738, 8.521271705627441, 14.907585144042969, 6.36373233795166, 10.357834815979004, 9.174530982971191, 9.934945106506348, 5.011915683746338, 10.245339393615723, 11.968395233154297, 5.645964622497559, 6.197960376739502, 11.194010734558105, 8.116914749145508, 8.644644737243652, 11.413917541503906, 6.349560737609863, 15.216535568237305, 8.551496505737305, 5.702807426452637, 12.739677429199219, 5.35849142074585, 16.533523559570312, 12.823999404907227, 12.59589958190918, 13.872665405273438, 7.20424222946167, 8.349566459655762, 7.099682807922363, 7.070530891418457, 7.283302307128906, 10.733023643493652, 6.943150997161865, 11.201563835144043, 10.189704895019531, 6.862049579620361, 8.738181114196777, 10.892561912536621, 9.474993705749512, 8.801494598388672, 7.6244988441467285, 6.803329944610596, 6.762868881225586, 6.401442050933838, 11.899456024169922, 6.726022243499756, 7.036309242248535, 6.23243522644043, 5.435410499572754, 7.363309383392334, 7.131516933441162, 6.640509605407715, 7.174637794494629, 8.761107444763184, 12.732636451721191, 5.623187065124512, 10.940492630004883, 7.100311756134033, 9.020279884338379, 9.243391990661621, 11.025047302246094, 9.600884437561035, 7.772039413452148, 6.04712438583374, 11.95563793182373, 5.860615253448486, 10.395752906799316, 6.067153453826904, 11.26891040802002, 10.408116340637207, 6.774636268615723, 12.942163467407227, 8.126262664794922, 11.693077087402344, 8.299402236938477, 12.670100212097168, 7.34769344329834, 6.390285968780518, 9.525080680847168, 9.053464889526367, 14.554237365722656, 9.028310775756836, 12.083600044250488, 5.116700172424316, 12.862839698791504, 7.211824417114258, 5.718290328979492, 7.727497100830078, 6.447763919830322, 14.098189353942871, 5.4275593757629395, 7.5144124031066895, 11.071850776672363, 10.675207138061523, 10.343045234680176, 7.722198486328125, 7.844686508178711, 8.46856689453125, 11.034128189086914, 6.172586441040039, 5.885450839996338, 9.723993301391602, 8.136622428894043, 5.795995235443115, 10.46317195892334, 7.448780059814453, 13.160893440246582, 11.512798309326172, 6.069095611572266, 6.672975063323975, 5.707078456878662, 5.834437370300293, 7.070815563201904, 7.035290241241455, 8.57420539855957, 6.027945518493652, 6.8001322746276855, 13.525413513183594, 6.642187118530273, 7.859336853027344, 11.526302337646484, 10.056499481201172, 6.165660858154297, 7.538593769073486, 8.641921997070312, 9.970649719238281, 9.276841163635254, 8.450636863708496, 10.903486251831055, 7.455157279968262, 6.185948848724365, 8.047706604003906, 7.616274356842041, 14.682235717773438, 11.963047981262207, 7.592370986938477, 4.663356781005859, 9.539773941040039, 11.157100677490234, 8.95251178741455, 4.208166122436523, 6.504399299621582, 12.576935768127441, 9.833291053771973, 8.668038368225098, 7.279262065887451]
Cosines similarity random samples
[0.3845406174659729, 0.6963545680046082, 0.6176623106002808, 0.43252360820770264, -0.39453861117362976, 0.6906470656394958, 0.7383418679237366, 0.61885005235672, 0.6042358875274658, 0.5471436977386475, 0.586578369140625, 0.7647923231124878, -0.1836496889591217, 0.582460880279541, 0.656983494758606, 0.6163901090621948, 0.5236155986785889, 0.3282170593738556, -0.3334803581237793, 0.449207067489624, 0.29622742533683777, 0.6792296767234802, 0.6238119602203369, 0.43885791301727295, 0.3336032032966614, 0.6539329290390015, 0.003404185175895691, -0.052560143172740936, 0.8093216419219971, -0.6361211538314819, -0.006189331412315369, 0.5028213858604431, 0.25920629501342773, -0.05519847571849823, -0.2471555918455124, 0.26131337881088257, -0.303006649017334, 0.73160320520401, 0.8429941534996033, -0.03591988980770111, 0.8828437328338623, 0.7552354335784912, 0.7116599082946777, 0.17694824934005737, 0.18926626443862915, 0.6540508270263672, 0.7205896973609924, -0.11207140237092972, -0.14849504828453064, 0.2272445112466812, 0.2240017056465149, 0.24285511672496796, 0.777630627155304, 0.532341480255127, 0.6019258499145508, 0.80271315574646, 0.3537275791168213, 0.23388244211673737, 0.44127190113067627, 0.23808534443378448, 0.590856671333313, 0.17908309400081635, -0.3532593846321106, -0.2609100937843323, 0.1512298285961151, 0.5572501420974731, 0.7037198543548584, -0.03838270902633667, 0.7645012736320496, 0.9086874723434448, 0.7494981288909912, 0.26802679896354675, 0.710358738899231, 0.594308078289032, 0.6698849201202393, -0.03099941462278366, 0.6298528909683228, -0.6193034648895264, 0.7188705205917358, 0.7090712785720825, 0.6105321645736694, 0.73377525806427, 0.2203749120235443, 0.4002208113670349, 0.815427303314209, 0.8686065673828125, 0.7929598689079285, 0.7546426057815552, 0.8074036836624146, -0.4226004183292389, 0.3920326232910156, -0.153279647231102, 0.5222933888435364, 0.31877610087394714, 0.4809608459472656, 0.8027142286300659, 0.14301756024360657, 0.8875253796577454, -0.04026639461517334, 0.2155779004096985, -0.28020167350769043, 0.5011734962463379, 0.8297736048698425, 0.048015788197517395, 0.32364755868911743, -0.42898958921432495, 0.48968154191970825, 0.5129907727241516, 0.40001925826072693, 0.4635999798774719, 0.7392942905426025, 0.647918164730072, -0.2523995041847229, 0.3734557032585144, 0.46430644392967224, -0.4427352547645569, -0.5214245319366455, 0.39392027258872986, 0.11309822648763657, 0.266412615776062, 0.14483225345611572, 0.7440523505210876, 0.7146364450454712, 0.4924207627773285, 0.6422132253646851, -0.5675792694091797, 0.6640698909759521, 0.0028053149580955505, 0.8164092302322388, 0.4841475486755371, 0.5474008917808533, -0.35226118564605713, 0.3531761169433594, 0.599392294883728, 0.3896936774253845, 0.3239745497703552, 0.6997972726821899, 0.7620426416397095, -0.2860186696052551, 0.8014496564865112, 0.6297681927680969, -0.48674359917640686, 0.7847950458526611, 0.13440290093421936, 0.45273467898368835, 0.3464094400405884, 0.35815340280532837, 0.4818923771381378, 0.7754471302032471, 0.7752976417541504, 0.1200229600071907, 0.10380467772483826, 0.5205242037773132, 0.5741294622421265, 0.3293646574020386, 0.3830236792564392, -0.18088963627815247, 0.33755478262901306, 0.300770103931427, 0.39729100465774536, 0.18198032677173615, -0.24206215143203735, 0.41449788212776184, 0.28194159269332886, 0.023127667605876923, 0.7928546667098999, 0.6350656747817993, 0.5708490610122681, 0.6839596629142761, 0.21700473129749298, 0.049542903900146484, 0.6356579661369324, 0.7108742594718933, -0.040333375334739685, 0.7357616424560547, 0.7116689682006836, 0.43565937876701355, 0.22457650303840637, 0.17501993477344513, 0.7434297800064087, 0.6080249547958374, 0.08459456264972687, 0.6044832468032837, 0.7506650686264038, -0.3857664167881012, 0.7174249291419983, 0.0827375203371048, 0.45405980944633484, 0.0837278962135315, 0.33221644163131714, 0.5644711256027222, 0.7931153178215027, -0.6692413091659546, 0.3672299087047577, 0.6476563215255737, 0.8830152750015259, 0.26522716879844666, 0.8530872464179993, 0.08145561814308167, -0.7350859045982361, 0.2759007215499878, 0.1755465269088745, 0.7048232555389404, 0.6211247444152832, 0.4280213713645935, 0.46871939301490784, 0.6046429872512817, -0.7413531541824341, 0.653573215007782, -0.12355023622512817, 0.449787974357605, 0.6413189172744751, -0.025623172521591187, -0.2229042798280716, 0.17329901456832886, 0.3865932524204254, -0.6077300310134888, 0.6934703588485718, 0.30865830183029175, 0.3090951144695282, -0.3283357620239258, 0.6812601089477539, 0.3900042772293091, -0.13727927207946777, 0.4597620666027069, -0.5006777048110962, 0.07615373283624649, 0.3675176501274109, -0.03357108309864998, -0.07917008548974991, -0.3289351463317871, -0.5772438049316406, 0.658560574054718, 0.505092203617096, 0.50006103515625, -0.14544516801834106, 0.5097882151603699, -0.1439739614725113, -0.3538860082626343, -0.5618433952331543, 0.7061035633087158, 0.6331871151924133, 0.0024083703756332397, 0.6497559547424316, 0.8402776718139648, 0.47195738554000854, 0.664331316947937, 0.41049474477767944, 0.3337048292160034, 0.33118802309036255, 0.23940296471118927, -0.006227411329746246, -0.29572194814682007, 0.44601428508758545, 0.6993098258972168, 0.7074712514877319, 0.13924027979373932, -0.5446445941925049, 0.359721302986145, -0.5198166370391846, 0.2381490170955658, 0.42374223470687866, 0.7364112138748169, 0.8646085262298584, 0.7394642233848572, 0.26943737268447876, 0.6737573146820068, 0.7076722383499146, 0.7179961204528809, -0.5270874500274658, 0.3640686869621277, 0.33910471200942993, 0.5501114130020142, 0.3134327828884125, 0.001334361732006073, -0.0607372522354126, 0.7542229890823364, -0.1110110729932785, 0.5568283200263977, 0.38506728410720825, 0.6317334175109863, 0.19204063713550568, 0.28135427832603455, 0.7700625658035278, 0.641944169998169, 0.7663823366165161, 0.8839268684387207, 0.4695190191268921, 0.8076434135437012, 0.5734426975250244, 0.48300498723983765, -0.5148460865020752, 0.5873151421546936, 0.2312355786561966, 0.4984493553638458, 0.49629080295562744, 0.7442720532417297, 0.7132987976074219, 0.28438133001327515, 0.24711968004703522, 0.7399430871009827, 0.37664395570755005, 0.6271281242370605, 0.47867313027381897, 0.7241202592849731, -0.19422072172164917, 0.6718437075614929, 0.1938626915216446, -0.019657820463180542, -0.5884222984313965, 0.645652711391449, 0.4401545226573944, -0.17613790929317474, 0.4318423569202423, 0.6324173808097839, 0.6920671463012695, 0.2805536985397339, -0.34042882919311523, 0.32641640305519104, 0.5988765954971313, 0.5312590599060059, 0.5514298677444458, 0.8712539672851562, 0.763506293296814, 0.29198503494262695, 0.3264957666397095, -0.41080909967422485, 0.7545323371887207, 0.545343279838562, 0.7893628478050232, 0.4987279176712036, 0.7062723636627197, 0.37582504749298096, 0.3449317216873169, 0.4461723864078522, 0.7079378366470337, 0.48687803745269775, 0.011824041604995728, 0.543193519115448, 0.44513875246047974, 0.013973912224173546, 0.7631590366363525, -0.6184210181236267, 0.3997538983821869, -0.6127143502235413, 0.6246113777160645, 0.7597762942314148, 0.6977057456970215, 0.3642233610153198, 0.4036921560764313, -0.14244841039180756, 0.15137599408626556, 0.3170677721500397, 0.3321576714515686, -0.47313636541366577, 0.7447623610496521, 0.22159722447395325, 0.673011302947998, 0.3241638243198395, 0.4879039525985718, 0.3638542890548706, 0.5147747993469238, 0.751439094543457, 0.8491501808166504, 0.307630330324173, 0.5186070203781128, 0.19137397408485413, 0.26790252327919006, 0.3749220371246338, 0.4627397060394287, 0.6493092179298401, 0.3719843924045563, 0.7685894966125488, -0.573299765586853, 0.7027713060379028, 0.6770259737968445, 0.6990253925323486, 0.3055728077888489, 0.5812474489212036, 0.792831301689148, 0.38884806632995605, 0.6602745056152344, 0.7005014419555664, 0.7669426798820496, 0.6830674409866333, 0.5878801345825195, -0.009786099195480347, 0.4009481966495514, 0.13418059051036835, 0.7635517120361328, -0.2609032392501831, 0.6453227996826172, 0.3549690246582031, 0.7193005084991455, 0.5295841097831726, 0.32971829175949097, 0.31940948963165283, 0.5206764936447144, 0.7435804009437561, 0.5660357475280762, 0.5803319215774536, 0.6446964144706726, 0.8031450510025024, 0.5206051468849182, -0.3495749533176422, 0.795211911201477, 0.6722062826156616, 0.6821402311325073, 0.7668425440788269, 0.7333710193634033, 0.7893425226211548, 0.09374664723873138, 0.350882351398468, -0.19728341698646545, 0.656559407711029, -0.10429536551237106, -0.19466891884803772, 0.5679488182067871, 0.7017269134521484, -0.27472856640815735, 0.7326487302780151, 0.5187351703643799, -0.4726332724094391, 0.49519139528274536, 0.6996029615402222, 0.34213560819625854, 0.5516221523284912, 0.41043201088905334, 0.6073209047317505, 0.8453205227851868, 0.8475764989852905, 0.7169277667999268, -0.16831359267234802, 0.84611976146698, 0.5654616355895996, 0.5311632752418518, -0.4438886046409607, 0.34891873598098755, 0.06994552165269852, 0.6866705417633057, 0.13863487541675568, 0.4894809126853943, 0.2720772624015808, 0.8266502618789673, 0.45302265882492065, 0.7133722305297852, 0.553886890411377, 0.7354859113693237, 0.7066442370414734, 0.509122371673584, 0.8032061457633972, 0.7640182971954346, 0.7895970344543457, 0.792809009552002, 0.264480322599411, 0.7654263973236084, 0.402864933013916, -0.09195847809314728, -0.43976977467536926, 0.5323625206947327, 0.7423505783081055, 0.5268765091896057, 0.5577267408370972, 0.7803871035575867, 0.3073497414588928, 0.5376330614089966, 0.5428423285484314, 0.7063258290290833, 0.42061203718185425, 0.7157199382781982, 0.6641033887863159, 0.6029894351959229, 0.2764242887496948, -0.5894027948379517, 0.49554210901260376, -0.3677770495414734, -0.18383784592151642, 0.6077836751937866, 0.4658261239528656, 0.879073441028595, 0.5556975603103638, 0.7806546688079834, -0.4743942618370056, 0.3706924021244049, 0.38693901896476746, 0.546113133430481, 0.1334964781999588, 0.003388151526451111, 0.7210790514945984, 0.7727904319763184, -0.5032673478126526, 0.6211239099502563, 0.11686764657497406, 0.6325019598007202, 0.7493517398834229, 0.2143111526966095, 0.5359530448913574, 0.22225376963615417, -0.0256212055683136, 0.1576957404613495, 0.738528847694397, 0.6391184329986572, 0.36091142892837524, 0.5959568619728088, 0.5696266293525696, -0.6790654063224792, 0.27516669034957886, -0.16373324394226074, 0.18619459867477417, 0.5192297697067261, 0.14961887896060944, -0.6061212420463562, -0.6497498750686646, 0.18607330322265625, 0.46022218465805054, 0.7079877853393555, 0.4859929382801056, 0.551376461982727, 0.02584785223007202, 0.07065840065479279, -0.1584121286869049, 0.5865063667297363, 0.512703001499176, 0.5405992269515991, 0.698772668838501, 0.8412559032440186, 0.7170438170433044, 0.5327404737472534, 0.6153544187545776, 0.5433099865913391, 0.6850004196166992, 0.8297042846679688, 0.5166102647781372, 0.7786915302276611, 0.5409076809883118, -0.5993398427963257, 0.5763367414474487, -0.04292933642864227, -0.43438294529914856, 0.3128235340118408, 0.6797935962677002, -0.19334082305431366, -0.23585718870162964, 0.5315936803817749, 0.4936780333518982, 0.7367240190505981, 0.7810917496681213, 0.7009608745574951, 0.23218971490859985, 0.8041799068450928, 0.6583523750305176, 0.865616500377655, -0.3402763307094574, 0.22256800532341003, 0.3057129383087158, -0.4793640971183777, 0.5632031559944153, -0.7060575485229492, 0.875018835067749, 0.7126673460006714, 0.6086137890815735, -0.36007434129714966, -0.18713293969631195, 0.6760958433151245, 0.5561106204986572, 0.10829488188028336, 0.728460431098938, 0.294503778219223, -0.5141630172729492, 0.736278235912323, 0.7913569211959839, 0.5630435943603516, 0.48566269874572754, 0.6078354716300964, 0.33225664496421814, 0.4159429669380188, 0.09589244425296783, 0.5781798958778381, -0.6052509546279907, -0.5254175066947937, -0.34567001461982727, 0.7156156301498413, 0.1977597028017044, 0.36242562532424927, 0.8578109741210938, 0.8144108057022095, 0.7081379890441895, 0.8107317686080933, 0.4345439672470093, 0.07296005636453629, 0.8573494553565979, 0.5600503087043762, -0.6746620535850525, 0.5503107309341431, -0.4873448312282562, -0.7721038460731506, 0.7940022945404053, -0.22261285781860352, 0.09615124762058258, 0.5716651678085327, 0.5994356870651245, 0.6909756660461426, -0.3854946494102478, 0.8218269348144531, -0.19002345204353333, 0.2835700213909149, 0.5818948745727539, 0.7905644178390503, 0.70842444896698, -0.014238540083169937, 0.23434391617774963, 0.696681797504425, 0.4316917061805725, -0.394247829914093, 0.7811166048049927, -0.6582913398742676, 0.11654854565858841, 0.7999975085258484, 0.13797804713249207, 0.5943182706832886, 0.8622960448265076, 0.044481538236141205, 0.6995605230331421, 0.5486159920692444, 0.06325826048851013, 0.6362746953964233, 0.30659666657447815, 0.09927858412265778, 0.6061011552810669, 0.8151578903198242, -0.13597583770751953, 0.6509637236595154, 0.3523261547088623, 0.7876062393188477, 0.8712708950042725, 0.4982553720474243, 0.6057608723640442, 0.3689607083797455, -0.024532869458198547, 0.7801515460014343, 0.6585311889648438, 0.5891997814178467, 0.664086639881134, 0.41281306743621826, 0.6764343976974487, 0.7117483019828796, 0.6494598388671875, 0.7616355419158936, 0.5278729200363159, 0.7360029220581055, 0.1458796262741089, 0.42103108763694763, 0.6942811012268066, 0.6310865879058838, 0.6641095876693726, 0.7576155662536621, -0.36660289764404297, 0.6517324447631836, 0.41963130235671997, 0.6654612421989441, -0.20352762937545776, 0.4879225492477417, -0.04680580273270607, 0.745578408241272, 0.33723029494285583, 0.10523761808872223, 0.5611785054206848, 0.7648258209228516, 0.7396098971366882, -0.13259939849376678, 0.7158626317977905, 0.6446672677993774, 0.457436740398407, 0.2915513515472412, 0.6267030239105225, -0.07090694457292557, 0.7668317556381226, 0.6512601375579834, 0.7559715509414673, 0.8408167958259583, -0.2739267647266388, 0.31255441904067993, 0.5212129950523376, 0.5943433046340942, -0.5264937877655029, 0.1493826061487198, 0.7663381099700928, 0.45905601978302, 0.6170241832733154, -0.2431839406490326, 0.7938514947891235, 0.5526731610298157, 0.26727864146232605, 0.5525686740875244, 0.5182193517684937, 0.682915210723877, 0.19133327901363373, 0.8197958469390869, 0.6450783610343933, 0.45376595854759216, 0.20686891674995422, 0.524334192276001, -0.1324760764837265, 0.6505870819091797, 0.8204297423362732, 0.3046116530895233, 0.8769859075546265, 0.8886102437973022, 0.5713077783584595, 0.5152934193611145, 0.37691211700439453, 0.792853593826294, 0.27302128076553345, 0.5769407153129578, -0.07708479464054108, 0.3288007974624634, 0.4470676779747009, 0.6213359236717224, 0.7547421455383301, -0.16070905327796936, 0.6647083759307861, 0.4386482238769531, 0.430305540561676, -0.08000196516513824, 0.434384286403656, 0.5549667477607727, 0.6173259019851685, -0.3867260813713074, -0.5022192597389221, 0.6766821146011353, 0.4375578761100769, 0.6620191335678101, 0.18228940665721893, 0.6806942820549011, 0.7498238682746887, 0.7515273690223694, 0.33683374524116516, 0.6833226084709167, 0.6340048313140869, -0.031188353896141052, 0.37478142976760864, -0.14661622047424316, 0.7824802398681641, -0.3912948966026306, 0.5093842148780823, 0.24587279558181763, 0.10756903886795044, 0.3057166635990143, 0.3457939326763153, 0.5689989328384399, 0.13270293176174164, -0.3421289920806885, 0.8997972011566162, 0.7468655109405518, 0.7924482822418213, 0.14060145616531372, 0.0056860484182834625, 0.2924431562423706, -0.407123863697052, 0.2602795362472534, -0.06196223944425583, 0.683030903339386, -0.26314279437065125, 0.4971427321434021, 0.2757229506969452, 0.4943965673446655, 0.4620340168476105, 0.21111531555652618, -0.4890196919441223, 0.5935389995574951, 0.6375450491905212, 0.5260510444641113, -0.2880789637565613, 0.09351778030395508, 0.04868915677070618, -0.22363156080245972, 0.7731693983078003, 0.562293291091919, -0.5007860064506531, 0.4063669741153717, 0.7577933073043823, 0.7273417115211487, 0.4044845998287201, -0.32659971714019775, 0.2552548050880432, 0.1388682872056961, 0.5440651774406433, 0.41870415210723877, 0.47235316038131714, 0.24587595462799072, -0.2242954969406128, 0.7000672817230225, 0.833026647567749, 0.7833020091056824, 0.2770295739173889, -0.047321222722530365, 0.666577935218811, 0.8368194699287415, 0.16528546810150146, 0.3639613091945648, -0.13726258277893066, -0.27909421920776367, 0.6408740282058716, 0.5278791785240173, -0.14490720629692078, 0.7673103213310242, -0.3707219958305359, 0.16988083720207214, -0.7880905866622925, 0.0770220011472702, 0.3170422613620758, 0.15691109001636505, 0.6035992503166199, 0.2763289213180542, 0.07588982582092285, 0.6094765663146973, -0.037619948387145996, 0.5557081699371338, 0.6991492509841919, -0.10633237659931183, 0.5761651992797852, -0.1785905957221985, 0.6788939237594604, 0.8754030466079712, -0.0940399169921875, 0.690032958984375, -0.19320157170295715, 0.18450763821601868, 0.5823858976364136, 0.02648969739675522, 0.6661680936813354, 0.6232667565345764, 0.4284903109073639, 0.5360405445098877, 0.08411991596221924, -0.2797490060329437, 0.590645968914032, 0.5691874027252197, 0.6659926772117615, 0.3845176696777344, 0.5950771570205688, -0.11986979842185974, 0.5636966228485107, 0.4824204444885254, 0.6098277568817139, 0.6240931153297424, 0.6905792355537415, -0.19723455607891083, 0.43528085947036743, -0.18479302525520325, -0.13772538304328918, 0.6796443462371826, 0.5509012937545776, 0.400984525680542, 0.5760097503662109, 0.07631730288267136, 0.6435739994049072, 0.30446070432662964, 0.5946952700614929, 0.45246273279190063, 0.2974594831466675, 0.3808439075946808, 0.7722452878952026, 0.43639540672302246, 0.28705424070358276, -0.5212469100952148, 0.705630898475647, 0.38155698776245117, 0.5005464553833008, 0.7089774012565613, 0.5977529287338257, 0.6118268966674805, 0.6186162829399109, 0.7362508177757263, 0.7927350401878357, -0.373112291097641, 0.5712882876396179, 0.7510316371917725, 0.7456611394882202, 0.5660690069198608, 0.5157371163368225, 0.7717958688735962, 0.37493908405303955, -0.04556955397129059, 0.6367328763008118, 0.7902137637138367, 0.7008785605430603, -0.24869146943092346, 0.4757819175720215, 0.7836564779281616, 0.6090710163116455, -0.166245698928833, 0.7671099901199341, -0.1744224727153778, 0.6805413365364075, 0.561784029006958, -0.4652445316314697, 0.835264265537262, 0.5091921091079712, 0.05310487747192383, 0.16214582324028015, 0.09394410252571106, 0.5617308616638184, 0.09018819779157639, 0.37921658158302307, 0.19918273389339447, 0.5709041953086853, 0.5483505725860596, 0.43429186940193176, 0.5800212025642395, 0.643942654132843, 0.632019579410553, 0.2767995595932007, 0.46761375665664673, 0.41799235343933105, -0.22839252650737762, 0.7450250387191772, -0.289872407913208, 0.5661892890930176, 0.2330167293548584, 0.46681904792785645, 0.5947014093399048, 0.5973833799362183, 0.591298520565033, 0.17149370908737183, 0.31239551305770874, 0.6764421463012695, 0.46902069449424744, 0.5781036615371704, 0.6785931587219238, 0.6725418567657471, 0.7463461756706238, 0.7657796144485474, 0.7495822906494141, 0.33168429136276245, 0.6932508945465088, -0.7001470327377319, 0.07239572703838348, 0.3761364817619324, -0.07859361916780472, 0.7476610541343689, 0.2692309319972992, 0.35366278886795044, 0.24303951859474182, -0.1523299366235733, 0.5736198425292969, 0.7703539133071899, 0.3789407014846802, 0.26428887248039246, 0.35932567715644836, 0.4153285026550293, 0.6514413356781006, -0.39215797185897827, 0.007634855806827545, 0.07525940239429474, 0.6706287264823914, 0.6709522008895874, 0.6355788707733154, -0.05922592431306839, 0.7105666399002075, 0.6429253816604614, 0.31368041038513184, 0.457038015127182, 0.7164789438247681, 0.7194784879684448, 0.44414252042770386, -0.12927640974521637, -0.3730340600013733, 0.7784071564674377, -0.5565193295478821, -0.37797117233276367, 0.6497287750244141, 0.7043622732162476, -0.5346232652664185, 0.18312077224254608, -0.4668225049972534, 0.784109354019165, 0.30345475673675537, -0.03417596220970154, 0.30265820026397705, -0.3604387640953064, 0.7289385795593262, 0.7366976141929626, 0.12450005114078522, 0.6554301977157593, 0.5758610963821411, 0.5785483121871948, 0.059594109654426575, -0.07590322196483612, 0.5902464985847473, 0.41039103269577026, 0.43923449516296387, 0.7308112382888794, 0.7421427965164185, -0.5056440830230713, 0.39597976207733154, 0.24353905022144318, 0.21986106038093567, 0.5876088738441467, 0.7789703607559204, -0.29943758249282837, -0.2062271237373352, -0.3410155177116394, 0.5429381132125854, -0.5964713096618652, 0.23555505275726318, -0.1867489218711853, 0.5519766807556152, 0.7222631573677063, 0.4449750781059265, 0.8673417568206787, 0.3693636953830719, 0.5972827076911926, 0.20515255630016327, 0.30053552985191345, 0.31366780400276184, -0.7197563052177429, -0.3652033805847168, 0.8608514070510864, 0.2172745317220688, -0.04047679901123047, 0.5774786472320557, 0.5625525712966919, 0.787517786026001, 0.6625363826751709, 0.6502439379692078, 0.036153145134449005, 0.10805587470531464, -0.6152069568634033, -0.41395384073257446, 0.3288205862045288, 0.32037052512168884, -0.14120087027549744, 0.752530574798584, 0.35009539127349854, 0.658058762550354, 0.5731450319290161, 0.6887362003326416, 0.4733316898345947, 0.7132556438446045, 0.8012244701385498, 0.6805821657180786, 0.4813867509365082, 0.36585408449172974, 0.2421758472919464, 0.35933196544647217, 0.6565490365028381, -0.37601345777511597, -0.2817087769508362, 0.14472925662994385, 0.5553160309791565, 0.7115113735198975, 0.5988603830337524, -0.1298452913761139, 0.20186293125152588, 0.15309633314609528, 0.4750984311103821, 0.18449276685714722, 0.24197225272655487, 0.6271451711654663, 0.7951072454452515, -0.6880747675895691, -0.07574072480201721, 0.3537842929363251, 0.04982250928878784, 0.3715982437133789, 0.6547755002975464, 0.754619836807251, 0.7289248704910278, 0.1935804784297943, 0.49372225999832153, -0.03801071643829346, 0.7241972088813782, 0.17432335019111633, 0.5088809132575989, 0.8096126317977905, 0.09371292591094971, 0.548632800579071, 0.5653424859046936, -0.326802134513855, -0.19427374005317688, -0.33761030435562134, -0.7633974552154541, -0.3659496009349823, 0.35940831899642944, 0.6317991018295288, 0.421864777803421, 0.5838174223899841, -0.7111091613769531, 0.6603903770446777, 0.8362781405448914, 0.5817381143569946, 0.05793701112270355, 0.5386713147163391, 0.7999882698059082, 0.37418287992477417, 0.5734764337539673, 0.4658162593841553, 0.6225781440734863, 0.47238463163375854, 0.6588656902313232, 0.6662529706954956, -0.51652991771698, 0.19754353165626526, 0.6428927183151245, 0.7219958901405334, 0.4794328808784485, -0.4917535185813904, 0.7969358563423157, 0.2754185199737549, 0.7181496620178223, 0.2958078384399414, 0.7082882523536682, -0.7259040474891663, -0.15618456900119781, 0.24485138058662415, 0.39019811153411865, -0.055296119302511215, 0.300091952085495, -0.023812025785446167, -0.2159608006477356, 0.04923640191555023, 0.2356129288673401, -0.5838680863380432, 0.8008832931518555, -0.4828616678714752, -0.1872563660144806, 0.6257295608520508, 0.07299559563398361, -0.2672938406467438, 0.32206326723098755, 0.2744658291339874, 0.225182443857193, 0.3443911671638489, 0.676499605178833, 0.4776664674282074, -0.42301034927368164, 0.37398648262023926, 0.5031202435493469, -0.4171849489212036, 0.4499654471874237, -0.431088924407959, 0.189858078956604, 0.6053029894828796, -0.05962374806404114, -0.07880087941884995, 0.5424144864082336, 0.7664589881896973, -0.28696292638778687, 0.41183069348335266, 0.0009472128003835678, 0.5206453800201416, 0.4245741069316864, 0.7027308940887451, -0.3729349374771118, 0.052999287843704224, 0.5382762551307678, 0.4602396488189697, -0.13042816519737244, -0.6638795137405396, 0.714373767375946, 0.7369184494018555, -0.024120628833770752, 0.7463729381561279, -0.0450282096862793, 0.16526535153388977, 0.5643135905265808, 0.7127797603607178, 0.16355128586292267, -0.2509899139404297, 0.14271987974643707, 0.6096866130828857, -0.19970716536045074, 0.2237529456615448, -0.1372247338294983, -0.2387280911207199, 0.232158362865448, 0.5284233093261719, 0.08766911923885345, -0.3082234263420105, 0.5918519496917725, 0.6963339447975159, 0.6051890850067139, 0.6900444030761719, 0.6801903247833252, 0.19356340169906616, -0.5183384418487549, 0.8404542207717896, 0.4880185127258301, 0.6932096481323242, -0.35236644744873047, 0.6394852995872498, 0.10525522381067276, 0.7196347713470459, 0.745211124420166, 0.5312308073043823, 0.6180176734924316, 0.6738988161087036, 0.5714744925498962, 0.32034483551979065, -0.588698148727417, 0.6773761510848999, -0.10206420719623566, 0.28616148233413696, 0.6556144952774048, 0.13568206131458282, 0.6730072498321533, 0.5897581577301025, 0.5396085977554321, 0.4899427890777588, 0.6032006144523621, 0.7135979533195496, 0.7579840421676636, 0.6360219717025757, -0.4577562212944031, -0.19788816571235657, 0.7887663245201111, 0.035391196608543396, -0.7759944796562195, -0.1959809958934784, 0.7636734843254089, 0.11953125149011612, 0.7916675806045532, -0.2693191468715668, -0.027723051607608795, 0.6885253190994263, 0.17695826292037964, -0.4645180106163025, -0.4284866750240326, 0.3522107005119324, 0.3886559009552002, 0.2457292675971985, 0.8835258483886719, 0.3339165151119232, -0.2707417607307434, 0.8505942225456238, -0.2609645426273346, 0.7949172258377075, -0.538620114326477, 0.629685640335083, 0.14205887913703918, 0.5427459478378296, 0.630180835723877, -0.08267972618341446, 0.458902508020401, 0.666740894317627, 0.7667735815048218, 0.21042770147323608, 0.5305485725402832, -0.23140497505664825, -0.8218090534210205, -0.2789318561553955, -0.0672958493232727, -0.25847017765045166, 0.5542433261871338, -0.1741826981306076, 0.6958348751068115, 0.45240840315818787, -0.5198877453804016, -0.2609798014163971, 0.8466921448707581, -0.27345484495162964, 0.27419742941856384, -0.7810465693473816, 0.5270289778709412, 0.46018755435943604, 0.7239804863929749, -0.406821072101593, -0.1172741949558258, 0.36601221561431885, 0.8085715174674988, -0.04861263930797577, 0.25191739201545715, -0.00375434011220932, 0.2418239563703537, -0.8225055932998657, 0.03919772803783417, 0.7836554646492004, -0.4471570551395416, 0.761992335319519, 0.6438510417938232, 0.5516577959060669, 0.13210171461105347, 0.9010401964187622, 0.5468757748603821, 0.36750754714012146, 0.6964867115020752, 0.7744460105895996, 0.5660641193389893, 0.5272848606109619, -0.6987860798835754, 0.8089861869812012, 0.5773669481277466, 0.611041784286499, 0.6795510649681091, 0.5696093440055847, 0.46967506408691406, 0.8681941032409668, 0.32710668444633484, -0.35869982838630676, 0.42442581057548523, -0.4729955196380615, 0.5252245664596558, 0.5636717677116394, 0.7048747539520264, 0.5712932348251343, -0.3026503324508667, 0.026929952204227448, 0.2738679051399231, 0.12524810433387756, 0.6657639741897583, -0.27609962224960327, 0.6994032263755798, 0.7487545013427734, 0.661282479763031, 0.04359540343284607, 0.4700153172016144, -0.5383014678955078, 0.24083760380744934, 0.802017331123352, 0.4508786201477051, 0.5192000865936279, 0.6779700517654419, 0.38548895716667175, 0.8527186512947083, -0.14567241072654724, 0.6666320562362671, 0.02629740536212921, 0.27414825558662415, 0.70241779088974, 0.5367287397384644, 0.5754242539405823, 0.6535523533821106, 0.6477424502372742, 0.7294594049453735, 0.38606467843055725, 0.663366436958313, 0.16776642203330994, -0.32704591751098633, 0.37553197145462036, -0.06665714085102081, 0.14941765367984772, 0.752531111240387, 0.09521426260471344, 0.5831754207611084, 0.48149552941322327, 0.5691423416137695, 0.7221804857254028, 0.4219793379306793, 0.5994243621826172, -0.2728167176246643, 0.04041387513279915, -0.6468020081520081, -0.28224432468414307, 0.6903725266456604, 0.7455902099609375, 0.17847120761871338, 0.34849658608436584, -0.08916132152080536, -0.13154710829257965, 0.7720756530761719, 0.29566508531570435, 0.36085399985313416, 0.08599576354026794, -0.5754637718200684, 0.6632760167121887, 0.13652877509593964, 0.7426867485046387, 0.8043231964111328, 0.03735688328742981, 0.24975836277008057, 0.25932037830352783, 0.7118421792984009, 0.031223326921463013, 0.7119516730308533, 0.4188733696937561, 0.5186735391616821, 0.1426469087600708, -0.15048155188560486, 0.5956658124923706, 0.11676697432994843, 0.2539028525352478, 0.03465481102466583, 0.6586177945137024, 0.6669692993164062, 0.8037898540496826, 0.6650100350379944, 0.8270033597946167, 0.5237867832183838, 0.01734612137079239, 0.5544896125793457, 0.5501723289489746, -0.2972385585308075, 0.3972925543785095, 0.28722435235977173, 0.49294501543045044, 0.1419786810874939, -0.2414465844631195, 0.7425779700279236, 0.27558648586273193, -0.3168293237686157, 0.6202870607376099, 0.4589349031448364, 0.6998263597488403, 0.18936088681221008, 0.49110475182533264, 0.15270106494426727, 0.5504515767097473, 0.32417017221450806, 0.46504032611846924, -0.5846995115280151, 0.40201765298843384, 0.06899334490299225, 0.8127583265304565, 0.5746448636054993, 0.660277247428894, 0.5566697120666504, -0.23907336592674255, 0.637061595916748, 0.4986080527305603, 0.49370434880256653, 0.7308516502380371, 0.5977457165718079, 0.7735839486122131, -0.16027221083641052, 0.8284295797348022, -0.10988205671310425, 0.719691812992096, 0.821701169013977, 0.5606610178947449, -0.0032479241490364075, 0.321701318025589, 0.8105385899543762, 0.2889559268951416, -0.7225858569145203, -0.272447407245636, 0.7884303331375122, 0.6820170283317566, 0.11079451441764832, -0.27752459049224854, -0.4524170756340027, 0.09466060996055603, -0.473558634519577, 0.7787730097770691, 0.09743392467498779, 0.7236229181289673, 0.6097081899642944, -0.2340206652879715, 0.8117189407348633, -0.4159662127494812, 0.6900801658630371, -0.38196897506713867, -0.33571857213974, 0.706096887588501, -0.035815075039863586, 0.5316725373268127, 0.3950238823890686, 0.5547517538070679, 0.7497369050979614, -0.004754170775413513, 0.3228810429573059, -0.28452152013778687, 0.5652481317520142, 0.5840269327163696, 0.34353357553482056, -0.23330019414424896, -0.20381107926368713, 0.8007090091705322, 0.39964741468429565, 0.6508749723434448, 0.8187620639801025, 0.6492096185684204, 0.6628990173339844, -0.5906482934951782, -0.049014538526535034, 0.11616247892379761, -0.3214460015296936, 0.31803709268569946, 0.6282294988632202, 0.7470083236694336, 0.3067464530467987, -0.05109262466430664, 0.35677337646484375, 0.6967406272888184, -0.006481282413005829, -0.08333612233400345, -0.506213903427124, 0.13869395852088928, -0.3036181926727295, 0.04083094000816345, 0.7255926132202148, 0.6809718608856201, 0.2829206585884094, 0.7755714654922485, -0.06754934787750244, 0.2970172166824341, 0.729354977607727, -0.1382673680782318, 0.460254430770874, 0.7812789678573608, 0.8104760050773621, 0.07677857577800751, 0.7711904048919678, 0.4785400927066803, 0.6367563009262085, 0.3728592097759247, -0.313572496175766, -0.5440406799316406, 0.5675492286682129, 0.7213294506072998, 0.5577464699745178, 0.6293559670448303, -0.27436769008636475, -0.16352304816246033, 0.4946443438529968, 0.3807224631309509, 0.5038514733314514, 0.504229724407196, -0.054508984088897705, -0.08753124624490738, -0.647122859954834, 0.7881503701210022, 0.5949960947036743, 0.3003752827644348, 0.5885212421417236, 0.7640761733055115, 0.2302229106426239, -0.036136820912361145, 0.23941563069820404, -0.34827953577041626, 0.2892671823501587, 0.6253321170806885, -0.004289150238037109, 0.6730257868766785, 0.6972734928131104, 0.4982697367668152, 0.08567950129508972, -0.38308238983154297, 0.6274700164794922, 0.7386727333068848, 0.16399438679218292, 0.5256526470184326, 0.5851649045944214, -0.23915010690689087, 0.3157779574394226, -0.13370409607887268, 0.11507431417703629, 0.6697399020195007, -0.25569790601730347, -0.18446043133735657, -0.1158917099237442, -0.1892651617527008, 0.6240893602371216, 0.7967005968093872, 0.7684674859046936, -0.05731306970119476, 0.6935453414916992, -0.3127528429031372, -0.32583287358283997, -0.6788129806518555, 0.691412091255188, 0.1542295664548874, 0.6720810532569885, -0.6811698079109192, 0.46341681480407715, 0.6047525405883789, 0.04346589744091034, 0.23436300456523895, 0.39792782068252563, 0.24620544910430908, 0.40038901567459106, 0.0402921587228775, 0.874336838722229, 0.5589656829833984, 0.5608503222465515, 0.03798246383666992, 0.17470182478427887, -0.045605845749378204, 0.4846165180206299, -0.6036304235458374, -0.5845439434051514, 0.4246788024902344, 0.6794872283935547, 0.3695644736289978, 0.3303656578063965, 0.3174465596675873, 0.5223416090011597, -0.36928972601890564, 0.13094431161880493, -0.025136567652225494, 0.639860212802887, 0.5824631452560425, 0.8347692489624023, -0.5644549131393433, -0.6855330467224121, 0.46957316994667053, 0.4899870753288269, -0.38138777017593384, 0.5262551307678223, 0.6426146030426025, 0.5645684003829956, 0.16123121976852417, -0.545329213142395, 0.44802409410476685, 0.4572908878326416, 0.6527547836303711, -0.22979213297367096, 0.2445351630449295, -0.35597163438796997, 0.66802978515625, 0.16182461380958557, 0.04489496350288391, 0.7267387509346008, 0.5593454837799072, -0.32050830125808716, -0.11022979021072388, 0.6976124048233032, 0.15676167607307434, 0.12846428155899048, -0.6548367738723755, 0.6632713079452515, 0.7493625283241272, 0.5260581970214844, 0.3416244387626648, 0.02908061444759369, 0.11302608251571655, 0.1980409026145935, -0.7409460544586182, 0.22180825471878052, 0.6175128221511841, 0.3937681317329407, 0.7665749192237854, -0.6457923650741577, -0.5752068161964417, 0.7535289525985718, 0.6332498788833618, 0.3652660548686981, 0.43938684463500977, 0.7261813879013062, 0.42424076795578003, 0.19002068042755127, -0.14742717146873474, 0.646477997303009, 0.2907108962535858, 0.5119390487670898, 0.5383521318435669, -0.5732753276824951, 0.24885904788970947, 0.44610387086868286, 0.5043566226959229, 0.2918371558189392, 0.39885056018829346, 0.47359567880630493, 0.5328621864318848, 0.7013137340545654, 0.4393354654312134, 0.5596873760223389, -0.12500403821468353, 0.23648330569267273, -0.6695840358734131, 0.45711076259613037, 0.438920259475708, -0.09799814224243164, 0.5605251789093018, -0.5770977735519409, 0.703902542591095, 0.28344300389289856, 0.8719503879547119, -0.5974688529968262, -0.32730475068092346, 0.531991720199585, 0.24120819568634033, -0.45952075719833374, 0.22774630784988403, 0.5552113652229309, 0.5433597564697266, 0.27121594548225403, 0.6317397356033325, 0.36153167486190796, -0.5349594950675964, 0.23688921332359314, 0.5425349473953247, 0.6663885116577148, -0.34978002309799194, 0.3898966908454895, 0.5500962138175964, 0.5880770683288574, 0.6173339486122131, 0.7539761066436768, 0.4208396077156067, 0.6198312044143677, -0.724141538143158, -0.08144108951091766, 0.5227040648460388, 0.6486679911613464, 0.729665994644165, 0.7380567789077759, 0.25567466020584106, 0.7651587128639221, -0.17348633706569672, 0.05270969867706299, 0.6329213976860046, 0.45248398184776306, 0.7428017258644104, 0.6589556336402893, 0.4803176522254944, 0.7619051933288574, 0.7881871461868286, -0.06693365424871445, 0.21727974712848663, 0.31038522720336914, 0.30165451765060425, -0.6101937294006348, 0.31711721420288086, -0.05563203990459442, 0.48481252789497375, 0.6169758439064026, 0.34941887855529785, 0.0447356179356575, 0.6640151143074036, 0.3511244058609009, 0.7351977825164795, -0.29945504665374756, 0.15608519315719604, 0.5234225392341614, 0.43609243631362915, 0.3403182625770569, 0.3925744593143463, -0.38634106516838074, 0.2635347247123718, 0.4267907738685608, 0.40329304337501526, 0.1366889476776123, 0.23041175305843353, 0.7396340370178223, 0.6237325668334961, 0.045879922807216644, 0.3206562399864197, 0.62717205286026, -0.06321641802787781, -0.1245848536491394, 0.3829493522644043, 0.3296967148780823, 0.6623661518096924, -0.7624187469482422, 0.3333784341812134, 0.09817752242088318, -0.7351001501083374, 0.5001177191734314, 0.011340882629156113, 0.02776135504245758, 0.4560498595237732, 0.7996931672096252, 0.028391003608703613, 0.18460994958877563, 0.14824840426445007, 0.2837107181549072, 0.30055439472198486, 0.17697307467460632, 0.18491053581237793, 0.713092565536499, 0.14650873839855194, 0.5135428309440613, 0.7221293449401855, 0.5647884011268616, 0.13967613875865936, 0.433406263589859, -0.16972020268440247, 0.8676630854606628, 0.6999082565307617, 0.7689924836158752, 0.47731560468673706, -0.01344987191259861, 0.1966598927974701, 0.5555353164672852, 0.295678973197937, 0.046931903809309006, 0.035627663135528564, 0.7456640601158142, -0.68988436460495, 0.7736244201660156, 0.1343008279800415, 0.26131659746170044, 0.2077551633119583, 0.6298161745071411, 0.37631019949913025, 0.7001692056655884, 0.5789232850074768, 0.5843901634216309, -0.14828592538833618, 0.07328209280967712, 0.08579578995704651, 0.48872286081314087, 0.47348523139953613, -0.33170491456985474, 0.16347815096378326, 0.7642215490341187, 0.6041659712791443, 0.47725144028663635, -0.016909882426261902, -0.10987643897533417, 0.6874579191207886, 0.12790188193321228, 0.8528915643692017, -0.05591094493865967, 0.7961610555648804, 0.8045380115509033, 0.2122158706188202, 0.3499118983745575, 0.4547398090362549, 0.4104204773902893, 0.5901857614517212, -0.2673950493335724, 0.7121211290359497, 0.24870458245277405, 0.465641587972641, 0.8288649320602417, 0.6224473118782043, 0.725372314453125, 0.6471582055091858, 0.42140984535217285, 0.5171645879745483, 0.8756531476974487, 0.3055526614189148, -0.5396857261657715, 0.20977987349033356, -0.49762946367263794, -0.007073014974594116, 0.14046020805835724, 0.3255016803741455, 0.7326534986495972, 0.7110008001327515, 0.7364051342010498, 0.3909531235694885, -0.4703187644481659, 0.560033917427063, -0.0867617130279541, 0.5682716369628906, 0.8123527765274048, 0.6916296482086182, 0.4099918603897095, 0.31141743063926697, 0.7985252737998962, 0.4951622486114502, 0.4042719602584839, 0.6064833402633667, 0.4993876814842224, 0.27310657501220703, -0.017067519947886467, -0.10030888766050339, 0.7584151029586792, 0.7270995378494263, -0.2670947313308716, 0.6329374313354492, -0.4002138674259186, 0.42115479707717896, -0.5978723764419556, 0.726301908493042, 0.09779587388038635, 0.5083750486373901, 0.34275028109550476, 0.8475517630577087, 0.11208157241344452, -0.26407262682914734, 0.8005883693695068, 0.7485286593437195, -0.07841695845127106, 0.6042165160179138, 0.3720420300960541, -0.13623195886611938, 0.796415388584137, -0.5561797618865967, 0.4588119685649872, 0.7969228029251099, -0.24019095301628113, 0.8206448554992676, -0.6550949215888977, -0.437128484249115, -0.33005547523498535, -0.3933561444282532, 0.6318734884262085, 0.4767719507217407, 0.6410057544708252, 0.7297799587249756, 0.6341310739517212, 0.050808943808078766, 0.7109001278877258, 0.08688995987176895, 0.13550248742103577, 0.6708123683929443, 0.40572065114974976, -0.2077723741531372, 0.3844900131225586, 0.3986160159111023, 0.5704089999198914, 0.678364098072052, 0.7137101888656616, 0.7392292022705078, -0.007775701582431793, 0.6850409507751465, 0.6488090753555298, 0.7423644661903381, 0.8134362697601318, 0.6243607997894287, 0.6355823278427124, 0.6995190382003784, 0.6301746368408203, 0.38093456625938416, -0.5431721806526184, 0.7995825409889221, -0.028816580772399902, 0.6417185068130493, 0.373185396194458, 0.3328782916069031, 0.2702595293521881, 0.23392704129219055, 0.5847216844558716, 0.7736481428146362, -0.33695510029792786, 0.7787616848945618, 0.2533232569694519, 0.7642173767089844, -0.106987863779068, 0.06992746889591217, 0.6940566301345825, -0.3375658392906189, 0.4868978261947632, -0.283266544342041, 0.4799066185951233, -0.18692652881145477, 0.6177525520324707, 0.7354822754859924, 0.366997092962265, 0.3560521900653839, -0.5427759885787964, 0.3780593276023865, -0.44550612568855286, 0.8458952903747559, -0.17520178854465485, 0.6244157552719116, 0.7865643501281738, 0.555729329586029, 0.7247508764266968, -0.2601364254951477, 0.808996856212616, 0.6064377427101135, 0.06274297833442688, 0.0360419936478138, 0.3099798858165741, 0.5480926632881165, 0.6105038523674011, 0.4186331629753113, 0.10124620050191879, 0.7451070547103882, 0.7914013862609863, 0.24018649756908417, 0.48789218068122864, 0.7872582674026489, -0.04027373343706131, 0.6453695297241211, -0.2670295834541321, -0.200970858335495, 0.7612259387969971, 0.6912627816200256, 0.7862627506256104, 0.7750620245933533, 0.6632837653160095, 0.6478128433227539, 0.4119325876235962, 0.7753593921661377, 0.6772011518478394, -0.4441297948360443, 0.6976704597473145, 0.5260934829711914, -0.03278433531522751, 0.139789417386055, 0.7453449964523315, 0.5786083340644836, 0.44762301445007324, 0.21946418285369873, 0.34088200330734253, 0.4370633065700531, 0.07794328033924103, 0.5943789482116699, 0.7431610822677612, 0.564315140247345, 0.5719882249832153, -0.6555359959602356, -0.25728940963745117, 0.5689898133277893, 0.8662151098251343, 0.25295647978782654, -0.12313525378704071, 0.3649839162826538, 0.8958010673522949, 0.7174567580223083, -0.4105103015899658, 0.3065972328186035, 0.4271412491798401, 0.6160678267478943]
