sample name: ['Cc1nc(C(F)(F)F)ccc1C(=O)N1CCC(C(=O)Nc2ccc(S(N)(=O)=O)cc2)CC1']
atom_index,distance,cosine_similarity
0,-0.0193017578125,-0.01591555919498205
1,-0.0523193359375,-0.023117131143808364
2,-0.538084716796875,0.0462796138972044
3,-0.706220703125,0.07504133714362979
4,0.04473876953125,-0.00839132908731699
5,-0.224779052734375,0.004881465584039688
6,-0.06132080078125,-0.013166687898337841
7,-0.2248193359375,-0.019135850332677364
8,1.15888671875,-0.1481663330644369
9,0.302344970703125,-0.05427097152918577
10,0.25931884765625,-0.08067312713712455
11,-0.19788818359375,0.04833430820144713
12,0.096297607421875,0.005793740078806877
13,-0.05601806640625,0.043369569182395935
14,0.1154931640625,0.020263558626174925
15,-0.633424072265625,0.09258246388286352
16,-0.28877685546875,0.05136409014463425
17,-0.5268798828125,0.06533822795376182
18,-0.935855712890625,0.1097093421779573
19,-0.7535791015625,0.09874281875789165
20,-0.960294189453125,0.15717246666550636
21,-0.878865966796875,0.12291245467960835
22,-0.55657958984375,0.0712628635019064
23,-0.195472412109375,0.018482178337872027

Sum of phi values for distance
-5.833399658203124
Sum of phi values for cosine similarity
0.6686935094278305
Average distance random samples:
12.478204629421235
Average cosine similarity random samples:
0.2298935666854959
Distances random samples
[11.020618438720703, 11.010245323181152, 10.461402893066406, 13.176915168762207, 10.956338882446289, 12.670751571655273, 15.877973556518555, 12.65521240234375, 13.30266284942627, 10.278511047363281, 11.741236686706543, 11.911086082458496, 11.59423828125, 13.884196281433105, 14.528787612915039, 10.62973403930664, 11.449522972106934, 14.486802101135254, 11.826278686523438, 13.642643928527832, 9.328412055969238, 12.528987884521484, 15.298924446105957, 17.648239135742188, 17.493207931518555, 10.72293758392334, 11.915390014648438, 13.488037109375, 10.298693656921387, 10.079854965209961, 14.077775001525879, 31.277606964111328, 10.105912208557129, 11.89581298828125, 8.986491203308105, 11.786022186279297, 11.790426254272461, 14.808462142944336, 11.47059154510498, 14.295299530029297, 9.131402015686035, 13.215378761291504, 9.680880546569824, 9.264566421508789, 8.823521614074707, 11.605925559997559, 16.50452423095703, 11.396278381347656, 11.579829216003418, 8.775617599487305, 9.550704002380371, 14.70410442352295, 8.84516716003418, 19.022239685058594, 11.7498140335083, 9.0228853225708, 9.50239086151123, 9.441208839416504, 11.5897216796875, 11.382271766662598, 9.11137580871582, 11.49382495880127, 10.49063777923584, 11.65820598602295, 9.678635597229004, 14.19933795928955, 10.842041969299316, 12.094996452331543, 14.930912017822266, 13.586893081665039, 8.55012321472168, 12.018041610717773, 12.863675117492676, 10.087652206420898, 19.04813575744629, 13.883509635925293, 11.788714408874512, 8.543578147888184, 15.676619529724121, 11.234724044799805, 21.519697189331055, 13.869338035583496, 10.978968620300293, 12.375754356384277, 12.723660469055176, 13.51460075378418, 14.946435928344727, 14.48176097869873, 18.85858726501465, 12.32674503326416, 9.832552909851074, 11.730683326721191, 13.083852767944336, 9.162677764892578, 11.43297290802002, 11.246110916137695, 16.4481143951416, 9.869451522827148, 17.681121826171875, 8.400094985961914, 11.054474830627441, 13.901322364807129, 10.514272689819336, 10.374405860900879, 14.067816734313965, 11.548087120056152, 11.797928810119629, 14.555112838745117, 10.8966646194458, 16.59832191467285, 15.091115951538086, 12.187708854675293, 12.774242401123047, 10.725973129272461, 9.636541366577148, 13.067338943481445, 11.8704833984375, 11.58166217803955, 9.363354682922363, 23.902599334716797, 12.135331153869629, 8.873589515686035, 10.282076835632324, 9.812145233154297, 10.489395141601562, 14.455500602722168, 9.770751953125, 17.806381225585938, 10.814788818359375, 11.389714241027832, 9.725162506103516, 9.845268249511719, 13.078457832336426, 10.147939682006836, 18.471927642822266, 13.501709938049316, 11.722180366516113, 11.799327850341797, 10.122245788574219, 14.383197784423828, 12.40986442565918, 9.581629753112793, 8.189602851867676, 10.961331367492676, 10.054570198059082, 11.046064376831055, 13.411206245422363, 11.909875869750977, 14.416508674621582, 9.784920692443848, 14.015349388122559, 10.260820388793945, 8.085222244262695, 10.847992897033691, 16.570331573486328, 11.171762466430664, 14.755989074707031, 9.63587760925293, 13.980585098266602, 11.134888648986816, 13.832898139953613, 10.036727905273438, 11.750812530517578, 10.920319557189941, 12.230372428894043, 9.6448392868042, 12.976943969726562, 12.764008522033691, 10.441868782043457, 10.709811210632324, 12.249757766723633, 12.711137771606445, 12.80307388305664, 10.466275215148926, 14.054569244384766, 10.423834800720215, 9.23814868927002, 11.933918952941895, 10.416940689086914, 10.046420097351074, 10.428671836853027, 11.51075267791748, 13.05459976196289, 11.591361999511719, 10.766667366027832, 11.422964096069336, 13.074971199035645, 9.707094192504883, 13.897003173828125, 14.175763130187988, 10.224197387695312, 10.080887794494629, 8.438599586486816, 18.921871185302734, 16.417285919189453, 10.815397262573242, 11.296979904174805, 9.839414596557617, 12.013957023620605, 15.806785583496094, 9.804488182067871, 13.093103408813477, 19.107929229736328, 11.506728172302246, 15.378036499023438, 11.944286346435547, 18.63149070739746, 10.691797256469727, 12.684429168701172, 12.718997955322266, 22.834516525268555, 15.13455867767334, 9.583507537841797, 17.676368713378906, 15.9923734664917, 9.825186729431152, 18.992029190063477, 32.506710052490234, 25.23274040222168, 14.167898178100586, 11.451346397399902, 10.661396026611328, 10.510234832763672, 10.352066040039062, 13.75507640838623, 12.062597274780273, 11.750171661376953, 12.033864974975586, 23.860679626464844, 15.44521713256836, 10.852533340454102, 10.745960235595703, 15.587827682495117, 11.570971488952637, 14.274168014526367, 8.526887893676758, 15.926286697387695, 8.583269119262695, 11.43364143371582, 13.205072402954102, 10.134078979492188, 9.530328750610352, 9.494272232055664, 22.867021560668945, 13.2772855758667, 14.738431930541992, 10.152315139770508, 16.92524528503418, 11.355386734008789, 12.664040565490723, 10.134767532348633, 10.41666030883789, 12.27103328704834, 14.864526748657227, 16.179548263549805, 29.81329345703125, 11.265387535095215, 10.593555450439453, 11.539192199707031, 10.660255432128906, 18.99199104309082, 11.8987398147583, 8.376017570495605, 9.298492431640625, 10.149507522583008, 16.484479904174805, 9.53549861907959, 9.965564727783203, 14.92723274230957, 12.705302238464355, 9.248481750488281, 11.355060577392578, 8.49081039428711, 14.543736457824707, 10.314390182495117, 25.79706573486328, 16.303564071655273, 14.173684120178223, 10.553750991821289, 12.59088134765625, 13.944073677062988, 10.6668119430542, 9.551047325134277, 14.331032752990723, 11.323965072631836, 17.435705184936523, 11.941814422607422, 10.383552551269531, 9.74040412902832, 12.836413383483887, 9.284192085266113, 10.106613159179688, 9.968732833862305, 10.957446098327637, 12.888174057006836, 14.879876136779785, 11.614892959594727, 12.917381286621094, 10.4309663772583, 23.86603546142578, 22.42552947998047, 10.39913272857666, 10.606072425842285, 13.386375427246094, 9.76996898651123, 20.16423797607422, 9.698309898376465, 14.7153959274292, 10.478140830993652, 11.132835388183594, 12.113354682922363, 14.965932846069336, 7.669417858123779, 7.515314102172852, 11.936419486999512, 14.264533996582031, 11.173253059387207, 9.47069263458252, 9.29991340637207, 6.67783784866333, 11.38222599029541, 24.046056747436523, 11.742188453674316, 14.404677391052246, 10.992690086364746, 10.69488525390625, 9.38692855834961, 13.410280227661133, 10.487850189208984, 13.506453514099121, 8.789600372314453, 11.561354637145996, 10.025568962097168, 10.099068641662598, 14.039799690246582, 9.42906665802002, 12.145832061767578, 17.08424949645996, 7.261410713195801, 10.903411865234375, 10.180022239685059, 12.658292770385742, 8.1021146774292, 11.744952201843262, 15.253847122192383, 19.296106338500977, 14.210261344909668, 14.117668151855469, 10.603612899780273, 13.892468452453613, 10.553500175476074, 16.197969436645508, 15.363150596618652, 13.428653717041016, 11.207588195800781, 20.58026885986328, 14.979782104492188, 12.150161743164062, 12.965130805969238, 13.740550994873047, 9.925008773803711, 10.988652229309082, 21.057044982910156, 19.035018920898438, 11.07768726348877, 14.337636947631836, 10.562082290649414, 12.508774757385254, 10.217341423034668, 13.86971378326416, 13.379228591918945, 13.597212791442871, 15.288373947143555, 10.069148063659668, 13.30049991607666, 13.353891372680664, 12.193973541259766, 10.987709045410156, 9.723718643188477, 10.70467758178711, 8.741518020629883, 11.614181518554688, 9.134434700012207, 13.954282760620117, 15.691025733947754, 12.324722290039062, 14.8251371383667, 12.984942436218262, 15.479772567749023, 11.807825088500977, 14.591756820678711, 10.983440399169922, 19.80652618408203, 10.306574821472168, 17.169803619384766, 9.78592300415039, 8.309517860412598, 11.751465797424316, 11.595574378967285, 9.267230033874512, 11.535748481750488, 8.085310935974121, 9.486737251281738, 15.162919998168945, 21.375024795532227, 9.998805046081543, 11.441105842590332, 9.736068725585938, 13.721806526184082, 12.079934120178223, 11.91954517364502, 11.72981071472168, 10.152734756469727, 8.801249504089355, 11.935157775878906, 13.274675369262695, 13.9166841506958, 12.669363975524902, 17.211259841918945, 7.936477184295654, 15.675226211547852, 18.799480438232422, 11.972160339355469, 15.246994018554688, 11.278273582458496, 10.115789413452148, 14.03368854522705, 13.66989803314209, 9.288239479064941, 12.036871910095215, 12.834251403808594, 12.007267951965332, 9.938631057739258, 10.810155868530273, 23.239200592041016, 15.9248628616333, 9.447242736816406, 12.893099784851074, 12.650662422180176, 8.95245361328125, 10.967368125915527, 12.350286483764648, 11.406697273254395, 15.873668670654297, 12.55363655090332, 7.140498638153076, 10.709471702575684, 10.02363109588623, 12.219439506530762, 9.100066184997559, 10.820669174194336, 13.886175155639648, 12.020758628845215, 12.015970230102539, 19.445449829101562, 11.374894142150879, 13.92233657836914, 8.188451766967773, 8.900273323059082, 10.294949531555176, 10.57094955444336, 9.92824935913086, 13.81764030456543, 12.029047966003418, 8.590657234191895, 11.193976402282715, 11.839431762695312, 8.548179626464844, 15.550752639770508, 28.7009334564209, 10.340919494628906, 13.94418716430664, 10.818907737731934, 13.615978240966797, 9.791094779968262, 12.456087112426758, 14.922684669494629, 10.348166465759277, 10.532904624938965, 14.898357391357422, 10.450812339782715, 12.39641284942627, 13.08251667022705, 12.921584129333496, 13.247536659240723, 14.935038566589355, 13.089842796325684, 13.449807167053223, 13.225702285766602, 10.377094268798828, 21.837398529052734, 9.353194236755371, 16.448816299438477, 13.133330345153809, 13.409314155578613, 15.022290229797363, 9.051396369934082, 9.469630241394043, 12.79869556427002, 19.955764770507812, 12.85448932647705, 16.145687103271484, 11.892966270446777, 15.988481521606445, 14.359566688537598, 9.714388847351074, 11.05421257019043, 15.835110664367676, 24.55246353149414, 13.744942665100098, 14.272555351257324, 16.067291259765625, 11.765962600708008, 12.762190818786621, 15.063408851623535, 14.673613548278809, 8.850311279296875, 14.405186653137207, 10.058629035949707, 7.8895792961120605, 13.467574119567871, 10.100245475769043, 8.79784870147705, 9.401772499084473, 10.805482864379883, 11.522005081176758, 14.080225944519043, 10.57297134399414, 11.065010070800781, 17.491655349731445, 11.704329490661621, 13.470513343811035, 14.764062881469727, 9.215779304504395, 17.891620635986328, 7.823545932769775, 11.535273551940918, 9.633234024047852, 9.837302207946777, 13.069757461547852, 11.184955596923828, 8.932334899902344, 12.719437599182129, 14.103821754455566, 10.418865203857422, 11.86473560333252, 16.040573120117188, 10.677845001220703, 10.684436798095703, 16.787853240966797, 7.5441412925720215, 13.268426895141602, 9.425491333007812, 10.464164733886719, 16.449800491333008, 15.021819114685059, 17.82869529724121, 15.235519409179688, 11.616626739501953, 12.15417766571045, 15.661602020263672, 15.889349937438965, 14.75163745880127, 16.08808135986328, 9.165014266967773, 10.45040512084961, 18.762393951416016, 12.734052658081055, 16.325946807861328, 9.732951164245605, 23.037126541137695, 10.823075294494629, 9.136533737182617, 10.250663757324219, 12.708454132080078, 10.842616081237793, 11.40810775756836, 11.988360404968262, 9.399528503417969, 10.960844039916992, 13.619468688964844, 13.707695007324219, 8.532815933227539, 10.712072372436523, 11.263686180114746, 16.119949340820312, 19.621122360229492, 8.930139541625977, 12.115657806396484, 8.768564224243164, 13.91805362701416, 9.12830924987793, 12.216992378234863, 14.323675155639648, 9.083070755004883, 10.336026191711426, 10.561290740966797, 9.71355152130127, 15.520705223083496, 12.343110084533691, 9.823137283325195, 16.69895362854004, 11.674033164978027, 10.802879333496094, 11.573701858520508, 11.772175788879395, 10.277565002441406, 14.935796737670898, 14.959574699401855, 8.989858627319336, 19.733205795288086, 10.784442901611328, 17.20496940612793, 6.444305896759033, 10.620796203613281, 10.119978904724121, 9.00977897644043, 9.568854331970215, 13.706636428833008, 12.029851913452148, 13.407710075378418, 11.784308433532715, 14.671294212341309, 16.535791397094727, 11.313472747802734, 17.496944427490234, 8.183670997619629, 14.662982940673828, 15.652632713317871, 10.422701835632324, 9.517278671264648, 9.49323844909668, 9.799009323120117, 10.62989616394043, 11.171451568603516, 19.13515853881836, 11.525106430053711, 9.578593254089355, 10.707784652709961, 15.203813552856445, 9.013041496276855, 8.360552787780762, 8.374329566955566, 17.460981369018555, 9.542423248291016, 8.735856056213379, 10.82137680053711, 8.683856010437012, 11.443584442138672, 9.657652854919434, 15.312291145324707, 13.793330192565918, 8.935688018798828, 13.414698600769043, 15.47972297668457, 12.706364631652832, 13.118223190307617, 11.044790267944336, 9.972801208496094, 9.969043731689453, 9.66912841796875, 9.217494010925293, 9.415419578552246, 12.446027755737305, 11.925975799560547, 10.970144271850586, 12.172048568725586, 11.42575740814209, 11.255346298217773, 14.059245109558105, 9.033670425415039, 9.84650993347168, 20.34907341003418, 10.146929740905762, 9.85299015045166, 9.304027557373047, 15.51999282836914, 8.995211601257324, 11.843775749206543, 10.369220733642578, 19.597843170166016, 11.190513610839844, 10.0263090133667, 10.398937225341797, 10.735740661621094, 10.187093734741211, 8.609750747680664, 11.355758666992188, 12.706229209899902, 12.444289207458496, 17.163503646850586, 11.1439790725708, 9.337491989135742, 15.504443168640137, 9.58924388885498, 10.521798133850098, 11.957462310791016, 8.899068832397461, 14.385808944702148, 9.155306816101074, 9.095762252807617, 12.864116668701172, 10.476414680480957, 10.631418228149414, 12.077958106994629, 10.269376754760742, 13.452244758605957, 13.153982162475586, 13.915558815002441, 10.032068252563477, 12.481005668640137, 17.1358699798584, 10.092803955078125, 11.230792999267578, 9.242061614990234, 11.216682434082031, 13.292820930480957, 18.87718391418457, 12.763921737670898, 11.26686954498291, 19.02113914489746, 10.986481666564941, 11.42703628540039, 15.035038948059082, 8.112290382385254, 9.107161521911621, 12.893799781799316, 12.085206031799316, 14.152230262756348, 10.153475761413574, 12.685430526733398, 12.500741004943848, 13.905315399169922, 11.582417488098145, 11.871057510375977, 13.946070671081543, 15.95479965209961, 9.690840721130371, 14.172119140625, 10.764450073242188, 16.001407623291016, 13.427797317504883, 12.720767974853516, 7.6468377113342285, 8.667877197265625, 12.952686309814453, 10.711718559265137, 8.464974403381348, 12.701445579528809, 11.487488746643066, 9.210302352905273, 11.820974349975586, 10.744593620300293, 11.072206497192383, 14.63233757019043, 13.467645645141602, 10.716353416442871, 9.539874076843262, 19.08917236328125, 10.870475769042969, 10.809473991394043, 30.883407592773438, 11.798006057739258, 13.917878150939941, 14.416583061218262, 12.170387268066406, 9.241211891174316, 6.945192813873291, 10.670894622802734, 11.171501159667969, 11.03726863861084, 13.701457977294922, 8.359909057617188, 13.465190887451172, 18.693302154541016, 9.951326370239258, 13.964849472045898, 10.648100852966309, 16.253108978271484, 8.885274887084961, 16.17005729675293, 11.048105239868164, 7.8887553215026855, 13.860549926757812, 10.164522171020508, 16.414857864379883, 10.8993501663208, 15.623541831970215, 10.784159660339355, 22.873817443847656, 15.213592529296875, 11.06210994720459, 13.234095573425293, 9.931183815002441, 10.244515419006348, 16.12520980834961, 12.791548728942871, 9.521049499511719, 12.284943580627441, 10.97280502319336, 9.774033546447754, 8.753316879272461, 20.10958480834961, 11.572358131408691, 11.191326141357422, 10.843331336975098, 11.079816818237305, 14.826031684875488, 11.100051879882812, 9.666459083557129, 10.104409217834473, 11.170595169067383, 9.589812278747559, 16.686399459838867, 9.766287803649902, 8.77793025970459, 8.873127937316895, 14.673855781555176, 11.158564567565918, 9.540338516235352, 11.11013412475586, 15.919639587402344, 14.095063209533691, 11.227357864379883, 24.327571868896484, 12.492439270019531, 9.312691688537598, 9.224102020263672, 10.89616584777832, 13.081927299499512, 12.503473281860352, 8.09101676940918, 7.078462600708008, 11.445487976074219, 10.457592010498047, 10.902819633483887, 11.041787147521973, 16.642688751220703, 13.98212718963623, 9.894055366516113, 11.62646484375, 11.463557243347168, 10.307257652282715, 18.091951370239258, 12.666168212890625, 10.383966445922852, 20.699399948120117, 9.65754508972168, 14.284170150756836, 9.104629516601562, 10.080550193786621, 12.173478126525879, 8.33776569366455, 11.91794204711914, 7.750147819519043, 12.025856971740723, 9.520844459533691, 11.819038391113281, 15.010878562927246, 11.766119003295898, 11.821695327758789, 10.384255409240723, 7.470420837402344, 9.653533935546875, 11.047239303588867, 10.636618614196777, 9.297505378723145, 9.838820457458496, 10.016166687011719, 21.045377731323242, 10.619135856628418, 9.14555549621582, 11.411320686340332, 10.703960418701172, 11.695536613464355, 11.270258903503418, 11.871195793151855, 12.565874099731445, 9.412504196166992, 9.808618545532227, 11.318676948547363, 15.061633110046387, 12.43320083618164, 10.240569114685059, 14.302543640136719, 21.80202865600586, 11.670711517333984, 12.094839096069336, 8.695108413696289, 12.859126091003418, 8.295833587646484, 11.698567390441895, 8.020564079284668, 12.712757110595703, 9.932662010192871, 11.7315034866333, 8.292441368103027, 10.024970054626465, 12.284260749816895, 13.99777889251709, 11.459254264831543, 11.179039001464844, 8.886275291442871, 22.729299545288086, 11.582069396972656, 16.22370719909668, 14.257428169250488, 9.993096351623535, 9.114872932434082, 10.351550102233887, 9.912766456604004, 11.997539520263672, 13.5476713180542, 9.052634239196777, 10.178935050964355, 15.92375659942627, 13.736989974975586, 10.077068328857422, 16.569171905517578, 9.515053749084473, 11.600106239318848, 10.45872974395752, 8.738245010375977, 20.61078643798828, 9.543745994567871, 13.222966194152832, 18.825654983520508, 13.347126007080078, 12.96759033203125, 9.09674072265625, 18.76712417602539, 11.32143783569336, 13.284856796264648, 8.291264533996582, 10.401138305664062, 9.284488677978516, 10.31933879852295, 10.764484405517578, 10.481598854064941, 10.557958602905273, 12.57123851776123, 11.033553123474121, 15.217267990112305, 7.99666166305542, 13.070773124694824, 10.789192199707031, 10.538125991821289, 10.99167251586914, 14.626995086669922, 14.250516891479492, 10.677645683288574, 10.44572925567627, 18.76913070678711, 13.893349647521973, 29.398160934448242, 12.008644104003906, 10.706608772277832, 18.680728912353516, 13.850176811218262, 8.902018547058105, 10.688138961791992, 14.016207695007324, 11.6881685256958, 10.26775074005127, 12.027341842651367, 12.611854553222656, 11.401365280151367, 18.3676700592041, 9.629132270812988, 10.385519981384277, 17.921586990356445, 13.797708511352539, 9.347696304321289, 13.08572769165039, 16.744888305664062, 10.471393585205078, 14.495682716369629, 12.004853248596191, 8.833253860473633, 11.897016525268555, 9.791068077087402, 15.024084091186523, 10.074861526489258, 9.698772430419922, 10.186873435974121, 15.189629554748535, 10.69162368774414, 10.877581596374512, 12.362778663635254, 11.85399055480957, 13.144678115844727, 10.693538665771484, 12.923678398132324, 21.746049880981445, 8.65869140625, 12.876319885253906, 10.783016204833984, 9.660118103027344, 10.159828186035156, 12.15488338470459, 15.027153015136719, 8.900879859924316, 22.292144775390625, 10.531170845031738, 11.841130256652832, 15.195450782775879, 10.68091869354248, 9.63691520690918, 8.325675964355469, 9.344076156616211, 10.892688751220703, 10.879557609558105, 9.741321563720703, 13.980738639831543, 9.007579803466797, 12.501361846923828, 12.87492561340332, 15.706480026245117, 16.857614517211914, 10.636892318725586, 15.560822486877441, 11.902178764343262, 11.740938186645508, 12.557097434997559, 11.77674674987793, 26.44818687438965, 11.73403263092041, 10.73908805847168, 14.702191352844238, 10.433172225952148, 14.257610321044922, 9.335748672485352, 15.064571380615234, 14.351676940917969, 10.258231163024902, 9.548966407775879, 11.06905746459961, 11.87248706817627, 11.371135711669922, 12.168903350830078, 11.055015563964844, 8.34261417388916, 11.609779357910156, 14.640694618225098, 7.247753620147705, 10.879056930541992, 12.848074913024902, 12.736217498779297, 11.573265075683594, 22.756771087646484, 12.795281410217285, 11.04499626159668, 9.665942192077637, 9.499198913574219, 12.71787166595459, 10.649479866027832, 11.060567855834961, 11.89515495300293, 10.88220500946045, 13.982056617736816, 10.123405456542969, 14.172259330749512, 12.233573913574219, 13.411184310913086, 15.019125938415527, 23.670856475830078, 12.705202102661133, 12.23116397857666, 12.309281349182129, 10.085110664367676, 13.921392440795898, 13.438950538635254, 15.597517013549805, 9.400816917419434, 10.309639930725098, 11.553580284118652, 12.539196014404297, 14.698308944702148, 10.16464614868164, 13.15595817565918, 11.096418380737305, 10.623530387878418, 9.59645938873291, 12.670851707458496, 28.09063720703125, 10.416489601135254, 17.36576271057129, 11.585848808288574, 11.908853530883789, 20.549365997314453, 8.723516464233398, 17.877761840820312, 14.129024505615234, 15.884808540344238, 22.12005043029785, 11.398113250732422, 10.021196365356445, 13.743143081665039, 9.579930305480957, 11.342659950256348, 10.270792961120605, 11.512801170349121, 15.86542797088623, 13.104170799255371, 14.225582122802734, 10.702413558959961, 15.5426607131958, 10.588088035583496, 17.973079681396484, 10.312943458557129, 11.690485000610352, 12.87741756439209, 9.736401557922363, 11.46907901763916, 10.743958473205566, 22.862186431884766, 13.289676666259766, 10.67702579498291, 17.319368362426758, 12.090449333190918, 8.261624336242676, 11.703508377075195, 15.94340705871582, 8.122727394104004, 12.036316871643066, 10.122679710388184, 18.743677139282227, 10.397936820983887, 10.78813362121582, 8.044702529907227, 9.521916389465332, 15.454998016357422, 8.885324478149414, 11.666138648986816, 12.529630661010742, 9.653144836425781, 11.054441452026367, 15.846030235290527, 15.975139617919922, 14.813783645629883, 10.168596267700195, 11.08051872253418, 10.917481422424316, 11.910567283630371, 13.62177562713623, 10.41117000579834, 7.93081521987915, 14.751846313476562, 10.3950834274292, 8.117547988891602, 11.871581077575684, 5.892380237579346, 7.956415176391602, 16.388219833374023, 8.667798042297363, 11.413214683532715, 12.619251251220703, 9.274292945861816, 14.592180252075195, 11.223170280456543, 15.604240417480469, 11.701434135437012, 12.525289535522461, 13.982735633850098, 13.043989181518555, 14.88337230682373, 10.705025672912598, 9.826111793518066, 16.74237823486328, 13.555453300476074, 11.355213165283203, 16.626665115356445, 8.671552658081055, 8.359580039978027, 9.069528579711914, 9.029216766357422, 9.482696533203125, 17.111839294433594, 9.810364723205566, 5.606537342071533, 11.187771797180176, 11.29383659362793, 10.055851936340332, 10.115216255187988, 8.957564353942871, 11.263958930969238, 10.503926277160645, 8.491133689880371, 11.821087837219238, 16.229583740234375, 11.349287986755371, 13.522339820861816, 11.864706993103027, 12.688863754272461, 11.337630271911621, 10.590668678283691, 16.240449905395508, 10.115342140197754, 14.800176620483398, 15.78321361541748, 10.982464790344238, 12.445549011230469, 15.088018417358398, 10.291850090026855, 16.29178810119629, 19.044750213623047, 10.468649864196777, 8.867002487182617, 9.473965644836426, 9.221183776855469, 10.21650505065918, 9.856006622314453, 10.676103591918945, 11.530879020690918, 9.399620056152344, 12.526289939880371, 11.222616195678711, 8.83029842376709, 17.27177619934082, 15.981240272521973, 11.934405326843262, 9.686973571777344, 12.921277046203613, 10.229992866516113, 12.245302200317383, 11.388699531555176, 8.943115234375, 8.563761711120605, 10.50350570678711, 13.117623329162598, 17.10025978088379, 14.851238250732422, 9.546548843383789, 15.317744255065918, 14.290533065795898, 12.264991760253906, 18.888460159301758, 13.719958305358887, 11.585806846618652, 9.32443904876709, 12.624078750610352, 11.22141170501709, 10.795487403869629, 14.589445114135742, 9.661991119384766, 8.55429744720459, 8.901263236999512, 17.509490966796875, 10.485309600830078, 10.417452812194824, 10.038355827331543, 15.59670639038086, 14.146308898925781, 11.160380363464355, 12.866118431091309, 12.17921257019043, 15.87499713897705, 9.559951782226562, 9.71687126159668, 10.208532333374023, 11.897445678710938, 9.468969345092773, 12.215304374694824, 12.769256591796875, 12.567222595214844, 12.365999221801758, 13.233186721801758, 9.698770523071289, 10.852516174316406, 7.911362171173096, 23.405231475830078, 10.53781795501709, 9.80483341217041, 8.281498908996582, 11.553677558898926, 8.461444854736328, 13.230331420898438, 11.254570960998535, 11.211209297180176, 11.80005168914795, 13.783459663391113, 14.293417930603027, 10.937736511230469, 13.110379219055176, 10.968229293823242, 10.338305473327637, 10.540813446044922, 16.5277156829834, 14.8130464553833, 14.933420181274414, 12.067102432250977, 11.427882194519043, 7.66752815246582, 10.23868179321289, 8.987860679626465, 11.705663681030273, 11.780372619628906, 17.002338409423828, 17.25591468811035, 8.572442054748535, 9.258143424987793, 10.432433128356934, 11.76172161102295, 12.403779029846191, 15.711549758911133, 24.521059036254883, 12.551309585571289, 8.741232872009277, 13.689563751220703, 11.460343360900879, 8.996323585510254, 12.99036693572998, 12.591347694396973, 10.956487655639648, 11.28131103515625, 10.853985786437988, 18.027324676513672, 11.227373123168945, 13.204038619995117, 21.457422256469727, 11.851151466369629, 14.125700950622559, 10.211427688598633, 12.830282211303711, 11.641210556030273, 13.959827423095703, 17.10523223876953, 10.597757339477539, 16.399768829345703, 11.477861404418945, 10.515787124633789, 8.286625862121582, 10.74232006072998, 13.092917442321777, 13.464004516601562, 12.67752456665039, 10.973958015441895, 11.522438049316406, 12.743011474609375, 9.939026832580566, 8.955249786376953, 14.087599754333496, 12.371626853942871, 11.27010440826416, 11.68966293334961, 13.425646781921387, 14.89655876159668, 12.74998664855957, 17.434677124023438, 15.372535705566406, 10.50348949432373, 10.845277786254883, 10.326093673706055, 14.42753791809082, 15.974803924560547, 8.688633918762207, 13.22635555267334, 10.816410064697266, 13.475467681884766, 8.884047508239746, 9.197896957397461, 13.751781463623047, 19.217317581176758, 12.496264457702637, 9.016609191894531, 13.547000885009766, 8.498085021972656, 22.435304641723633, 17.456941604614258, 7.538689613342285, 11.139608383178711, 13.103371620178223, 9.869002342224121, 11.622876167297363, 22.47831153869629, 10.239289283752441, 11.11177921295166, 10.079782485961914, 12.649182319641113, 12.178764343261719, 16.143081665039062, 10.982854843139648, 11.330968856811523, 12.512750625610352, 11.713111877441406, 11.029587745666504, 14.590363502502441, 9.763959884643555, 11.082337379455566, 8.558277130126953, 13.193167686462402, 16.509403228759766, 10.395570755004883, 10.965168952941895, 11.588220596313477, 14.788033485412598, 14.96445369720459, 8.83816146850586, 8.376931190490723, 18.568246841430664, 11.809242248535156, 12.243681907653809, 8.142457962036133, 15.059405326843262, 10.972708702087402, 11.811362266540527, 13.111486434936523, 13.537002563476562, 13.36075210571289, 11.930230140686035, 8.523181915283203, 14.536744117736816, 12.440667152404785, 10.870658874511719, 12.59499740600586, 10.389729499816895, 10.411219596862793, 15.148934364318848, 10.876893997192383, 13.681503295898438, 12.357621192932129, 13.091052055358887, 12.303147315979004, 12.744799613952637, 11.756452560424805, 16.68008041381836, 11.221906661987305, 11.678189277648926, 15.493159294128418, 11.33170223236084, 15.895207405090332, 10.620305061340332, 17.78727912902832, 17.115896224975586, 11.874404907226562, 12.793028831481934, 12.162216186523438, 12.719491004943848, 11.211820602416992, 14.964202880859375, 10.714598655700684, 17.535860061645508, 12.87110710144043, 13.223380088806152, 14.688164710998535, 8.357848167419434, 12.199060440063477, 14.429037094116211, 9.72592830657959, 9.526076316833496, 13.249220848083496, 12.31025505065918, 12.268428802490234, 10.384872436523438, 10.56910514831543, 14.933083534240723, 11.306721687316895, 11.83393669128418, 26.840015411376953, 11.388778686523438, 15.518209457397461, 10.27051067352295, 8.717859268188477, 14.116689682006836, 10.412851333618164, 13.923879623413086, 10.593276023864746, 11.658998489379883, 13.41970157623291, 11.254059791564941, 8.217142105102539, 11.857101440429688, 10.958111763000488, 14.787795066833496, 12.264141082763672, 12.341919898986816, 10.337313652038574, 11.75199031829834, 9.99572467803955, 17.76664161682129, 13.028331756591797, 11.596458435058594, 10.378278732299805, 14.191143989562988, 12.034424781799316, 12.630889892578125, 11.257904052734375, 10.736250877380371, 14.522754669189453, 8.279218673706055, 13.718648910522461, 12.142801284790039, 16.214136123657227, 13.927940368652344, 11.417797088623047, 10.081233978271484, 11.173942565917969, 15.925642967224121, 11.586984634399414, 17.336008071899414, 15.499756813049316, 9.230399131774902, 11.53853988647461, 13.833422660827637, 11.84401798248291, 10.703980445861816, 11.53979206085205, 11.20513916015625, 9.637858390808105, 9.635830879211426, 16.583837509155273, 14.483745574951172, 11.019546508789062, 12.246055603027344, 11.416114807128906, 10.443699836730957, 16.55461311340332, 17.026498794555664, 11.08006763458252, 14.219609260559082, 14.543776512145996, 12.0661039352417, 10.761185646057129, 7.94277286529541, 21.186227798461914, 9.094985961914062, 9.619616508483887, 15.431350708007812, 11.492728233337402, 12.868945121765137, 12.97407341003418, 12.09570026397705, 10.175071716308594, 24.618654251098633, 11.316629409790039, 9.693178176879883, 10.547938346862793, 13.300642967224121, 10.435786247253418, 17.9962158203125, 14.330360412597656, 9.699951171875, 9.444807052612305, 9.998703002929688, 28.44037437438965, 12.834931373596191, 9.752631187438965, 8.656843185424805, 10.397428512573242, 17.028949737548828, 12.79654312133789, 15.418743133544922, 14.701729774475098, 9.171878814697266, 9.322382926940918, 11.142484664916992, 14.190834999084473, 10.90550708770752, 7.383724689483643, 15.458672523498535, 10.532014846801758, 11.139327049255371, 11.653822898864746, 9.630102157592773, 11.133259773254395, 17.55087661743164, 13.000258445739746, 20.317861557006836, 10.48756217956543, 11.286543846130371, 13.469377517700195, 8.796757698059082, 12.225920677185059, 13.941697120666504, 11.797804832458496, 9.657541275024414, 12.627866744995117, 10.684696197509766, 13.624826431274414, 10.890219688415527, 10.494585037231445, 12.54022216796875, 18.23452377319336, 10.626814842224121, 9.647955894470215, 17.930227279663086, 8.589303970336914, 9.514701843261719, 8.882616996765137, 14.961379051208496, 12.88792610168457, 9.049287796020508, 12.661737442016602, 11.550395965576172, 10.903996467590332, 13.117463111877441, 12.902185440063477, 14.630668640136719, 14.473210334777832, 12.70601749420166, 9.45251178741455, 12.364925384521484, 17.263452529907227, 9.235082626342773, 16.41029930114746, 9.163237571716309, 11.149492263793945, 11.276576042175293, 9.403573989868164, 10.066465377807617, 9.418363571166992, 13.752994537353516, 11.055269241333008, 13.534666061401367, 10.787155151367188, 12.550030708312988, 9.061758041381836, 11.759869575500488, 21.768959045410156, 10.380608558654785, 13.921612739562988, 9.42234992980957, 12.703913688659668, 10.19882869720459, 9.611681938171387, 12.394113540649414, 9.912449836730957, 14.798283576965332, 10.535942077636719, 10.94648265838623, 9.643379211425781, 10.589731216430664, 14.2326078414917, 12.084854125976562, 12.079828262329102, 9.277694702148438, 9.235179901123047, 17.142940521240234, 13.49659538269043, 8.428936958312988, 12.603607177734375, 19.208789825439453, 15.880105018615723, 9.37397289276123, 12.18498420715332, 11.111196517944336, 9.585745811462402, 12.090381622314453, 11.093935012817383, 9.332024574279785, 10.896378517150879, 11.774473190307617, 16.702451705932617, 19.594778060913086, 11.064051628112793, 15.84302806854248, 14.91472053527832, 9.8388032913208, 10.040841102600098, 11.965631484985352, 12.244694709777832, 10.7771635055542, 11.197561264038086, 16.342914581298828, 10.226298332214355, 9.669541358947754, 13.71284008026123, 12.419210433959961, 9.683629989624023, 15.051704406738281, 17.94693374633789, 10.081612586975098, 10.616484642028809, 18.465110778808594, 14.765435218811035, 23.70703125, 15.096091270446777, 8.133382797241211, 14.236861228942871, 8.452935218811035, 10.270095825195312, 15.145517349243164, 19.25815200805664, 8.092723846435547, 16.929107666015625, 9.850218772888184, 15.405957221984863, 10.68310546875, 11.71556568145752, 15.717436790466309, 9.160455703735352, 10.027458190917969, 15.911141395568848, 14.114343643188477, 11.106616020202637, 9.544804573059082, 17.027637481689453, 10.333452224731445, 9.879511833190918, 11.63009262084961, 14.052217483520508, 12.936724662780762, 12.99658203125, 19.43244743347168, 13.426079750061035, 10.072492599487305, 12.493441581726074, 10.921431541442871, 9.840103149414062, 22.37529945373535, 9.493335723876953, 18.205827713012695, 12.85537338256836, 12.629541397094727, 11.873661994934082, 15.96288013458252, 13.455970764160156, 19.989839553833008, 12.659103393554688, 13.304831504821777, 10.600327491760254, 15.103034973144531, 13.927838325500488, 13.392037391662598, 17.33456039428711, 10.498868942260742, 8.429036140441895, 11.028343200683594, 16.71445083618164, 11.510824203491211, 9.14145278930664, 9.421147346496582, 10.15694522857666, 15.123764038085938, 13.115260124206543, 11.76225757598877, 12.068595886230469, 12.656017303466797, 9.714320182800293, 8.275797843933105, 12.206629753112793, 15.149959564208984, 7.744541645050049, 9.715628623962402, 10.400856971740723, 15.171268463134766, 9.040691375732422, 11.72969913482666, 9.777877807617188, 8.957378387451172, 13.540840148925781, 14.414543151855469, 12.988852500915527, 12.941073417663574, 7.894689083099365, 9.321475982666016, 13.506304740905762, 13.910764694213867, 9.912422180175781, 11.611117362976074, 8.91235637664795, 10.152290344238281, 9.972900390625, 10.824295997619629, 11.323051452636719, 13.303826332092285, 14.268302917480469, 14.789331436157227, 11.490714073181152, 10.482924461364746, 16.02342414855957, 12.248085021972656, 9.095735549926758, 8.631301879882812, 14.678560256958008, 9.467326164245605, 9.771330833435059, 14.349895477294922, 10.061067581176758, 10.812275886535645, 10.499656677246094, 10.624547004699707, 14.039810180664062, 12.78927993774414, 8.795365333557129, 18.39310646057129, 14.262956619262695, 11.554299354553223, 11.160346984863281, 29.404346466064453, 10.482565879821777, 11.291337966918945, 8.25644302368164, 19.293407440185547, 20.197824478149414, 18.886844635009766, 13.02624225616455, 9.71369457244873, 14.562233924865723, 12.246040344238281, 10.893195152282715, 11.356629371643066, 12.034506797790527, 14.52100944519043, 11.43028450012207, 8.009442329406738, 9.582794189453125, 17.25227928161621, 10.051541328430176, 31.819082260131836, 11.721074104309082, 11.757222175598145, 11.345991134643555, 14.460219383239746, 10.200392723083496, 16.458097457885742, 10.448884010314941, 13.004364013671875, 11.850142478942871, 10.37836742401123, 11.411535263061523, 9.761528968811035, 12.422136306762695, 17.815139770507812, 13.903695106506348, 12.026719093322754, 11.927972793579102, 13.187189102172852, 11.386093139648438, 8.650781631469727, 10.000300407409668, 11.59874153137207, 12.834450721740723, 15.963071823120117, 10.24185848236084, 13.454570770263672, 22.765745162963867, 11.143531799316406, 11.786120414733887, 10.820719718933105, 9.165175437927246, 13.87747859954834, 12.168285369873047, 12.869389533996582, 10.524349212646484, 16.462726593017578, 17.0380802154541, 12.137977600097656, 10.432419776916504, 7.820425987243652, 9.914528846740723, 12.136752128601074, 10.984772682189941, 10.296568870544434, 13.522137641906738, 19.132408142089844, 13.037062644958496, 17.928735733032227, 11.072303771972656, 9.363475799560547, 12.470598220825195, 16.855640411376953, 8.761323928833008, 14.114130973815918, 14.14803695678711, 10.913904190063477, 13.67210578918457, 15.9298095703125, 8.8286771774292, 11.73423957824707, 11.27788257598877, 13.489970207214355, 13.593786239624023, 18.589405059814453, 12.04391860961914, 9.139107704162598, 21.029888153076172, 16.6597957611084, 9.469199180603027, 13.260714530944824, 11.502730369567871, 11.81851863861084, 11.128335952758789, 7.530557155609131, 10.122403144836426, 9.95670223236084, 9.212055206298828, 11.682767868041992, 11.646621704101562, 8.756078720092773, 17.661163330078125, 9.178606033325195, 14.499113082885742, 16.79505157470703, 9.041783332824707, 14.92288589477539, 12.304007530212402, 7.539313316345215, 14.064191818237305, 14.758694648742676, 15.146256446838379, 10.61716365814209, 12.804548263549805, 10.075100898742676, 9.898310661315918, 14.748998641967773, 9.576290130615234, 14.128315925598145, 12.927553176879883, 13.713485717773438, 17.073726654052734, 9.91614055633545, 11.301136016845703, 12.103421211242676, 12.508585929870605, 6.81678581237793, 15.379228591918945, 8.985067367553711, 19.96239471435547, 11.831138610839844, 8.080384254455566, 9.187952995300293, 9.795448303222656, 15.334280014038086, 14.155488014221191, 14.66553020477295, 10.047624588012695, 8.592223167419434, 13.767818450927734, 13.041173934936523, 13.01209545135498, 16.331026077270508, 23.689285278320312, 11.65729808807373, 11.47231674194336, 12.411346435546875, 13.214746475219727, 10.98538589477539, 13.14249324798584, 16.771955490112305, 12.491719245910645, 11.460793495178223, 7.169435977935791, 11.377148628234863, 10.414046287536621, 11.68025016784668, 15.227664947509766, 11.54277229309082, 10.389139175415039, 11.369373321533203, 15.499927520751953, 16.013622283935547, 13.195916175842285, 17.892745971679688, 8.525405883789062, 11.259242057800293, 9.80535888671875, 16.00591468811035, 11.882598876953125, 14.25355339050293, 10.183012008666992, 8.45730972290039, 8.811635971069336, 9.870656967163086, 13.370604515075684, 10.211584091186523, 13.987412452697754, 15.543603897094727, 10.193329811096191, 10.39870834350586, 9.437856674194336, 10.874863624572754, 10.233635902404785, 18.442808151245117, 9.503355026245117, 13.395613670349121, 13.177122116088867, 13.349248886108398, 11.467325210571289, 13.634452819824219, 12.903390884399414, 11.105114936828613, 11.141311645507812, 12.850680351257324, 11.099967956542969, 14.571656227111816, 10.933185577392578, 10.293359756469727, 13.632797241210938, 10.053348541259766, 15.160418510437012, 11.757444381713867, 9.938261985778809, 16.73931121826172, 14.248299598693848, 15.933232307434082, 15.933835983276367, 15.232744216918945, 26.175018310546875, 12.920883178710938, 9.87103271484375, 13.690605163574219, 10.787092208862305, 13.532179832458496, 11.3108549118042, 10.480110168457031, 10.121301651000977, 12.142928123474121, 15.405420303344727, 9.154746055603027, 9.277084350585938, 13.135622024536133, 15.146782875061035, 13.582140922546387, 19.694091796875, 11.305696487426758, 13.433493614196777, 19.44301986694336, 9.893610000610352, 11.31772518157959, 11.934905052185059, 10.323287963867188, 11.210801124572754, 9.098280906677246, 12.583046913146973, 12.041481971740723, 10.718259811401367, 10.480178833007812, 10.818657875061035, 11.446435928344727, 14.611557006835938, 11.34431266784668, 11.11594295501709, 12.284369468688965, 16.03608512878418, 13.597749710083008, 11.315993309020996, 13.543068885803223, 12.800708770751953, 16.143054962158203, 9.69182014465332, 12.779023170471191, 10.61225700378418, 10.613715171813965, 14.800631523132324, 17.75251007080078, 8.613468170166016, 10.77501392364502, 10.330245018005371, 15.99516773223877, 11.553021430969238, 11.121819496154785, 13.531182289123535, 10.83653736114502, 16.193817138671875, 15.882731437683105, 12.169783592224121, 10.630158424377441, 10.970063209533691, 15.645018577575684, 11.149502754211426, 10.799134254455566, 13.488668441772461, 9.792025566101074, 6.956254005432129, 15.088786125183105, 11.668161392211914, 8.039908409118652, 10.165303230285645, 8.887317657470703, 12.92523193359375, 7.030186176300049, 7.8840250968933105, 14.803154945373535, 10.646723747253418, 12.422286033630371, 11.764775276184082, 11.040647506713867, 16.43553352355957, 11.594883918762207, 13.449265480041504, 10.323599815368652, 13.06644344329834, 11.751636505126953, 13.927997589111328, 12.212657928466797, 14.211849212646484, 9.915847778320312, 15.171642303466797, 10.630701065063477, 20.494979858398438, 22.76816177368164, 16.087665557861328, 8.676684379577637, 11.185568809509277, 12.510705947875977, 10.641634941101074, 12.107524871826172, 14.482973098754883, 10.423492431640625, 18.298839569091797, 12.214998245239258, 11.082650184631348, 8.902632713317871, 11.293522834777832, 12.671106338500977, 12.635982513427734, 10.115556716918945, 16.093883514404297, 10.440881729125977, 12.848260879516602, 11.587587356567383, 8.625307083129883, 11.259805679321289, 8.70190715789795, 10.126102447509766, 9.416106224060059, 11.296148300170898, 16.800861358642578, 16.046606063842773, 12.395992279052734, 13.234427452087402, 17.85808753967285, 14.181262969970703, 13.43568229675293, 15.657455444335938, 14.073620796203613, 14.208110809326172, 11.145727157592773, 13.602492332458496, 11.077733039855957, 10.3557767868042, 12.372197151184082, 16.27120018005371, 12.131141662597656, 9.166769027709961, 10.201964378356934, 10.780023574829102, 11.88499641418457, 10.1613130569458, 12.035597801208496, 10.139771461486816, 17.779741287231445, 9.936690330505371, 11.967482566833496, 18.37702751159668, 18.00183868408203, 17.201759338378906, 14.289899826049805, 9.543323516845703, 16.103700637817383, 13.844048500061035, 13.972861289978027, 11.227770805358887, 16.392921447753906, 10.574294090270996, 11.307016372680664, 10.738726615905762, 8.936660766601562, 11.329238891601562, 9.019453048706055, 15.593705177307129, 11.27237319946289, 10.97936725616455, 11.236616134643555, 11.655730247497559, 15.607263565063477, 10.781121253967285, 16.352062225341797, 11.961152076721191, 10.113996505737305, 13.3222074508667, 11.779102325439453, 15.379220962524414, 10.95370101928711, 13.341127395629883, 12.675124168395996, 11.78369140625, 16.276090621948242, 75.7310562133789, 7.725098609924316, 9.80136775970459, 14.742239952087402, 10.972177505493164, 16.914112091064453, 12.50744342803955, 14.603231430053711, 7.807999610900879, 19.401891708374023, 12.953180313110352, 9.539098739624023, 20.896697998046875, 10.144606590270996, 9.36666488647461, 12.446876525878906, 9.541664123535156, 12.671478271484375, 11.152329444885254, 9.080584526062012, 15.409284591674805, 12.452388763427734, 12.659045219421387, 20.631086349487305, 12.867857933044434, 13.793278694152832, 10.72204875946045, 11.568140029907227, 14.124176979064941, 11.341619491577148, 9.128110885620117, 14.047581672668457, 17.334796905517578, 10.83530044555664, 9.865179061889648, 11.333258628845215, 11.839028358459473, 14.244629859924316, 9.423994064331055, 10.392498970031738, 9.242432594299316, 13.691747665405273, 20.880624771118164, 12.203972816467285, 9.968905448913574, 13.502469062805176, 12.597004890441895, 13.032678604125977, 10.784732818603516, 13.461248397827148, 14.537928581237793, 10.591019630432129, 7.634494781494141, 9.655808448791504, 12.336165428161621, 11.4386625289917, 9.471837043762207, 10.713491439819336, 11.035018920898438, 15.932607650756836, 12.731157302856445, 13.5983247756958, 26.4935359954834, 11.037773132324219, 13.34582233428955, 10.461780548095703, 8.591804504394531, 14.113595962524414, 12.203389167785645, 14.9085111618042, 8.344688415527344, 16.10541343688965, 10.18615436553955, 17.286653518676758, 11.797821998596191, 15.879778861999512, 11.354477882385254, 10.281014442443848, 11.00487232208252, 18.195470809936523, 20.816272735595703, 13.408638954162598, 13.654857635498047, 22.423044204711914, 13.961871147155762, 12.755615234375, 11.588838577270508, 11.099103927612305, 11.601203918457031, 13.364903450012207, 10.293553352355957, 10.49945068359375, 15.280472755432129, 13.726144790649414, 9.479657173156738, 10.69593620300293, 12.500009536743164, 9.872958183288574, 9.460070610046387, 13.546976089477539, 15.781078338623047, 12.334429740905762, 11.159449577331543, 12.159150123596191, 10.71629524230957, 8.87997817993164, 14.44627857208252, 13.482000350952148, 7.693259239196777, 12.757488250732422, 13.911212921142578, 12.078455924987793, 12.524140357971191, 10.6393461227417, 8.41894245147705, 11.029292106628418, 11.203243255615234, 10.308878898620605, 11.850664138793945, 19.336946487426758, 13.678511619567871, 9.224152565002441, 10.727632522583008, 17.82392692565918, 13.043715476989746, 9.605929374694824, 10.518864631652832, 13.236076354980469, 11.819478034973145, 16.324811935424805, 12.04694938659668, 14.620155334472656, 12.876932144165039, 9.373074531555176, 10.523202896118164, 10.565074920654297, 8.08930778503418, 13.550528526306152, 11.082952499389648, 11.88956356048584, 10.824350357055664, 9.242177963256836, 20.465713500976562, 11.940482139587402, 10.326101303100586, 8.775712966918945, 11.514455795288086, 9.032069206237793, 10.539321899414062, 18.505985260009766, 10.557345390319824, 9.825251579284668, 10.690938949584961, 10.944867134094238, 11.049300193786621, 13.76388168334961, 12.850955963134766, 8.852280616760254, 14.62478256225586, 8.98928165435791, 13.272483825683594, 11.326312065124512, 14.57526969909668, 8.500685691833496, 12.643651008605957, 16.080921173095703, 12.135693550109863, 20.651042938232422, 14.579431533813477, 12.337217330932617, 11.641411781311035, 13.106216430664062, 6.972384452819824, 20.687795639038086, 9.838078498840332, 21.896007537841797, 12.870078086853027, 10.886157035827637, 11.422972679138184, 15.231429100036621, 9.967109680175781, 12.920534133911133, 9.192362785339355, 9.227043151855469, 10.15003776550293, 9.383504867553711, 12.168237686157227, 12.82547378540039, 14.398934364318848, 24.135061264038086, 15.802001953125, 9.670945167541504, 8.432290077209473, 11.450380325317383, 10.504841804504395, 15.25290298461914, 22.96101951599121, 9.812299728393555, 10.488632202148438, 9.517729759216309, 24.85191535949707, 17.17078399658203, 10.823671340942383, 21.25674819946289, 11.816730499267578, 13.562848091125488, 12.862717628479004, 14.109687805175781, 8.211055755615234, 17.019681930541992, 10.881881713867188, 12.207295417785645, 12.706305503845215, 10.061946868896484, 9.709240913391113, 10.640278816223145, 11.96640682220459, 10.523579597473145, 8.732695579528809, 11.260248184204102, 17.092199325561523]
Cosines similarity random samples
[0.4969083070755005, 0.3811975121498108, 0.41532886028289795, 0.006894472986459732, 0.29765811562538147, 0.48266714811325073, -0.34139683842658997, 0.06670545041561127, -0.005349848419427872, 0.49624860286712646, 0.3974032700061798, 0.3000338673591614, 0.19182147085666656, 0.5770829319953918, -0.11669057607650757, 0.3475419580936432, 0.2797544300556183, 0.06419379264116287, 0.17111289501190186, -0.09048138558864594, 0.7049509286880493, 0.2886770963668823, -0.31268012523651123, -0.3186630308628082, -0.41906970739364624, 0.33302950859069824, 0.38900190591812134, -0.195277601480484, 0.5362652540206909, 0.5889232158660889, 0.27183496952056885, -0.23763328790664673, 0.4657413363456726, 0.3337140679359436, 0.5966352224349976, 0.32885077595710754, 0.22990034520626068, -0.2618911862373352, 0.30321580171585083, -0.00036479532718658447, 0.6334377527236938, 0.1462913602590561, 0.6431657075881958, 0.549807071685791, 0.5929527878761292, 0.27969059348106384, -0.07386850565671921, 0.4108235836029053, 0.47737133502960205, 0.6163235306739807, 0.5573042631149292, 0.2846046984195709, 0.5950156450271606, -0.5006969571113586, 0.22315090894699097, 0.6173115968704224, 0.5205981731414795, 0.5504293441772461, 0.26659998297691345, 0.4095955491065979, 0.5842971205711365, 0.24648919701576233, 0.41497665643692017, 0.3205689489841461, 0.5262503623962402, 0.11943415552377701, 0.3966631293296814, 0.24650540947914124, -0.2571772336959839, 0.11970916390419006, 0.6682136654853821, 0.24535386264324188, -0.04325995594263077, 0.4586831033229828, -0.060822077095508575, 0.2216278612613678, 0.3857142925262451, 0.6845226287841797, -0.4767882525920868, 0.5731394290924072, -0.20382019877433777, 0.07699064910411835, 0.3599103093147278, 0.1918351650238037, 0.2318211793899536, 0.13181868195533752, -0.2650415599346161, 0.39275437593460083, 0.05002838373184204, 0.06489568948745728, 0.6144769191741943, 0.22712364792823792, 0.1846349686384201, 0.5674899816513062, 0.46733546257019043, 0.2866796851158142, 0.5671446919441223, 0.45019012689590454, -0.25703689455986023, 0.6417041420936584, 0.29186174273490906, -0.17523251473903656, 0.48890525102615356, 0.5208214521408081, -0.0804886519908905, 0.29416078329086304, 0.2409707009792328, -0.1230962723493576, 0.3544040024280548, -0.2892072796821594, 0.07949360460042953, 0.3724636435508728, 0.27574241161346436, 0.41551387310028076, 0.5381742715835571, 0.13417190313339233, 0.3294844925403595, 0.3736383318901062, 0.6015486121177673, 0.008395999670028687, 0.5359464883804321, 0.6089731454849243, 0.49090176820755005, 0.5724527835845947, 0.4879639744758606, -0.05382835119962692, 0.572029709815979, -0.44610607624053955, 0.39566388726234436, 0.284310907125473, 0.5876118540763855, 0.4654848575592041, 0.19584979116916656, 0.46607303619384766, 0.014686999842524529, 0.14706218242645264, 0.2553359866142273, 0.314120888710022, 0.5943381786346436, -0.16661760210990906, 0.1649037003517151, 0.5515663027763367, 0.7292667627334595, 0.4413096308708191, 0.5101418495178223, 0.3174995183944702, 0.13171541690826416, 0.3668142259120941, -0.01635676622390747, 0.48802706599235535, 0.023618031293153763, 0.41634970903396606, 0.6783088445663452, 0.405591756105423, 0.33151477575302124, 0.372119665145874, -0.1727432906627655, 0.5117390751838684, 0.10634821653366089, 0.36243385076522827, 0.042998626828193665, 0.5202676057815552, 0.3481926918029785, 0.4666159451007843, 0.5037475824356079, 0.5436111688613892, 0.07517629116773605, 0.36960822343826294, 0.48485007882118225, 0.35932624340057373, 0.2646813988685608, 0.14024730026721954, 0.1708115041255951, 0.4923688769340515, -0.20367810130119324, 0.3643360137939453, 0.6475843787193298, 0.4984464645385742, 0.43640267848968506, 0.5628397464752197, 0.3991187512874603, 0.28408312797546387, 0.17590531706809998, 0.2772371768951416, 0.416044145822525, 0.4389161467552185, 0.4633405804634094, 0.47946304082870483, 0.20407038927078247, 0.1827334761619568, 0.45655784010887146, 0.43615007400512695, 0.6410760879516602, -0.24066618084907532, -0.2317538857460022, 0.378150999546051, 0.3848821818828583, 0.49864715337753296, 0.20368415117263794, -0.2998504340648651, 0.5674994587898254, 0.07267111539840698, -0.5613124370574951, 0.21715021133422852, -0.18495577573776245, 0.41930508613586426, 0.11044400930404663, 0.3585827350616455, 0.22442106902599335, 0.07249141484498978, -0.6582099199295044, -0.2264106124639511, 0.5159763097763062, -0.5665821433067322, -0.0538887083530426, 0.49805790185928345, -0.4317823648452759, -0.41218626499176025, -0.4947606027126312, 0.5030086040496826, 0.5483560562133789, 0.617792546749115, 0.4444897472858429, 0.5076504945755005, -0.1261124312877655, 0.23852187395095825, 0.2369011640548706, 0.1514401137828827, -0.5180503726005554, -0.3389310836791992, 0.5612797141075134, 0.37075740098953247, -0.07336492836475372, 0.33126401901245117, -0.19565394520759583, 0.6234123706817627, -0.27290135622024536, 0.6262437105178833, 0.4338947534561157, -0.03248756378889084, 0.5213241577148438, 0.6297898292541504, 0.5614086389541626, -0.48519477248191833, 0.1319812834262848, 0.1945999711751938, 0.5726447105407715, 0.05922979116439819, 0.5273680090904236, 0.2791205644607544, 0.5091927647590637, 0.40929847955703735, 0.11604975163936615, 0.07534441351890564, -0.3431409001350403, -0.5522686243057251, 0.2732056975364685, 0.5698056817054749, 0.1385577917098999, 0.42526161670684814, -0.6417108774185181, 0.547513484954834, 0.6459122896194458, 0.5428982973098755, 0.45236241817474365, -0.274209201335907, 0.5593294501304626, 0.43999531865119934, -0.26926249265670776, 0.29598167538642883, 0.5557714104652405, 0.3279857039451599, 0.6916205286979675, 0.3804404139518738, 0.45097029209136963, -0.3863304853439331, -0.33048340678215027, -0.029490865767002106, 0.4749162197113037, 0.49662232398986816, 0.3904449939727783, 0.5011680126190186, 0.5561114549636841, -0.17539182305335999, 0.3816239833831787, 0.13820137083530426, 0.33843129873275757, 0.664509654045105, 0.5425989627838135, 0.18179425597190857, 0.5787783861160278, 0.6467158794403076, 0.5286240577697754, 0.3951631188392639, 0.03380770981311798, -0.21240268647670746, 0.2160748392343521, 0.2696842849254608, 0.417328804731369, -0.42268651723861694, -0.6626607179641724, 0.5863086581230164, 0.3746815025806427, 0.2296454906463623, 0.5081208944320679, -0.5530486702919006, 0.6165697574615479, 0.07888714969158173, 0.5855090618133545, 0.46056848764419556, 0.276650071144104, 0.24393650889396667, 0.7322724461555481, 0.7276780009269714, 0.10130725800991058, -0.1253262758255005, 0.39853793382644653, 0.5886965990066528, 0.5743694305419922, 0.7906452417373657, 0.26517170667648315, -0.28945261240005493, 0.47407329082489014, -0.06771673262119293, 0.35362112522125244, 0.533955454826355, 0.5220581293106079, 0.16764269769191742, 0.4088154137134552, -0.05092897266149521, 0.6262344121932983, 0.452670693397522, 0.4840777814388275, 0.6342107057571411, -0.1956372708082199, 0.6304028034210205, 0.23513451218605042, -0.10195045918226242, 0.7707045674324036, 0.4943418502807617, 0.4781309962272644, 0.13808970153331757, 0.689537763595581, 0.4139575660228729, -0.007642295211553574, -0.2913694381713867, 0.09693863987922668, 0.07010576874017715, 0.4503302276134491, -0.022314347326755524, 0.37081411480903625, -0.29445308446884155, 0.10469306260347366, 0.34670785069465637, 0.3022850453853607, -0.6281067132949829, 0.009124614298343658, 0.1409676969051361, 0.05860386788845062, -0.03693348914384842, 0.4560134708881378, 0.4803241491317749, 0.5674304366111755, -0.422732412815094, 0.38364166021347046, 0.3660096526145935, 0.39737045764923096, 0.10858643054962158, 0.6036067008972168, 0.03835374861955643, 0.14655433595180511, -0.15909668803215027, -0.27757054567337036, 0.429337739944458, -0.11309169232845306, 0.4743727147579193, 0.16821406781673431, 0.3430747389793396, 0.48960375785827637, 0.38195621967315674, 0.6133235692977905, 0.34697213768959045, 0.5860002040863037, -0.03897314518690109, -0.21562503278255463, 0.2151135355234146, -0.1378212720155716, 0.24323272705078125, -0.06080935150384903, 0.3750540614128113, -0.058600958436727524, 0.47093403339385986, -0.220513254404068, 0.4799404442310333, -0.28185856342315674, 0.47778499126434326, 0.658892035484314, 0.3075341582298279, 0.45676150918006897, 0.5758351683616638, 0.24432387948036194, 0.6928812861442566, 0.5064313411712646, -0.33232566714286804, -0.12158054113388062, 0.5390623807907104, 0.20094849169254303, 0.4760666787624359, -0.016785308718681335, 0.22466447949409485, 0.37712007761001587, 0.3043285012245178, 0.41726768016815186, 0.6222327947616577, 0.16817156970500946, 0.05491849035024643, 0.02866537868976593, 0.2199404239654541, -0.5090365409851074, 0.7136430144309998, -0.2491508573293686, -0.26280176639556885, 0.2737852931022644, -0.10294897854328156, 0.2601257860660553, 0.5899155139923096, 0.06482008844614029, 0.08870319277048111, 0.6137857437133789, 0.2409299612045288, 0.3393498361110687, 0.246790811419487, 0.4727802872657776, 0.3538609445095062, -0.3227906823158264, -0.2724337875843048, 0.523810625076294, 0.10975345969200134, 0.14040759205818176, 0.5914443135261536, 0.32863089442253113, 0.0964665338397026, 0.38337284326553345, -0.3494528532028198, 0.22350680828094482, 0.7649227380752563, 0.4453759491443634, 0.49756157398223877, 0.20372267067432404, 0.5825099945068359, 0.37670624256134033, 0.017413470894098282, 0.17675423622131348, 0.24425221979618073, -0.29856324195861816, 0.34655386209487915, -0.0375683419406414, 0.6632707715034485, 0.6139711141586304, 0.47671860456466675, 0.3855040669441223, 0.6001344919204712, -0.09490557760000229, 0.0964997410774231, 0.625491738319397, 0.5892043113708496, 0.17751915752887726, 0.6602175235748291, -0.1269250512123108, 0.4815102219581604, 0.5450341701507568, -0.15740063786506653, 0.34860771894454956, -0.15248441696166992, 0.5545027256011963, 0.4652121067047119, -0.2520001530647278, 0.4390254616737366, 0.4041304886341095, -0.16875700652599335, 0.4347505569458008, 0.31172266602516174, -0.03080640733242035, 0.05683554708957672, 0.279836505651474, 0.013840161263942719, 0.004971500486135483, -0.044666483998298645, -0.065548837184906, 0.5748393535614014, -0.23261553049087524, 0.5496290326118469, -0.2339404821395874, 0.08486457914113998, -0.06833060085773468, -0.24052637815475464, 0.5659600496292114, 0.53007572889328, 0.10102727264165878, -0.4047485589981079, 0.09234055876731873, 0.007509633898735046, 0.2116474062204361, -0.31923386454582214, -0.011824622750282288, 0.5775434970855713, 0.3144000172615051, -0.23552744090557098, -0.5232235193252563, 0.3135645091533661, -0.14145022630691528, -0.30626392364501953, 0.2163815200328827, 0.14698787033557892, -0.17006105184555054, -0.10883432626724243, 0.6260472536087036, 0.002500101923942566, 0.4655408263206482, 0.6997578144073486, 0.02195437252521515, 0.47274863719940186, 0.5988680124282837, 0.5541149377822876, 0.5276966094970703, 0.46178942918777466, -0.09052777290344238, 0.540204644203186, 0.38093456625938416, -0.17060492932796478, 0.22485874593257904, 0.030401526018977165, 0.2292746603488922, 0.547919750213623, -0.6149221658706665, 0.708831787109375, 0.23266935348510742, 0.49527686834335327, 0.6103644371032715, 0.08874942362308502, 0.4128512740135193, 0.6119221448898315, 0.16631469130516052, -0.12375308573246002, 0.5035310387611389, 0.35814955830574036, 0.0761062428355217, 0.4391469955444336, 0.41217222809791565, -0.29547443985939026, 0.7237613201141357, -0.08211395889520645, 0.5498130321502686, 0.44434893131256104, -0.3360304832458496, -0.29087868332862854, -0.14944565296173096, -0.332075834274292, 0.42861834168434143, 0.1514953374862671, -0.2930189371109009, -0.2731180191040039, -0.21672047674655914, -0.47460728883743286, 0.5670439600944519, 0.6005175113677979, -0.6119482517242432, 0.45239341259002686, -0.3327571153640747, 0.5409222841262817, -0.3573887348175049, 0.4626118838787079, 0.6166582107543945, 0.5913283228874207, 0.04026850312948227, 0.6012939810752869, 0.5389460325241089, 0.28797441720962524, 0.6619575023651123, 0.3490859866142273, -0.030585020780563354, -0.08565951883792877, 0.6899121999740601, 0.5614749193191528, 0.4056771695613861, -0.3376122713088989, -0.6096439361572266, 0.6068294048309326, 0.46808740496635437, 0.6625199913978577, 0.07314014434814453, 0.644687294960022, 0.09456871449947357, -0.08212373405694962, 0.6831770539283752, 0.4368591904640198, 0.4790763854980469, 0.5420396327972412, 0.06742027401924133, 0.2134837806224823, 0.5490630865097046, -0.39784884452819824, 0.2908153235912323, 0.4427846074104309, 0.2973865568637848, 0.4878184497356415, 0.5728522539138794, 0.23395271599292755, -0.15986523032188416, 0.5824011564254761, -0.6568193435668945, 0.5782343149185181, -0.38790616393089294, 0.8065624237060547, 0.4718862771987915, 0.6407480835914612, 0.6024442911148071, 0.5038866996765137, 0.05836108326911926, 0.5825326442718506, 0.04375442862510681, 0.29102689027786255, 0.02261531725525856, -0.07101253420114517, 0.2754231095314026, -0.2829904854297638, 0.6773172616958618, -0.2712422311306, -0.14973783493041992, 0.4429466724395752, 0.5965256690979004, 0.49873673915863037, 0.4725669324398041, 0.4689040780067444, 0.47203508019447327, -0.4190358817577362, 0.5129921436309814, 0.5384455919265747, 0.4363628625869751, -0.2605173885822296, 0.5835366249084473, 0.6584277153015137, 0.6668311357498169, -0.5486215353012085, 0.5485961437225342, 0.6132473349571228, 0.4014282524585724, 0.6536971926689148, 0.2533613443374634, 0.6054683923721313, -0.28792622685432434, -0.048262979835271835, 0.5927423238754272, -0.0660444051027298, -0.1445309817790985, 0.14732016623020172, 0.01894421875476837, 0.39560896158218384, 0.5171180367469788, 0.6362675428390503, 0.6181210279464722, 0.6189990043640137, 0.5752145648002625, 0.2786831259727478, 0.19805565476417542, 0.35478997230529785, 0.26025262475013733, 0.5900160074234009, 0.6318921446800232, 0.6210038661956787, 0.5636438131332397, 0.4763374626636505, -0.5031822919845581, 0.49480849504470825, 0.4625365734100342, 0.5659497380256653, -0.33933204412460327, 0.6978580951690674, 0.27367115020751953, 0.572417140007019, -0.5980044007301331, 0.32670992612838745, 0.5098715424537659, 0.4624452590942383, 0.37250787019729614, 0.44741368293762207, 0.8050430417060852, 0.25703439116477966, 0.2528902292251587, 0.12050212919712067, -0.2985498309135437, 0.3169858157634735, 0.5339453816413879, -0.3117079734802246, 0.5467329025268555, 0.4452860951423645, 0.36676621437072754, 0.6133774518966675, -0.21164612472057343, 0.5923329591751099, 0.6876814365386963, 0.00907040387392044, 0.4988217353820801, 0.4246079921722412, 0.21613846719264984, 0.5062745213508606, -0.08417724072933197, 0.20319201052188873, 0.12702220678329468, 0.5794423818588257, 0.15763501822948456, -0.15574410557746887, 0.573691725730896, 0.3785032033920288, 0.554645299911499, 0.27241307497024536, 0.168954998254776, -0.46086937189102173, 0.11924836039543152, 0.34219181537628174, -0.02443365752696991, 0.46132636070251465, 0.337496280670166, -0.03902316838502884, 0.7134060859680176, 0.5580630302429199, 0.06781552731990814, 0.21618759632110596, -0.03507344424724579, 0.5207606554031372, 0.11804711073637009, 0.5306106209754944, 0.047415368258953094, 0.3460305631160736, 0.47249969840049744, -0.06353047490119934, -0.36846184730529785, 0.5174689888954163, -0.2077738642692566, 0.3915240168571472, -0.2982679605484009, 0.3847338855266571, 0.09772921353578568, 0.7225611209869385, 0.6265857219696045, 0.3094874322414398, 0.3271993398666382, 0.7066957354545593, 0.2603921592235565, 0.2812156677246094, 0.5702002048492432, 0.36683371663093567, 0.45264506340026855, 0.35128578543663025, -0.02765362709760666, 0.06534518301486969, 0.36676353216171265, 0.5485773086547852, -0.5371822714805603, 0.43595075607299805, 0.5330322980880737, -0.35650336742401123, 0.23722338676452637, -0.10367904603481293, -0.11282731592655182, 0.13758724927902222, 0.5527424812316895, 0.8426837921142578, 0.3918340802192688, 0.5576510429382324, 0.5244887471199036, -0.04863600432872772, 0.6896549463272095, 0.2539075016975403, 0.28167271614074707, 0.5084850788116455, 0.17280662059783936, 0.6170795559883118, -0.38807445764541626, 0.6116944551467896, -0.3019351363182068, 0.46283289790153503, 0.7156808972358704, 0.18359017372131348, 0.45660966634750366, -0.2898308038711548, 0.3446959853172302, -0.36717432737350464, 0.471545934677124, -0.6668251752853394, -0.2769469916820526, 0.4734729528427124, 0.15204274654388428, 0.47642678022384644, 0.5170835256576538, -0.348346471786499, 0.14266417920589447, 0.5744264125823975, 0.11508302390575409, 0.4245515465736389, 0.5126492977142334, 0.6609870791435242, -0.5099155306816101, 0.2670515477657318, 0.29844123125076294, 0.5644860863685608, 0.37483856081962585, -0.14349901676177979, 0.4766191244125366, 0.497314989566803, 0.4915405511856079, 0.49382272362709045, 0.6622783541679382, -0.20974765717983246, 0.48237258195877075, 0.6165450811386108, 0.676712155342102, 0.04555343836545944, 0.3665584325790405, 0.6306323409080505, 0.6034952402114868, -0.27551305294036865, -0.2365804761648178, 0.3673914968967438, -0.7187575101852417, 0.09607910364866257, 0.5918334722518921, 0.589786171913147, 0.3833041489124298, -0.013968139886856079, 0.1961645632982254, 0.743959903717041, 0.7752580642700195, 0.21310001611709595, 0.4208832383155823, 0.48552802205085754, 0.5792680978775024, -0.3037444055080414, 0.42803120613098145, 0.5513454079627991, 0.542044997215271, 0.6413841247558594, 0.3905092477798462, -0.35842812061309814, 0.16216522455215454, 0.4287322461605072, -0.4431607723236084, 0.5359145998954773, -0.051779575645923615, 0.6009254455566406, 0.5120972394943237, 0.1582154929637909, 0.7071773409843445, 0.2662590742111206, 0.7053862810134888, 0.20406581461429596, 0.636009931564331, 0.26271358132362366, -0.37259602546691895, 0.23612217605113983, 0.19552883505821228, 0.446438729763031, 0.7438163757324219, 0.5825473666191101, 0.5584070682525635, 0.553219199180603, 0.5688307881355286, 0.5158929824829102, 0.5910940766334534, -0.06372770667076111, 0.47642144560813904, 0.5723820328712463, 0.24904251098632812, 0.43179476261138916, 0.2745759189128876, 0.3856672942638397, 0.31514525413513184, 0.09054163098335266, 0.6233049631118774, 0.520351767539978, 0.2617693543434143, 0.1268121898174286, 0.24800683557987213, 0.5181536078453064, -0.07917732745409012, -0.4659738540649414, 0.6053942441940308, 0.20820027589797974, 0.6789915561676025, 0.2442779690027237, 0.6709626913070679, 0.34122371673583984, 0.7088048458099365, 0.6215232014656067, 0.5101569890975952, 0.1766507774591446, 0.7185765504837036, 0.4841032028198242, 0.4023844003677368, -0.053207769989967346, 0.23163774609565735, 0.36325833201408386, 0.6320581436157227, -0.18111863732337952, 0.2756325602531433, -0.37709876894950867, 0.12230142951011658, 0.6072127819061279, 0.5670559406280518, 0.5387265682220459, 0.5051748752593994, 0.2960643768310547, -0.03273218125104904, 0.6158174276351929, 0.43138861656188965, -0.38717585802078247, 0.1368575096130371, 0.5041473507881165, -0.4955931305885315, 0.5982267260551453, 0.5723757743835449, 0.41603517532348633, 0.6846785545349121, -0.5567700266838074, 0.5355066657066345, -0.03312333673238754, -0.2829318344593048, 0.014428798109292984, 0.04501066356897354, 0.6501155495643616, -0.5527662038803101, 0.3213793635368347, 0.18521815538406372, 0.7032828330993652, 0.45513713359832764, 0.5430078506469727, 0.48906105756759644, 0.39184364676475525, 0.6385795474052429, 0.4904019236564636, 0.44473516941070557, 0.6078046560287476, -0.3135211765766144, 0.7417095899581909, 0.009993154555559158, 0.35074302554130554, 0.4225580096244812, 0.43726104497909546, -0.1465768665075302, 0.12947973608970642, 0.4804348945617676, 0.5029388070106506, -0.3840448558330536, -0.01619540899991989, -0.45898333191871643, 0.13914713263511658, 0.35507744550704956, -0.38265183568000793, 0.04717552661895752, 0.6321296095848083, 0.6429985761642456, -0.04902797192335129, 0.30249470472335815, 0.5782920718193054, 0.3532490134239197, 0.36163461208343506, 0.42025434970855713, -0.5742019414901733, 0.4986153841018677, 0.5363108515739441, -0.3246058523654938, 0.11558857560157776, 0.5647396445274353, 0.05775105953216553, -0.4402143359184265, 0.4535239040851593, -0.18550792336463928, 0.30662375688552856, 0.602501630783081, 0.23195083439350128, 0.5246819853782654, -0.28266453742980957, 0.43918392062187195, 0.5296313762664795, 0.4640890061855316, 0.04699663072824478, 0.3515482246875763, 0.4263482689857483, 0.14110922813415527, 0.48326045274734497, -0.08739852905273438, 0.39356815814971924, 0.035200584679841995, 0.20921537280082703, 0.6252709627151489, 0.23293311893939972, 0.34226804971694946, 0.5770537257194519, 0.544137716293335, 0.2203254997730255, -0.15468132495880127, 0.6023584604263306, -0.08963586390018463, 0.3741617202758789, 0.1467362940311432, -0.1262006163597107, 0.4175678491592407, 0.7078630328178406, 0.6535080671310425, 0.5740929245948792, 0.49699410796165466, 0.4118823707103729, 0.46926349401474, 0.06463312357664108, 0.5842725038528442, 0.13185691833496094, 0.19824278354644775, -0.24121299386024475, -0.003928717225790024, 0.4379540681838989, -0.19713594019412994, 0.21980412304401398, 0.203582301735878, 0.1709686517715454, 0.2551949620246887, -0.7111495137214661, 0.11711009591817856, 0.40944159030914307, -0.12016534805297852, 0.5059192180633545, -0.14303481578826904, 0.5455671548843384, -0.07173887640237808, -0.174994096159935, 0.42614930868148804, 0.5939158201217651, 0.5408563613891602, 0.13784003257751465, 0.5163310766220093, 0.19457866251468658, 0.3376155495643616, 0.6583544015884399, 0.25323963165283203, -0.1080067902803421, 0.7474921941757202, 0.3490586280822754, 0.01309669017791748, 0.07305130362510681, 0.3320748507976532, -0.6212600469589233, -0.007368911057710648, 0.4006939232349396, 0.5496101379394531, 0.5338367819786072, 0.08219252526760101, 0.4065297245979309, 0.3434608578681946, 0.47728651762008667, 0.5894176959991455, -0.15227153897285461, 0.415768563747406, 0.6850201487541199, 0.29466933012008667, 0.13458982110023499, -0.09180064499378204, -0.41986769437789917, 0.058890823274850845, 0.08826838433742523, 0.08813606202602386, 0.5568186044692993, 0.15034326910972595, 0.10053597390651703, -0.44082343578338623, 0.5232512950897217, 0.41779300570487976, 0.2176862210035324, 0.3485482335090637, -0.1175372451543808, 0.5503061413764954, 0.15921491384506226, 0.3217938542366028, 0.48741769790649414, 0.6912236213684082, 0.41408973932266235, -0.39596283435821533, 0.4582024812698364, -0.398407518863678, 0.1855187863111496, 0.1416313499212265, -0.6339595317840576, 0.6148338913917542, -0.5271898508071899, -0.1577124297618866, -0.47853291034698486, -0.588778018951416, 0.475625216960907, 0.4747706651687622, -0.028786420822143555, 0.5698966383934021, 0.49898970127105713, 0.4091576933860779, 0.25890666246414185, -0.040523871779441833, 0.09865573048591614, -0.1745804250240326, 0.37294524908065796, -0.29810670018196106, 0.3785178065299988, -0.5603181719779968, 0.41280144453048706, 0.19095692038536072, 0.0855911448597908, 0.5145388841629028, 0.22846415638923645, 0.38332226872444153, -0.4752427935600281, -0.06403432041406631, 0.5098726749420166, -0.20715387165546417, 0.2084137499332428, 0.6560662984848022, 0.19902744889259338, -0.3144107460975647, 0.6692172884941101, 0.3771989941596985, 0.6134610772132874, -0.4598727524280548, 0.42610204219818115, 0.361510694026947, 0.6780645847320557, 0.5817406177520752, -0.11980901658535004, 0.6680222749710083, 0.1510608047246933, 0.20338785648345947, 0.6122967600822449, 0.35018646717071533, -0.3281400203704834, -0.16078594326972961, -0.22700203955173492, 0.42912888526916504, 0.31966662406921387, 0.3952641785144806, 0.19766542315483093, 0.03633861243724823, 0.5295343399047852, 0.7059648633003235, -0.22941122949123383, 0.5510851144790649, 0.668131411075592, 0.2588319182395935, 0.8540475964546204, 0.6854853630065918, -0.4271535277366638, 0.6479923725128174, 0.24620553851127625, 0.2870542109012604, 0.5560572147369385, -0.1425432711839676, 0.3919587731361389, -0.3220459818840027, 0.372043251991272, 0.11331845074892044, 0.2618555426597595, 0.09312093257904053, 0.46396154165267944, 0.4537659287452698, 0.4891259968280792, -0.5306723117828369, 0.21440266072750092, 0.33112695813179016, -0.1489189714193344, 0.6120060682296753, 0.6720856428146362, 0.5926634669303894, 0.5739396810531616, 0.5325295925140381, -0.4845568537712097, 0.5106503367424011, 0.8639297485351562, 0.3827337622642517, 0.48367995023727417, 0.5572468042373657, 0.4913448691368103, 0.614375114440918, 0.31567806005477905, 0.5744131803512573, 0.6390767097473145, 0.13483905792236328, -0.2749490737915039, 0.34113556146621704, -0.0651492103934288, 0.13880401849746704, 0.22732657194137573, 0.3539944291114807, 0.42311716079711914, -0.3581327795982361, 0.5211941003799438, -0.017983391880989075, -0.041951000690460205, 0.5115358233451843, 0.24722176790237427, -0.0012100189924240112, 0.4243314564228058, -0.1395345777273178, -0.32563453912734985, 0.5029712319374084, 0.6411352753639221, 0.6026386618614197, 0.5834338665008545, 0.4535040855407715, 0.5085871815681458, 0.37862280011177063, 0.36364343762397766, 0.5538326501846313, 0.1936507374048233, 0.3890565037727356, 0.6210082769393921, -0.19000044465065002, -0.34478917717933655, 0.15241020917892456, 0.5369619131088257, 0.21332429349422455, 0.4338955879211426, 0.1965339481830597, 0.2495764195919037, 0.6106002926826477, 0.654778778553009, 0.4893513023853302, 0.09231746941804886, -0.3814380466938019, -0.2065363973379135, 0.6213878393173218, -0.29370611906051636, -0.11457139253616333, 0.22826649248600006, -0.44214391708374023, 0.13929924368858337, 0.26685136556625366, 0.5352476835250854, -0.030542202293872833, 0.245106503367424, 0.3845071792602539, -0.05729948729276657, 0.5418094992637634, 0.6387308239936829, 0.6379040479660034, -0.5174778699874878, 0.3597746193408966, 0.484490305185318, 0.48017024993896484, -0.3067215085029602, -0.012631051242351532, 0.27336856722831726, 0.23129510879516602, 0.33157825469970703, -0.1629495620727539, 0.5353811979293823, 0.51904296875, 0.46576637029647827, 0.12480173259973526, 0.5364581346511841, 0.17233195900917053, 0.22494906187057495, 0.21708792448043823, 0.24809445440769196, -0.03959013521671295, 0.6551085114479065, 0.4146956503391266, 0.6914412975311279, -0.18604101240634918, 0.45473629236221313, 0.5148171186447144, 0.6783223152160645, 0.3443247675895691, 0.7445083856582642, -0.06175835430622101, 0.253804087638855, 0.32320064306259155, 0.250649094581604, 0.08840086311101913, -0.15467515587806702, 0.43148404359817505, 0.07746779918670654, 0.35203811526298523, 0.4240453541278839, 0.4611090123653412, -0.3736768364906311, -0.0768050029873848, 0.09961409866809845, 0.11000435054302216, 0.5207688808441162, 0.7337976694107056, 0.5819270610809326, 0.6307337880134583, 0.282772034406662, 0.29797202348709106, -0.5618692636489868, 0.1344326287508011, 0.6249906420707703, 0.6991264820098877, 0.36574020981788635, 0.21739868819713593, 0.11022290587425232, -0.06862348318099976, -0.43725037574768066, 0.22554567456245422, 0.6164669990539551, -0.049245402216911316, 0.3039635121822357, 0.6136763095855713, 0.02136128395795822, 0.04190254211425781, 0.32617712020874023, 0.4589216709136963, 0.3299309313297272, -0.6431819200515747, 0.43140244483947754, -0.009734556078910828, -0.5272639989852905, 0.2077101618051529, 0.49007314443588257, 0.4568367600440979, 0.19374455511569977, 0.23513075709342957, -0.18546876311302185, -0.29898688197135925, 0.3904966115951538, -0.06407742202281952, 0.30446043610572815, 0.35224390029907227, 0.7027440071105957, 0.3186268210411072, 0.02122427523136139, 0.11138980090618134, 0.19435691833496094, 0.41384226083755493, 0.3607657551765442, 0.1248178631067276, 0.4794846773147583, 0.5808418989181519, -0.11479832977056503, 0.10056447982788086, 0.22625517845153809, 0.3802502155303955, -0.06645224988460541, -0.288756400346756, 0.16240744292736053, -0.1954430788755417, 0.415887713432312, 0.37631624937057495, 0.3565324544906616, 0.37768447399139404, -0.12293921411037445, -0.14337043464183807, 0.6460254192352295, -0.018372580409049988, 0.3915172219276428, 0.0703858807682991, 0.7142012119293213, 0.5530912280082703, -0.03242062032222748, -0.43403512239456177, 0.0677797943353653, 0.5814231038093567, 0.5353732109069824, 0.6342389583587646, -0.54249507188797, -0.5004183650016785, 0.7511072158813477, 0.39361631870269775, 0.07084743678569794, 0.5299140214920044, 0.2763262391090393, -0.555587649345398, 0.4234670102596283, 0.2934015095233917, 0.5720013380050659, 0.20124289393424988, 0.390341579914093, -0.26806026697158813, 0.31518104672431946, 0.3106977641582489, 0.09447011351585388, 0.13697025179862976, 0.39051687717437744, 0.06052006781101227, 0.521621823310852, 0.29046446084976196, 0.6314197778701782, 0.027966588735580444, -0.4494580626487732, 0.4230773448944092, 0.36432063579559326, 0.2598280608654022, -0.18844471871852875, -0.24738188087940216, 0.6283300518989563, 0.6571059823036194, 0.02772471308708191, 0.1538269817829132, 0.17371995747089386, 0.7025816440582275, -0.10089807212352753, 0.39012107253074646, 0.23476548492908478, 0.10889150947332382, 0.008448824286460876, 0.01646658405661583, 0.47017621994018555, 0.74163818359375, 0.17972764372825623, 0.2343723177909851, 0.5378832817077637, 0.10393126308917999, 0.4075234532356262, 0.39720091223716736, -0.16914035379886627, 0.3230300545692444, 0.17726780474185944, 0.1683398187160492, 0.05080080032348633, 0.01913975179195404, 0.11359399557113647, 0.15783515572547913, -0.0196152925491333, 0.2540860176086426, 0.5766049027442932, -0.30489063262939453, 0.2969149947166443, -0.3347507119178772, 0.3251344561576843, -0.4782223701477051, -0.39506521821022034, 0.201336070895195, 0.06702226400375366, 0.13100013136863708, 0.24529549479484558, 0.3558402359485626, -0.1901177167892456, 0.3360588848590851, -0.5248876214027405, 0.07841519266366959, -0.04495762288570404, -0.07708251476287842, 0.6860344409942627, 0.29183340072631836, -0.07248911261558533, 0.7208471298217773, 0.5848907232284546, -0.17853771150112152, 0.5090599656105042, 0.05946892499923706, 0.40025821328163147, 0.41602253913879395, 0.08551284670829773, 0.26621824502944946, 0.36054307222366333, -0.08345860987901688, 0.27620604634284973, -0.14938004314899445, 0.40305134654045105, 0.6349050998687744, -0.24536755681037903, 0.37953805923461914, -0.092844158411026, 0.33350592851638794, 0.2634355425834656, 0.041536301374435425, 0.4110757112503052, 0.6843703389167786, 0.21683278679847717, 0.32458004355430603, -0.004949282854795456, 0.2548747658729553, 0.1821928173303604, 0.5011674165725708, 0.2747040092945099, 0.619904637336731, -0.455695241689682, 0.19637531042099, 0.26653116941452026, 0.4500865042209625, -0.18164455890655518, 0.10268524289131165, 0.06959743052721024, 0.3249656558036804, 0.3912346065044403, -0.013406723737716675, 0.6668753623962402, 0.1549404114484787, 0.14291232824325562, -0.08635857701301575, -0.225376158952713, 0.3154314458370209, 0.48193031549453735, 0.26601147651672363, -0.26668813824653625, 0.21965213119983673, -0.5116390585899353, -0.22630785405635834, 0.6993112564086914, 0.25953108072280884, 0.10732467472553253, 0.4718987047672272, 0.44751226902008057, 0.4424093961715698, 0.36953914165496826, 0.5464460849761963, 0.5452157258987427, -0.41512563824653625, -0.035412002354860306, 0.3598436713218689, 0.10403682291507721, 0.2948787212371826, 0.41952869296073914, -0.4190130829811096, -0.48892903327941895, 0.2973223328590393, -0.18878236413002014, -0.36605221033096313, 0.35675492882728577, 0.39765042066574097, 0.6958445310592651, -0.10622122138738632, 0.6580357551574707, 0.5499796867370605, -0.16939938068389893, 0.3239522874355316, 0.2045990228652954, 0.09011085331439972, 0.22013552486896515, 0.4612610936164856, -0.4624226689338684, 0.27671363949775696, 0.5499097108840942, 0.43787604570388794, -0.022170379757881165, 0.3923412561416626, -0.4681287407875061, -0.13445284962654114, 0.5919822454452515, 0.5388827323913574, 0.4529068171977997, -0.6300660371780396, 0.10373607277870178, 0.5776411294937134, 0.6334352493286133, 0.44063740968704224, -0.1843695193529129, 0.08697021007537842, -0.045530013740062714, -0.1834997683763504, 0.6460859775543213, 0.5587983131408691, 0.3380703926086426, -0.09082219004631042, 0.3884415030479431, 0.7491135001182556, -0.10558008402585983, 0.5363099575042725, 0.3829386830329895, 0.2612431049346924, 0.4928426146507263, 0.24433507025241852, -0.39018988609313965, 0.04461006820201874, -0.33006149530410767, 0.44720718264579773, 0.3345283567905426, 0.054308969527482986, 0.6172357797622681, 0.12905462086200714, -0.05372880399227142, 0.36709123849868774, 0.6564688086509705, 0.05373254045844078, 0.4101162552833557, 0.11161813884973526, 0.38993585109710693, 0.4214842617511749, 0.16315093636512756, -0.2898038625717163, 0.4114859700202942, 0.5662267208099365, -0.13050925731658936, 0.6904430389404297, 0.5927984118461609, 0.5908029079437256, -0.14751006662845612, 0.1129637286067009, 0.613917350769043, 0.49990811944007874, 0.33091533184051514, 0.31955453753471375, 0.04123467206954956, 0.280097633600235, -0.09893150627613068, -0.12937185168266296, 0.36477816104888916, 0.5459780693054199, 0.14099839329719543, -0.1159823089838028, 0.5558755993843079, -0.3726010024547577, 0.6421643495559692, 0.36378246545791626, 0.392704039812088, 0.6585366129875183, 0.46876469254493713, 0.6834555864334106, 0.04823999106884003, 0.4101257622241974, 0.003771446645259857, 0.45002999901771545, 0.5309525728225708, 0.5750090479850769, 0.30083703994750977, -0.6944016814231873, 0.4468581974506378, 0.02906198799610138, 0.5497332811355591, 0.11031002551317215, 0.6042378544807434, 0.5414716601371765, 0.1294708251953125, 0.5910905599594116, -0.18802279233932495, 0.397921621799469, 0.4049147367477417, 0.6469159126281738, 0.6599775552749634, -0.1408962905406952, 0.21388596296310425, 0.07852138578891754, 0.6113274693489075, 0.570956826210022, -0.46443259716033936, 0.40494096279144287, 0.6396017670631409, 0.11546722799539566, -0.265113890171051, -0.25237804651260376, 0.5993344783782959, 0.06455734372138977, 0.34154313802719116, 0.5409257411956787, 0.24971434473991394, 0.33086925745010376, 0.6109836101531982, 0.3516615033149719, 0.14890450239181519, -0.5586105585098267, -0.6021015644073486, 0.37501999735832214, -0.33594977855682373, -0.04640226811170578, 0.5904580354690552, 0.4289732277393341, 0.09905894845724106, 0.07580756396055222, 0.5202726721763611, 0.318716436624527, -0.3780178427696228, 0.49291297793388367, 0.5339492559432983, 0.027382969856262207, 0.23698961734771729, 0.5089381337165833, -0.25902247428894043, -0.010370992124080658, 0.4412977397441864, 0.3826392889022827, -0.41116344928741455, -0.06617823243141174, -0.5065807700157166, -0.28890466690063477, 0.6786485314369202, -0.13872027397155762, 0.6315972805023193, 0.5668104887008667, -0.16065512597560883, -0.3060944080352783, 0.6960376501083374, -0.03337909281253815, 0.48017844557762146, -0.20885685086250305, 0.35867369174957275, 0.3127206563949585, -0.24726179242134094, 0.6673001050949097, 0.5455082654953003, -0.4330018162727356, -0.2340395748615265, 0.3773307800292969, 0.5943688750267029, -0.39411449432373047, 0.47148334980010986, 0.4537458121776581, 0.3078612685203552, -0.2033783197402954, 0.05681365728378296, 0.22170566022396088, -0.16293972730636597, -0.08355720341205597, 0.5274487733840942, 0.06371721625328064, 0.3572045862674713, 0.5309282541275024, -0.5553895235061646, 0.5575616955757141, -0.5586016178131104, 0.19978076219558716, 0.18626299500465393, 0.10927669703960419, -0.24372176826000214, 0.11477912962436676, -0.4904574751853943, 0.3208821415901184, 0.0646917074918747, 0.3854522705078125, -0.09396414458751678, -0.04534854367375374, 0.2282283902168274, -0.35879701375961304, 0.4163573980331421, 0.6631581783294678, 0.36058342456817627, -0.45815613865852356, 0.33929210901260376, 0.6079640984535217, 0.5997850298881531, 0.5214235782623291, -0.13640393316745758, 0.1365661323070526, 0.43817707896232605, 0.145836740732193, 0.05525249242782593, 0.673902153968811, 0.6799867153167725, 0.23429414629936218, -0.017471645027399063, 0.7127987742424011, 0.5203641653060913, 0.3714739978313446, -0.3027169108390808, 0.6819015145301819, 0.3000738322734833, 0.4837096631526947, 0.6465588212013245, 0.40148621797561646, 0.13569103181362152, 0.07541655004024506, 0.12758466601371765, 0.6984645128250122, 0.54877769947052, 0.03901633247733116, -0.13290226459503174, 0.6442645788192749, 0.2564391493797302, 0.6444242000579834, 0.4705009162425995, 0.47106510400772095, 0.4231429696083069, 0.260593980550766, 0.2552749514579773, 0.022574886679649353, -0.09625932574272156, 0.3104252815246582, 0.4052165448665619, -0.4212760925292969, 0.22451193630695343, 0.591244101524353, 0.6278014183044434, -0.18249714374542236, 0.5049982666969299, 0.5872538089752197, -0.08365457504987717, 0.5419520139694214, 0.3610991835594177, 0.43009939789772034, 0.49451255798339844, -0.04648354649543762, 0.19372542202472687, 0.6201880574226379, -0.1480400413274765, -0.17977413535118103, 0.2519353926181793, 0.3971101641654968, -0.40231215953826904, 0.44022199511528015, 0.3757304549217224, 0.6533035039901733, -0.502566397190094, -0.2708829343318939, -0.4036785960197449, 0.06070776283740997, 0.521824061870575, 0.548056960105896, 0.4215683043003082, 0.49942877888679504, 0.35622721910476685, 0.2537606954574585, -0.147394061088562, 0.3382019102573395, 0.682499885559082, 0.5309897065162659, -0.4912952780723572, 0.5226980447769165, -0.5738810300827026, 0.30432572960853577, 0.24833503365516663, 0.24053862690925598, 0.5022914409637451, 0.45195236802101135, -0.14520978927612305, 0.4591675400733948, -0.0026680976152420044, 0.45946770906448364, 0.5172027349472046, 0.2524690628051758, 0.5645426511764526, 0.1931876540184021, -0.5289416909217834, -0.2447783648967743, 0.19562822580337524, 0.16968265175819397, 0.2681296467781067, 0.2624962031841278, 0.6122758388519287, 0.4805217981338501, 0.3284623324871063, 0.1532043218612671, -0.3041298985481262, 0.5019097328186035, -0.060156796127557755, -0.47878479957580566, 0.4926236569881439, 0.3477609157562256, 0.36617428064346313, 0.6084339618682861, 0.13463914394378662, 0.19814825057983398, -0.05302023887634277, 0.4058258533477783, -0.33692610263824463, -0.35986489057540894, 0.17221993207931519, 0.4101622402667999, 0.7083747386932373, 0.5140765905380249, 0.37935060262680054, 0.4887039363384247, 0.4587806463241577, 0.0704399049282074, -0.23894189298152924, 0.12683424353599548, -0.46158576011657715, 0.4944981038570404, 0.5763872861862183, 0.1096564382314682, -0.39354443550109863, 0.6000765562057495, 0.03663374483585358, -0.17980171740055084, 0.42294245958328247, 0.07772479951381683, -0.15972638130187988, 0.6577657461166382, 0.38448062539100647, 0.25422003865242004, -0.07828480005264282, 0.13516150414943695, -0.4619302749633789, 0.269231379032135, 0.6015061140060425, -0.46705183386802673, -0.3501807451248169, 0.7031855583190918, 0.27893340587615967, 0.22440975904464722, 0.14938218891620636, 0.28281915187835693, 0.7238309383392334, 0.4347385764122009, 0.4458112120628357, 0.5406161546707153, 0.44419288635253906, 0.29084059596061707, 0.6279656887054443, -0.08527763187885284, 0.5576590299606323, -0.10646627098321915, -0.5352587699890137, 0.570837140083313, -0.15336254239082336, 0.11060596257448196, 0.7237233519554138, -0.13218632340431213, -0.1912798434495926, -0.05584777891635895, 0.5823395252227783, 0.08744460344314575, 0.4869654178619385, 0.5843464136123657, -0.3032122254371643, 0.536808431148529, -0.016308195888996124, 0.08032970130443573, 0.08135484904050827, -0.42396605014801025, 0.6065685153007507, 0.3260551691055298, 0.22773930430412292, 0.32979780435562134, 0.8065261244773865, -0.28678643703460693, 0.6576387882232666, -0.26671066880226135, 0.22683703899383545, 0.6936497688293457, 0.5963436365127563, 0.5140085816383362, -0.21938426792621613, -0.012500301003456116, -0.19074766337871552, 0.47511446475982666, 0.6758629083633423, 0.040465231984853745, 0.15552937984466553, 0.17820216715335846, -0.323808491230011, -0.014615587890148163, 0.256192684173584, 0.24880006909370422, 0.2039041817188263, 0.10002553462982178, 0.3075718879699707, -0.03483256697654724, -0.4935249984264374, 0.12064304947853088, 0.27498430013656616, 0.7831010818481445, 0.25332510471343994, 0.5673226118087769, 0.40989285707473755, -0.271123468875885, 0.2637787461280823, 0.6224026679992676, 0.6085937023162842, -0.10392695665359497, -0.17192955315113068, 0.4193947911262512, -0.4549836814403534, 0.6389769315719604, 0.4425130784511566, 0.5201694965362549, -0.3134296238422394, 0.34475651383399963, 0.006340797990560532, 0.48759475350379944, 0.7249279022216797, 0.6258207559585571, 0.5319240093231201, -0.1121046394109726, 0.45663538575172424, -0.21143551170825958, -0.21493646502494812, 0.6716892719268799, 0.43312951922416687, 0.5067328810691833, 0.29713964462280273, 0.44748610258102417, -0.5460521578788757, 0.624259352684021, -0.01709248125553131, 0.08841848373413086, 0.06255979835987091, 0.2287859171628952, -0.01782887428998947, 0.04186168313026428, 0.476680725812912, 0.46359580755233765, 0.02568761631846428, 0.30317872762680054, 0.2617412507534027, 0.3143787384033203, 0.4299784302711487, 0.06496620178222656, 0.46461549401283264, -0.36697280406951904, 0.5127132534980774, 0.482977032661438, -0.5046632885932922, -0.21835322678089142, -0.3005616068840027, -0.18656215071678162, -0.19738487899303436, -0.7020147442817688, 0.1004815399646759, 0.5230486989021301, 0.012229964137077332, 0.4002860188484192, 0.09398774802684784, 0.3278858959674835, 0.4206470847129822, 0.48880016803741455, 0.22260428965091705, -0.29601800441741943, 0.5550841689109802, 0.5642781853675842, 0.5241561532020569, -0.19571958482265472, -0.09091553092002869, -0.09887275099754333, 0.3064439594745636, -0.05649556964635849, -0.3569785952568054, 0.4959585666656494, 0.5312635898590088, 0.15959200263023376, 0.4657915234565735, 0.27353906631469727, 0.5926477909088135, 0.5321562886238098, 0.4134708642959595, 0.36652693152427673, 0.5104047060012817, 0.425072580575943, 0.3744320869445801, -0.16310161352157593, 0.2775559425354004, 0.39095696806907654, 0.2043273150920868, -0.458016574382782, 0.0688730850815773, 0.27732738852500916, 0.1511228233575821, -0.021289944648742676, -0.34861165285110474, 0.48176565766334534, 0.044143155217170715, 0.4265483319759369, 0.4137851893901825, 0.4764838218688965, -0.4666193425655365, 0.6834808588027954, 0.368480384349823, 0.5417978763580322, -0.13837401568889618, 0.22948502004146576, 0.27452123165130615, -0.16861942410469055, 0.46791401505470276, -0.45684733986854553, -0.3144340515136719, 0.09154219180345535, 0.3392784297466278, 0.34354668855667114, -0.3203718364238739, 0.4721384644508362, 0.3711788058280945, 0.06873316317796707, 0.47650712728500366, 0.7704079747200012, -0.18759776651859283, 0.19629909098148346, 0.676219642162323, 0.4153239130973816, 0.652091383934021, -0.001477384939789772, 0.8029524087905884, 0.6952779293060303, -0.20479971170425415, 0.3410351872444153, 0.1406574249267578, 0.23264454305171967, 0.40158161520957947, -0.35711604356765747, 0.27475816011428833, 0.24224784970283508, 0.4757378101348877, 0.043448977172374725, 0.2215431183576584, -0.09942825138568878, 0.12125086784362793, -0.07141101360321045, 0.4490859806537628, 0.07239606976509094, 0.34752875566482544, -0.5882424116134644, -0.560514509677887, -0.32922258973121643, 0.6425445079803467, 0.3121804893016815, 0.08332774043083191, 0.393528550863266, 0.21812322735786438, 0.012921750545501709, 0.3804458975791931, -0.17459110915660858, 0.11670880019664764, 0.3855450749397278, 0.6215806007385254, 0.2705749571323395, 0.4597000479698181, 0.0012629814445972443, 0.5627100467681885, -0.47548648715019226, 0.4882168173789978, 0.19832757115364075, 0.15754833817481995, 0.6390200853347778, 0.33828863501548767, 0.63518226146698, 0.44984179735183716, 0.5739501118659973, 0.28394830226898193, -0.32525762915611267, -0.18831785023212433, 0.27449333667755127, 0.050758153200149536, -0.4161774516105652, -0.14078879356384277, -0.08828415721654892, -0.3347020745277405, -0.05569778382778168, -0.28715571761131287, 0.41863778233528137, -0.10937211662530899, 0.3226974606513977, 0.47762200236320496, 0.46243926882743835, -0.43910378217697144, 0.1463260054588318, 0.5739661455154419, 0.5334225296974182, 0.296490877866745, 0.29128867387771606, 0.5492156744003296, 0.30773258209228516, 0.4140404760837555, -0.253522664308548, 0.4829932749271393, 0.16568276286125183, -0.4167681336402893, -0.45583826303482056, 0.5668639540672302, -0.12684950232505798, 0.5418441295623779, -0.4887060225009918, -0.09263839572668076, -0.1790408045053482, 0.2713225185871124, 0.13908633589744568, 0.48068752884864807, 0.48263585567474365, 0.31610700488090515, 0.6151330471038818, 0.4039584994316101, 0.5746170878410339, -0.14384406805038452, 0.2744051516056061, 0.29028648138046265, 0.33792027831077576, 0.5531485080718994, -0.13532575964927673, 0.35807034373283386, -0.21825319528579712, 0.18675044178962708, 0.4037474989891052, -0.004588734358549118, 0.2053002417087555, -0.2414989471435547, 0.2979351878166199, 0.00011279433965682983, 0.14620426297187805, 0.2591541111469269, -0.46653813123703003, -0.29139429330825806, 0.7137072086334229, 0.4845370054244995, 0.013901181519031525, 0.46295738220214844, -0.5150995850563049, 0.1133805513381958, 0.01269102469086647, 0.7131893634796143, -0.34401023387908936, 0.05217874050140381, 0.5119994282722473, -0.5297198295593262, 0.4794243276119232, 0.5277323722839355, 0.17460204660892487, 0.5735809803009033, 0.01680050790309906, 0.2505567669868469, 0.7143837213516235, -0.3175394535064697, 0.1203838437795639, 0.14119789004325867, -0.09628653526306152, 0.0125725157558918, 0.013132326304912567, 0.36657190322875977, 0.3063073754310608, -0.01788695901632309, 0.37055379152297974, 0.6587989330291748, -0.089330293238163, -0.29259443283081055, 0.5862639546394348, 0.592505156993866, 0.3618428111076355, 0.32697147130966187, -0.07632232457399368, 0.5322166681289673, 0.5733155012130737, 0.5349820852279663, 0.041052013635635376, -0.39262861013412476, 0.46119987964630127, 0.4793927073478699, 0.1884373128414154, 0.30639711022377014, 0.23047477006912231, 0.2966032326221466, 0.2373092919588089, -0.046880628913640976, 0.47293442487716675, 0.7404706478118896, 0.5266221761703491, 0.14291058480739594, 0.6710920929908752, 0.5234476327896118, 0.35683584213256836, 0.2787458598613739, -0.40643739700317383, 0.1648615002632141, -0.018746286630630493, -0.1882191151380539, 0.28151804208755493, 0.29367753863334656, 0.4429715871810913, 0.662994921207428, -0.1919483095407486, 0.1398669183254242, -0.20665127038955688, 0.6529840230941772, -0.37108758091926575, 0.43259263038635254, -0.4042991101741791, 0.2904219627380371, -0.3485160171985626, 0.30286043882369995, 0.381486177444458, 0.3247784972190857, -0.10278952866792679, -0.49335959553718567, 0.020587176084518433, -0.013657405972480774, -0.57258540391922, -0.08924026787281036, 0.07019229233264923, 0.17042386531829834, 0.5181955099105835, 0.34039306640625, -0.08313276618719101, 0.4711039662361145, 0.5063359141349792, -0.33528944849967957, 0.010156570933759212, 0.5574061870574951, 0.4468836784362793, 0.19619116187095642, 0.5225645303726196, 0.5300554037094116, -0.11759129166603088, -0.10433751344680786, 0.13357794284820557, 0.3778218626976013, 0.2775072455406189, 0.4522193670272827, 0.6567022204399109, -0.15511657297611237, -0.013542026281356812, 0.7150570154190063, 0.2661944627761841, -0.24292951822280884, 0.11720497161149979, 0.3897675573825836, 0.4136431813240051, 0.6989791393280029, 0.40760597586631775, 0.32907068729400635, 0.6037073135375977, 0.15408551692962646, -0.6085231900215149, -0.12472614645957947, 0.5921122431755066, 0.33636850118637085, -0.560874342918396, 0.022624127566814423, 0.5859479904174805, 0.386243999004364, 0.004637673497200012, 0.4713856279850006, -0.3200225234031677, 0.3033805787563324, -0.22046947479248047, 0.2101583629846573, 0.6214706897735596, 0.4099331796169281, 0.5168555378913879, 0.7387919425964355, -0.17772802710533142, 0.3482736647129059, 0.17773059010505676, 0.37743204832077026, 0.6524683237075806, -0.43923041224479675, 0.2698051333427429, 0.39633291959762573, 0.6597076654434204, 0.3179360330104828, 0.5621151924133301, 0.4816534221172333, -0.08156022429466248, 0.41385799646377563, 0.5366474986076355, 0.4246314764022827, 0.46518808603286743, 0.24532708525657654, 0.20542913675308228, 0.17649367451667786, 0.592461347579956, -0.16705232858657837, 0.6088035106658936, 0.1969832479953766, 0.2826232314109802, -0.18760305643081665, 0.6260545253753662, 0.003631599247455597, -0.25485214591026306, 0.1728578805923462, -0.3596317768096924, -0.2568162679672241, 0.14912289381027222, 0.19537577033042908, 0.10679064691066742, 0.7688865661621094, -0.6020300984382629, 0.5725458860397339, -0.6700107455253601, -0.022133298218250275, 0.32830750942230225, 0.4492940902709961, -0.32206273078918457, 0.4629966616630554, -0.0799521654844284, 0.5558688640594482, 0.6237707138061523, 0.42191338539123535, 0.5417309403419495, 0.041246362030506134, 0.3030371069908142, -0.17659513652324677, -0.5025708675384521, -0.23846296966075897, 0.5215066075325012, 0.7000038027763367, 0.2988492250442505, 0.47134894132614136, 0.035002872347831726, -0.4573286175727844, 0.4842526912689209, 0.40047046542167664, 0.5949970483779907, -0.5008305907249451, 0.4503585696220398, 0.3593466579914093, -0.6129700541496277, 0.46865496039390564, 0.07579360902309418, 0.1342354714870453, 0.079163558781147, 0.687393844127655, -0.24978846311569214, 0.3142470717430115, 0.20796847343444824, 0.29780876636505127, 0.637657105922699, 0.6614373326301575, 0.4015849828720093, 0.24261003732681274, 0.4207656681537628, 0.6312943696975708, 0.3636510372161865, -0.5321552753448486]
