sample name: ['C[C@H](NC(=O)NCc1cccnc1)c1cccc(OCc2ccccn2)c1']
atom_index,distance,cosine_similarity
0,-0.268841552734375,0.0376234220713377
1,-0.780504150390625,0.1002558996155858
2,-1.072001953125,0.14375888325273992
3,-0.2671270751953125,0.06427002694457769
4,0.0510626220703125,0.00816192451864481
5,-0.6603778076171875,0.11200210589915514
6,-0.643380126953125,0.1117584512848407
7,-0.65945068359375,0.12652112692594528
8,-0.4909332275390625,0.08927179343998431
9,0.078201904296875,-0.0057648662850260735
10,-0.21359619140625,0.033552366830408575
11,0.1629595947265625,-0.016149067170917988
12,-0.2661114501953125,0.04415250916033983
13,-0.219512939453125,0.013220541328191757
14,-0.289949951171875,0.025068645030260087
15,-0.11703125,0.0027441616356372834
16,-0.720040283203125,0.059215782806277276
17,-1.1746636962890624,0.1214789754152298
18,-0.4866412353515625,0.0009150443971157073
19,0.021317138671875,-0.013436957523226737
20,-0.1088720703125,0.002524963989853859

Sum of phi values for distance
-8.125494384765625
Sum of phi values for cosine similarity
1.0611457335669547
Average distance random samples:
9.707552852857681
Average cosine similarity random samples:
0.2552180225180373
Distances random samples
[8.53768253326416, 14.991735458374023, 16.1227970123291, 7.261096954345703, 7.582402229309082, 12.490255355834961, 8.55530071258545, 13.598714828491211, 16.665691375732422, 16.886505126953125, 8.39681625366211, 8.913163185119629, 6.901020526885986, 9.269383430480957, 17.965469360351562, 6.401646137237549, 6.953139305114746, 15.432063102722168, 8.821191787719727, 8.637120246887207, 9.16121768951416, 8.48409366607666, 8.435297966003418, 9.145757675170898, 10.904593467712402, 5.2293620109558105, 9.998330116271973, 6.762368679046631, 6.8190107345581055, 6.681293964385986, 7.726527214050293, 10.65395736694336, 6.399559497833252, 8.542230606079102, 7.915324687957764, 22.958160400390625, 9.352689743041992, 13.733341217041016, 5.855817794799805, 6.410459518432617, 8.575472831726074, 5.494486331939697, 22.55065155029297, 11.884532928466797, 14.634480476379395, 13.053256034851074, 10.748092651367188, 7.922869682312012, 7.999958515167236, 7.907501220703125, 15.33991813659668, 7.570833206176758, 9.352389335632324, 7.879499435424805, 8.861038208007812, 9.332117080688477, 10.545745849609375, 7.547563552856445, 10.255043029785156, 13.546839714050293, 6.847478866577148, 13.889458656311035, 6.4261040687561035, 11.513222694396973, 10.401895523071289, 10.90746021270752, 12.417681694030762, 13.809667587280273, 7.137670040130615, 14.471181869506836, 8.661588668823242, 8.725234985351562, 10.338580131530762, 11.908971786499023, 8.253774642944336, 6.210474491119385, 7.286826133728027, 8.363849639892578, 14.152019500732422, 6.433676242828369, 7.263233661651611, 8.575016975402832, 8.501521110534668, 16.325611114501953, 7.901943206787109, 9.455099105834961, 11.650484085083008, 9.082846641540527, 9.57199478149414, 14.435965538024902, 8.576149940490723, 8.015074729919434, 8.59902572631836, 8.896839141845703, 8.01172161102295, 14.681397438049316, 9.629143714904785, 8.129939079284668, 9.407333374023438, 14.943357467651367, 9.747872352600098, 10.583415985107422, 16.57794761657715, 10.030902862548828, 8.021706581115723, 8.774763107299805, 15.921493530273438, 8.200303077697754, 8.879083633422852, 13.490918159484863, 8.625123023986816, 9.885313987731934, 18.460153579711914, 8.506077766418457, 8.142816543579102, 6.838354110717773, 10.88544750213623, 15.94536304473877, 10.487507820129395, 12.788002014160156, 7.881145477294922, 15.114359855651855, 7.963999271392822, 12.17919921875, 7.889524459838867, 13.401820182800293, 6.091822624206543, 12.28981876373291, 6.8472466468811035, 9.224614143371582, 12.385331153869629, 6.957100868225098, 10.868865966796875, 6.188638210296631, 8.567187309265137, 12.82187271118164, 12.822911262512207, 10.837199211120605, 9.793953895568848, 10.929962158203125, 14.864714622497559, 9.74733829498291, 7.414946556091309, 15.81777286529541, 10.629234313964844, 8.883742332458496, 6.382918834686279, 8.484358787536621, 8.308876037597656, 8.477386474609375, 9.038985252380371, 14.827448844909668, 9.339377403259277, 13.053168296813965, 7.430206298828125, 12.384318351745605, 9.996528625488281, 9.74839973449707, 8.364455223083496, 9.432037353515625, 7.238739967346191, 7.318350791931152, 8.356468200683594, 7.205357074737549, 5.710107326507568, 11.31580924987793, 8.107036590576172, 7.2736992835998535, 11.752229690551758, 6.971303939819336, 10.003692626953125, 8.929746627807617, 10.367301940917969, 18.107173919677734, 13.867977142333984, 9.191946983337402, 11.54662036895752, 6.6512017250061035, 10.234567642211914, 11.86402702331543, 7.787782192230225, 8.08652114868164, 8.5756196975708, 9.516450881958008, 8.479065895080566, 7.227649211883545, 7.718628406524658, 7.708914279937744, 9.338433265686035, 18.651226043701172, 14.763429641723633, 11.790599822998047, 7.7697577476501465, 8.007967948913574, 14.837288856506348, 6.119764804840088, 8.387103080749512, 8.88683795928955, 9.062097549438477, 8.83298397064209, 8.148050308227539, 8.45711612701416, 9.369943618774414, 7.705535888671875, 9.258496284484863, 8.02308177947998, 9.373839378356934, 8.27534008026123, 8.37529468536377, 13.567684173583984, 17.01707649230957, 16.1152400970459, 10.498109817504883, 7.177626609802246, 10.436128616333008, 7.867645740509033, 12.91799259185791, 6.755023002624512, 11.268101692199707, 7.209604740142822, 8.14910888671875, 9.899392127990723, 9.293218612670898, 10.109749794006348, 11.382210731506348, 15.510862350463867, 10.461995124816895, 10.146750450134277, 6.7759199142456055, 15.097171783447266, 7.626007080078125, 10.957357406616211, 13.984481811523438, 9.027907371520996, 8.403045654296875, 8.739339828491211, 11.62049674987793, 5.546360015869141, 8.681558609008789, 6.578226566314697, 8.498269081115723, 8.391403198242188, 9.79472541809082, 8.851284980773926, 7.386590003967285, 11.892118453979492, 10.07841968536377, 9.37863826751709, 16.716960906982422, 10.438631057739258, 8.967592239379883, 9.94760513305664, 13.698541641235352, 9.837109565734863, 10.931938171386719, 8.494854927062988, 8.701571464538574, 16.067401885986328, 7.7811408042907715, 7.686270236968994, 6.787200450897217, 14.276290893554688, 14.092367172241211, 8.514974594116211, 8.976262092590332, 7.867525577545166, 7.268320083618164, 9.100287437438965, 10.123870849609375, 9.01143741607666, 9.605385780334473, 7.093739986419678, 6.555502891540527, 7.879713535308838, 7.690482139587402, 10.22104549407959, 9.176115036010742, 7.093161582946777, 10.624564170837402, 8.92889404296875, 11.747854232788086, 9.778429985046387, 11.751463890075684, 10.271333694458008, 7.348217487335205, 10.22182846069336, 5.998455047607422, 6.835464000701904, 12.325479507446289, 8.357757568359375, 14.3082857131958, 14.354403495788574, 13.15851879119873, 10.649576187133789, 10.855290412902832, 7.935130596160889, 14.582062721252441, 9.097662925720215, 12.416237831115723, 8.818595886230469, 6.620859146118164, 9.457816123962402, 9.249894142150879, 9.853737831115723, 15.252962112426758, 11.01477336883545, 10.142193794250488, 5.498164653778076, 6.867690086364746, 10.534712791442871, 8.182296752929688, 8.930591583251953, 13.17327880859375, 7.745602607727051, 10.39232349395752, 7.441596984863281, 7.669092178344727, 6.128585338592529, 14.821599960327148, 10.057193756103516, 11.156557083129883, 13.127283096313477, 13.696609497070312, 9.064554214477539, 6.294017314910889, 7.712035655975342, 11.837873458862305, 6.244961738586426, 6.48373556137085, 9.66843318939209, 6.606741905212402, 9.377744674682617, 11.494229316711426, 8.405702590942383, 10.105273246765137, 10.938323020935059, 10.419415473937988, 7.82249641418457, 9.626466751098633, 8.117511749267578, 7.234326362609863, 11.876127243041992, 9.090519905090332, 10.062326431274414, 10.985092163085938, 7.123931884765625, 9.049372673034668, 7.546687602996826, 11.337388038635254, 11.422616958618164, 8.931565284729004, 15.743388175964355, 8.299107551574707, 8.64515495300293, 12.17375659942627, 7.666734218597412, 9.634734153747559, 14.87548828125, 9.779362678527832, 10.367772102355957, 6.960119247436523, 9.876937866210938, 6.726161956787109, 8.821012496948242, 9.065333366394043, 10.478257179260254, 7.986966133117676, 15.297037124633789, 9.034914016723633, 7.847072601318359, 10.888208389282227, 9.31290340423584, 7.997232913970947, 6.815244197845459, 10.291744232177734, 7.310091972351074, 8.100286483764648, 7.588610649108887, 8.782855033874512, 9.330367088317871, 12.369871139526367, 6.209803581237793, 8.289311408996582, 8.129460334777832, 11.000258445739746, 9.780791282653809, 7.898160457611084, 9.162691116333008, 8.391956329345703, 7.962447643280029, 10.082995414733887, 6.098227500915527, 12.675682067871094, 9.889694213867188, 8.31430721282959, 14.244083404541016, 7.5096282958984375, 7.171457290649414, 8.397432327270508, 13.237960815429688, 9.711114883422852, 6.077850341796875, 7.867125034332275, 8.689454078674316, 6.367032527923584, 6.5246453285217285, 14.502434730529785, 10.816913604736328, 12.811158180236816, 8.211186408996582, 6.975078582763672, 7.776906490325928, 9.186195373535156, 15.058388710021973, 12.630772590637207, 9.766744613647461, 7.718134880065918, 8.439935684204102, 4.795933723449707, 8.82272720336914, 7.712121963500977, 9.511473655700684, 9.087348937988281, 9.814820289611816, 14.659628868103027, 8.233819007873535, 9.343453407287598, 6.5423264503479, 13.726574897766113, 6.990307807922363, 7.438531398773193, 7.858547210693359, 9.110052108764648, 14.247030258178711, 6.810755729675293, 8.252989768981934, 7.8913960456848145, 7.85413932800293, 12.249225616455078, 10.64640998840332, 9.401390075683594, 10.64525032043457, 11.530220031738281, 8.165843963623047, 9.253388404846191, 7.112480640411377, 6.721540927886963, 7.413458347320557, 8.976262092590332, 5.730912208557129, 6.663487911224365, 9.8495454788208, 10.338815689086914, 7.120842933654785, 7.46789026260376, 6.358584880828857, 10.350943565368652, 18.35247230529785, 8.815834999084473, 15.751501083374023, 8.401435852050781, 10.363746643066406, 7.98709774017334, 5.326281547546387, 9.023476600646973, 8.863601684570312, 8.217647552490234, 8.206101417541504, 7.467336654663086, 11.512428283691406, 6.186957836151123, 7.825648784637451, 10.025659561157227, 10.534217834472656, 11.57979965209961, 10.595885276794434, 9.840137481689453, 9.118608474731445, 12.81417465209961, 7.147514343261719, 8.083185195922852, 7.236972332000732, 14.836214065551758, 7.454093933105469, 6.214908123016357, 16.032312393188477, 14.352494239807129, 9.84007453918457, 13.147684097290039, 17.52049446105957, 6.739222049713135, 14.412339210510254, 7.2455735206604, 9.755748748779297, 4.675766944885254, 8.064735412597656, 11.360453605651855, 10.827332496643066, 9.154562950134277, 6.985939979553223, 7.72842264175415, 6.847156524658203, 6.291525840759277, 8.030457496643066, 5.5780816078186035, 7.49001407623291, 6.730699062347412, 9.049964904785156, 10.366903305053711, 5.960489273071289, 10.667762756347656, 7.472445011138916, 9.24485969543457, 8.959444046020508, 15.418643951416016, 13.656195640563965, 8.277262687683105, 8.826543807983398, 9.87484359741211, 11.737414360046387, 7.177900791168213, 8.079326629638672, 9.786944389343262, 11.081005096435547, 6.455261707305908, 6.217942714691162, 11.85234546661377, 10.720027923583984, 5.977190971374512, 11.987818717956543, 8.857282638549805, 8.863372802734375, 8.880683898925781, 6.114213943481445, 13.748616218566895, 14.97511100769043, 12.905877113342285, 12.336472511291504, 10.97713565826416, 8.815511703491211, 9.65931224822998, 7.537404537200928, 12.151908874511719, 17.08075523376465, 10.388592720031738, 10.006665229797363, 10.971921920776367, 12.6240234375, 9.060019493103027, 5.843138694763184, 11.521354675292969, 15.267362594604492, 12.908991813659668, 8.26859188079834, 7.976975440979004, 9.867271423339844, 10.72330379486084, 6.111069202423096, 9.482925415039062, 7.385634899139404, 19.51076889038086, 15.36337661743164, 11.854307174682617, 9.507747650146484, 11.344725608825684, 8.69158935546875, 15.465462684631348, 15.162734031677246, 11.340024948120117, 11.615055084228516, 7.429991245269775, 9.215102195739746, 9.917901039123535, 6.7569899559021, 16.5458927154541, 10.63070297241211, 12.772193908691406, 5.641102313995361, 7.679483890533447, 12.309357643127441, 5.808742523193359, 13.2473783493042, 11.035164833068848, 15.546055793762207, 9.400485038757324, 11.599574089050293, 13.212435722351074, 11.04489517211914, 9.17724609375, 7.659261703491211, 12.64196491241455, 8.374150276184082, 10.535370826721191, 11.911935806274414, 9.838547706604004, 12.533411026000977, 9.373753547668457, 7.201526641845703, 7.107447624206543, 11.953514099121094, 8.238417625427246, 6.475489616394043, 10.539617538452148, 6.241735458374023, 6.261806964874268, 8.737621307373047, 5.983213901519775, 7.247262477874756, 10.99364948272705, 11.8237886428833, 8.948880195617676, 8.914678573608398, 15.687565803527832, 13.068285942077637, 8.76722240447998, 6.25168514251709, 12.616350173950195, 9.945891380310059, 7.26649808883667, 16.474475860595703, 11.260318756103516, 6.707644939422607, 6.7987871170043945, 16.66227912902832, 10.431075096130371, 6.931728839874268, 14.457311630249023, 20.44126319885254, 16.567045211791992, 7.452526092529297, 8.6057710647583, 12.068781852722168, 8.26895809173584, 9.28311824798584, 11.195505142211914, 15.229889869689941, 11.313128471374512, 8.768519401550293, 7.867490768432617, 12.03482437133789, 10.146845817565918, 8.904382705688477, 10.719074249267578, 10.254711151123047, 6.743525981903076, 12.768106460571289, 8.64940071105957, 6.244986534118652, 6.8046979904174805, 8.940570831298828, 12.249885559082031, 15.070015907287598, 19.933631896972656, 8.02625846862793, 6.715542316436768, 9.559134483337402, 7.415324687957764, 8.92072868347168, 4.946974754333496, 7.426157474517822, 9.530399322509766, 7.185776710510254, 7.778663158416748, 6.904026508331299, 8.135883331298828, 8.028780937194824, 13.662245750427246, 6.356530666351318, 8.826272010803223, 10.437509536743164, 11.759751319885254, 6.632167816162109, 13.456459999084473, 12.626916885375977, 9.048051834106445, 9.005840301513672, 9.730494499206543, 7.932620525360107, 12.232171058654785, 6.555027484893799, 8.883509635925293, 8.595549583435059, 7.6659135818481445, 13.09727668762207, 9.385730743408203, 10.431347846984863, 12.65953254699707, 8.27839469909668, 5.995625019073486, 12.113901138305664, 8.217453956604004, 7.916084289550781, 16.662660598754883, 10.452807426452637, 11.029207229614258, 7.476696968078613, 7.698192119598389, 14.876898765563965, 7.660112380981445, 9.705689430236816, 14.042973518371582, 10.295269966125488, 9.287339210510254, 11.045414924621582, 6.715386867523193, 4.934597969055176, 8.344325065612793, 11.691628456115723, 5.974525451660156, 7.468928337097168, 10.931992530822754, 7.10129451751709, 10.259037971496582, 13.259865760803223, 8.464653015136719, 9.04521369934082, 10.323290824890137, 6.205819606781006, 10.987794876098633, 8.387346267700195, 8.00563907623291, 10.037753105163574, 9.142385482788086, 8.169329643249512, 5.825448036193848, 6.080997467041016, 9.454949378967285, 14.370182037353516, 7.5012431144714355, 13.805041313171387, 14.332850456237793, 6.2414679527282715, 9.831904411315918, 7.794054985046387, 9.27214527130127, 7.8214430809021, 9.255626678466797, 9.350683212280273, 8.337395668029785, 7.922286033630371, 6.214958190917969, 5.9606242179870605, 7.561489105224609, 15.917946815490723, 14.435957908630371, 7.151971817016602, 6.7634806632995605, 7.947326183319092, 8.983636856079102, 7.799867153167725, 8.0930814743042, 9.787041664123535, 13.093123435974121, 7.931912422180176, 9.272153854370117, 6.437285900115967, 7.730203628540039, 11.3956937789917, 8.733036041259766, 8.216567039489746, 6.451213359832764, 9.247986793518066, 8.611523628234863, 8.13416576385498, 7.387691497802734, 9.689903259277344, 9.519881248474121, 6.575549125671387, 11.376673698425293, 9.191625595092773, 6.255579948425293, 6.365278244018555, 7.825982093811035, 8.045929908752441, 6.954347133636475, 12.781843185424805, 8.530277252197266, 7.483062267303467, 7.290432929992676, 8.76973819732666, 9.530688285827637, 9.338424682617188, 14.468155860900879, 9.698951721191406, 8.059652328491211, 6.6239013671875, 7.155228614807129, 8.303243637084961, 8.355438232421875, 6.650186538696289, 7.374303817749023, 11.122689247131348, 7.928194999694824, 6.411277770996094, 5.8262810707092285, 10.211750030517578, 10.834317207336426, 6.767777919769287, 5.25066614151001, 7.49838924407959, 9.923365592956543, 5.781181812286377, 11.154876708984375, 8.609466552734375, 8.025773048400879, 10.28244686126709, 12.451926231384277, 7.773169040679932, 13.364720344543457, 8.030309677124023, 8.533164024353027, 6.024829387664795, 11.188431739807129, 7.745697498321533, 8.03564739227295, 6.3683695793151855, 8.316128730773926, 15.406303405761719, 8.702088356018066, 7.79201078414917, 13.344045639038086, 16.870285034179688, 9.978456497192383, 11.309081077575684, 7.958382606506348, 12.293305397033691, 8.75332260131836, 10.990631103515625, 10.959538459777832, 17.01654815673828, 16.030075073242188, 7.513743877410889, 6.550381660461426, 17.544923782348633, 6.189797401428223, 15.588275909423828, 11.069782257080078, 7.9049506187438965, 10.338107109069824, 14.798863410949707, 14.534588813781738, 9.746562957763672, 11.344891548156738, 8.78669261932373, 7.713407516479492, 16.04058074951172, 10.03492546081543, 9.055095672607422, 6.293935775756836, 8.78651237487793, 7.476539611816406, 8.501174926757812, 8.308191299438477, 9.227700233459473, 6.800963401794434, 8.752676010131836, 8.886237144470215, 7.370486259460449, 8.765633583068848, 18.82950210571289, 9.544273376464844, 8.598287582397461, 8.562841415405273, 5.7301025390625, 7.000514507293701, 8.97463607788086, 9.56323528289795, 9.555156707763672, 7.46592378616333, 14.048601150512695, 9.218117713928223, 7.622862339019775, 7.805006504058838, 8.908870697021484, 13.33704948425293, 8.447408676147461, 9.623573303222656, 5.978671550750732, 12.196147918701172, 12.115010261535645, 9.513471603393555, 6.049582481384277, 9.354499816894531, 6.456411361694336, 8.585549354553223, 13.453144073486328, 7.179466724395752, 12.627583503723145, 7.934835433959961, 8.41423225402832, 5.714020252227783, 6.23248815536499, 7.265273094177246, 10.240555763244629, 11.524883270263672, 9.356276512145996, 5.850715160369873, 9.015010833740234, 6.802148818969727, 6.626775741577148, 9.994429588317871, 7.459272384643555, 10.229598045349121, 5.676670551300049, 8.575825691223145, 4.704017162322998, 9.048911094665527, 9.991576194763184, 7.375008583068848, 11.770552635192871, 11.085883140563965, 6.112403392791748, 4.732550144195557, 6.569981575012207, 7.450529098510742, 6.5170464515686035, 7.2066450119018555, 15.520859718322754, 11.836896896362305, 6.582623481750488, 7.192712306976318, 8.686067581176758, 6.246728420257568, 11.805889129638672, 5.401832103729248, 10.09835433959961, 14.330377578735352, 8.137094497680664, 7.429703235626221, 10.220330238342285, 6.086831092834473, 10.291136741638184, 9.255898475646973, 8.875749588012695, 5.285171985626221, 5.178558826446533, 9.123224258422852, 8.484450340270996, 6.6814446449279785, 5.95007848739624, 9.363343238830566, 13.992705345153809, 11.903724670410156, 8.474343299865723, 6.571331024169922, 5.0128912925720215, 14.702977180480957, 7.06834077835083, 13.47150993347168, 6.01408052444458, 6.722501754760742, 6.727436542510986, 8.000831604003906, 7.786755084991455, 8.454497337341309, 15.60512638092041, 9.065671920776367, 16.26165771484375, 6.564898490905762, 9.631221771240234, 17.35020637512207, 15.657265663146973, 5.98454475402832, 6.4080047607421875, 9.737998962402344, 9.714310646057129, 6.618558406829834, 12.867853164672852, 7.652858734130859, 8.222925186157227, 8.722140312194824, 6.7396159172058105, 10.116260528564453, 13.396111488342285, 7.606175422668457, 6.751364231109619, 13.29817008972168, 8.849202156066895, 8.727747917175293, 14.75263500213623, 12.948915481567383, 7.517158031463623, 7.9131951332092285, 6.601101875305176, 5.525766372680664, 8.358250617980957, 11.729552268981934, 8.53455638885498, 5.773968696594238, 6.047492980957031, 6.094638824462891, 6.190087795257568, 8.984246253967285, 12.128849029541016, 6.619106292724609, 7.148355007171631, 8.069391250610352, 7.754692554473877, 8.381035804748535, 6.227931499481201, 10.362380027770996, 9.467416763305664, 7.359411239624023, 9.859291076660156, 11.493287086486816, 9.091660499572754, 8.018926620483398, 8.565448760986328, 7.108579158782959, 8.198559761047363, 10.408923149108887, 12.317641258239746, 10.443445205688477, 5.1204447746276855, 6.410749435424805, 8.063515663146973, 6.262606620788574, 8.258711814880371, 16.687334060668945, 16.86213493347168, 16.21494483947754, 7.708261966705322, 8.902081489562988, 10.543598175048828, 8.612444877624512, 7.208029747009277, 7.761184215545654, 12.065301895141602, 7.7817277908325195, 9.13310718536377, 15.707830429077148, 11.884563446044922, 10.564348220825195, 8.430353164672852, 11.784638404846191, 8.982060432434082, 17.09697723388672, 9.002063751220703, 5.9930572509765625, 9.707721710205078, 9.596768379211426, 8.964581489562988, 5.849095344543457, 10.865032196044922, 8.978023529052734, 15.359195709228516, 9.081294059753418, 9.411816596984863, 6.147826194763184, 9.733917236328125, 8.674032211303711, 10.237420082092285, 7.039450645446777, 8.765758514404297, 5.90148401260376, 7.0741729736328125, 9.241714477539062, 6.473418235778809, 14.144287109375, 6.190384387969971, 6.371642112731934, 10.609201431274414, 7.169465065002441, 9.209118843078613, 6.205420017242432, 10.620020866394043, 6.151854515075684, 10.746353149414062, 9.900035858154297, 8.003278732299805, 9.874567985534668, 5.761643409729004, 10.687023162841797, 7.328658580780029, 10.760567665100098, 14.775507926940918, 9.020477294921875, 12.00052547454834, 6.58807373046875, 8.084161758422852, 13.41163444519043, 9.047592163085938, 15.280557632446289, 6.953439235687256, 7.497600078582764, 7.613994598388672, 7.487983703613281, 8.7542085647583, 10.522109985351562, 9.510807991027832, 10.414295196533203, 6.944760799407959, 13.5093994140625, 8.213216781616211, 9.36751937866211, 6.680173397064209, 7.716426849365234, 10.0768404006958, 8.516305923461914, 12.0055513381958, 10.719152450561523, 9.358145713806152, 17.999542236328125, 9.246397972106934, 10.835395812988281, 6.752613067626953, 8.369109153747559, 9.379446029663086, 13.079179763793945, 7.318255424499512, 7.3327836990356445, 7.56198263168335, 7.365025997161865, 5.998068332672119, 7.819004535675049, 8.670695304870605, 6.7809953689575195, 12.632733345031738, 10.198041915893555, 14.371735572814941, 6.925416469573975, 10.402933120727539, 13.174962043762207, 7.851637363433838, 8.955670356750488, 12.755763053894043, 10.672171592712402, 11.439560890197754, 7.0772552490234375, 7.083730220794678, 9.762458801269531, 15.171021461486816, 12.49394416809082, 7.7308430671691895, 17.03558921813965, 8.415307998657227, 8.629986763000488, 5.951626777648926, 14.669611930847168, 6.5769429206848145, 6.904177188873291, 7.824237823486328, 7.993069171905518, 11.389913558959961, 7.549726486206055, 7.669573783874512, 7.426092147827148, 7.610470771789551, 11.864808082580566, 7.614099502563477, 6.740065574645996, 8.548126220703125, 8.417703628540039, 11.106471061706543, 8.36401653289795, 9.40675163269043, 10.435288429260254, 8.612360000610352, 10.552903175354004, 7.903291702270508, 5.975650787353516, 6.95141077041626, 11.124410629272461, 10.597481727600098, 8.013075828552246, 9.026033401489258, 7.910932540893555, 8.191435813903809, 5.8224358558654785, 10.155787467956543, 14.990142822265625, 10.03203010559082, 13.370401382446289, 9.316560745239258, 6.618626594543457, 8.138362884521484, 7.040638446807861, 9.001274108886719, 8.337339401245117, 7.850265026092529, 14.988931655883789, 9.530539512634277, 10.259221076965332, 7.251880645751953, 12.738154411315918, 8.65491008758545, 10.31810188293457, 17.817018508911133, 8.107010841369629, 8.002503395080566, 9.23752212524414, 8.31037425994873, 10.4656343460083, 15.29820442199707, 11.445475578308105, 7.927757740020752, 10.7832670211792, 11.84800910949707, 5.909045219421387, 10.840532302856445, 15.769460678100586, 8.583756446838379, 12.871667861938477, 6.141415119171143, 8.20335865020752, 7.475678443908691, 16.611528396606445, 10.164274215698242, 8.51382827758789, 8.547284126281738, 14.430784225463867, 8.378080368041992, 6.542906284332275, 13.329745292663574, 9.098788261413574, 10.235262870788574, 8.285539627075195, 9.289482116699219, 9.49374008178711, 8.750495910644531, 10.807866096496582, 7.205925941467285, 5.822140693664551, 9.737272262573242, 11.008881568908691, 16.143869400024414, 8.344071388244629, 8.473186492919922, 7.106153964996338, 9.898137092590332, 5.841315746307373, 8.010272979736328, 8.505565643310547, 6.066944599151611, 17.319244384765625, 5.260610103607178, 9.193486213684082, 5.997114658355713, 7.361765384674072, 11.963829040527344, 6.103087902069092, 22.880338668823242, 9.43768310546875, 7.5655999183654785, 13.796661376953125, 14.478117942810059, 7.861818790435791, 12.764331817626953, 11.812135696411133, 5.36349630355835, 7.40148401260376, 14.89864730834961, 8.685975074768066, 9.68553352355957, 15.18547534942627, 7.92781925201416, 18.42068862915039, 9.41837215423584, 9.333526611328125, 12.864096641540527, 6.275739669799805, 11.257893562316895, 8.954439163208008, 10.844000816345215, 16.013601303100586, 11.982455253601074, 6.572244644165039, 12.70772933959961, 6.240683555603027, 9.5582914352417, 14.063529968261719, 5.921438694000244, 8.214831352233887, 9.057044982910156, 9.882190704345703, 7.951521396636963, 10.141632080078125, 12.864615440368652, 9.046345710754395, 7.155611991882324, 8.362807273864746, 7.477140426635742, 7.034344673156738, 8.180283546447754, 8.378117561340332, 13.746153831481934, 7.563921928405762, 8.495807647705078, 8.899555206298828, 7.3684492111206055, 6.928508281707764, 8.298144340515137, 6.931586742401123, 7.051928997039795, 11.274967193603516, 9.43786907196045, 8.25357437133789, 9.968411445617676, 14.823197364807129, 6.828204154968262, 6.0147809982299805, 5.566860675811768, 9.704742431640625, 7.952434062957764, 8.563796043395996, 14.391091346740723, 7.638864994049072, 7.532797336578369, 8.360920906066895, 5.019321441650391, 16.890668869018555, 18.023386001586914, 12.791316032409668, 7.102171421051025, 8.603560447692871, 9.811210632324219, 7.302591323852539, 6.892973899841309, 11.475992202758789, 6.166677951812744, 7.822901248931885, 6.417749404907227, 7.620428562164307, 6.6209917068481445, 5.915666580200195, 9.369256019592285, 9.802461624145508, 7.775262832641602, 6.754601955413818, 11.200191497802734, 8.164273262023926, 8.919994354248047, 6.884109020233154, 12.26412582397461, 7.2298431396484375, 7.874464511871338, 8.279495239257812, 9.912928581237793, 9.168427467346191, 11.49379825592041, 8.730145454406738, 7.106629371643066, 8.645471572875977, 6.558227062225342, 10.580657005310059, 6.014575004577637, 9.056084632873535, 5.577971935272217, 6.7919440269470215, 11.71026611328125, 10.246363639831543, 15.640527725219727, 7.580231189727783, 7.47883939743042, 12.01707935333252, 6.836066246032715, 7.244708061218262, 8.52187442779541, 13.80516242980957, 7.78833532333374, 6.853097438812256, 10.904916763305664, 6.109482288360596, 11.391230583190918, 9.110588073730469, 12.08968448638916, 17.825923919677734, 9.247501373291016, 8.703642845153809, 6.482529640197754, 17.923898696899414, 13.518455505371094, 6.842729568481445, 7.445560455322266, 7.712148189544678, 9.24939250946045, 14.411835670471191, 9.364550590515137, 9.354979515075684, 8.050835609436035, 5.772684574127197, 5.913032054901123, 7.247079372406006, 13.882328033447266, 11.840807914733887, 7.672082901000977, 16.4711971282959, 6.154208183288574, 9.581318855285645, 10.306049346923828, 8.869439125061035, 8.55247688293457, 10.777572631835938, 7.44124174118042, 13.223825454711914, 14.198488235473633, 8.176420211791992, 11.057733535766602, 9.364336967468262, 4.758884906768799, 7.211240291595459, 7.086596965789795, 6.686851501464844, 7.453949928283691, 4.239692687988281, 9.89382553100586, 7.808862209320068, 8.330132484436035, 11.975932121276855, 10.89113998413086, 13.323716163635254, 15.864034652709961, 7.84559965133667, 12.603737831115723, 5.922675609588623, 10.659578323364258, 8.154592514038086, 6.596181869506836, 10.632404327392578, 8.663576126098633, 8.533161163330078, 5.847663402557373, 6.739789962768555, 6.752460956573486, 6.90609073638916, 7.668646812438965, 14.250877380371094, 7.0831170082092285, 17.572389602661133, 6.1618547439575195, 9.0736083984375, 18.05006980895996, 7.524744510650635, 8.09301471710205, 9.310219764709473, 10.044583320617676, 10.450404167175293, 12.67776870727539, 8.653432846069336, 6.730194568634033, 7.956977367401123, 7.8386430740356445, 9.146580696105957, 6.246744155883789, 6.4788713455200195, 15.733888626098633, 6.784487724304199, 9.589506149291992, 10.593429565429688, 11.594688415527344, 6.948508262634277, 14.847737312316895, 9.664356231689453, 6.321807861328125, 7.833926200866699, 10.933043479919434, 7.412269115447998, 12.212239265441895, 11.024643898010254, 9.152005195617676, 8.547037124633789, 10.868855476379395, 7.347591400146484, 9.455299377441406, 10.298468589782715, 9.173458099365234, 12.54543399810791, 7.519509315490723, 12.685017585754395, 11.620060920715332, 8.055883407592773, 11.382231712341309, 7.453592300415039, 9.038997650146484, 7.6677422523498535, 9.722920417785645, 11.045210838317871, 7.628657817840576, 9.07345962524414, 6.843974590301514, 6.793309211730957, 14.837029457092285, 11.829030990600586, 10.310795783996582, 11.089207649230957, 8.591401100158691, 8.151089668273926, 7.247636318206787, 8.998679161071777, 11.378993034362793, 11.97712516784668, 8.533162117004395, 11.700350761413574, 12.500469207763672, 6.989694595336914, 10.276623725891113, 8.956875801086426, 7.607999801635742, 9.931764602661133, 6.2179856300354, 6.713024139404297, 17.004005432128906, 11.858983039855957, 11.679306983947754, 10.917704582214355, 12.252678871154785, 14.205587387084961, 11.119184494018555, 6.1893534660339355, 7.678462028503418, 7.512547016143799, 7.3145575523376465, 9.402647018432617, 9.300570487976074, 6.698319435119629, 11.980069160461426, 11.958520889282227, 15.804244995117188, 11.850312232971191, 8.849095344543457, 7.520145893096924, 10.236600875854492, 9.754006385803223, 9.364143371582031, 7.179948806762695, 11.691373825073242, 9.322080612182617, 6.819103240966797, 9.336837768554688, 6.086967468261719, 9.39795970916748, 5.733024597167969, 9.78661823272705, 13.868142127990723, 12.902522087097168, 5.231383323669434, 5.034196853637695, 11.52147102355957, 7.74383020401001, 9.097604751586914, 16.897001266479492, 13.341216087341309, 8.433846473693848, 13.787798881530762, 15.406149864196777, 8.247726440429688, 7.041086673736572, 12.679137229919434, 12.728774070739746, 10.11413288116455, 7.619052410125732, 10.565194129943848, 16.038379669189453, 12.511361122131348, 7.904338836669922, 16.3671875, 8.236452102661133, 5.922281265258789, 10.167461395263672, 6.786699295043945, 11.206132888793945, 5.416910171508789, 10.199048042297363, 11.846240043640137, 10.873555183410645, 8.289689064025879, 13.133729934692383, 7.78574800491333, 5.767471790313721, 6.893824577331543, 7.634620189666748, 9.329231262207031, 7.2098002433776855, 16.467782974243164, 7.632948875427246, 8.402945518493652, 7.8853535652160645, 6.075830459594727, 6.103392601013184, 12.877004623413086, 10.210225105285645, 11.538142204284668, 7.897686958312988, 6.027925968170166, 15.170451164245605, 6.731553077697754, 16.41505241394043, 7.448136806488037, 15.29218864440918, 7.3747239112854, 13.468838691711426, 10.43116569519043, 5.849685192108154, 9.090927124023438, 12.754569053649902, 18.291383743286133, 17.271072387695312, 7.226907253265381, 6.378090858459473, 8.758193969726562, 8.395587921142578, 11.327925682067871, 8.596789360046387, 8.034281730651855, 7.548572063446045, 11.786017417907715, 7.032130241394043, 10.394956588745117, 12.943744659423828, 14.774590492248535, 7.18661642074585, 10.691853523254395, 14.642378807067871, 8.748754501342773, 6.584808349609375, 7.380837917327881, 5.735291004180908, 5.4150285720825195, 8.288804054260254, 10.531502723693848, 10.5582914352417, 7.632680892944336, 8.046388626098633, 13.527114868164062, 25.05185890197754, 6.723297595977783, 7.766884803771973, 7.5681586265563965, 9.723504066467285, 8.381891250610352, 14.732746124267578, 10.468461036682129, 7.579251289367676, 11.89969539642334, 9.175626754760742, 12.788698196411133, 7.308966636657715, 12.825065612792969, 7.904930114746094, 14.661081314086914, 9.185611724853516, 7.21260929107666, 9.790173530578613, 9.712396621704102, 8.545209884643555, 10.315903663635254, 11.329202651977539, 16.783967971801758, 6.535214424133301, 9.670666694641113, 12.03692626953125, 9.034547805786133, 7.018399238586426, 9.924845695495605, 13.454292297363281, 9.580533027648926, 7.479974269866943, 7.885383129119873, 9.618441581726074, 9.507637023925781, 6.9662699699401855, 14.412670135498047, 16.644258499145508, 8.999363899230957, 6.135777950286865, 8.755229949951172, 7.821597576141357, 10.228876113891602, 8.022700309753418, 7.652097225189209, 8.64146614074707, 9.125936508178711, 7.3562116622924805, 10.530132293701172, 7.922789573669434, 8.506521224975586, 10.477707862854004, 13.896552085876465, 7.916642189025879, 13.85145092010498, 14.278642654418945, 10.673409461975098, 13.651273727416992, 16.39920425415039, 13.644888877868652, 12.900671005249023, 10.407637596130371, 12.473844528198242, 13.135607719421387, 9.373812675476074, 17.2970027923584, 10.342016220092773, 10.266653060913086, 8.062450408935547, 8.184066772460938, 8.335986137390137, 8.703404426574707, 5.288641452789307, 9.884313583374023, 15.932843208312988, 11.193120956420898, 9.330928802490234, 7.786999225616455, 8.220139503479004, 7.816556930541992, 11.027161598205566, 11.06772232055664, 9.447073936462402, 9.139782905578613, 7.325622081756592, 7.737282752990723, 13.258379936218262, 9.709324836730957, 11.19749641418457, 15.320398330688477, 11.335123062133789, 10.782134056091309, 7.849118232727051, 9.560834884643555, 6.577475070953369, 8.630041122436523, 8.469634056091309, 9.273283004760742, 8.119422912597656, 8.444473266601562, 7.021018028259277, 10.519083023071289, 15.962566375732422, 7.7222208976745605, 10.998308181762695, 8.26899242401123, 11.371147155761719, 7.775687217712402, 10.551056861877441, 9.834185600280762, 12.8541898727417, 17.66079330444336, 12.567987442016602, 8.678863525390625, 14.863665580749512, 16.391300201416016, 12.268640518188477, 10.509217262268066, 9.064055442810059, 6.286527633666992, 5.028120040893555, 6.471538066864014, 12.96615219116211, 7.604701042175293, 7.446357727050781, 9.769296646118164, 10.374242782592773, 9.12186050415039, 12.171408653259277, 6.810580730438232, 12.941976547241211, 7.433615684509277, 9.606342315673828, 9.087489128112793, 8.599278450012207, 14.77669906616211, 7.852568626403809, 9.34770679473877, 10.590968132019043, 10.702149391174316, 5.917595386505127, 8.474142074584961, 7.126212120056152, 8.230464935302734, 5.268678665161133, 10.387608528137207, 7.94411563873291, 7.93712043762207, 10.497906684875488, 16.477148056030273, 9.403205871582031, 9.163305282592773, 13.886068344116211, 9.765302658081055, 9.69882583618164, 18.851879119873047, 6.944256782531738, 10.422137260437012, 19.42110824584961, 8.738037109375, 8.352694511413574, 11.90745735168457, 10.104188919067383, 10.143350601196289, 10.50263786315918, 9.081522941589355, 12.126058578491211, 9.491988182067871, 9.998025894165039, 8.544685363769531, 8.046337127685547, 8.352977752685547, 6.665409088134766, 8.602012634277344, 8.99081039428711, 16.30234718322754, 6.523072719573975, 9.490294456481934, 16.57204246520996, 12.96528148651123, 14.495288848876953, 13.471193313598633, 8.430473327636719, 17.855688095092773, 9.0924711227417, 7.364206314086914, 9.454587936401367, 6.557704448699951, 13.280213356018066, 7.534159183502197, 9.06936264038086, 9.373987197875977, 7.246614933013916, 10.562240600585938, 13.315641403198242, 7.800123691558838, 7.069272041320801, 11.577827453613281, 8.891063690185547, 11.525840759277344, 10.560983657836914, 7.0202507972717285, 8.163176536560059, 13.76372241973877, 7.7264556884765625, 8.02619457244873, 11.005558967590332, 11.780508995056152, 7.028231143951416, 6.797754287719727, 8.796884536743164, 5.898769378662109, 6.5248122215271, 9.727553367614746, 8.032279968261719, 8.745535850524902, 7.992830276489258, 14.102216720581055, 9.205962181091309, 8.011189460754395, 5.907146453857422, 6.329814434051514, 9.366799354553223, 7.218433856964111, 7.196686744689941, 13.173653602600098, 7.844820499420166, 15.972573280334473, 12.398153305053711, 7.647499084472656, 6.445454120635986, 11.641002655029297, 13.619970321655273, 9.481797218322754, 7.383382320404053, 8.40793514251709, 12.51865005493164, 9.303475379943848, 11.718928337097168, 8.759756088256836, 6.980241775512695, 10.77799129486084, 8.91675853729248, 15.507185935974121, 14.305105209350586, 8.405275344848633, 15.180705070495605, 7.27676248550415, 9.213655471801758, 16.178834915161133, 9.619521141052246, 7.132098197937012, 15.111047744750977, 13.526103019714355, 9.855377197265625, 10.989229202270508, 7.801352024078369, 15.607090950012207, 11.373353004455566, 6.589911937713623, 13.020013809204102, 8.441211700439453, 8.359724998474121, 13.793636322021484, 8.721044540405273, 7.670485019683838, 7.036386489868164, 6.520215034484863, 6.474522590637207, 7.799575328826904, 6.270571708679199, 7.319304943084717, 7.489206790924072, 13.428938865661621, 7.923563480377197, 6.005619525909424, 7.838459014892578, 10.258833885192871, 8.733139991760254, 11.228652000427246, 15.461162567138672, 16.309986114501953, 16.290666580200195, 13.549838066101074, 7.2473530769348145, 7.89409065246582, 13.20612621307373, 10.628738403320312, 8.0111083984375, 19.554546356201172, 7.87559700012207, 7.216781139373779, 8.933948516845703, 16.40658950805664, 7.644933223724365, 6.7040276527404785, 19.650653839111328, 8.004378318786621, 10.186378479003906, 15.247304916381836, 15.634105682373047, 7.369622707366943, 8.103076934814453, 14.565465927124023, 9.031152725219727, 5.784099102020264, 13.430767059326172, 7.294722080230713, 7.254944801330566, 9.78586483001709, 12.08137035369873, 9.236185073852539, 9.317476272583008, 11.883406639099121, 5.408815383911133, 12.117757797241211, 8.857959747314453, 6.7464919090271, 5.8177690505981445, 6.5633368492126465, 8.588372230529785, 6.653514385223389, 7.892861843109131, 7.596671104431152, 5.938366413116455, 12.160078048706055, 7.115405559539795, 7.183801174163818, 8.02546501159668, 6.6312971115112305, 8.075846672058105, 14.588732719421387, 16.45862579345703, 7.274384021759033, 11.772285461425781, 12.617390632629395, 6.073214530944824, 10.006821632385254, 11.9172945022583, 10.856892585754395, 8.076364517211914, 6.397520065307617, 10.758530616760254, 14.00025749206543, 8.06390380859375, 7.504446506500244, 13.660805702209473, 9.040650367736816, 12.744678497314453, 14.212493896484375, 8.576908111572266, 8.19253921508789, 9.069557189941406, 7.24233865737915, 10.588045120239258, 17.344099044799805, 16.66193389892578, 7.640469074249268, 10.813941955566406, 5.057092666625977, 14.055712699890137, 8.89831256866455, 8.9785795211792, 8.346532821655273, 9.085285186767578, 16.361637115478516, 16.11441993713379, 5.7698073387146, 7.592157363891602, 5.998915195465088, 10.201498031616211, 9.433799743652344, 6.658840656280518, 8.062151908874512, 7.74257230758667, 8.23910140991211, 9.178725242614746, 14.283123970031738, 7.8741960525512695, 7.591856479644775, 5.478381156921387, 6.546870231628418, 11.910322189331055, 15.712575912475586, 7.863449573516846, 15.663887023925781, 6.470206260681152, 10.049676895141602, 7.644565582275391, 9.21668815612793, 15.610919952392578, 15.563905715942383, 11.055822372436523, 15.871664047241211, 7.284664154052734, 9.370664596557617, 9.59343147277832, 7.48467493057251, 10.015880584716797, 6.438866138458252, 5.903853893280029, 7.567081451416016, 7.383930683135986, 11.527853012084961, 10.66691780090332, 6.611738204956055, 8.346624374389648, 9.018233299255371, 8.821389198303223, 13.843206405639648, 8.022555351257324, 9.337249755859375, 9.649567604064941, 8.379724502563477, 11.936809539794922, 9.75483226776123, 12.840540885925293, 5.352346897125244, 14.006820678710938, 10.775897026062012, 10.3556489944458, 7.108173847198486, 8.535508155822754, 7.272979259490967, 7.583968639373779, 16.51417350769043, 11.03403377532959, 6.2543487548828125, 6.859156131744385, 9.238288879394531, 9.42082405090332, 11.31586742401123, 7.065584659576416, 5.695186614990234, 7.28980016708374, 6.529608726501465, 10.292677879333496, 13.840039253234863, 14.078255653381348, 15.84146785736084, 18.381641387939453, 5.739449977874756, 6.398220062255859, 7.916656970977783, 7.064150333404541, 6.802772045135498, 9.784915924072266, 10.832294464111328, 7.0767412185668945, 13.039161682128906, 9.983796119689941, 16.49534034729004, 11.934333801269531, 10.54475212097168, 10.130614280700684, 7.280074119567871, 13.329129219055176, 8.392970085144043, 15.095426559448242, 7.619174957275391, 16.32267189025879, 13.026244163513184, 9.389243125915527, 11.610750198364258, 9.631985664367676, 8.122918128967285, 10.008726119995117, 8.78089714050293, 12.73499584197998, 10.008224487304688, 9.008380889892578, 18.734508514404297, 11.529876708984375, 13.119770050048828, 7.5296783447265625]
Cosines similarity random samples
[0.46452680230140686, -0.4618307948112488, -0.652912974357605, 0.5659743547439575, 0.5331396460533142, -0.28278473019599915, 0.6020528078079224, -0.479200541973114, -0.6667078733444214, -0.31309616565704346, 0.3504626154899597, 0.4346480965614319, 0.6499161720275879, 0.2760082483291626, -0.6741432547569275, 0.6817620396614075, 0.6774041056632996, -0.2418449968099594, 0.5630351305007935, 0.564363420009613, 0.36135947704315186, 0.35631170868873596, 0.4876643121242523, 0.2814938426017761, -0.16651563346385956, 0.8140195608139038, 0.12093910574913025, 0.6925766468048096, 0.6309111714363098, 0.641684889793396, 0.5301080346107483, 0.06393100321292877, 0.7082415819168091, 0.2984033226966858, 0.5572385787963867, 0.35145407915115356, 0.23897036910057068, -0.09194029122591019, 0.7353540062904358, 0.6853011846542358, 0.4966590404510498, 0.7710391283035278, -0.4936660826206207, -0.25016552209854126, -0.5984973311424255, -0.37778621912002563, 0.006239306181669235, 0.7088035345077515, 0.4603574872016907, 0.46201586723327637, -0.4944797456264496, 0.6873471140861511, 0.38214075565338135, 0.4541962146759033, 0.3393401503562927, 0.3752053380012512, 0.08760612457990646, 0.5278317928314209, 0.2846517562866211, -0.18098053336143494, 0.6176315546035767, -0.1333370804786682, 0.7342321276664734, -0.09487798064947128, 0.12557387351989746, 0.014254461973905563, -0.16776716709136963, -0.46041083335876465, 0.5781885981559753, -0.5006212592124939, 0.3348541855812073, 0.4892430007457733, 0.08810080587863922, 0.003373876214027405, 0.647775411605835, 0.7486885786056519, 0.5737971067428589, 0.3459209203720093, -0.48719245195388794, 0.6909008026123047, 0.5721245408058167, 0.42618972063064575, 0.40412017703056335, -0.5877427458763123, 0.5259462594985962, 0.14919662475585938, 0.1761881709098816, 0.2048678696155548, 0.021343916654586792, -0.5658386945724487, 0.371818870306015, 0.5679687261581421, 0.4066186547279358, 0.3124586343765259, 0.5585637092590332, -0.6015496850013733, 0.133722722530365, 0.6228703260421753, 0.35325995087623596, -0.36326080560684204, 0.5748626589775085, 0.04651593416929245, -0.743075966835022, 0.13697022199630737, 0.47169607877731323, 0.28074103593826294, -0.5320892930030823, 0.4604130983352661, 0.6431859135627747, -0.049930885434150696, 0.4105488955974579, 0.2080685943365097, -0.7472803592681885, 0.3672105073928833, 0.5891822576522827, 0.6288553476333618, 0.05675559490919113, -0.6986016631126404, 0.0747503787279129, -0.34624314308166504, 0.5878203511238098, -0.5351957082748413, 0.5321354866027832, -0.18352960050106049, 0.5185931324958801, -0.1012050062417984, 0.7190220952033997, -0.12437757104635239, 0.6274551153182983, 0.46459782123565674, -0.19854526221752167, 0.6121346950531006, -0.13610893487930298, 0.7226972579956055, 0.5181330442428589, 0.11116644740104675, -0.1461019366979599, 0.12783434987068176, 0.5160245895385742, -0.21785607933998108, -0.4020006060600281, 0.214448019862175, 0.5522350072860718, -0.5999435782432556, -0.002627059817314148, 0.6181680560112, 0.7952504754066467, 0.4102531671524048, 0.43556469678878784, 0.3110595643520355, 0.2662818729877472, -0.27049940824508667, 0.19915293157100677, -0.4709104001522064, 0.556769073009491, -0.07197592407464981, 0.25553199648857117, 0.25932931900024414, 0.5664867162704468, 0.3732885718345642, 0.6549488306045532, 0.5629483461380005, 0.3368667960166931, 0.6280814409255981, 0.7818341851234436, 0.011993736028671265, 0.4520091712474823, 0.7472404837608337, -0.059064533561468124, 0.664833128452301, 0.2681029140949249, 0.24909985065460205, 0.034940205514431, -0.7417569160461426, -0.3616251051425934, 0.1618693321943283, 0.12013823539018631, 0.6446622610092163, 0.07489043474197388, -0.03194704279303551, 0.5217524170875549, 0.5089009404182434, 0.3359081745147705, 0.20320184528827667, 0.5452007055282593, 0.6168637871742249, 0.6286043524742126, 0.6193418502807617, 0.34512656927108765, 0.6068797707557678, -0.16449302434921265, -0.21210362017154694, 0.4845264256000519, 0.6043535470962524, -0.597387433052063, 0.7186066508293152, 0.4188324809074402, 0.27411311864852905, 0.3149731755256653, 0.2909451723098755, 0.36855974793434143, 0.3844348192214966, 0.2372322380542755, 0.6914991736412048, 0.31942203640937805, 0.5296206474304199, 0.17228946089744568, 0.43164563179016113, 0.4809727966785431, -0.5477983355522156, -0.49588075280189514, -0.6325599551200867, -0.034670911729335785, 0.5861809849739075, 0.1407616138458252, 0.5736788511276245, -0.3853716254234314, 0.633297324180603, -0.010990902781486511, 0.5983386039733887, 0.5233557224273682, 0.17825062572956085, 0.1798800677061081, 0.037208981812000275, 0.35921981930732727, -0.07652026414871216, 0.13268575072288513, 0.24577879905700684, 0.6420062780380249, -0.20096877217292786, 0.5459490418434143, -0.1773320734500885, -0.41926056146621704, 0.23877696692943573, 0.3408534526824951, 0.5521522164344788, -0.2221522480249405, 0.7901453971862793, 0.2918413281440735, 0.6501350402832031, 0.44785362482070923, 0.36264359951019287, 0.23036131262779236, 0.3679807186126709, 0.5874278545379639, -0.2512323260307312, 0.10188546031713486, 0.26411429047584534, -0.3353079557418823, 0.019584715366363525, 0.25826385617256165, 0.527740478515625, -0.3393622040748596, 0.11773883551359177, -0.057101354002952576, 0.37370264530181885, 0.41101646423339844, -0.5559056997299194, 0.5330861210823059, 0.5786049365997314, 0.641555905342102, -0.18753202259540558, -0.011128563433885574, 0.4378625750541687, 0.272662490606308, 0.4708006680011749, 0.5776684284210205, 0.3124755024909973, 0.40172359347343445, 0.22450289130210876, 0.3544796109199524, 0.5721554160118103, 0.6643022894859314, 0.5100864171981812, 0.4782845079898834, 0.3090183734893799, 0.2099112570285797, 0.586134672164917, -0.05775400996208191, 0.5827270746231079, -0.08217357844114304, 0.21382513642311096, -0.09216444194316864, 0.07263858616352081, 0.5584914088249207, -0.10052303969860077, 0.7211642265319824, 0.6355953216552734, -0.32059717178344727, 0.4492190480232239, -0.5117738246917725, -0.26510971784591675, -0.2017194628715515, 0.3424873352050781, 0.08804376423358917, 0.44553112983703613, -0.512999415397644, 0.36633211374282837, 0.16357427835464478, 0.2993256449699402, 0.7132405042648315, 0.18267053365707397, 0.19773682951927185, 0.068515345454216, -0.3865365982055664, 0.07576172053813934, 0.14589887857437134, 0.8142318725585938, 0.6187196969985962, -0.03336019814014435, 0.49034005403518677, 0.4372382164001465, -0.18270783126354218, 0.47512397170066833, 0.12511137127876282, 0.5121075510978699, 0.49841880798339844, 0.7656137943267822, -0.21062836050987244, 0.02444624900817871, -0.000986546277999878, -0.43830406665802, -0.49393805861473083, 0.5445082187652588, 0.7148824334144592, 0.5271738767623901, -0.22294418513774872, 0.7103826999664307, 0.6688317060470581, 0.48258453607559204, 0.6493667364120483, 0.07923702895641327, -0.3485839366912842, 0.5768798589706421, 0.06950255483388901, -0.04387945309281349, -0.014922082424163818, 0.5789841413497925, 0.3016672730445862, 0.4372469484806061, 0.6402973532676697, -0.28473544120788574, 0.41351649165153503, 0.0026117414236068726, 0.12219476699829102, 0.6561558246612549, 0.3832026720046997, 0.5642834901809692, -0.14482417702674866, -0.029365040361881256, 0.24713021516799927, -0.458016037940979, 0.44285106658935547, 0.3869192600250244, -0.4248265027999878, 0.5744153261184692, 0.17874222993850708, -0.30372628569602966, 0.650799572467804, 0.10631820559501648, 0.6672399044036865, 0.026247188448905945, 0.7095949649810791, 0.3603864312171936, 0.3595704138278961, 0.035243451595306396, 0.4979743957519531, -0.5309715867042542, 0.17435556650161743, 0.48018911480903625, 0.06359189748764038, 0.2698197662830353, 0.4645114839076996, 0.6134375333786011, 0.07084698975086212, 0.5976904630661011, 0.44269245862960815, 0.5584830045700073, 0.34749704599380493, 0.22252248227596283, -0.4279978275299072, 0.7312375903129578, 0.41977769136428833, 0.4672870635986328, 0.030431833118200302, 0.08230054378509521, 0.5080609321594238, 0.39332515001296997, 0.3629942834377289, 0.6383317112922668, 0.06850863993167877, 0.7995282411575317, -0.12011775374412537, 0.01952751725912094, 0.6450455188751221, -0.4755187928676605, 0.5488688945770264, 0.5686324834823608, 0.3972664475440979, -0.2658695578575134, 0.592055082321167, 0.7329723834991455, 0.4770236611366272, 0.345258891582489, 0.7271783351898193, 0.6872966289520264, -0.5335612893104553, 0.5677228569984436, -0.03446623682975769, 0.5828961133956909, 0.6884794235229492, 0.4611436128616333, 0.32293879985809326, -0.10987186431884766, -0.1602085381746292, 0.12683649361133575, 0.647348165512085, 0.4681375324726105, 0.8320850133895874, 0.3500192165374756, 0.6032731533050537, 0.3899720311164856, 0.2986786961555481, 0.33490994572639465, -0.5291508436203003, 0.4261206388473511, 0.2580825686454773, 0.6992067098617554, -0.2429928183555603, 0.6842405796051025, 0.5450813174247742, 0.67397141456604, 0.16874760389328003, -0.5353919267654419, 0.6939939260482788, 0.39590689539909363, 0.5428011417388916, 0.4826328456401825, -0.23602747917175293, 0.03812757879495621, 0.41559499502182007, 0.01721370220184326, 0.36508750915527344, 0.46804773807525635, 0.36736011505126953, 0.597304105758667, 0.7118654251098633, 0.6043336391448975, 0.358187198638916, 0.7583451271057129, 0.636646032333374, 0.3392917215824127, 0.1291811168193817, 0.5764546990394592, 0.5486584901809692, 0.6945985555648804, 0.1091190055012703, -0.543612003326416, 0.3467092514038086, -0.6524474620819092, 0.5934669375419617, 0.348468542098999, 0.5142734050750732, 0.8043873310089111, 0.47366568446159363, 0.29062211513519287, 0.4658394455909729, 0.4043439030647278, 0.6421161890029907, -0.2911030650138855, 0.6967251300811768, 0.4517641067504883, 0.15002450346946716, -0.011899061501026154, -0.12790584564208984, 0.21350298821926117, 0.024168655276298523, 0.19391265511512756, -0.4937235116958618, 0.6221587657928467, 0.4596653878688812, 0.7554681301116943, -0.5654377341270447, 0.5290204286575317, 0.7234733700752258, -0.45136839151382446, -0.15605975687503815, 0.4302442967891693, 0.06895752251148224, -0.4432530701160431, 0.6796131134033203, -0.35329359769821167, 0.5778743624687195, 0.5339815616607666, 0.8405570983886719, 0.4572446048259735, -0.08151441812515259, -0.10023284703493118, 0.2734411060810089, 0.6533946990966797, 0.4993521273136139, 0.6360135078430176, 0.7047824263572693, 0.5553672313690186, 0.7677569389343262, 0.5016490817070007, 0.6915372610092163, 0.2842411398887634, 0.11575911939144135, 0.7229233980178833, 0.028340168297290802, 0.658211350440979, 0.1979735642671585, 0.30866819620132446, -0.4763108491897583, -0.4373132586479187, 0.3663319945335388, 0.3514786958694458, 0.23384471237659454, 0.09952780604362488, 0.5926600694656372, 0.44291937351226807, 0.051405057311058044, -0.09822381287813187, 0.7121599912643433, 0.6952919363975525, 0.06967784464359283, -0.02078067511320114, 0.7441462278366089, -0.14286857843399048, 0.4933786392211914, 0.3550982177257538, 0.5765891075134277, 0.7078874111175537, -0.48352277278900146, -0.6860436201095581, -0.5244804620742798, -0.13927984237670898, 0.3459295928478241, 0.4520246684551239, 0.17859229445457458, 0.6367388963699341, -0.25092217326164246, -0.6147388815879822, 0.12638258934020996, 0.07450103759765625, -0.07630083709955215, -0.18181739747524261, 0.28755486011505127, 0.7412673234939575, -0.22683249413967133, -0.5792617201805115, -0.4576324224472046, 0.39799436926841736, 0.5138607025146484, 0.05714748799800873, -0.01134653389453888, 0.7181296348571777, 0.15463414788246155, 0.5938748121261597, -0.1842746138572693, -0.6391454935073853, -0.1365523487329483, 0.2828792333602905, 0.007371574640274048, 0.3058653175830841, -0.5353304147720337, -0.6292407512664795, 0.12161137163639069, -0.2427341789007187, 0.5353312492370605, 0.3267603814601898, 0.27522456645965576, 0.7025703191757202, -0.6169614791870117, 0.1267847716808319, -0.5018247961997986, 0.760952353477478, 0.5132889747619629, -0.28107061982154846, 0.7392137050628662, -0.31361836194992065, -0.04294580593705177, -0.6029335260391235, 0.13019642233848572, -0.23955778777599335, -0.11266521364450455, -0.08117695897817612, 0.13861072063446045, 0.48337632417678833, -0.1841816008090973, 0.4189693033695221, 0.1664513796567917, -0.20397351682186127, 0.6745380163192749, -0.17184431850910187, 0.27438825368881226, 0.6733099222183228, 0.6300036907196045, -0.17059510946273804, 0.44254857301712036, 0.6696505546569824, -0.08805128931999207, 0.7415809631347656, 0.7039692997932434, 0.4732326865196228, 0.7351291179656982, 0.6041972041130066, 0.1796569973230362, -0.006188616156578064, 0.2089017927646637, 0.35440194606781006, -0.6115171909332275, -0.5382636785507202, 0.24829715490341187, 0.692996621131897, -0.0713159590959549, 0.38303324580192566, 0.5628713369369507, -0.4471725821495056, 0.164784237742424, 0.6693101525306702, 0.6589088439941406, -0.7137932777404785, -0.06215444952249527, 0.7576726675033569, -0.5478609800338745, -0.5917577147483826, -0.7157593369483948, 0.5408468246459961, 0.30692505836486816, 0.24607379734516144, 0.36115166544914246, 0.28120702505111694, 0.11397150903940201, -0.35556426644325256, -0.2173186093568802, 0.3705196976661682, 0.4724723696708679, -0.31112661957740784, -0.018742036074399948, 0.2784407138824463, -0.08144255727529526, 0.02873309701681137, 0.6537271738052368, -0.27358192205429077, 0.4162742495536804, 0.7505923509597778, 0.628878653049469, 0.416925847530365, -0.020713109523057938, -0.17090673744678497, 0.27185380458831787, 0.6162283420562744, 0.7929359674453735, 0.11342954635620117, 0.5538154244422913, 0.2785877585411072, 0.8204077482223511, 0.5588791370391846, 0.3025280833244324, 0.632804274559021, 0.4542577862739563, 0.6663428544998169, 0.4915866553783417, 0.4488605856895447, -0.5014665722846985, 0.6759166717529297, 0.3796679675579071, 0.05649469792842865, -0.19689029455184937, 0.729601263999939, -0.19767647981643677, -0.3063231110572815, 0.402211457490921, 0.32084572315216064, 0.5901308059692383, 0.45005011558532715, -0.1148538887500763, 0.734092116355896, 0.3337555527687073, 0.42090117931365967, 0.48472729325294495, -0.48173195123672485, 0.12963171303272247, -0.010249156504869461, -0.07386060804128647, 0.522226095199585, 0.7252999544143677, -0.08144809305667877, 0.38891273736953735, 0.5888006687164307, -0.5847446918487549, -0.056626833975315094, -0.03372354060411453, 0.6084471940994263, 0.5310810208320618, -0.5608351230621338, 0.5069379806518555, 0.18146924674510956, -0.5680450201034546, -0.051536887884140015, 0.2814300060272217, 0.015049874782562256, 0.7059898972511292, 0.8204690217971802, 0.6585396528244019, 0.09646567702293396, 0.7384024262428284, 0.5815271139144897, -0.08864392340183258, 0.604066014289856, 0.1076391190290451, -0.48921650648117065, 0.35993432998657227, 0.41386568546295166, 0.11586053669452667, 0.6956684589385986, 0.010968049988150597, 0.49752745032310486, 0.4454439878463745, 0.12829342484474182, 0.27671018242836, 0.4295589327812195, 0.7407880425453186, 0.7181365489959717, 0.2504248023033142, -0.5834620594978333, 0.5729434490203857, -0.47074443101882935, -0.5583597421646118, 0.6979382038116455, 0.20094925165176392, 0.4622236490249634, 0.2539384365081787, 0.5542669892311096, 0.23522211611270905, 0.27389705181121826, 0.33365076780319214, 0.5093843936920166, 0.7643918991088867, 0.7897727489471436, 0.5431052446365356, -0.6656373739242554, -0.5364859104156494, 0.5955237150192261, 0.6477364897727966, 0.4354524314403534, 0.3235236406326294, 0.45167264342308044, 0.5007572174072266, 0.1742568463087082, -0.5135217308998108, 0.4836946725845337, 0.3079901933670044, 0.7263615131378174, 0.5658560991287231, 0.020333707332611084, 0.30959537625312805, 0.3803598880767822, 0.7190166711807251, 0.24755613505840302, 0.36573177576065063, 0.572618842124939, 0.6448944211006165, 0.205765962600708, 0.22060279548168182, 0.7107305526733398, -0.10883276909589767, 0.2883502244949341, 0.7148185968399048, 0.6754724383354187, 0.5380144119262695, 0.4726778268814087, 0.6585139632225037, -0.26854217052459717, 0.3494272232055664, 0.5437892079353333, 0.5420547723770142, 0.429193913936615, 0.1992533951997757, 0.34224629402160645, -0.4570792019367218, 0.1099051982164383, 0.4486227035522461, 0.6551486849784851, 0.6456893682479858, 0.47213655710220337, 0.40680795907974243, 0.6374980211257935, 0.6213558912277222, -0.019349008798599243, 0.5047544836997986, 0.6729614734649658, 0.7373930811882019, -0.04360876977443695, -0.019411711022257805, 0.7403016686439514, 0.8017061948776245, 0.6087049245834351, 0.13053885102272034, 0.7747562527656555, -0.0032984092831611633, 0.3265610933303833, 0.4345257878303528, 0.046582385897636414, -0.03295458108186722, 0.5007860660552979, -0.3952541649341583, 0.47901982069015503, 0.31626707315444946, 0.7448154091835022, -0.1157856211066246, 0.478213369846344, 0.5660253167152405, 0.6954216957092285, 0.3898922801017761, -0.31404316425323486, 0.3711421489715576, 0.5951993465423584, -0.31211960315704346, -0.7072458267211914, 0.2837379276752472, -0.23465311527252197, 0.561830997467041, -0.19715863466262817, 0.4117196202278137, 0.013340398669242859, -0.2105105221271515, -0.7295304536819458, -0.6369295120239258, 0.6007747650146484, 0.6895915269851685, -0.5665923357009888, 0.7016217708587646, -0.6039764285087585, -0.18561863899230957, 0.4375339448451996, 0.05134430527687073, -0.5511578321456909, -0.5015764236450195, 0.21658048033714294, -0.29714083671569824, 0.6203020811080933, 0.48729151487350464, -0.5840353965759277, 0.4138575792312622, 0.240300714969635, 0.689294695854187, 0.2853533625602722, 0.51190185546875, 0.3591385781764984, 0.40101921558380127, 0.21861344575881958, 0.6307175755500793, 0.38409942388534546, 0.5142490863800049, 0.5431485176086426, 0.3982747197151184, -0.7141814827919006, 0.3205876052379608, 0.5256849527359009, 0.3932925760746002, 0.7713744640350342, 0.5960333943367004, 0.28226256370544434, 0.12190756946802139, 0.18483123183250427, 0.5215690732002258, -0.1990763247013092, 0.3202587962150574, 0.5827783942222595, 0.5153866410255432, 0.3543391227722168, -0.0961051806807518, 0.4062323570251465, 0.26978281140327454, 0.7387857437133789, -0.0734037458896637, -0.007582873106002808, 0.15726543962955475, 0.7444764375686646, 0.09707766771316528, 0.7759343385696411, 0.6672415733337402, -0.007417317479848862, 0.6828555464744568, -0.4356176257133484, 0.46482419967651367, 0.564845621585846, 0.7566542029380798, 0.726735532283783, 0.6464900970458984, 0.06879293918609619, -0.01194562017917633, 0.3676755130290985, 0.7771258354187012, 0.3691990375518799, 0.6775323152542114, 0.6401112079620361, 0.21964876353740692, 0.6067177057266235, 0.416176974773407, 0.7536313533782959, 0.3733024001121521, 0.8386370539665222, 0.38177070021629333, 0.00841442495584488, 0.5355117917060852, -0.27016305923461914, -0.2503247559070587, 0.7632306814193726, 0.8368597030639648, 0.6518880128860474, 0.5264240503311157, 0.6594460010528564, 0.6318104267120361, -0.6042115092277527, -0.30724117159843445, 0.6597468852996826, 0.5809606909751892, 0.2571485936641693, 0.7336761355400085, -0.31587931513786316, 0.7795758843421936, -0.04885523021221161, -0.5686240196228027, 0.39947983622550964, 0.5355761051177979, 0.25304779410362244, 0.7175969481468201, 0.0821896344423294, 0.4307094216346741, 0.47241488099098206, 0.7902480363845825, 0.7998833060264587, 0.29941055178642273, 0.4111257791519165, 0.6332746148109436, 0.7255258560180664, 0.1739686131477356, -0.3404078483581543, -0.24572189152240753, 0.34247565269470215, 0.7314450144767761, 0.8325097560882568, -0.14096395671367645, 0.5943532586097717, -0.06459054350852966, 0.7437429428100586, 0.6551361083984375, 0.7772705554962158, 0.6358319520950317, 0.5043236017227173, 0.3869388997554779, -0.5879012942314148, 0.22041022777557373, -0.12569384276866913, 0.6567689180374146, 0.2453417181968689, -0.7129239439964294, -0.4791955351829529, 0.7708085775375366, 0.6874141097068787, 0.19500809907913208, 0.16964878141880035, 0.6512150764465332, -0.16595396399497986, 0.4891126751899719, 0.48124295473098755, 0.3859873116016388, 0.6707450151443481, 0.20702910423278809, -0.41259467601776123, 0.5765725374221802, 0.6436268091201782, -0.42448171973228455, 0.5910995006561279, 0.4132886528968811, -0.48573625087738037, -0.21420948207378387, 0.5557752847671509, 0.4493139386177063, 0.6777364611625671, 0.7678033113479614, 0.3922276794910431, -0.20631110668182373, 0.4353662133216858, 0.7483629584312439, 0.7383395433425903, 0.7212425470352173, 0.7422306537628174, 0.3207207918167114, 0.010161086916923523, 0.7030904293060303, 0.7386918067932129, 0.46887096762657166, 0.5384449362754822, 0.6117244958877563, 0.7073681354522705, 0.4740980863571167, 0.3583318889141083, 0.5474624633789062, 0.03080856055021286, -0.2445751279592514, 0.2517009973526001, 0.46460896730422974, 0.3752138912677765, 0.622231662273407, 0.4040454626083374, -0.004423581063747406, -0.5022779107093811, -0.004439219832420349, 0.816364049911499, 0.6750640273094177, 0.44175267219543457, 0.7197904586791992, 0.3878091275691986, -0.3728238642215729, -0.4417914152145386, -0.6492658257484436, 0.5044898986816406, 0.271584689617157, 0.03948517143726349, 0.4059164226055145, 0.6480135321617126, 0.4649757742881775, -0.10399726033210754, 0.4560951590538025, 0.27925199270248413, -0.6455364227294922, 0.010725513100624084, 0.0260397270321846, 0.36933016777038574, -0.02372993528842926, 0.36345648765563965, -0.4262779951095581, 0.4239037036895752, 0.7287899255752563, 0.0961320623755455, 0.2242375910282135, 0.2578709125518799, 0.7404882311820984, 0.0668288916349411, 0.36457359790802, -0.27294790744781494, 0.6606621742248535, 0.10661476105451584, 0.7141333818435669, 0.20181667804718018, 0.27615368366241455, 0.4329673945903778, 0.6109482645988464, 0.4184219539165497, 0.7471137642860413, 0.6249378323554993, 0.19833210110664368, 0.6704487204551697, -0.34099680185317993, 0.7225080728530884, 0.674566388130188, 0.07940670102834702, 0.5663332939147949, 0.46743643283843994, 0.7313907146453857, 0.35638248920440674, 0.7447186708450317, 0.062126874923706055, 0.06981039047241211, 0.49228978157043457, 0.11260959506034851, 0.7537187337875366, -0.11913438141345978, 0.5455060005187988, 0.1833973377943039, -0.19718503952026367, 0.4400593340396881, 0.20244435966014862, 0.6798129081726074, 0.6455763578414917, -0.45926612615585327, 0.32174211740493774, -0.6225908398628235, 0.6039518117904663, 0.5322936773300171, 0.5933863520622253, 0.655493974685669, 0.3470304012298584, 0.016307968646287918, 0.524164617061615, 0.10335874557495117, 0.6393036246299744, -0.17001596093177795, 0.5046974420547485, 0.21663209795951843, 0.632532000541687, 0.5146047472953796, 0.2157260775566101, 0.37636929750442505, -0.1538088172674179, 0.12434615939855576, 0.24114088714122772, -0.6679399013519287, 0.4010345935821533, 0.06659305840730667, 0.6506125926971436, 0.3999785780906677, 0.3623521327972412, -0.26410287618637085, 0.5334569215774536, 0.6460884213447571, 0.7371337413787842, 0.7128180861473083, 0.7970261573791504, 0.45326942205429077, 0.3248000741004944, 0.6306192874908447, -0.4209238290786743, 0.1646806299686432, -0.5528239011764526, 0.5969139337539673, 0.23242530226707458, -0.14151516556739807, 0.43719956278800964, 0.2935056686401367, -0.09379485249519348, 0.0683910995721817, -0.32164686918258667, 0.6955310106277466, 0.6165663003921509, 0.14440664649009705, -0.11160048842430115, -0.1510811150074005, 0.5015485882759094, -0.41713085770606995, 0.47766342759132385, 0.41463184356689453, 0.7266587615013123, -0.3348098695278168, 0.7071621417999268, 0.6102451086044312, 0.5320352911949158, 0.6860557794570923, -0.106535404920578, 0.5258136987686157, 0.5037733316421509, 0.5899026989936829, 0.5566228628158569, -0.1877870261669159, 0.48959118127822876, 0.6285202503204346, 0.45993462204933167, 0.3674379587173462, -0.09967777878046036, 0.37678930163383484, 0.3138737082481384, 0.02640029788017273, 0.3248535394668579, 0.05889622122049332, 0.47491341829299927, 0.7468714714050293, 0.5968643426895142, 0.036876920610666275, -0.09100525081157684, 0.6875439882278442, 0.37740904092788696, 0.49111342430114746, 0.5966984629631042, 0.7389925122261047, 0.1378118246793747, -0.4936230182647705, 0.37899208068847656, -0.44045689702033997, 0.2881312668323517, 0.6436941027641296, 0.48089486360549927, 0.5928579568862915, 0.41781777143478394, 0.451215922832489, 0.45716774463653564, -0.662041187286377, 0.14673906564712524, -0.0031467489898204803, 0.5860940217971802, -0.12036757916212082, 0.5740472674369812, 0.08740992844104767, -0.29582515358924866, 0.46739357709884644, 0.4750274419784546, 0.29889851808547974, 0.522977352142334, 0.11005324125289917, -0.5609226226806641, -0.26666054129600525, 0.529816746711731, -0.05107632279396057, -0.1085086315870285, 0.7664440870285034, -0.07801856845617294, -0.7347307205200195, 0.45933032035827637, -0.4474584460258484, 0.7028355598449707, 0.6711493730545044, 0.5800395011901855, -0.6796796321868896, -0.00867365300655365, 0.4379560947418213, 0.32642480731010437, -0.4676666855812073, 0.32800984382629395, 0.661363959312439, -0.44545358419418335, 0.25151848793029785, -0.0237496979534626, 0.4552344083786011, 0.20404618978500366, 0.26772966980934143, 0.31668370962142944, -0.06818684190511703, 0.5623589754104614, 0.8152186870574951, 0.2679503858089447, -0.11632643640041351, -0.5206061601638794, 0.4463236927986145, 0.34721115231513977, 0.609165370464325, 0.17698641121387482, 0.7650294303894043, 0.46360984444618225, 0.3399221897125244, 0.7107664346694946, -0.569746732711792, 0.7981570363044739, 0.28307366371154785, 0.7391786575317383, 0.6644058227539062, -0.112066850066185, 0.7131280899047852, -0.46848607063293457, 0.3276229500770569, 0.5326637029647827, -0.2646730840206146, -0.09909488260746002, 0.6749163269996643, -0.21890456974506378, -0.2335687130689621, 0.7832624912261963, 0.5326462984085083, -0.5418290495872498, 0.3648916482925415, 0.1288776993751526, -0.4984533190727234, 0.4190770387649536, -0.5291706323623657, 0.4705081880092621, 0.23212960362434387, -0.31562891602516174, 0.6890329122543335, 0.06740230321884155, 0.2090720385313034, 0.08787020295858383, -0.47867289185523987, -0.1527131348848343, 0.7020131349563599, -0.19965654611587524, 0.6924033164978027, 0.6128755807876587, -0.42598384618759155, 0.7393943071365356, 0.5997937917709351, 0.3852584958076477, 0.5025213360786438, 0.45425236225128174, 0.08806170523166656, -0.3615821599960327, 0.48192721605300903, 0.6327559947967529, 0.3646479845046997, 0.5575875043869019, 0.6656621694564819, 0.38022249937057495, 0.46821147203445435, -0.08909720927476883, 0.5034323930740356, 0.48502975702285767, 0.21727967262268066, 0.6280242204666138, 0.6023111343383789, 0.5538542866706848, 0.7005445957183838, 0.6432260274887085, 0.06552117317914963, 0.24026228487491608, 0.5071321725845337, 0.20230449736118317, -0.45180267095565796, 0.6186470985412598, 0.719147801399231, 0.8339722156524658, 0.33740872144699097, 0.4648929238319397, 0.3560415804386139, -0.5257689356803894, 0.5399788022041321, 0.6116639375686646, 0.3651367723941803, 0.8147184252738953, -0.6269530057907104, -0.7290531992912292, -0.3473771810531616, 0.6682413816452026, 0.4645569920539856, 0.171148881316185, 0.7520855665206909, 0.7035667896270752, 0.1258752942085266, 0.7302501797676086, 0.4956724941730499, 0.6836768388748169, 0.6562271118164062, 0.6786236763000488, 0.7287863492965698, 0.32372361421585083, 0.3755585551261902, 0.4963861107826233, 0.6542655825614929, 0.484406054019928, 0.5284003019332886, 0.4392828345298767, 0.618827760219574, -0.13515347242355347, 0.5882174968719482, 0.545188307762146, 0.399478018283844, 0.6911904215812683, 0.4257850646972656, -0.19059045612812042, 0.675338089466095, 0.5746486186981201, 0.31410861015319824, 0.6563773155212402, 0.3718077540397644, 0.7535667419433594, 0.32103508710861206, 0.7850109338760376, 0.6357792019844055, -0.17185284197330475, 0.30576276779174805, -0.6708139181137085, 0.5477449893951416, 0.5317559242248535, -0.2937748432159424, 0.6948137879371643, 0.6574575901031494, 0.43748366832733154, -0.49434995651245117, 0.5641789436340332, 0.6476712226867676, 0.303796648979187, 0.7385700345039368, -0.22727224230766296, 0.2731538414955139, -0.2127676010131836, -0.6149317026138306, 0.4985223114490509, 0.34946301579475403, 0.6662068367004395, -0.6086524724960327, -0.4688911437988281, 0.6761888265609741, 0.5231150388717651, 0.6557371616363525, 0.4811694025993347, -0.5144628882408142, 0.28184300661087036, 0.2577887177467346, 0.7038035988807678, 0.7449904680252075, 0.7281225323677063, 0.5543016791343689, -0.11858167499303818, -0.4081134796142578, 0.48533058166503906, -0.7360670566558838, 0.7311786413192749, 0.4095017910003662, -0.05112659931182861, 0.5236722230911255, 0.36878591775894165, 0.020264439284801483, 0.5255177617073059, -0.47717440128326416, -0.5388639569282532, 0.44479507207870483, -0.0024773478507995605, 0.4075532555580139, 0.836297869682312, 0.7892661094665527, 0.6938351392745972, 0.6668851375579834, 0.5385302305221558, 0.8816021084785461, 0.20211079716682434, 0.45717865228652954, 0.39244183897972107, -0.1936037242412567, 0.5240089893341064, -0.27993255853652954, -0.38751131296157837, 0.45376595854759216, 0.07117873430252075, 0.7298133969306946, 0.023146234452724457, 0.4522348642349243, 0.8025032877922058, 0.06807414442300797, 0.3649718165397644, 0.46036022901535034, 0.7435475587844849, 0.6936168670654297, 0.7284595966339111, 0.6046677827835083, 0.5918601751327515, -0.20988912880420685, 0.6280807256698608, -0.5223145484924316, 0.7273751497268677, 0.3141115605831146, -0.7359376549720764, 0.5497361421585083, 0.5082550048828125, 0.3177945911884308, 0.1606479436159134, -0.010119333863258362, -0.1266189068555832, 0.40618690848350525, 0.7197147011756897, 0.4369015693664551, 0.5603125095367432, 0.29671868681907654, 0.696763277053833, 0.6618394255638123, -0.4837340712547302, 0.6386885643005371, 0.21819591522216797, -0.15978068113327026, -0.21046914160251617, 0.6323882341384888, -0.5011640787124634, 0.16436156630516052, 0.6986238360404968, 0.5260699987411499, 0.08033420145511627, 0.5227222442626953, 0.3881463408470154, 0.16395550966262817, 0.524483323097229, 0.36668723821640015, -0.11154292523860931, 0.6240214109420776, 0.48213350772857666, -0.055012986063957214, 0.2953350245952606, -0.32476362586021423, 0.5939223766326904, 0.033756010234355927, 0.14962688088417053, 0.42099249362945557, 0.020973384380340576, 0.6333311796188354, 0.3254700303077698, 0.6385719776153564, 0.55357426404953, 0.7668972015380859, 0.6338235139846802, 0.41803568601608276, 0.6315298676490784, 0.659304141998291, -0.3829992115497589, -0.19809862971305847, 0.26401543617248535, -0.08771084249019623, 0.6628610491752625, 0.45522451400756836, 0.5677602291107178, 0.3708793818950653, 0.1636028289794922, -0.29981598258018494, 0.4229283928871155, -0.19229459762573242, -0.381023645401001, 0.70107102394104, 0.07119779288768768, 0.4597669839859009, 0.5360830426216125, 0.10571525245904922, 0.7113364338874817, 0.6871041059494019, -0.17955206334590912, -0.00941517949104309, 0.15208344161510468, -0.2250637263059616, -0.20804879069328308, -0.5424367189407349, -0.06445008516311646, 0.7147083282470703, 0.7050677537918091, 0.5753360986709595, 0.5702722072601318, 0.24206769466400146, 0.19384032487869263, 0.6381573677062988, -0.0729718804359436, -0.38442492485046387, -0.5529834032058716, 0.1241651177406311, 0.3230952024459839, 0.5153266191482544, 0.10477188229560852, 0.4397044777870178, 0.2979854345321655, 0.5593061447143555, 0.1172422543168068, 0.28422802686691284, 0.6408125162124634, 0.23476722836494446, 0.7262375354766846, 0.38091784715652466, 0.7837991714477539, 0.35495394468307495, -0.17313727736473083, 0.006617143750190735, 0.797091543674469, 0.8211760520935059, -0.17231789231300354, 0.4908008575439453, 0.22433099150657654, -0.49028706550598145, -0.15403303503990173, 0.4284771680831909, -0.6324216723442078, -0.15202845633029938, 0.4954119026660919, 0.703117847442627, -0.1517910361289978, -0.47448116540908813, 0.14884766936302185, 0.6207913160324097, -0.01308438926935196, -0.6622048616409302, 0.010201714932918549, 0.6643339991569519, -0.6985166072845459, 0.42731666564941406, 0.7505726218223572, 0.014262273907661438, 0.6745506525039673, -0.013471834361553192, 0.7790558338165283, 0.09205395728349686, -0.16635140776634216, 0.09380790591239929, 0.46567076444625854, -0.48177748918533325, 0.5737683773040771, 0.7435464262962341, 0.6041462421417236, 0.48267146944999695, 0.2776896059513092, 0.6217723488807678, -0.6791311502456665, 0.5197718143463135, 0.4477413296699524, 0.5731413960456848, 0.7102223634719849, 0.7474899888038635, -0.3657008409500122, 0.0992225855588913, 0.002974286675453186, 0.5524234175682068, 0.7516887187957764, -0.5841756463050842, 0.6386905908584595, -0.7056066989898682, 0.6606031656265259, -0.4835977256298065, 0.5459412932395935, -0.22299247980117798, 0.43268731236457825, 0.7430814504623413, 0.24412813782691956, -0.26999619603157043, -0.3661573529243469, -0.4554183781147003, 0.55736243724823, 0.723189651966095, 0.40328240394592285, 0.5374258756637573, -0.180539071559906, 0.48659318685531616, 0.5536379218101501, 0.5903187990188599, -0.19196900725364685, 0.6057565212249756, 0.41925179958343506, -0.19308190047740936, -0.5604722499847412, 0.6541203856468201, 0.3276273310184479, -0.285988986492157, 0.38372790813446045, 0.6534104943275452, 0.7349869012832642, 0.7807081937789917, 0.7875472903251648, 0.44442078471183777, -0.11894874274730682, 0.23334285616874695, 0.6507964134216309, 0.5659304857254028, 0.08782045543193817, -0.5832780599594116, 0.7333966493606567, 0.6637955904006958, 0.5252015590667725, 0.4185316562652588, 0.3782500624656677, -0.6181154847145081, 0.10535705089569092, 0.6134916543960571, -0.30762290954589844, 0.30719998478889465, -0.46723461151123047, 0.622564435005188, -0.19580954313278198, 0.5229902267456055, -0.49934250116348267, 0.4775267541408539, 0.733817458152771, 0.19625359773635864, 0.17107152938842773, 0.3640493154525757, 0.3130793273448944, -0.038189053535461426, -0.11084401607513428, 0.6527121067047119, 0.4231759309768677, -0.15003643929958344, 0.3856097459793091, 0.6708720326423645, 0.6470625996589661, -0.17858129739761353, 0.2300359010696411, 0.7322492599487305, 0.6738771200180054, 0.3778991401195526, 0.5600298047065735, 0.6263793706893921, -0.5218327045440674, -0.29119229316711426, 0.2573477327823639, 0.7156808376312256, 0.46517515182495117, 0.5091143846511841, 0.17795288562774658, 0.4957239329814911, 0.5634586811065674, 0.4125629961490631, 0.544093132019043, 0.6161679029464722, 0.47410696744918823, 0.47931474447250366, 0.5782065391540527, 0.2540045976638794, 0.0027533620595932007, 0.528346061706543, -0.3912400007247925, -0.474920392036438, 0.048519134521484375, -0.2547863721847534, -0.644612193107605, -0.468547523021698, -0.35156986117362976, 0.2701149582862854, -0.3733985424041748, -0.38416481018066406, 0.22335268557071686, -0.7004168033599854, -0.051101360470056534, 0.586347222328186, 0.4262734651565552, 0.5259790420532227, 0.4825902283191681, 0.3736339211463928, 0.7909181714057922, 0.3801844120025635, -0.6203681230545044, -0.2830928862094879, 0.17949287593364716, 0.7032142281532288, 0.4313806891441345, 0.5770728588104248, 0.048271194100379944, -0.12140120565891266, 0.3878653347492218, 0.3040230870246887, 0.5293557643890381, 0.6547513604164124, -0.36922740936279297, 0.20433776080608368, 0.32220959663391113, -0.5108828544616699, -0.22655510902404785, 0.14467290043830872, 0.43208083510398865, 0.4315280020236969, 0.6864601969718933, 0.3785601258277893, 0.5648332238197327, 0.22171810269355774, 0.6061238050460815, 0.49486708641052246, 0.6210245490074158, 0.06868000328540802, -0.4810507297515869, 0.46641242504119873, 0.5285872220993042, 0.43584948778152466, -0.01837127096951008, 0.6205036640167236, 0.08601231873035431, 0.13224844634532928, -0.3157692551612854, -0.7393381595611572, -0.4046748876571655, 0.31724050641059875, -0.5143563747406006, -0.7575392723083496, -0.12457055598497391, 0.02703818306326866, 0.23640476167201996, 0.7042408585548401, 0.813971996307373, 0.6687350273132324, -0.20868292450904846, 0.5004482865333557, 0.5242183804512024, 0.1416671872138977, 0.036528874188661575, 0.5106020569801331, -0.30307134985923767, 0.6306716799736023, -0.4983953833580017, 0.5246511101722717, 0.2176891267299652, 0.31343841552734375, 0.40488290786743164, -0.6204236745834351, 0.46942055225372314, 0.2968197166919708, 0.2874176502227783, -0.09944581985473633, 0.7789983153343201, 0.37850940227508545, 0.5694161653518677, 0.365537166595459, 0.7972074747085571, -0.09832313656806946, 0.4613420367240906, 0.47391277551651, -0.08220979571342468, -0.45906275510787964, 0.23389187455177307, 0.3806348741054535, -0.31518739461898804, 0.20539942383766174, 0.5269255638122559, -0.3820926249027252, 0.6098888516426086, -0.06552407890558243, -0.4221210479736328, 0.3264002203941345, 0.43546193838119507, -0.25891125202178955, 0.07946744561195374, 0.15807224810123444, 0.02396303415298462, 0.3255399763584137, -0.06789864599704742, 0.32664012908935547, 0.12230569869279861, 0.4821319580078125, 0.4760468006134033, 0.4395959973335266, 0.7543277740478516, 0.3471144735813141, 0.24139070510864258, -0.6649173498153687, 0.778918981552124, 0.47286051511764526, -0.2919657826423645, -0.5040987133979797, -0.5417824387550354, -0.4970736503601074, 0.6458761692047119, -0.6538547277450562, 0.6104508638381958, 0.5776495933532715, 0.5149075984954834, 0.6744129657745361, -0.416156530380249, 0.5742607116699219, 0.5770891904830933, 0.2541673183441162, 0.6251944303512573, 0.056265294551849365, -0.3496937155723572, 0.5635437965393066, 0.5916166305541992, -0.03892116621136665, 0.6402945518493652, -0.29180100560188293, 0.4760001599788666, 0.7357684969902039, 0.5220363140106201, -0.5799462795257568, 0.519700288772583, 0.5279994606971741, -0.13345450162887573, -0.04405084252357483, 0.633833110332489, 0.6863827705383301, 0.6872392892837524, 0.7426381707191467, 0.7125300168991089, 0.19656246900558472, 0.5109373331069946, 0.42808157205581665, 0.7270635962486267, -0.4270419478416443, 0.18451710045337677, 0.46645689010620117, 0.7442126274108887, 0.7953512668609619, 0.3800484538078308, 0.582055926322937, 0.5805548429489136, 0.13915368914604187, 0.5001952648162842, -0.636076807975769, -0.33302074670791626, 0.6735687255859375, 0.726097583770752, -0.2761833369731903, -0.522589385509491, 0.688556432723999, 0.5925605297088623, 0.469169020652771, -0.18775932490825653, 0.6255419254302979, 0.0019305534660816193, 0.4033191204071045, 0.613033652305603, -0.08102504163980484, 0.5556992888450623, -0.591995358467102, -0.4572872519493103, 0.4452533721923828, -0.6398431062698364, 0.5777442455291748, 0.2085842490196228, -0.1363109052181244, 0.15530309081077576, 0.5756838321685791, -0.15595552325248718, -0.3806845247745514, 0.2274748682975769, 0.427966445684433, 0.6454226970672607, -0.6262871623039246, 0.44429928064346313, 0.6589541435241699, -0.21786904335021973, 0.40405145287513733, 0.4816098213195801, -0.26242774724960327, 0.4615914821624756, 0.583726167678833, 0.6087839603424072, 0.6902056932449341, 0.7158136367797852, 0.6954431533813477, 0.692499041557312, 0.5786840915679932, 0.5367244482040405, -0.37815219163894653, 0.5462756156921387, 0.7182779908180237, 0.5820165872573853, 0.03798167407512665, 0.3811929225921631, -0.22064119577407837, -0.5510869026184082, -0.05529356002807617, -0.49885082244873047, -0.4789792001247406, 0.6595700979232788, 0.5843755602836609, -0.5259386897087097, -0.11730721592903137, 0.49485790729522705, -0.5821930170059204, 0.49314144253730774, 0.6247014999389648, 0.41691479086875916, -0.5601761341094971, 0.5119061470031738, 0.6728553771972656, -0.6611007452011108, 0.5307826995849609, 0.22080451250076294, -0.1977272778749466, -0.597697377204895, 0.5566056370735168, 0.5033842325210571, -0.5623574256896973, 0.2818409204483032, 0.7491821646690369, -0.4706496596336365, 0.6367748975753784, 0.5509801506996155, 0.44984039664268494, 0.046077534556388855, 0.4331914186477661, 0.30020058155059814, 0.3591644763946533, 0.7838360071182251, -0.049595579504966736, 0.2667412757873535, 0.6245499849319458, 0.7485550045967102, 0.653705358505249, 0.6285396218299866, 0.7275959253311157, 0.5810991525650024, 0.5330357551574707, 0.7466325759887695, 0.04063067212700844, 0.6539750695228577, 0.5787708759307861, 0.5401410460472107, 0.6510798335075378, 0.45141375064849854, -0.6146879196166992, -0.43919360637664795, 0.585135817527771, -0.11851854622364044, 0.38894855976104736, 0.7118374109268188, 0.24918197095394135, 0.1525665670633316, 0.5532063245773315, 0.6521861553192139, 0.698077917098999, 0.5190247297286987, -0.5938125252723694, 0.6898750066757202, 0.6325728297233582, -0.45113497972488403, 0.4399408996105194, -0.4410383701324463, -0.43605077266693115, 0.37429314851760864, 0.6278657913208008, 0.293500691652298, 0.6019269227981567, 0.2172236144542694, -0.7003971934318542, -0.6717784404754639, 0.6285173296928406, 0.2516251802444458, 0.8218920230865479, -0.5561144351959229, 0.3533286452293396, 0.30598539113998413, 0.6739546060562134, 0.3058081269264221, -0.5615549087524414, -0.503594696521759, 0.7846121788024902, 0.5693517923355103, 0.7298235297203064, 0.6008692979812622, 0.5801867246627808, 0.6520407199859619, 0.5050252676010132, 0.47396254539489746, 0.5667848587036133, 0.1888086497783661, -0.575324535369873, 0.43526262044906616, 0.5331321954727173, 0.8428112268447876, 0.6518700122833252, -0.2721365690231323, -0.6044185161590576, 0.45124924182891846, -0.6763088703155518, 0.8130604028701782, 0.08058461546897888, 0.6239295601844788, 0.3717942535877228, -0.5056405663490295, -0.5854255557060242, 0.14782631397247314, -0.4785405993461609, 0.617708146572113, 0.15538540482521057, 0.2791115343570709, 0.6076207160949707, 0.2982296347618103, 0.7503088712692261, 0.7897201776504517, 0.6132186055183411, 0.7131624221801758, 0.007466435432434082, 0.1775268316268921, 0.6486026048660278, 0.38593801856040955, 0.2791743278503418, 0.411478728055954, -0.4884070158004761, 0.44033268094062805, 0.2791779935359955, 0.37308767437934875, 0.4487931728363037, 0.07373490184545517, 0.38814353942871094, -0.47800391912460327, 0.8306553363800049, -0.5081122517585754, -0.044402703642845154, -0.03136143088340759, 0.6690703630447388, 0.7537364959716797, 0.5455235242843628, 0.5698358416557312, -0.5464040040969849, 0.11955858767032623, 0.7136945724487305, 0.6111574172973633, 0.2936444878578186, 0.651965320110321, -0.11018833518028259, 0.5915549993515015, 0.7567198872566223, 0.5837224721908569, 0.6826120018959045, 0.16029247641563416, -0.2029685229063034, -0.40789902210235596, -0.6242789030075073, -0.7366792559623718, 0.7542980313301086, 0.7542464733123779, 0.4577980637550354, 0.5843549966812134, 0.6686724424362183, 0.5079469084739685, 0.10866434872150421, 0.6797483563423157, -0.45866525173187256, 0.16720685362815857, -0.49449896812438965, 0.02269338071346283, 0.11546219885349274, 0.12370742112398148, 0.5502611398696899, -0.29714128375053406, 0.39031481742858887, -0.6925996541976929, 0.5336571931838989, -0.6218388080596924, -0.3990272283554077, 0.31525465846061707, 0.19148173928260803, 0.22770339250564575, 0.6324244737625122, -0.0020089522004127502, 0.3309406042098999, -0.23390719294548035, 0.5242866277694702, 0.32203763723373413, -0.692392110824585, 0.08329586684703827, -0.31526821851730347, 0.5933777093887329]
