sample name: ['Cc1ccc(CCNC(=O)NCCc2csc(N3CCCC3)n2)c(C)c1']
atom_index,distance,cosine_similarity
0,-0.6037249755859375,0.06047997885383666
1,-1.0811749267578126,0.12853224270045757
2,0.7258197021484375,-0.08757678065449
3,-2.3371453857421876,0.2563811086863279
4,0.5372149658203125,-0.06758419044315815
5,-0.6743426513671875,0.08683753170073033
6,0.495386962890625,-0.041054263897240165
7,1.6779571533203126,-0.18473749089986086
8,0.7352825927734375,-0.08558259919285774
9,-2.5788116455078125,0.3379564847610891
10,-2.585384521484375,0.3704562736302614
11,-0.830850830078125,0.10698854550719261
12,-0.74241943359375,0.09573435179889202
13,-1.592003173828125,0.18323244053870438
14,-0.1391314697265625,0.022045826371759177
15,0.0184765625,-0.02499331483617425
16,-0.129080810546875,0.004730703383684158
17,-0.7509930419921875,0.08430417271330953
18,0.1599560546875,0.0004248757287859917
19,-2.08505126953125,0.24254968244582414
20,-0.02880615234375,0.01107104867696762

Sum of phi values for distance
-11.80882629394531
Sum of phi values for cosine similarity
1.5001966275740413
Average distance random samples:
9.83830631619408
Average cosine similarity random samples:
0.1832351605798162
Distances random samples
[5.219046592712402, 6.085654258728027, 12.042649269104004, 5.179883003234863, 12.555456161499023, 9.895811080932617, 6.232202053070068, 15.311583518981934, 4.698220252990723, 14.48867130279541, 5.610073566436768, 10.681495666503906, 6.822257995605469, 12.42192268371582, 8.634683609008789, 8.364484786987305, 12.55017375946045, 9.077804565429688, 11.83488655090332, 9.654050827026367, 6.980198860168457, 11.188934326171875, 10.846617698669434, 14.86168384552002, 6.979682922363281, 9.445730209350586, 9.147439002990723, 7.748361587524414, 6.936317443847656, 5.425701141357422, 11.889430046081543, 8.57814884185791, 12.236079216003418, 7.112269878387451, 10.618204116821289, 12.40574836730957, 6.432663440704346, 14.821927070617676, 6.4359130859375, 14.145702362060547, 5.913691520690918, 17.922611236572266, 16.653417587280273, 5.29353666305542, 7.364799976348877, 6.817709445953369, 15.634581565856934, 6.145028114318848, 6.864973068237305, 6.355809688568115, 9.724081993103027, 5.716272830963135, 10.25549030303955, 16.70001220703125, 15.956697463989258, 4.3303303718566895, 7.252650260925293, 7.003226280212402, 11.404045104980469, 10.341632843017578, 10.270533561706543, 5.970605373382568, 11.79952621459961, 5.787370204925537, 5.985872268676758, 14.697311401367188, 7.552003383636475, 12.634357452392578, 6.703751564025879, 6.9493632316589355, 7.391923904418945, 16.025293350219727, 11.60857105255127, 13.0336332321167, 7.180915355682373, 5.252527713775635, 11.745129585266113, 12.671195030212402, 6.343028545379639, 10.810996055603027, 14.29744815826416, 7.266053199768066, 7.63060998916626, 9.018372535705566, 9.177640914916992, 5.778695583343506, 14.1480073928833, 7.187862873077393, 5.333302974700928, 9.696952819824219, 6.905298709869385, 6.6444196701049805, 7.490150451660156, 6.408392429351807, 7.609822750091553, 13.004681587219238, 6.317352771759033, 12.093069076538086, 16.390552520751953, 16.554546356201172, 12.31796932220459, 8.90199089050293, 6.525504112243652, 9.198513984680176, 4.795454502105713, 9.373811721801758, 9.014192581176758, 8.278983116149902, 6.31913948059082, 6.512895584106445, 7.433215618133545, 13.521499633789062, 7.227625370025635, 12.900875091552734, 9.864500045776367, 5.353471279144287, 5.117963790893555, 8.182443618774414, 7.717774868011475, 6.26611852645874, 9.139372825622559, 15.690408706665039, 4.972397327423096, 8.373528480529785, 7.462778091430664, 8.866040229797363, 11.620321273803711, 14.861238479614258, 15.39519214630127, 7.877968788146973, 15.729308128356934, 14.940897941589355, 9.890539169311523, 15.147765159606934, 9.918725967407227, 7.687816143035889, 8.614611625671387, 10.098807334899902, 16.70269012451172, 11.01424503326416, 14.387154579162598, 6.701895236968994, 5.50148344039917, 7.982207298278809, 6.218961715698242, 6.9372968673706055, 11.038857460021973, 4.957775115966797, 12.300276756286621, 13.955760955810547, 12.014963150024414, 7.643157958984375, 12.48663330078125, 10.968939781188965, 10.002456665039062, 6.942889213562012, 9.768877029418945, 12.43855094909668, 8.030447959899902, 10.040597915649414, 11.480439186096191, 9.922460556030273, 4.384105682373047, 14.417561531066895, 11.92282485961914, 6.552082061767578, 5.896198272705078, 16.727506637573242, 10.221203804016113, 8.185026168823242, 15.886688232421875, 10.705558776855469, 4.615740776062012, 10.923212051391602, 13.034549713134766, 8.15302848815918, 12.13310432434082, 16.627321243286133, 11.968189239501953, 6.337032794952393, 6.934917449951172, 12.538793563842773, 5.355690956115723, 6.251843452453613, 10.906805038452148, 5.705441474914551, 12.491308212280273, 7.807807445526123, 5.906924247741699, 8.518123626708984, 8.743084907531738, 10.30614185333252, 6.029715538024902, 11.82231616973877, 5.046048641204834, 5.034322738647461, 5.533583164215088, 11.365089416503906, 12.387804985046387, 6.996151924133301, 5.210153579711914, 13.738907814025879, 7.961230754852295, 6.60262393951416, 15.224370002746582, 14.423564910888672, 5.719208240509033, 16.47654914855957, 5.4287333488464355, 5.199368953704834, 8.503358840942383, 7.513612747192383, 10.246137619018555, 6.88712215423584, 7.629248142242432, 14.654637336730957, 10.282658576965332, 6.921014308929443, 9.60219955444336, 12.847556114196777, 10.64015007019043, 11.125767707824707, 8.544005393981934, 12.118972778320312, 14.699285507202148, 9.356107711791992, 17.950889587402344, 6.13917875289917, 11.006086349487305, 8.053956031799316, 9.859354019165039, 10.558880805969238, 5.46203088760376, 11.255997657775879, 5.467670440673828, 5.808136940002441, 8.798691749572754, 8.029182434082031, 5.332413673400879, 3.902127265930176, 16.67485809326172, 12.192965507507324, 12.469989776611328, 16.775035858154297, 11.335761070251465, 10.43779182434082, 7.075373649597168, 12.810050010681152, 12.282853126525879, 11.785294532775879, 5.799111843109131, 9.59548568725586, 8.686660766601562, 10.5523042678833, 5.345853805541992, 12.623831748962402, 10.159175872802734, 7.715479373931885, 14.061453819274902, 16.68436050415039, 6.6648268699646, 11.350363731384277, 6.109111309051514, 16.282201766967773, 11.962471961975098, 10.197793960571289, 5.429831027984619, 12.336496353149414, 10.357128143310547, 11.226545333862305, 14.328990936279297, 16.42017364501953, 6.785965442657471, 9.670790672302246, 9.39737606048584, 8.11330509185791, 8.690618515014648, 5.70686149597168, 14.569552421569824, 9.714133262634277, 7.546789646148682, 8.218891143798828, 11.888589859008789, 7.0550665855407715, 12.89357852935791, 6.681058883666992, 5.86706018447876, 13.241220474243164, 7.2332234382629395, 11.06048583984375, 16.797861099243164, 12.04688549041748, 6.595710277557373, 7.680245399475098, 17.348852157592773, 7.625687599182129, 8.80729866027832, 13.69532299041748, 10.416611671447754, 16.042184829711914, 6.6894731521606445, 8.842461585998535, 12.330391883850098, 13.72441577911377, 13.511428833007812, 11.4202241897583, 11.119012832641602, 18.87198829650879, 5.506670951843262, 6.036291122436523, 14.413368225097656, 16.762983322143555, 12.46329402923584, 13.782722473144531, 6.859182357788086, 8.327460289001465, 6.722253799438477, 12.915523529052734, 12.853316307067871, 11.668764114379883, 13.67944622039795, 10.196885108947754, 12.810212135314941, 12.783933639526367, 11.877202033996582, 15.492508888244629, 10.820201873779297, 12.232925415039062, 6.723007678985596, 6.769750118255615, 6.386603355407715, 14.071556091308594, 16.991004943847656, 15.183870315551758, 10.855368614196777, 13.4202880859375, 6.766523838043213, 10.777270317077637, 15.443994522094727, 10.901625633239746, 9.978673934936523, 6.2702155113220215, 14.754241943359375, 7.261913299560547, 9.735489845275879, 16.99546241760254, 7.166570663452148, 16.564722061157227, 8.414905548095703, 13.50696086883545, 11.17003059387207, 12.525765419006348, 13.011860847473145, 12.361279487609863, 10.090149879455566, 11.238423347473145, 6.760234355926514, 7.66539192199707, 6.332400321960449, 8.187967300415039, 8.909984588623047, 4.662832736968994, 9.59403133392334, 14.737704277038574, 7.154005527496338, 6.383100986480713, 13.405159950256348, 8.1503267288208, 12.354883193969727, 12.076723098754883, 13.585545539855957, 10.971396446228027, 13.018213272094727, 6.402549743652344, 7.202036380767822, 13.69462776184082, 8.49810791015625, 12.836216926574707, 5.908841133117676, 12.793661117553711, 13.75788688659668, 11.30441665649414, 10.329316139221191, 6.541067600250244, 11.065595626831055, 6.952915191650391, 15.124805450439453, 9.721829414367676, 12.104793548583984, 15.793106079101562, 12.526754379272461, 5.959652423858643, 12.548955917358398, 7.534885883331299, 6.552051544189453, 11.575630187988281, 7.977497577667236, 6.198297023773193, 10.268990516662598, 7.025338172912598, 4.309581756591797, 5.2178144454956055, 12.182697296142578, 5.849327087402344, 9.183735847473145, 4.944197654724121, 9.981344223022461, 15.701372146606445, 5.470242023468018, 11.13234806060791, 5.74555778503418, 5.345388412475586, 11.999285697937012, 5.934569358825684, 8.18940258026123, 8.982772827148438, 5.77869987487793, 8.626270294189453, 6.273100852966309, 5.767770767211914, 5.342282295227051, 15.847979545593262, 9.282499313354492, 9.158102035522461, 13.553064346313477, 13.538156509399414, 6.517228126525879, 7.967362880706787, 17.364967346191406, 10.534729957580566, 9.64899730682373, 5.8855743408203125, 9.295378684997559, 13.659928321838379, 11.99288558959961, 6.665311336517334, 11.280817985534668, 8.159441947937012, 7.496880531311035, 14.919519424438477, 12.284003257751465, 10.219157218933105, 8.178458213806152, 16.21426773071289, 6.631862163543701, 6.255585670471191, 7.070615768432617, 5.059943199157715, 6.354094505310059, 5.752388954162598, 6.588729381561279, 17.09964942932129, 10.773834228515625, 5.32793664932251, 7.021859645843506, 5.948222637176514, 9.01229190826416, 5.717304229736328, 14.450972557067871, 11.341955184936523, 18.545597076416016, 13.538393020629883, 8.265923500061035, 10.007472038269043, 14.922064781188965, 16.103422164916992, 5.600466251373291, 12.889632225036621, 6.62249755859375, 6.135987758636475, 6.804513931274414, 4.3023762702941895, 12.307769775390625, 9.830350875854492, 14.499076843261719, 6.787083625793457, 15.38373851776123, 6.022205352783203, 13.453763961791992, 12.164813995361328, 12.74154281616211, 13.899728775024414, 7.193142414093018, 8.493182182312012, 5.935318946838379, 15.990002632141113, 12.336080551147461, 10.81574535369873, 14.392202377319336, 13.021566390991211, 7.922893524169922, 11.842809677124023, 14.757244110107422, 13.141786575317383, 5.92300271987915, 15.732827186584473, 12.824946403503418, 6.059128761291504, 14.08639144897461, 14.425824165344238, 5.129176139831543, 11.440362930297852, 12.863776206970215, 7.695158958435059, 5.951914310455322, 11.606792449951172, 12.071629524230957, 8.048938751220703, 13.974416732788086, 4.998571395874023, 7.135161876678467, 5.553449630737305, 12.121240615844727, 5.988856792449951, 11.65645980834961, 6.612842559814453, 8.269972801208496, 12.369343757629395, 9.929757118225098, 16.27176856994629, 12.149324417114258, 5.606266975402832, 9.831564903259277, 16.839122772216797, 5.907122611999512, 8.965988159179688, 9.66480541229248, 16.46217918395996, 8.083146095275879, 10.81371784210205, 10.81847095489502, 12.285258293151855, 12.345742225646973, 7.733485221862793, 12.133520126342773, 7.681028366088867, 8.061174392700195, 12.433629035949707, 7.036259174346924, 11.546432495117188, 6.204770565032959, 14.328560829162598, 12.461777687072754, 6.16228723526001, 6.542591571807861, 6.443726062774658, 5.924431324005127, 8.302322387695312, 4.880970478057861, 10.136465072631836, 9.034342765808105, 6.556122779846191, 11.052974700927734, 10.104998588562012, 5.753026485443115, 11.738070487976074, 15.31315803527832, 9.025495529174805, 5.048337459564209, 10.52640151977539, 10.74489688873291, 7.76517391204834, 17.33053207397461, 10.75245189666748, 5.858827590942383, 18.4669246673584, 9.972834587097168, 9.395862579345703, 7.654911518096924, 5.756737232208252, 9.940971374511719, 8.976314544677734, 6.007998943328857, 12.809151649475098, 14.896110534667969, 6.13253927230835, 4.79204797744751, 17.26848030090332, 12.048007011413574, 11.936216354370117, 6.083086013793945, 5.94691801071167, 17.07351303100586, 12.22030258178711, 6.661402702331543, 6.432330131530762, 6.782933235168457, 8.898904800415039, 4.695318222045898, 14.260564804077148, 6.983567714691162, 6.312308311462402, 8.670498847961426, 7.794093132019043, 7.880304336547852, 12.577485084533691, 14.565977096557617, 6.404656410217285, 10.696676254272461, 5.320093154907227, 12.937161445617676, 5.065530776977539, 8.353789329528809, 5.811244487762451, 7.320598125457764, 16.852807998657227, 16.73629379272461, 13.06238079071045, 11.39464282989502, 13.834017753601074, 7.360996246337891, 8.584526062011719, 15.674518585205078, 6.497788429260254, 4.64980936050415, 7.626594543457031, 11.7793550491333, 7.98551607131958, 10.100979804992676, 6.5843048095703125, 10.584610939025879, 11.888137817382812, 15.637535095214844, 7.027108192443848, 7.277021884918213, 6.103331565856934, 12.241923332214355, 8.218037605285645, 14.69674301147461, 8.930530548095703, 13.594473838806152, 7.798327445983887, 5.66726016998291, 6.313835144042969, 12.328940391540527, 4.980921745300293, 12.294998168945312, 6.408684253692627, 9.369658470153809, 11.60440731048584, 12.431212425231934, 7.9106550216674805, 7.454300880432129, 9.042932510375977, 9.008722305297852, 5.6537766456604, 5.46980094909668, 13.249653816223145, 7.269340991973877, 7.863612651824951, 6.662985801696777, 6.670117378234863, 14.81357192993164, 6.29769229888916, 10.878300666809082, 6.985531330108643, 15.125015258789062, 13.347651481628418, 5.184865474700928, 2.6968131065368652, 15.417872428894043, 11.6575288772583, 5.082969665527344, 15.277936935424805, 11.195316314697266, 8.47650146484375, 8.759631156921387, 5.879650115966797, 16.75642204284668, 4.269749641418457, 11.198711395263672, 14.549392700195312, 11.671142578125, 7.844013690948486, 15.856696128845215, 14.522873878479004, 15.169289588928223, 12.655377388000488, 7.578756809234619, 4.837346076965332, 10.44594669342041, 12.117225646972656, 6.809878349304199, 10.74444580078125, 5.859684467315674, 7.20046329498291, 7.526566505432129, 7.0966410636901855, 5.241286754608154, 11.574905395507812, 8.717315673828125, 6.6936140060424805, 4.692743301391602, 9.101407051086426, 10.409488677978516, 6.448723793029785, 12.871811866760254, 5.818726539611816, 8.432572364807129, 5.233799457550049, 5.876100063323975, 14.06901741027832, 6.032280445098877, 13.26381778717041, 13.111050605773926, 6.535994052886963, 4.5504679679870605, 12.40977954864502, 4.287478923797607, 10.740126609802246, 14.69929313659668, 6.888276100158691, 7.901386260986328, 5.586575508117676, 11.190818786621094, 14.866617202758789, 7.721989154815674, 5.735275745391846, 7.326097011566162, 10.456554412841797, 6.1292195320129395, 7.207191467285156, 6.259471416473389, 12.028145790100098, 4.61890172958374, 6.0227556228637695, 11.218535423278809, 4.696243762969971, 8.303596496582031, 7.235217094421387, 6.277617454528809, 9.160118103027344, 11.513120651245117, 5.316578388214111, 16.96438217163086, 4.303529262542725, 5.81655740737915, 16.786174774169922, 6.897077560424805, 12.638589859008789, 5.120480060577393, 6.0100860595703125, 4.800260543823242, 7.284533977508545, 12.310791969299316, 4.523317337036133, 8.16740608215332, 13.327964782714844, 7.0541534423828125, 10.397468566894531, 5.8863372802734375, 6.267777442932129, 5.8212504386901855, 13.035953521728516, 6.56880521774292, 9.965068817138672, 4.276813983917236, 10.078368186950684, 5.473339557647705, 5.447048664093018, 10.369107246398926, 10.791600227355957, 5.417491912841797, 8.081039428710938, 12.042057037353516, 9.12491226196289, 9.519433975219727, 7.4687933921813965, 4.785604953765869, 14.589104652404785, 6.685947895050049, 11.339824676513672, 4.471116065979004, 9.854473114013672, 9.222784042358398, 8.173169136047363, 12.05690860748291, 3.9831340312957764, 6.43403959274292, 6.403581619262695, 10.424784660339355, 6.026766300201416, 14.531208992004395, 6.983079433441162, 5.161072254180908, 15.302885055541992, 17.692821502685547, 5.678703308105469, 12.082133293151855, 6.192753791809082, 7.242361545562744, 17.95792579650879, 7.647230625152588, 6.543938636779785, 10.916704177856445, 10.695006370544434, 6.952093601226807, 4.7902607917785645, 6.929967403411865, 7.732161521911621, 5.50538969039917, 11.511982917785645, 9.305540084838867, 14.480626106262207, 6.75459623336792, 8.109712600708008, 10.808769226074219, 8.161752700805664, 6.699855327606201, 8.055740356445312, 12.750509262084961, 10.278548240661621, 11.811695098876953, 12.860856056213379, 13.407933235168457, 5.622525215148926, 9.644231796264648, 6.906357288360596, 8.198651313781738, 5.534308433532715, 6.046070098876953, 8.091588973999023, 6.472843170166016, 3.9080770015716553, 10.088332176208496, 6.343990325927734, 6.61512565612793, 13.986310958862305, 8.379319190979004, 9.94799518585205, 15.417116165161133, 5.560098648071289, 3.496670722961426, 10.607601165771484, 12.332254409790039, 11.970492362976074, 6.816529750823975, 5.505552768707275, 12.368026733398438, 9.56767749786377, 7.674396991729736, 13.99492073059082, 8.818696975708008, 8.462358474731445, 5.526567459106445, 5.306233882904053, 9.872231483459473, 15.37136459350586, 13.447552680969238, 12.716797828674316, 5.691580772399902, 12.04071044921875, 5.423116207122803, 6.971354961395264, 10.19848346710205, 5.453105449676514, 13.957419395446777, 7.203784465789795, 12.153271675109863, 5.782586574554443, 10.429044723510742, 9.029977798461914, 6.558148384094238, 10.588310241699219, 8.302390098571777, 8.774816513061523, 9.90406322479248, 11.03978443145752, 7.095991134643555, 5.428129196166992, 10.432960510253906, 5.806630611419678, 12.73962116241455, 5.901184558868408, 15.474738121032715, 6.513519287109375, 9.713500022888184, 5.4805827140808105, 13.024739265441895, 9.960092544555664, 9.209898948669434, 8.40743350982666, 8.731870651245117, 6.313370227813721, 9.50836181640625, 29.373369216918945, 5.215499401092529, 14.370647430419922, 14.145220756530762, 13.506790161132812, 7.784036636352539, 7.015295028686523, 7.296440124511719, 14.13185977935791, 7.698740005493164, 7.797641754150391, 11.022002220153809, 8.96874713897705, 10.98547649383545, 5.186158657073975, 9.181832313537598, 6.0906081199646, 13.26363754272461, 7.850383281707764, 12.240407943725586, 12.676721572875977, 9.505393981933594, 9.793545722961426, 6.501412391662598, 7.702170372009277, 15.317896842956543, 8.111814498901367, 5.48607873916626, 16.795454025268555, 13.790075302124023, 5.033167839050293, 9.281030654907227, 8.52369213104248, 11.406913757324219, 7.179555892944336, 6.266380786895752, 6.326139450073242, 12.313886642456055, 11.209366798400879, 11.87537670135498, 11.550372123718262, 4.774520397186279, 8.388718605041504, 7.955103874206543, 10.969159126281738, 5.625874042510986, 11.54619026184082, 11.586665153503418, 7.249085426330566, 14.23869800567627, 9.119437217712402, 16.636316299438477, 13.222261428833008, 15.424768447875977, 12.630011558532715, 9.908138275146484, 7.81731653213501, 5.8521728515625, 14.318520545959473, 5.439925193786621, 4.167275428771973, 8.509652137756348, 9.540127754211426, 17.084762573242188, 9.47978401184082, 12.616512298583984, 4.674323081970215, 5.639054298400879, 10.823870658874512, 10.990578651428223, 7.194861888885498, 5.77848482131958, 12.096000671386719, 10.59559440612793, 10.017446517944336, 4.440697193145752, 10.69784164428711, 12.50606632232666, 4.715909957885742, 6.668772220611572, 10.71252155303955, 12.596837043762207, 10.972526550292969, 15.42210578918457, 14.1915283203125, 12.006598472595215, 5.503464221954346, 5.673820495605469, 10.318167686462402, 13.01344108581543, 9.27306079864502, 12.19947338104248, 8.800090789794922, 15.55002498626709, 14.85193920135498, 11.439606666564941, 9.574494361877441, 6.3432159423828125, 11.145963668823242, 15.313044548034668, 4.87680721282959, 12.46618366241455, 17.527109146118164, 2.645458221435547, 12.902453422546387, 5.6973395347595215, 13.723348617553711, 11.942955017089844, 8.850980758666992, 7.431549549102783, 5.849255084991455, 13.281683921813965, 8.900398254394531, 15.453300476074219, 5.143621444702148, 7.199826240539551, 16.8758544921875, 7.282969951629639, 7.976236343383789, 16.283687591552734, 6.865385055541992, 7.253286838531494, 13.629043579101562, 11.850971221923828, 6.977153778076172, 12.03052806854248, 6.647582054138184, 8.325855255126953, 7.445237636566162, 11.55390453338623, 13.863289833068848, 13.555562973022461, 10.897025108337402, 8.46087646484375, 15.761680603027344, 12.302515029907227, 13.246942520141602, 16.912609100341797, 6.03811502456665, 11.56628131866455, 8.436994552612305, 15.836111068725586, 8.655552864074707, 11.376307487487793, 13.715291976928711, 15.496529579162598, 11.074706077575684, 9.837942123413086, 10.033151626586914, 11.392351150512695, 13.336884498596191, 13.65518569946289, 11.674965858459473, 5.069226264953613, 13.904266357421875, 10.28519344329834, 14.039037704467773, 5.622600078582764, 9.13933277130127, 12.812456130981445, 8.479241371154785, 9.344470977783203, 10.525239944458008, 7.546576499938965, 7.074044704437256, 9.775542259216309, 10.389278411865234, 8.170188903808594, 10.95176887512207, 15.639721870422363, 6.092350959777832, 12.498398780822754, 14.685213088989258, 13.104817390441895, 6.8580827713012695, 7.031618595123291, 7.474694728851318, 17.036104202270508, 7.049393653869629, 3.3285648822784424, 10.697463035583496, 7.750704288482666, 6.898828029632568, 12.581624031066895, 8.102123260498047, 6.764835834503174, 5.562891006469727, 15.224719047546387, 11.0578031539917, 10.529215812683105, 12.187756538391113, 14.42015266418457, 12.20608139038086, 12.46002197265625, 13.589569091796875, 7.704129219055176, 10.694761276245117, 10.763211250305176, 13.996174812316895, 6.4950642585754395, 6.364925861358643, 16.63488006591797, 5.272609233856201, 10.360640525817871, 7.382567882537842, 11.45202350616455, 5.0433831214904785, 12.445684432983398, 14.359381675720215, 15.748910903930664, 7.895002841949463, 15.273035049438477, 12.343767166137695, 8.000700950622559, 9.878458976745605, 13.036100387573242, 5.16778564453125, 8.831588745117188, 6.915930271148682, 8.98396110534668, 12.015042304992676, 13.110846519470215, 7.544101715087891, 12.352897644042969, 5.520580768585205, 11.574562072753906, 16.374279022216797, 7.165339946746826, 14.848430633544922, 11.14575481414795, 7.14556884765625, 7.82808780670166, 11.640034675598145, 11.014386177062988, 12.931845664978027, 7.511747360229492, 11.188705444335938, 6.812133312225342, 6.487175941467285, 10.43466854095459, 7.878326892852783, 9.071122169494629, 7.151474952697754, 14.906460762023926, 13.920177459716797, 7.725040435791016, 6.159273147583008, 6.853137969970703, 5.813066482543945, 11.004364967346191, 10.744227409362793, 13.52048397064209, 12.796841621398926, 15.480794906616211, 15.73621940612793, 8.358319282531738, 16.86301040649414, 12.318290710449219, 13.837623596191406, 7.441875457763672, 9.521074295043945, 8.017602920532227, 12.215582847595215, 9.17953872680664, 5.68962287902832, 7.703771591186523, 14.538589477539062, 6.7489166259765625, 5.557051658630371, 5.710228443145752, 14.155892372131348, 10.43083667755127, 5.649918556213379, 10.289856910705566, 5.880278587341309, 6.1820387840271, 7.501072406768799, 10.597594261169434, 14.30610466003418, 5.561416149139404, 10.8261079788208, 10.761466026306152, 4.787230491638184, 7.997384071350098, 14.402504920959473, 7.067164897918701, 8.042606353759766, 13.738655090332031, 12.204913139343262, 4.7371344566345215, 7.137872695922852, 11.969030380249023, 8.257162094116211, 7.985000133514404, 12.023150444030762, 5.548171043395996, 10.926838874816895, 13.69294261932373, 6.610250473022461, 11.245255470275879, 9.964476585388184, 7.7644362449646, 14.292177200317383, 5.074623107910156, 5.672120571136475, 8.415650367736816, 14.722102165222168, 11.279159545898438, 13.03487777709961, 12.762450218200684, 10.141772270202637, 9.501847267150879, 9.009525299072266, 11.840068817138672, 10.039194107055664, 4.580711364746094, 12.436140060424805, 10.722652435302734, 6.27336311340332, 9.657218933105469, 4.857156276702881, 6.86110782623291, 15.395709037780762, 8.20285415649414, 7.472726821899414, 15.701859474182129, 11.711310386657715, 12.847436904907227, 8.821961402893066, 12.512438774108887, 18.00606918334961, 8.55372142791748, 9.549775123596191, 10.662078857421875, 4.842027187347412, 7.210025310516357, 10.426892280578613, 13.673691749572754, 11.454466819763184, 6.74176549911499, 7.166109085083008, 11.643786430358887, 5.140731334686279, 5.953691005706787, 5.83418607711792, 8.76076602935791, 7.221039295196533, 12.24477481842041, 12.306962966918945, 12.818872451782227, 5.986210346221924, 5.996008396148682, 3.3166611194610596, 8.807583808898926, 7.2576003074646, 9.720647811889648, 12.468850135803223, 12.302789688110352, 6.026377201080322, 12.136239051818848, 9.151371002197266, 16.55759048461914, 9.94306755065918, 9.618110656738281, 7.182480812072754, 7.882547378540039, 4.762791156768799, 8.010458946228027, 13.627140045166016, 12.905051231384277, 7.801949977874756, 5.298534393310547, 6.65728759765625, 12.306018829345703, 5.98932409286499, 15.169365882873535, 13.149016380310059, 10.637357711791992, 12.592738151550293, 15.46174430847168, 12.19406795501709, 10.689446449279785, 9.343037605285645, 10.032198905944824, 12.842619895935059, 4.907121658325195, 16.686246871948242, 11.092632293701172, 4.291762828826904, 15.925668716430664, 9.311419486999512, 12.23643970489502, 14.221522331237793, 8.313735961914062, 3.89105224609375, 10.768623352050781, 13.677013397216797, 11.31658935546875, 15.013440132141113, 16.664213180541992, 13.178731918334961, 13.828716278076172, 6.728209018707275, 9.151810646057129, 14.416472434997559, 13.270113945007324, 15.491856575012207, 4.4314751625061035, 7.846528053283691, 5.766163349151611, 7.415757179260254, 13.817211151123047, 6.087474346160889, 11.531981468200684, 10.877668380737305, 6.865800380706787, 4.90828275680542, 13.890748977661133, 5.294564247131348, 11.4992094039917, 5.383476257324219, 12.710503578186035, 5.5622453689575195, 8.753035545349121, 8.548474311828613, 4.207972526550293, 8.494329452514648, 11.230704307556152, 11.387643814086914, 6.498037338256836, 7.267762660980225, 9.078489303588867, 5.888522624969482, 10.619070053100586, 14.58057689666748, 12.290000915527344, 8.757793426513672, 8.717611312866211, 14.076454162597656, 10.075818061828613, 15.190918922424316, 5.185416221618652, 6.234904766082764, 11.498387336730957, 12.634035110473633, 8.034423828125, 10.650104522705078, 10.997788429260254, 15.635701179504395, 16.04908561706543, 15.924812316894531, 11.808292388916016, 11.957823753356934, 7.990167617797852, 11.025272369384766, 9.647159576416016, 9.429450035095215, 12.12630844116211, 10.464070320129395, 14.653380393981934, 8.984009742736816, 8.343429565429688, 9.407768249511719, 10.167092323303223, 11.364455223083496, 6.11788272857666, 6.520291328430176, 8.819689750671387, 6.684897422790527, 16.831058502197266, 4.379700183868408, 7.059786796569824, 12.852521896362305, 14.853765487670898, 13.314335823059082, 8.585360527038574, 8.395081520080566, 5.124692440032959, 17.933921813964844, 7.438271999359131, 9.217665672302246, 6.400534152984619, 14.351727485656738, 6.7168707847595215, 14.587703704833984, 8.559412956237793, 8.979613304138184, 12.945761680603027, 13.260773658752441, 7.664487361907959, 5.917367935180664, 12.940622329711914, 10.959299087524414, 11.013145446777344, 8.751954078674316, 12.064123153686523, 16.878931045532227, 8.031269073486328, 7.490518093109131, 10.219392776489258, 9.37546443939209, 10.793436050415039, 5.09307861328125, 7.426815509796143, 12.13160228729248, 10.835029602050781, 12.527267456054688, 11.313283920288086, 10.449538230895996, 5.788164138793945, 9.151900291442871, 10.536323547363281, 10.322343826293945, 6.7398600578308105, 4.865588665008545, 4.273319244384766, 6.439279079437256, 11.560539245605469, 5.509255886077881, 14.06739616394043, 4.439788818359375, 7.939874649047852, 13.653834342956543, 16.464826583862305, 10.00723648071289, 5.152060508728027, 6.66434383392334, 12.741145133972168, 8.563531875610352, 4.209571838378906, 7.3879570960998535, 5.590152740478516, 12.590028762817383, 13.002130508422852, 5.063742637634277, 5.300185203552246, 13.474367141723633, 7.906826496124268, 11.86953067779541, 13.174721717834473, 5.718979358673096, 11.983794212341309, 9.942862510681152, 11.923885345458984, 6.526928424835205, 5.77008056640625, 12.666898727416992, 9.739663124084473, 12.886346817016602, 13.958989143371582, 5.782510757446289, 6.0002217292785645, 12.37332820892334, 7.707895755767822, 13.33536434173584, 13.587343215942383, 13.943754196166992, 6.56101131439209, 5.898571491241455, 4.51563024520874, 10.90261173248291, 5.8283538818359375, 9.843835830688477, 8.185558319091797, 6.308010578155518, 11.30335521697998, 6.913732051849365, 7.961632251739502, 6.592065334320068, 6.139179706573486, 11.992461204528809, 11.927896499633789, 13.546215057373047, 10.33304214477539, 18.99359893798828, 7.734099864959717, 5.914272785186768, 12.322795867919922, 7.051973819732666, 11.447293281555176, 12.68342399597168, 6.575193405151367, 13.55706787109375, 7.050658226013184, 8.667020797729492, 11.000362396240234, 16.083009719848633, 7.273375511169434, 16.92901039123535, 4.710752964019775, 11.095573425292969, 14.494839668273926, 12.833582878112793, 10.095654487609863, 7.858874797821045, 5.825153350830078, 5.202473163604736, 12.287456512451172, 11.977998733520508, 6.17667818069458, 5.301997184753418, 5.700692653656006, 6.797211647033691, 8.396492004394531, 16.767772674560547, 10.102765083312988, 8.36023235321045, 8.254551887512207, 5.482603549957275, 4.249336242675781, 7.040493488311768, 13.063898086547852, 4.948832035064697, 6.351529598236084, 5.029214382171631, 15.493976593017578, 7.9817047119140625, 5.62680721282959, 6.520622253417969, 11.963422775268555, 9.453387260437012, 5.205278396606445, 12.725337982177734, 7.776050090789795, 6.299025058746338, 13.330018043518066, 16.05152130126953, 15.212661743164062, 12.104999542236328, 8.40672779083252, 9.794987678527832, 10.927513122558594, 9.77208137512207, 12.965903282165527, 6.966573715209961, 10.517212867736816, 13.160611152648926, 8.781146049499512, 6.701167106628418, 10.848350524902344, 14.03280258178711, 7.5743913650512695, 9.160841941833496, 4.957225799560547, 13.682520866394043, 15.736056327819824, 7.428083896636963, 9.079388618469238, 10.949578285217285, 15.524652481079102, 13.912307739257812, 5.915353775024414, 10.353899002075195, 8.22496223449707, 5.665339469909668, 11.299625396728516, 8.301929473876953, 9.942045211791992, 9.826645851135254, 6.83484411239624, 15.907078742980957, 12.286083221435547, 7.462454795837402, 6.294246196746826, 13.844035148620605, 8.671771049499512, 10.680878639221191, 8.947511672973633, 16.71736717224121, 13.846938133239746, 12.191269874572754, 7.70239782333374, 12.55072021484375, 7.14406681060791, 11.915244102478027, 9.79709529876709, 4.918545722961426, 9.07365894317627, 5.658404350280762, 14.50633430480957, 12.82939624786377, 7.636168956756592, 4.783770561218262, 14.108689308166504, 12.073695182800293, 7.670080661773682, 11.550891876220703, 8.460739135742188, 6.071945667266846, 7.538125038146973, 13.383402824401855, 7.657456398010254, 7.571231842041016, 8.855955123901367, 13.790677070617676, 6.070361614227295, 10.603422164916992, 6.737520694732666, 5.4983134269714355, 6.600117206573486, 7.061519145965576, 13.660496711730957, 8.34250545501709, 13.569592475891113, 8.526161193847656, 12.841814041137695, 11.401813507080078, 12.419231414794922, 6.209408760070801, 9.973551750183105, 7.547789096832275, 7.695584297180176, 6.62549352645874, 15.110410690307617, 9.986337661743164, 8.012005805969238, 7.937175750732422, 9.982232093811035, 13.28476333618164, 5.146974086761475, 8.310921669006348, 7.414281845092773, 7.705932140350342, 10.284978866577148, 7.30825138092041, 8.327736854553223, 8.814634323120117, 12.757458686828613, 14.664556503295898, 5.612758636474609, 12.397531509399414, 15.108003616333008, 15.480653762817383, 15.076367378234863, 8.684138298034668, 7.234905242919922, 7.358148097991943, 16.874486923217773, 11.580103874206543, 15.725687026977539, 6.583230972290039, 5.790957927703857, 12.221861839294434, 11.859672546386719, 6.145532608032227, 6.25114107131958, 13.028249740600586, 7.185804843902588, 12.051862716674805, 9.136663436889648, 6.74956750869751, 6.983571529388428, 6.2554097175598145, 7.494581699371338, 12.265569686889648, 13.727956771850586, 16.158767700195312, 9.192741394042969, 15.122300148010254, 6.438478469848633, 13.405353546142578, 5.758345603942871, 11.73698616027832, 9.715513229370117, 5.329010486602783, 12.215197563171387, 12.711803436279297, 12.412005424499512, 11.507763862609863, 5.511905670166016, 15.839670181274414, 5.418394565582275, 14.021023750305176, 5.802311420440674, 15.239684104919434, 6.523097038269043, 12.545633316040039, 9.094164848327637, 5.733563423156738, 6.651924133300781, 6.223944664001465, 11.833195686340332, 9.739376068115234, 5.196484565734863, 10.653251647949219, 8.464107513427734, 5.720014572143555, 8.255318641662598, 15.757161140441895, 14.975955963134766, 5.417068004608154, 13.058605194091797, 13.620230674743652, 12.25511360168457, 12.294635772705078, 13.274033546447754, 5.599135875701904, 12.578068733215332, 11.654685020446777, 6.422197341918945, 11.412077903747559, 6.176939964294434, 16.42528533935547, 5.956496715545654, 12.498885154724121, 10.48820686340332, 4.337667465209961, 11.922582626342773, 13.544628143310547, 12.25182056427002, 10.419431686401367, 4.844845771789551, 9.008647918701172, 11.535059928894043, 16.418027877807617, 11.095931053161621, 15.148731231689453, 8.957435607910156, 15.23238754272461, 5.644223213195801, 14.712984085083008, 11.617155075073242, 5.138749599456787, 8.108877182006836, 12.458942413330078, 10.621338844299316, 11.967168807983398, 12.036714553833008, 6.967004299163818, 12.767359733581543, 11.435243606567383, 8.045784950256348, 15.743232727050781, 7.1452131271362305, 8.498449325561523, 15.940242767333984, 8.80398178100586, 6.388611316680908, 13.690939903259277, 11.194186210632324, 13.99545955657959, 6.958007335662842, 12.248048782348633, 11.403560638427734, 11.090770721435547, 5.697680950164795, 5.5861663818359375, 6.2278523445129395, 8.662308692932129, 11.979113578796387, 12.893104553222656, 5.878625869750977, 17.59241485595703, 13.25231647491455, 14.919851303100586, 9.175358772277832, 6.426527500152588, 11.685301780700684, 14.994329452514648, 15.85717487335205, 11.013910293579102, 12.005526542663574, 7.56065034866333, 15.493391990661621, 6.6651387214660645, 12.629942893981934, 16.399696350097656, 15.600425720214844, 15.617949485778809, 6.6321611404418945, 10.373811721801758, 10.162172317504883, 6.848900318145752, 6.33442497253418, 15.750346183776855, 6.721251487731934, 9.848608016967773, 12.238876342773438, 12.890822410583496, 7.6228766441345215, 12.78726577758789, 9.55755615234375, 14.054402351379395, 7.632626533508301, 8.029427528381348, 12.89649486541748, 11.151375770568848, 8.351273536682129, 10.056303024291992, 11.665825843811035, 7.59052038192749, 7.0177001953125, 9.078617095947266, 9.15876579284668, 13.86621379852295, 12.601629257202148, 16.761754989624023, 14.1023530960083, 10.546077728271484, 11.037873268127441, 6.694763660430908, 7.313416957855225, 12.700861930847168, 5.365384101867676, 8.97462272644043, 13.452401161193848, 8.190694808959961, 12.467427253723145, 8.757064819335938, 13.76211929321289, 4.7755208015441895, 9.922079086303711, 5.250894546508789, 12.374422073364258, 12.414068222045898, 7.765618801116943, 8.226832389831543, 16.739389419555664, 15.99087905883789, 9.329079627990723, 12.522881507873535, 6.6029462814331055, 4.55825138092041, 9.25610065460205, 13.569500923156738, 5.861928939819336, 10.024197578430176, 16.006153106689453, 13.644329071044922, 6.72511100769043, 9.295862197875977, 7.073968410491943, 5.0272908210754395, 7.805502414703369, 11.889250755310059, 5.496413707733154, 11.94399642944336, 11.809991836547852, 13.939277648925781, 9.25538158416748, 6.601573944091797, 17.20366668701172, 11.911758422851562, 12.322395324707031, 8.047279357910156, 8.132675170898438, 7.000756740570068, 9.92275333404541, 5.211490154266357, 11.235880851745605, 15.006163597106934, 6.132777214050293, 5.526698589324951, 10.398738861083984, 11.964703559875488, 13.209249496459961, 6.0752644538879395, 8.514942169189453, 7.381706714630127, 9.724043846130371, 16.953754425048828, 8.169573783874512, 14.898138999938965, 12.765361785888672, 10.672660827636719, 7.738630771636963, 10.794742584228516, 11.891738891601562, 6.070925712585449, 6.498767375946045, 4.978610992431641, 6.120988368988037, 13.620944023132324, 11.668108940124512, 12.07105541229248, 7.537013530731201, 12.784989356994629, 5.956650733947754, 6.766110897064209, 5.814669609069824, 5.244366645812988, 5.983011245727539, 12.499884605407715, 5.835198402404785, 8.571621894836426, 9.014663696289062, 10.921696662902832, 12.075660705566406, 9.49833869934082, 12.406661033630371, 5.246860504150391, 10.231264114379883, 6.822010040283203, 8.87391185760498, 7.077485084533691, 5.57200813293457, 12.075357437133789, 7.423810958862305, 7.371460437774658, 13.086760520935059, 5.211559295654297, 7.583295822143555, 7.663871765136719, 7.48374605178833, 12.860790252685547, 11.993036270141602, 12.387611389160156, 13.638688087463379, 10.190555572509766, 5.625018119812012, 5.5899763107299805, 5.00300931930542, 7.0658793449401855, 8.734556198120117, 3.720870018005371, 4.738602161407471, 15.137903213500977, 12.03352165222168, 13.05648136138916, 11.011436462402344, 6.230330944061279, 9.897205352783203, 6.565998554229736, 6.467963218688965, 15.678398132324219, 4.564953804016113, 7.850832939147949, 17.854782104492188, 6.161264419555664, 15.475085258483887, 4.332831859588623, 12.029796600341797, 14.200124740600586, 13.516531944274902, 6.101839542388916, 8.322662353515625, 5.525976657867432, 10.223493576049805, 8.415154457092285, 9.410941123962402, 7.004433631896973, 13.086004257202148, 8.540140151977539, 13.262320518493652, 16.133243560791016, 11.611955642700195, 7.832949161529541, 16.15589714050293, 4.641408920288086, 12.948070526123047, 7.983883857727051, 10.788987159729004, 15.597915649414062, 6.8953986167907715, 15.840726852416992, 5.016712665557861, 8.784239768981934, 13.143176078796387, 5.413973808288574, 4.368550777435303, 10.947981834411621, 10.163474082946777, 7.478140354156494, 8.968677520751953, 7.336081504821777, 14.542943000793457, 15.074560165405273, 15.224767684936523, 6.232678413391113, 11.095768928527832, 5.897976398468018, 10.47014045715332, 6.900834083557129, 13.151507377624512, 8.16612434387207, 8.70543098449707, 11.28859806060791, 9.563142776489258, 11.853056907653809, 9.424835205078125, 11.768729209899902, 6.920048713684082, 13.14354419708252, 15.025062561035156, 6.217907905578613, 5.492191791534424, 13.720317840576172, 9.763211250305176, 12.674494743347168, 13.699943542480469, 8.521331787109375, 5.107080936431885, 10.191493034362793, 9.004563331604004, 13.620440483093262, 7.122954845428467, 12.753445625305176, 5.486804962158203, 8.962874412536621, 6.838665962219238, 8.8894624710083, 9.724716186523438, 6.573549747467041, 15.694381713867188, 15.088592529296875, 13.828250885009766, 11.032231330871582, 13.45898723602295, 6.1292595863342285, 10.868511199951172, 7.14225959777832, 7.379303932189941, 4.908998966217041, 9.01225757598877, 8.063037872314453, 13.15947151184082, 10.848503112792969, 4.790682315826416, 5.498560905456543, 5.812356472015381, 5.266094207763672, 13.971039772033691, 8.256997108459473, 6.519811630249023, 7.473823547363281, 4.767853260040283, 6.476354122161865, 4.49808406829834, 8.043540954589844, 11.948193550109863, 13.989964485168457, 8.351852416992188, 14.54466724395752, 8.752594947814941, 16.87674331665039, 7.493509292602539, 7.136392116546631, 5.396686553955078, 15.874024391174316, 9.18760871887207, 11.86089038848877, 16.69211769104004, 12.1903657913208, 12.248088836669922, 7.096292972564697, 13.021871566772461, 12.852283477783203, 12.617384910583496, 12.240200996398926, 11.199811935424805, 14.92345905303955, 7.154309272766113, 8.881319999694824, 9.110697746276855, 13.08528995513916, 6.996671199798584, 8.800765037536621, 13.314495086669922, 6.896878719329834, 11.372848510742188, 9.778602600097656, 9.395529747009277, 7.143039226531982, 14.558554649353027, 14.452045440673828, 6.384951591491699, 7.531672477722168, 11.997337341308594, 12.022164344787598, 12.442882537841797, 7.34866189956665, 5.90537166595459, 9.696341514587402, 12.69189453125, 6.902921199798584, 12.87584400177002, 10.198349952697754, 11.743124008178711, 3.2548704147338867, 5.60402774810791, 5.977935314178467, 6.476492881774902, 9.380568504333496, 11.775749206542969, 13.615885734558105, 11.944112777709961, 6.6579179763793945, 15.270500183105469, 17.54227066040039, 9.866894721984863, 8.36785888671875, 3.894517421722412, 13.930105209350586, 16.386234283447266, 16.508235931396484, 7.662647724151611, 6.146059036254883, 6.288331031799316, 11.215211868286133, 15.017627716064453, 14.9799165725708, 12.266273498535156, 8.037968635559082, 10.859211921691895, 11.816073417663574, 8.481242179870605, 4.594930171966553, 16.944881439208984, 8.320932388305664, 16.15580940246582, 14.416217803955078, 11.665830612182617, 8.149710655212402, 4.7273850440979, 9.139527320861816]
Cosines similarity random samples
[0.817586362361908, 0.7033512592315674, -0.18445391952991486, 0.7936580181121826, -0.4204820394515991, 0.25210946798324585, 0.7179677486419678, -0.3593311905860901, 0.8607993721961975, -0.5909065008163452, 0.7534202337265015, 0.1571161150932312, 0.6331276297569275, -0.21559225022792816, 0.33922573924064636, 0.5050532817840576, 0.139456644654274, 0.3772507309913635, -0.029750332236289978, 0.277853786945343, 0.6446405649185181, 0.044579848647117615, 0.13966935873031616, -0.4684075117111206, 0.6046846508979797, 0.30767112970352173, 0.2894602417945862, 0.6069616079330444, 0.6187258958816528, 0.7802844643592834, -0.013875339180231094, 0.3749058246612549, -0.258111834526062, 0.5790730118751526, 0.06282201409339905, -0.22653885185718536, 0.6549336314201355, -0.7065854668617249, 0.6582753658294678, -0.2500358819961548, 0.7597159743309021, -0.7345557808876038, -0.7485138177871704, 0.7974525690078735, 0.5431357622146606, 0.678715705871582, -0.6776113510131836, 0.7411351799964905, 0.5932701826095581, 0.6749922037124634, 0.21214427053928375, 0.8104187250137329, -0.026802651584148407, -0.7559608221054077, -0.722895085811615, 0.8609150648117065, 0.5758432745933533, 0.5686557292938232, -0.1007661297917366, 0.10744962096214294, 0.08082196116447449, 0.712674617767334, -0.05148220807313919, 0.7332490682601929, 0.713040292263031, -0.5255734324455261, 0.5355581045150757, -0.1419757902622223, 0.6351965665817261, 0.6663071513175964, 0.5078374147415161, -0.4813480079174042, -0.16909700632095337, -0.3784061670303345, 0.6607098579406738, 0.7869270443916321, 0.07006829977035522, -0.44376885890960693, 0.6669021844863892, 0.1302770972251892, -0.23328563570976257, 0.6356123089790344, 0.5288759469985962, 0.4372063875198364, 0.32459986209869385, 0.735191822052002, -0.4047492742538452, 0.5373438596725464, 0.7850722074508667, 0.3254765272140503, 0.6200588941574097, 0.7307124733924866, 0.5087326765060425, 0.6868675947189331, 0.5249806642532349, -0.14648765325546265, 0.7082754373550415, -0.17278994619846344, -0.5209397673606873, -0.6048524975776672, -0.5150091648101807, 0.4975486695766449, 0.6552658677101135, 0.3274015188217163, 0.8417742848396301, 0.29707157611846924, 0.350538432598114, 0.48978811502456665, 0.7252833843231201, 0.6674244999885559, 0.5304175019264221, -0.29859262704849243, 0.5735409259796143, -0.19354617595672607, 0.22191019356250763, 0.8292867541313171, 0.8101614713668823, 0.4597489833831787, 0.5092325210571289, 0.7093600034713745, 0.40236303210258484, -0.645801305770874, 0.8200384974479675, 0.4581577479839325, 0.6087872982025146, 0.35288986563682556, -0.05237920582294464, -0.5430817008018494, -0.6295206546783447, 0.48978331685066223, -0.6271660327911377, -0.3461058735847473, 0.24795009195804596, -0.35297608375549316, 0.24474872648715973, 0.4811384379863739, 0.28705281019210815, -0.011902976781129837, -0.7228806018829346, -0.07335799187421799, -0.3582840859889984, 0.6910176873207092, 0.774289608001709, 0.4796346426010132, 0.6856906414031982, 0.646632730960846, -0.006474006921052933, 0.8130379319190979, -0.07376979291439056, -0.4024604856967926, -0.03283928334712982, 0.5367715954780579, -0.12370087206363678, 0.058545466512441635, 0.15175597369670868, 0.6197165250778198, 0.18172162771224976, -0.4432668089866638, 0.6229146718978882, 0.24898578226566315, -0.09592252969741821, 0.2767207622528076, 0.8571512699127197, -0.4311637580394745, -0.061642736196517944, 0.7350459694862366, 0.7439285516738892, -0.7337698936462402, 0.1276942491531372, 0.4788438081741333, -0.719619631767273, -0.15554235875606537, 0.8570355772972107, 0.0004093348979949951, -0.24653294682502747, 0.37631309032440186, -0.2519216239452362, -0.6289219856262207, -0.2757946252822876, 0.767325758934021, 0.5833961963653564, 0.05543014407157898, 0.8144351243972778, 0.6786302924156189, -0.1826709508895874, 0.7776455879211426, -0.18169161677360535, 0.4636532664299011, 0.7215195894241333, 0.3732868731021881, 0.4547805190086365, 0.11276450008153915, 0.7342585921287537, 0.018091538920998573, 0.8097206354141235, 0.8235687017440796, 0.7743841409683228, -0.3731960356235504, -0.22207115590572357, 0.5746433138847351, 0.7921348214149475, -0.16472113132476807, 0.4448123574256897, 0.6392920613288879, -0.537234902381897, -0.33495670557022095, 0.7597556710243225, -0.6962332725524902, 0.782464861869812, 0.8154077529907227, 0.35947340726852417, 0.5037876963615417, 0.1606665849685669, 0.6975444555282593, 0.5334693789482117, -0.3898448348045349, -0.016976552084088326, 0.6218672394752502, 0.25636616349220276, -0.38758260011672974, -0.17120718955993652, -0.03155773878097534, 0.2682132124900818, -0.0674496740102768, -0.49852001667022705, 0.2917535901069641, -0.8107163906097412, 0.7434662580490112, -0.02878934144973755, 0.5563247799873352, -0.08075015246868134, 0.19334259629249573, 0.7767155170440674, 0.00435904785990715, 0.7700085639953613, 0.7712745666503906, 0.1658695638179779, 0.3867986500263214, 0.790436863899231, 0.8926820755004883, -0.6002706289291382, -0.18628469109535217, -0.2978425621986389, -0.5075379610061646, -0.33914291858673096, -0.22891083359718323, 0.5593709945678711, -0.418901264667511, -0.32631656527519226, -0.3001217246055603, 0.7323389053344727, 0.3873140215873718, 0.43770796060562134, -0.03512853384017944, 0.7965301275253296, -0.19238102436065674, 0.01759408414363861, 0.4852060079574585, -0.3805035352706909, -0.7114657163619995, 0.6593145132064819, 0.1038827896118164, 0.6976014375686646, -0.6495400667190552, -0.3442569375038147, 0.20097246766090393, 0.8005452752113342, -0.25669386982917786, 0.10888642817735672, -0.02549005299806595, -0.5501176118850708, -0.6005918383598328, 0.6118083000183105, 0.39900338649749756, 0.22481994330883026, 0.48833444714546204, 0.4085610508918762, 0.7778342962265015, -0.5824090838432312, 0.17103073000907898, 0.6810799837112427, 0.4046260118484497, -0.21196845173835754, 0.5703186988830566, -0.21869415044784546, 0.6461553573608398, 0.7629896402359009, -0.4510953426361084, 0.5479288697242737, -0.0898580402135849, -0.6198475360870361, -0.36953264474868774, 0.7158726453781128, 0.5221005082130432, -0.6769773364067078, 0.4788777828216553, 0.26506561040878296, -0.3681386113166809, 0.06470930576324463, -0.670626699924469, 0.6182533502578735, 0.3602263331413269, -0.1017657220363617, -0.1769804060459137, -0.4198359251022339, -0.05088662728667259, 0.015905506908893585, -0.8319465517997742, 0.7624996900558472, 0.7137370705604553, -0.5900225639343262, -0.728376567363739, -0.3663483262062073, -0.3820643126964569, 0.6015481948852539, 0.42835524678230286, 0.6244009733200073, -0.2878853678703308, -0.17082005739212036, -0.1273285150527954, -0.35886651277542114, 0.059688352048397064, -0.39106592535972595, -0.19522184133529663, -0.14136630296707153, -0.7713378071784973, -0.16565243899822235, -0.06872158497571945, 0.6197904944419861, 0.627821147441864, 0.6775807738304138, -0.6251480579376221, -0.6831334829330444, -0.3291763663291931, -0.07486488670110703, -0.3698219656944275, 0.631508469581604, 0.18693053722381592, -0.7005237340927124, -0.19536547362804413, 0.1590263992547989, 0.6784600019454956, -0.3517710268497467, 0.5837260484695435, 0.3170001804828644, -0.724483072757721, 0.5648154616355896, -0.6883756518363953, 0.41260525584220886, -0.3989816904067993, 0.08839070051908493, -0.46237999200820923, -0.3059818744659424, -0.28629735112190247, 0.10408882796764374, -0.1208018809556961, 0.6291748285293579, 0.6442959904670715, 0.6984224915504456, 0.5059887170791626, 0.31971558928489685, 0.8392553925514221, 0.28275299072265625, -0.30396193265914917, 0.6236646771430969, 0.6699637174606323, -0.3003455102443695, 0.4081117510795593, -0.16704720258712769, -0.37196454405784607, -0.22663173079490662, -0.17090921103954315, -0.212905615568161, 0.6651392579078674, 0.5394918322563171, -0.6196607351303101, 0.50279301404953, -0.3556196987628937, 0.7338763475418091, -0.2798418402671814, -0.0854346752166748, 0.09692537784576416, 0.0950116515159607, 0.6589553356170654, -0.026648813858628273, 0.606246292591095, -0.4452333450317383, 0.31629300117492676, -0.1719212532043457, -0.6100722551345825, -0.43875324726104736, 0.7181541919708252, -0.3195511996746063, 0.5930218696594238, 0.6642692685127258, -0.07549208402633667, 0.519897997379303, 0.692071259021759, 0.056644029915332794, 0.6361116170883179, 0.8655675649642944, 0.7919379472732544, -0.1517113447189331, 0.7428524494171143, 0.459736704826355, 0.8259893655776978, 0.15596149861812592, -0.6901013851165771, 0.7661824226379395, -0.07893896102905273, 0.760886549949646, 0.7835258841514587, -0.284519761800766, 0.7524492740631104, 0.3721761703491211, 0.2916381359100342, 0.7510812282562256, 0.3447116017341614, 0.7143160700798035, 0.7650789022445679, 0.8066664934158325, -0.7357491254806519, 0.48238492012023926, 0.4829915761947632, -0.4911617040634155, -0.05183011293411255, 0.6595010757446289, 0.46645042300224304, -0.7697991132736206, 0.13949398696422577, 0.23262643814086914, 0.7359330058097839, 0.047604694962501526, -0.1593930423259735, -0.09845511615276337, 0.6267750263214111, -0.008055010810494423, 0.5450873970985413, 0.5833754539489746, -0.35729488730430603, -0.08617211878299713, 0.23384682834148407, 0.34742623567581177, -0.5184339284896851, 0.6330839395523071, 0.6950157880783081, 0.6231076717376709, 0.8347294926643372, 0.6767669916152954, 0.7678468227386475, 0.6374929547309875, -0.6034928560256958, 0.08679749071598053, 0.8017145395278931, 0.6056808233261108, 0.7258578538894653, 0.4693485498428345, 0.7622294425964355, -0.5095840096473694, -0.24312573671340942, -0.7863388061523438, -0.4369077682495117, 0.4398486614227295, 0.03812786936759949, -0.7463381290435791, -0.5918822288513184, 0.7652645111083984, -0.4406304359436035, 0.6294699311256409, 0.8226348757743835, 0.6195226311683655, 0.8745763301849365, -0.29289719462394714, 0.25517070293426514, -0.5513650178909302, 0.7238236665725708, -0.3326447010040283, 0.7347714304924011, -0.15217658877372742, -0.10051135718822479, -0.4735371470451355, -0.6787420511245728, 0.5727573037147522, 0.4601958394050598, 0.7216657996177673, -0.44973936676979065, -0.18269743025302887, 0.39058464765548706, -0.5565112829208374, -0.49214014410972595, 0.45357853174209595, -0.20117487013339996, -0.558000922203064, -0.16598719358444214, 0.7319912910461426, -0.5891962051391602, -0.2611035704612732, 0.7080427408218384, -0.704484760761261, -0.2847517728805542, 0.799219012260437, -0.12412741780281067, -0.30996230244636536, 0.5474374294281006, 0.737673282623291, -0.0285203754901886, -0.043736532330513, 0.4138448238372803, -0.44491052627563477, 0.8094110488891602, 0.6224702596664429, 0.7577977776527405, -0.09980013221502304, 0.7125985026359558, -0.09815111756324768, 0.6297335624694824, 0.5357879400253296, -0.49937862157821655, 0.16146433353424072, -0.5217958688735962, -0.059532951563596725, 0.7534884214401245, 0.27789872884750366, -0.6825758814811707, 0.7876907587051392, 0.4440758526325226, 0.18183141946792603, -0.5799891948699951, 0.47337606549263, 0.062280550599098206, 0.0009825527667999268, -0.13090121746063232, -0.5020290613174438, 0.4630068242549896, -0.5686764717102051, 0.4906693696975708, 0.43245184421539307, -0.018470704555511475, 0.6042637228965759, 0.21884624660015106, 0.6861792206764221, -0.5718866586685181, -0.07942934334278107, 0.7869228720664978, 0.64133620262146, 0.654930591583252, 0.7669855356216431, 0.3140154182910919, 0.8239195346832275, 0.09932065010070801, 0.3794060945510864, 0.6576228737831116, -0.0659838542342186, 0.014626666903495789, 0.7369463443756104, -0.09360939264297485, -0.5816434621810913, 0.3894979953765869, 0.819684624671936, -0.22113505005836487, -0.023220375180244446, 0.5000747442245483, -0.4989258646965027, 0.0035862550139427185, 0.7691788077354431, -0.6324283480644226, 0.3480181097984314, 0.3927839696407318, 0.5225362777709961, 0.738781213760376, 0.121433787047863, 0.23060378432273865, 0.7088421583175659, -0.2946237325668335, -0.47025683522224426, 0.6937952041625977, 0.8436615467071533, -0.6728581190109253, -0.1889851987361908, -0.2058001011610031, 0.7003619074821472, 0.7165042757987976, -0.7715359330177307, -0.40618008375167847, 0.6440669894218445, 0.6606769561767578, 0.6065921783447266, 0.27169448137283325, 0.8411596417427063, -0.3901950716972351, 0.6575750708580017, 0.6753374934196472, 0.3555014431476593, 0.43507182598114014, 0.49458757042884827, -0.01489829272031784, -0.6161619424819946, 0.6950840950012207, -0.06481636315584183, 0.7996618151664734, -0.2088063359260559, 0.8126955032348633, 0.3891603946685791, 0.7320061922073364, 0.6636327505111694, -0.6660563349723816, -0.5112342834472656, -0.4190036654472351, -0.26805776357650757, -0.0367061011493206, 0.5097461342811584, 0.586678147315979, -0.663145899772644, 0.6863985061645508, 0.8388538956642151, 0.4739793539047241, -0.12533575296401978, 0.40383031964302063, 0.19538049399852753, 0.6401124000549316, 0.15673543512821198, -0.11922356486320496, -0.5550585389137268, 0.5844897031784058, 0.5648090839385986, 0.7154288291931152, 0.058747775852680206, 0.39244168996810913, -0.5904368162155151, 0.45962923765182495, -0.3434130549430847, 0.6062406897544861, 0.7723925113677979, 0.6925294995307922, -0.2644738256931305, 0.8314678072929382, -0.23863768577575684, 0.6609353423118591, 0.2137296199798584, -0.27542006969451904, -0.4086301326751709, 0.38294517993927, 0.5730599164962769, 0.2629617750644684, 0.2950502634048462, 0.7558230757713318, 0.8620340824127197, -0.5035179853439331, 0.5711051225662231, 0.4175775647163391, 0.6928310394287109, 0.6455953121185303, -0.5668768882751465, 0.7250236868858337, 0.18301968276500702, 0.5889314413070679, -0.4288273751735687, -0.5290775895118713, 0.7954928874969482, 0.9532403945922852, -0.6479253172874451, -0.06745000183582306, 0.8055150508880615, -0.641170859336853, 0.1691075563430786, 0.48983490467071533, 0.16577455401420593, 0.7328587174415588, -0.6969513893127441, 0.8666372895240784, -0.08826196938753128, -0.6619834899902344, -0.15739063918590546, 0.550553560256958, -0.6574127674102783, -0.570703387260437, -0.5983039140701294, -0.3139743208885193, 0.5422627925872803, 0.8229912519454956, 0.16458724439144135, -0.4005914330482483, 0.6004936099052429, 0.15901407599449158, 0.7253360748291016, 0.5985084176063538, 0.47823086380958557, 0.565965473651886, 0.7886979579925537, -0.04602485150098801, 0.38591256737709045, 0.6400768160820007, 0.8358093500137329, 0.39922213554382324, 0.13394206762313843, 0.6818026304244995, -0.16547930240631104, 0.7375664114952087, 0.3404034972190857, 0.8259445428848267, 0.7262305021286011, -0.40385568141937256, 0.73652184009552, -0.2770310044288635, -0.0800967812538147, 0.6773520112037659, 0.8455350399017334, -0.20107781887054443, 0.864507794380188, 0.004535861313343048, -0.48924344778060913, 0.6220508813858032, 0.5379831194877625, 0.7833588123321533, -0.1865856945514679, -0.4216442406177521, 0.5439964532852173, 0.7838237285614014, 0.554163932800293, -0.008464887738227844, 0.6941023468971252, 0.5379725098609924, 0.6895688772201538, -0.371513694524765, 0.8471272587776184, 0.7114309072494507, -0.21699850261211395, 0.8366771936416626, 0.4872680902481079, 0.573410153388977, 0.6822203993797302, 0.29450222849845886, -0.4126664400100708, 0.7822461724281311, -0.6672072410583496, 0.8631494045257568, 0.7503003478050232, -0.7062366604804993, 0.599811851978302, -0.11283662915229797, 0.8392871618270874, 0.7249149084091187, 0.8258959650993347, 0.5615416169166565, -0.1660589724779129, 0.8482213020324707, 0.37943917512893677, -0.11213131994009018, 0.5985009670257568, 0.24022279679775238, 0.7417007088661194, 0.6881504654884338, 0.733376145362854, -0.1984405815601349, 0.6360703706741333, 0.28873878717422485, 0.8724492192268372, 0.03807169944047928, 0.7840731143951416, 0.7764309644699097, 0.03158199042081833, 0.012015439569950104, 0.7925370335578918, 0.42070209980010986, -0.134517103433609, 0.18259432911872864, 0.2185756266117096, 0.5261205434799194, 0.8309837579727173, -0.2666987180709839, 0.6205239295959473, 0.13308507204055786, 0.8523027300834656, 0.17195144295692444, 0.3077796697616577, 0.5356107950210571, 0.08508911728858948, 0.8837340474128723, 0.6574418544769287, 0.6595116257667542, 0.19899149239063263, 0.7314336895942688, -0.2772796154022217, 0.5802581310272217, 0.8269160985946655, -0.6969568133354187, -0.792279064655304, 0.751643180847168, -0.2837391197681427, 0.6884227991104126, 0.5276315212249756, -0.7613357901573181, 0.5007114410400391, 0.6869593858718872, 0.1790073961019516, -0.24150699377059937, 0.6088284254074097, 0.8304320573806763, 0.5935624837875366, 0.4664914608001709, 0.7673221230506897, 0.07665742933750153, 0.25952792167663574, -0.5256098508834839, 0.6522499322891235, 0.4435523748397827, 0.228169783949852, 0.33576029539108276, 0.6251556873321533, 0.3627811670303345, -0.29715994000434875, -0.12760962545871735, -0.35331857204437256, -0.049542106688022614, -0.505358099937439, 0.799251914024353, 0.26470857858657837, 0.6305216550827026, 0.43780985474586487, 0.7705819606781006, 0.7297794818878174, 0.3715772032737732, 0.6536465287208557, 0.8883950710296631, 0.31617313623428345, 0.6705167889595032, 0.6559369564056396, -0.12500083446502686, 0.46909528970718384, 0.017855949699878693, -0.6286516189575195, 0.7599613070487976, 0.9142349362373352, -0.19815191626548767, -0.3674643337726593, -0.27705109119415283, 0.6654725074768066, 0.7634925246238708, -0.4101247191429138, 0.31765300035476685, 0.5356390476226807, -0.5598840713500977, 0.26765841245651245, 0.4860962927341461, 0.7665505409240723, 0.7926578521728516, -0.019342660903930664, -0.6386428475379944, -0.46606045961380005, -0.48639199137687683, 0.7474032044410706, -0.5102574825286865, 0.7802260518074036, 0.590437650680542, 0.05882030725479126, 0.7689625024795532, -0.7013338208198547, 0.5549097657203674, -0.3411751389503479, 0.7490335702896118, 0.2012869268655777, 0.3227526545524597, 0.657781720161438, -0.09582144021987915, 0.525362491607666, 0.36926838755607605, 0.0003704577684402466, -0.14810527861118317, 0.6489806175231934, 0.7767150402069092, -0.14300760626792908, 0.7394518852233887, -0.23538663983345032, 0.7207184433937073, -0.6115866899490356, 0.6588453650474548, 0.22096386551856995, 0.7871676683425903, -0.4216194450855255, 0.13673584163188934, 0.37313249707221985, 0.35490986704826355, 0.31496912240982056, 0.7078390121459961, 0.3090667128562927, 0.16870632767677307, 0.7912209033966064, -0.03299541026353836, -0.5758131742477417, -0.09236746281385422, 0.480823278427124, 0.5759552717208862, 0.6508226990699768, -0.30812931060791016, 0.5655310153961182, 0.46157294511795044, 0.055947497487068176, 0.24275293946266174, -0.1882745325565338, 0.8280220031738281, 0.18935337662696838, 0.7033190131187439, -0.3635967969894409, 0.43102145195007324, -0.28122979402542114, -0.2775033414363861, 0.31811943650245667, 0.22682106494903564, 0.6475472450256348, 0.5063112378120422, -0.7515625953674316, 0.5155514478683472, 0.7660224437713623, -0.7271131277084351, -0.6148909330368042, 0.8063998222351074, 0.19060219824314117, 0.33966100215911865, -0.31231391429901123, 0.5558746457099915, 0.706895112991333, 0.7262511253356934, -0.17531198263168335, -0.4315713942050934, -0.2920878529548645, -0.23339276015758514, 0.8289200067520142, 0.5041035413742065, 0.4271693229675293, -0.27878427505493164, 0.762224555015564, 0.004704326391220093, -0.24066504836082458, 0.5476343631744385, -0.33977845311164856, 0.3066607713699341, -0.711889386177063, -0.6294933557510376, -0.7711819410324097, -0.20710505545139313, 0.20201535522937775, 0.4647866487503052, 0.7261500358581543, -0.6241970062255859, 0.7944191694259644, 0.8741415143013, 0.30362552404403687, 0.4742612838745117, -0.6401927471160889, 0.02007976919412613, -0.1673416644334793, 0.8356893062591553, 0.7717586755752563, 0.09372986853122711, 0.11127919703722, 0.5656559467315674, 0.7342544794082642, -0.09545816481113434, -0.18714775145053864, 0.23381897807121277, 0.8613790273666382, 0.3959576487541199, -0.3116873800754547, 0.8328579068183899, 0.6582233905792236, -0.2677971124649048, -0.21174883842468262, 0.10150932520627975, -0.524795413017273, -0.5162302851676941, -0.08812199532985687, 0.7647775411605835, 0.776128888130188, -0.04051566123962402, -0.1284235268831253, 0.3022138476371765, -0.3518533706665039, 0.33086585998535156, -0.359158992767334, -0.2526301145553589, -0.25520312786102295, 0.05066768825054169, 0.6852734088897705, -0.1978500485420227, -0.5399695038795471, 0.8312023878097534, -0.077157162129879, -0.6277549266815186, 0.9592993855476379, -0.24013864994049072, 0.7581812143325806, -0.45810049772262573, -0.4260835647583008, 0.26533734798431396, 0.5588427782058716, 0.7353135943412781, -0.3978060781955719, 0.4176860749721527, -0.6905757188796997, 0.7995609045028687, 0.5612452626228333, -0.6613092422485352, 0.536740779876709, 0.4281691908836365, -0.6345334053039551, 0.6430816650390625, 0.6073293685913086, -0.6136590242385864, -0.19981524348258972, 0.5802478790283203, -0.3765439987182617, 0.6331318616867065, 0.3849707841873169, 0.5019655227661133, 0.005101311951875687, -0.45557624101638794, -0.4096192717552185, 0.007714718580245972, 0.3547587990760803, -0.597644031047821, -0.19738030433654785, -0.4361758232116699, -0.719912052154541, 0.7438232898712158, -0.11581654846668243, 0.4612138867378235, -0.606931209564209, 0.3206799328327179, -0.13832738995552063, -0.19184233248233795, -0.5752208232879639, -0.19595582783222198, 0.245426207780838, 0.062492795288562775, -0.06360454857349396, -0.1871061474084854, -0.5932439565658569, -0.07694549113512039, 0.8040462732315063, -0.4621606469154358, -0.09400425851345062, -0.4316923916339874, 0.7629659175872803, 0.3531568646430969, -0.4071498215198517, 0.308016300201416, 0.07750603556632996, -0.05665864422917366, 0.4751203656196594, 0.6229712963104248, 0.19171157479286194, 0.260509729385376, 0.426954984664917, 0.07576803117990494, -0.7012646198272705, 0.7310187816619873, -0.20092058181762695, -0.5255362391471863, -0.14615358412265778, 0.6631776094436646, 0.5694010257720947, 0.48323750495910645, -0.7272242307662964, 0.5911158919334412, 0.921355128288269, -0.04481101781129837, 0.48624980449676514, 0.6967986822128296, -0.4892153739929199, 0.47368547320365906, 0.6229041814804077, 0.7659675478935242, -0.6299190521240234, 0.04445527493953705, -0.06008981913328171, -0.2922059893608093, -0.5452488660812378, -0.5038182735443115, -0.15621379017829895, -0.341086745262146, 0.525677502155304, 0.16625216603279114, 0.07173803448677063, -0.5191943645477295, 0.6677451133728027, 0.6754511594772339, -0.6447923183441162, 0.8131210207939148, 0.1286681592464447, 0.5816447138786316, -0.33177363872528076, 0.8108793497085571, -0.04397258162498474, -0.6100717782974243, -0.4271996319293976, 0.464876651763916, -0.7887031435966492, -0.29090020060539246, 0.5060936212539673, 0.10861973464488983, -0.512460470199585, 0.8058487176895142, 0.2378038614988327, 0.6234138607978821, 0.2555907964706421, -0.1253756731748581, -0.1865900456905365, 0.4912356734275818, -0.09312300384044647, 0.7635582685470581, -0.31874698400497437, -0.6466918587684631, 0.5427366495132446, -0.6162779331207275, 0.06741775572299957, 0.7138006687164307, 0.41916757822036743, -0.046566057950258255, 0.06638296693563461, -0.44823625683784485, 0.6409525871276855, -0.11039616167545319, 0.6256853938102722, 0.6889908313751221, 0.29744118452072144, 0.49318861961364746, 0.33454039692878723, 0.6614446640014648, -0.24167023599147797, -0.6066252589225769, 0.4891678988933563, 0.693402886390686, 0.6245334148406982, 0.7318297624588013, -0.26361334323883057, 0.16852614283561707, -0.2781282067298889, -0.21599960327148438, -0.5852571725845337, -0.6372240781784058, 0.4184417128562927, -0.7059252858161926, 0.06814723461866379, -0.4018864333629608, 0.5806281566619873, 0.19726717472076416, 0.5033276677131653, -0.22713865339756012, 0.3306313455104828, 0.7602659463882446, 0.4395434558391571, -0.3583829402923584, 0.613014817237854, 0.7597911953926086, 0.7452865839004517, -0.41155603528022766, -0.1888194978237152, 0.7774345874786377, 0.14326216280460358, 0.7847479581832886, 0.6908714771270752, 0.4873276948928833, 0.2935476303100586, -0.5021501779556274, 0.7616446018218994, 0.06479093432426453, -0.054410483688116074, 0.828168511390686, 0.4214167594909668, -0.523339033126831, 0.6140631437301636, 0.40041571855545044, -0.4220264256000519, 0.008701812475919724, 0.8399423360824585, 0.56836998462677, -0.1624700129032135, 0.3460659086704254, 0.5040366053581238, -0.19837428629398346, 0.7715731859207153, -0.04390086233615875, -0.30827486515045166, 0.6792358160018921, 0.0973866730928421, 0.20178300142288208, 0.512260913848877, -0.3686082363128662, 0.8141999244689941, 0.7640042304992676, 0.4251636862754822, -0.6876927614212036, -0.19459252059459686, -0.39051565527915955, -0.19224600493907928, 0.08986939489841461, 0.3076632022857666, 0.24196018278598785, -0.2231464385986328, 0.18074896931648254, 0.8439064025878906, 0.2836152911186218, 0.11933046579360962, 0.7018306851387024, 0.18328912556171417, 0.8217660188674927, 0.6055642366409302, -0.6404524445533752, 0.3600919246673584, 0.4974338114261627, -0.7227095365524292, -0.29858705401420593, -0.39868056774139404, 0.2784026563167572, -0.0265539288520813, -0.7495638132095337, 0.546971321105957, 0.23695148527622223, 0.12184441834688187, 0.8297402858734131, 0.6312363147735596, 0.2451980710029602, -0.48061007261276245, -0.2505277395248413, 0.6431807279586792, 0.549072265625, 0.056810494512319565, 0.8216050863265991, 0.7522079944610596, 0.7281241416931152, 0.3811109662055969, 0.6587046384811401, -0.2033984661102295, -0.21302032470703125, -0.14243878424167633, 0.728644073009491, 0.7153648138046265, 0.9209474325180054, 0.3204047679901123, 0.530860185623169, 0.2162705510854721, -0.07425596565008163, -0.15319284796714783, 0.7183530330657959, -0.2093476802110672, 0.542235255241394, -0.4481624364852905, 0.22482270002365112, 0.2260655015707016, 0.551715075969696, 0.47081857919692993, 0.8487778902053833, 0.4971907138824463, -0.2540527284145355, -0.3523612916469574, 0.4183867871761322, 0.8165538311004639, 0.7125394940376282, -0.31605643033981323, 0.7167391180992126, -0.5755261778831482, -0.5108387470245361, 0.027751842513680458, -0.2966506779193878, -0.7404088973999023, -0.19113081693649292, -0.011715680360794067, 0.12410841882228851, 0.13340651988983154, -0.08206494152545929, 0.8225748538970947, -0.5829722285270691, -0.01958802342414856, 0.8646742701530457, -0.7016188502311707, 0.30705320835113525, -0.2949620485305786, -0.44642090797424316, 0.4721163213253021, 0.8902276158332825, 0.20077276229858398, -0.010698523372411728, -0.1833447962999344, -0.6666109561920166, -0.7760583758354187, -0.33011966943740845, -0.3117959797382355, 0.6367515325546265, 0.21719230711460114, -0.4329100549221039, -0.2980532646179199, -0.6229164004325867, 0.8545619249343872, 0.38941699266433716, 0.7553084492683411, 0.5387205481529236, -0.5175889730453491, 0.7154152393341064, -0.15117238461971283, -0.005447773262858391, 0.5941269397735596, 0.8266170620918274, -0.4270007610321045, 0.7924060225486755, 0.0007703155279159546, 0.7893123626708984, -0.28046494722366333, 0.7807431221008301, 0.3256552815437317, 0.27400311827659607, 0.8714326620101929, 0.6022225022315979, -0.18688686192035675, -0.010979883372783661, 0.7189735174179077, 0.6041561365127563, 0.39707526564598083, 0.7451153993606567, -0.056863609701395035, -0.35222896933555603, -0.17232400178909302, 0.20855389535427094, 0.3730422258377075, -0.3349166214466095, 0.07610543072223663, -0.4998325705528259, 0.7931263446807861, 0.7278002500534058, 0.027657754719257355, -0.041901104152202606, 0.39819616079330444, -0.10466662794351578, 0.04480259120464325, -0.6633915901184082, -0.7923116683959961, -0.777686357498169, -0.02548176795244217, -0.05273820459842682, 0.5011916160583496, 0.04047337919473648, 0.028752177953720093, 0.025523006916046143, 0.010842636227607727, 0.041580624878406525, -0.3455667495727539, 0.33695605397224426, 0.5942974090576172, 0.2938990294933319, 0.2111486792564392, 0.04598037153482437, 0.7007601261138916, 0.6525404453277588, 0.32330211997032166, 0.624862790107727, -0.435350626707077, 0.8637591600418091, 0.5613573789596558, -0.31113529205322266, -0.6406176686286926, -0.2527735233306885, 0.22654369473457336, 0.5413070321083069, 0.7990595698356628, -0.8420248627662659, 0.5813027620315552, 0.30846700072288513, 0.6591342687606812, -0.6086696982383728, 0.6231569051742554, -0.5119463205337524, 0.40435507893562317, 0.2204338014125824, -0.3714040219783783, -0.3579307794570923, 0.5528828501701355, 0.761358380317688, -0.17024129629135132, -0.2928759455680847, -0.05513114482164383, 0.4718816876411438, -0.19044229388237, -0.5652992129325867, 0.414969265460968, 0.5046160221099854, 0.03813997283577919, 0.25327619910240173, 0.09640265256166458, 0.80501389503479, 0.5347854495048523, 0.02009744942188263, 0.06533487141132355, -0.1252930760383606, -0.06914747506380081, 0.278728723526001, 0.7394466996192932, 0.39307188987731934, 0.11504168808460236, 0.07580357789993286, 0.6178406476974487, 0.8329739570617676, 0.8664941191673279, 0.6648637652397156, 0.038873348385095596, 0.7625817060470581, -0.38799309730529785, 0.8601358532905579, 0.42248696088790894, -0.30365610122680664, -0.5994492769241333, 0.1408085823059082, 0.8033595085144043, 0.6329357028007507, -0.4093494415283203, 0.4415355324745178, 0.877975583076477, 0.5141943693161011, 0.7542486786842346, -0.04669918864965439, -0.09891994297504425, 0.8168654441833496, 0.7901096940040588, -0.6057829260826111, 0.5513097047805786, -0.04273274540901184, -0.43403708934783936, 0.7593214511871338, -0.08023694157600403, 0.03406551480293274, 0.03212384134531021, 0.6808732151985168, 0.7363475561141968, -0.24746471643447876, 0.228788822889328, -0.17746391892433167, -0.28025543689727783, 0.7672747373580933, 0.7092769145965576, -0.1665930598974228, 0.4717307686805725, -0.33436092734336853, -0.4035893976688385, -0.3164374530315399, 0.6833186149597168, 0.7335957884788513, 0.8486322164535522, -0.0882067009806633, 0.756126344203949, -0.07520312070846558, 0.47326013445854187, 0.6919904947280884, -0.2951168119907379, 0.6228639483451843, 0.48297205567359924, 0.6829727292060852, 0.6958295106887817, -0.030796414241194725, 0.004894442856311798, -0.18189787864685059, 0.07567012310028076, -0.8207015991210938, 0.46607106924057007, 0.7230955362319946, -0.30172544717788696, 0.5886963605880737, -0.30985313653945923, -0.14755460619926453, 0.6396769881248474, -0.08690052479505539, 0.5818853974342346, 0.4207466244697571, -0.15084484219551086, -0.7267190217971802, 0.521775484085083, -0.6280601620674133, 0.8492624163627625, -0.0574517548084259, -0.19054768979549408, -0.3327253460884094, 0.002959996461868286, 0.5125065445899963, 0.7877237796783447, 0.7971044778823853, -0.3298444151878357, -0.2621240019798279, 0.6917606592178345, 0.7902732491493225, 0.7558300495147705, 0.6025575399398804, 0.47400957345962524, -0.7337256073951721, -0.0736474022269249, 0.34867292642593384, 0.5142960548400879, 0.7769113183021545, 0.8681255578994751, 0.567116379737854, -0.35021403431892395, 0.8206608295440674, 0.6940786838531494, 0.8167213201522827, -0.4348265826702118, 0.4518739581108093, 0.7562443017959595, 0.6720588207244873, 0.13700950145721436, 0.1651066392660141, 0.7917762994766235, -0.46763312816619873, 0.49376755952835083, 0.675116777420044, -0.256245493888855, -0.5757604837417603, -0.8230438232421875, -0.1538032442331314, 0.49246352910995483, 0.08690579235553741, 0.02293265610933304, 0.16732794046401978, -0.3651089668273926, 0.625826358795166, -0.049288809299468994, -0.30444830656051636, 0.4561784267425537, 0.6562962532043457, -0.24494688212871552, -0.38234126567840576, 0.4985738694667816, 0.3662496507167816, 0.8146845102310181, -0.2863161563873291, -0.5118348598480225, 0.5461212396621704, 0.3882349729537964, -0.013104140758514404, -0.5994181632995605, -0.2445560097694397, 0.7473164796829224, 0.24505090713500977, 0.490479439496994, 0.7682260870933533, -0.06987473368644714, 0.40425920486450195, 0.2781824469566345, 0.24752189218997955, 0.6998096704483032, -0.4841423034667969, -0.003675110638141632, 0.5473931431770325, 0.6746804118156433, -0.233298659324646, 0.335582971572876, 0.11893050372600555, 0.372344434261322, -0.7933906316757202, -0.3383253216743469, -0.2236277461051941, 0.5593435168266296, -0.23258352279663086, 0.5758072733879089, 0.0817166268825531, 0.2919973134994507, 0.8193485140800476, 0.2721652388572693, 0.7801006436347961, -0.433937668800354, -0.11357423663139343, 0.569097101688385, 0.8319724798202515, -0.6045048236846924, -0.14975899457931519, 0.4773518443107605, -0.18147730827331543, 0.5366164445877075, 0.731358528137207, 0.6122722029685974, -0.5067992210388184, 0.4585628807544708, 0.5435899496078491, 0.25871196389198303, -0.061206042766571045, 0.7484822869300842, 0.11650852859020233, 0.6252055168151855, 0.7680819034576416, 0.6329591870307922, 0.5944415330886841, -0.342823326587677, 0.5453499555587769, -0.14229804277420044, 0.4002322852611542, -0.35130879282951355, -0.02535209059715271, -0.19332599639892578, 0.6930699348449707, 0.28762131929397583, 0.48736265301704407, 0.4956094026565552, 0.6617786884307861, -0.6710870862007141, 0.09211519360542297, 0.5726138353347778, 0.4340057373046875, 0.3151274025440216, -0.32121849060058594, 0.8038772344589233, 0.6811182498931885, 0.5176172256469727, 0.5461711287498474, 0.2922888696193695, 0.5971874594688416, 0.47848033905029297, 0.4295971989631653, -0.4798482656478882, -0.5401926636695862, 0.7554817199707031, -0.04483852535486221, -0.4261089265346527, -0.701237142086029, -0.7360007166862488, 0.2806187868118286, 0.5510292053222656, 0.5446149706840515, -0.7910225987434387, -0.06379521638154984, -0.3894349932670593, 0.6751217842102051, 0.7666571140289307, -0.21083617210388184, -0.2395458221435547, 0.7237597703933716, 0.6812788248062134, 0.01936156675219536, 0.5706010460853577, -0.21101361513137817, 0.45597314834594727, 0.6324212551116943, 0.6308540105819702, 0.7493678331375122, 0.6526317596435547, -0.3054240047931671, -0.5369278192520142, -0.6647694110870361, 0.2914283275604248, -0.4327101409435272, 0.6560774445533752, -0.6794501543045044, 0.7461810111999512, -0.2536260783672333, 0.12815000116825104, 0.7806055545806885, -0.18656279146671295, -0.22135840356349945, -0.08610847592353821, -0.08287493884563446, 0.7826530933380127, -0.5151606798171997, 0.7746723890304565, -0.21428026258945465, 0.7422770857810974, -0.34186404943466187, 0.6437290906906128, -0.29332661628723145, 0.14237086474895477, 0.7506356239318848, 0.6314185857772827, 0.7036749124526978, -0.14038126170635223, 0.3351646661758423, 0.7921361923217773, -0.1271587461233139, 0.3939875066280365, 0.7429122924804688, 0.48653092980384827, -0.5523463487625122, -0.5560357570648193, 0.783871591091156, -0.4601130485534668, -0.3068040907382965, -0.2779162526130676, -0.0044747814536094666, -0.4522848129272461, 0.7673574090003967, -0.26181191205978394, -0.15963870286941528, 0.6903048753738403, -0.11965663731098175, 0.7093302011489868, -0.6871135830879211, 0.7269605398178101, -0.0999632477760315, 0.4009777903556824, 0.8918201923370361, 0.12504279613494873, -0.41430041193962097, -0.2314910739660263, 0.11562879383563995, 0.8376719951629639, 0.35734766721725464, 0.030189834535121918, -0.751864492893219, -0.14358706772327423, -0.3631911277770996, 0.49160048365592957, -0.46354252099990845, 0.7616575956344604, -0.5170025825500488, -0.05552631616592407, 0.8133131861686707, 0.4980405867099762, 0.12921583652496338, 0.08886788785457611, -0.18427208065986633, -0.20339958369731903, 0.6313164234161377, -0.40904831886291504, -0.27223578095436096, 0.43828219175338745, -0.7096000909805298, 0.5585583448410034, 0.49132853746414185, -0.775181770324707, 0.3265305161476135, 0.711966872215271, -0.30207690596580505, 0.09620793908834457, -0.3557632863521576, 0.5942068099975586, -0.12725628912448883, -0.21929018199443817, -0.35710108280181885, 0.776835560798645, 0.7643267512321472, 0.700240433216095, 0.31562915444374084, -0.0546363964676857, -0.24305543303489685, 0.7320923805236816, -0.778601348400116, -0.6037998795509338, -0.7235062718391418, 0.3764994144439697, 0.6775898337364197, -0.14494562149047852, -0.640745997428894, -0.6743871569633484, -0.05996236205101013, -0.07231736183166504, 0.5435407161712646, -0.6587841510772705, 0.6270980834960938, -0.494524210691452, -0.45785829424858093, -0.3565102815628052, -0.658948540687561, 0.6298131942749023, 0.13287049531936646, 0.31865018606185913, 0.6207489371299744, 0.6718564033508301, -0.6986270546913147, 0.6261134743690491, 0.3550316095352173, -0.3853767514228821, -0.4229891002178192, 0.5281466245651245, -0.11403749883174896, 0.17578937113285065, -0.31737661361694336, 0.5060659050941467, 0.5272315740585327, -0.2154533714056015, -0.03505788370966911, 0.36475980281829834, -0.05738987773656845, -0.1014353483915329, 0.6151484847068787, 0.5687059760093689, 0.26606354117393494, 0.37195736169815063, -0.42340588569641113, -0.23872649669647217, -0.720531702041626, -0.448032021522522, 0.081960029900074, -0.04488438367843628, 0.6802926659584045, 0.6266027092933655, -0.34354254603385925, 0.7818096876144409, 0.5408785343170166, -0.41412609815597534, 0.4834211468696594, -0.2401282638311386, 0.4025843143463135, -0.26646193861961365, 0.8327588438987732, 0.26091375946998596, 0.8141299486160278, -0.1347794383764267, -0.16737371683120728, 0.47938865423202515, 0.5288888216018677, -0.6328517198562622, -0.6457493901252747, 0.22829154133796692, -0.019055739045143127, 0.6437147259712219, 0.8515890836715698, 0.17018532752990723, -0.387345552444458, 0.7626916170120239, 0.2530615031719208, -0.6209936141967773, -0.39275190234184265, 0.6425294280052185, 0.10977451503276825, 0.6149155497550964, 0.8183407783508301, 0.42113083600997925, -0.31049275398254395, 0.7641540169715881, -0.03367064893245697, -0.15880517661571503, -0.38884395360946655, 0.055831462144851685, 0.6868432760238647, -0.4507085978984833, -0.20013509690761566, -0.15413162112236023, 0.505611002445221, 0.3962453305721283, 0.5727013349533081, 0.23639661073684692, 0.797029972076416, 0.1096314787864685, -0.6103848814964294, 0.7140769958496094, 0.7732819318771362, 0.058557309210300446, -0.25348642468452454, -0.27823588252067566, 0.7478615641593933, 0.2719232439994812, 0.556535005569458, 0.14487217366695404, -0.7529513835906982, 0.4076998829841614, -0.36312156915664673, -0.20063261687755585, -0.08604152500629425, 0.4939708113670349, 0.07009918987751007, -0.21673989295959473, 0.7209314107894897, 0.6464771628379822, 0.8287193775177002, 0.7261692881584167, -0.16575026512145996, -0.35658490657806396, -0.156607985496521, 0.535252034664154, 0.0126984603703022, 0.7177122235298157, 0.6323649883270264, 0.7955019474029541, 0.7984723448753357, 0.7112557888031006, -0.1494315266609192, 0.7351458072662354, 0.4699806272983551, 0.4414176046848297, -0.13439974188804626, -0.23112906515598297, 0.36768144369125366, -0.20567014813423157, 0.7873780727386475, 0.14677098393440247, 0.6081998348236084, 0.283488005399704, 0.6206358671188354, 0.7614086866378784, -0.058914296329021454, 0.5620704293251038, 0.6209989786148071, -0.43328022956848145, 0.7953122854232788, 0.5204795598983765, 0.5794968008995056, 0.5694741010665894, -0.21146497130393982, -0.25462329387664795, -0.16122746467590332, -0.5285654067993164, -0.0897832065820694, 0.7771159410476685, 0.7540781497955322, 0.8202192783355713, 0.569449782371521, 0.39957019686698914, 0.9028381109237671, 0.8306747078895569, -0.5753987431526184, 0.05258014798164368, -0.3168293833732605, 0.0584246963262558, 0.6998398303985596, 0.21914644539356232, 0.644207239151001, 0.6536915898323059, -0.5379825234413147, 0.8441009521484375, 0.4616611897945404, -0.7914777398109436, 0.7165170907974243, -0.6980345249176025, 0.8621553182601929, -0.141022190451622, -0.46385657787323, -0.3592357933521271, 0.7498974204063416, 0.42882677912712097, 0.760599672794342, 0.13664594292640686, 0.29250794649124146, 0.1813587099313736, 0.6049202680587769, -0.3977709412574768, 0.2631146311759949, -0.1733589768409729, -0.5373843908309937, 0.11410849541425705, 0.43918585777282715, -0.41004830598831177, 0.8388048410415649, -0.16929283738136292, 0.4676799774169922, 0.035122159868478775, -0.6279400587081909, 0.6757417917251587, -0.4573686122894287, 0.8150431513786316, 0.2724689543247223, -0.19778716564178467, 0.7855750322341919, 0.8585489988327026, 0.053633175790309906, 0.3898560404777527, 0.57118821144104, 0.1401161551475525, 0.530450165271759, -0.6237671375274658, -0.588470458984375, -0.3832257091999054, 0.7296321988105774, 0.003411194309592247, 0.7220457792282104, 0.1633845418691635, 0.6450884342193604, -0.21015840768814087, 0.38280370831489563, 0.3796457052230835, -0.4060271382331848, 0.13951238989830017, 0.03803087770938873, 0.30147284269332886, 0.011485189199447632, 0.7014153003692627, -0.34061747789382935, -0.4160020351409912, 0.7171615362167358, 0.7664410471916199, -0.3319706320762634, 0.1830274760723114, -0.20991671085357666, -0.3897140622138977, 0.4231111705303192, 0.815326452255249, 0.04346907138824463, 0.38717925548553467, -0.27588513493537903, 0.5800707340240479, -0.35273653268814087, 0.7646481990814209, 0.3135569095611572, 0.6530195474624634, 0.282980352640152, 0.21661141514778137, 0.6705953478813171, -0.31802284717559814, -0.6386282444000244, -0.6750267148017883, -0.10681110620498657, -0.30300119519233704, 0.6957039833068848, -0.019545458257198334, 0.6590598821640015, 0.5567314028739929, 0.8169344663619995, 0.37847334146499634, 0.43719303607940674, -0.4123203754425049, -0.11183294653892517, 0.8266372680664062, 0.7692762613296509, 0.7364398241043091, 0.8023518323898315, -0.29983481764793396, 0.4607717990875244, 0.644111156463623, 0.5678973197937012, 0.8425811529159546, 0.6589168906211853, 0.8770029544830322, 0.5326856374740601, 0.09596333652734756, -0.6070343852043152, 0.36023667454719543, -0.5837258696556091, 0.4119778275489807, -0.7180555462837219, 0.5813454985618591, 0.5809191465377808, 0.7911751866340637, -0.7553855180740356, 0.5259569883346558, -0.40521907806396484, -0.663803219795227, -0.1262507140636444, -0.1444089114665985, 0.5527248382568359, -0.3218291997909546, -0.34836918115615845, -0.2732366919517517, -0.07513023167848587, 0.00022687017917633057, -0.6227333545684814, 0.5884162187576294, 0.49181249737739563, 0.346500039100647, -0.33576950430870056, 0.6154680848121643, 0.47233548760414124, -0.2882041931152344, 0.6442815661430359, -0.2046225368976593, 0.21451346576213837, 0.20306818187236786, 0.6312265396118164, -0.4011369049549103, -0.1834302842617035, 0.6745617389678955, 0.5417088270187378, -0.5747562050819397, -0.19630247354507446, -0.27938878536224365, 0.5090145468711853, 0.7484439611434937, 0.26619523763656616, -0.49126291275024414, 0.5849889516830444, -0.3272284269332886, 0.17958039045333862, -0.14893902838230133, 0.9240843653678894, 0.7563589215278625, 0.7125166654586792, 0.6757912635803223, 0.193822979927063, -0.2924283444881439, -0.3444512188434601, -0.181950181722641, 0.6322862505912781, -0.6156961917877197, -0.7546985149383545, 0.17646415531635284, 0.403067022562027, 0.8900468945503235, -0.43752044439315796, -0.6750150322914124, -0.6875982880592346, 0.5909063816070557, 0.7015103101730347, 0.6786837577819824, 0.17146658897399902, -0.3996574282646179, -0.3916330337524414, -0.20042313635349274, 0.42725229263305664, 0.011420099064707756, -0.1398962289094925, 0.34110066294670105, 0.8417925834655762, -0.7804515361785889, 0.3812481760978699, -0.7011576294898987, -0.32549214363098145, -0.4192323684692383, 0.6239393949508667, 0.8370857238769531, 0.2562788426876068]
