sample name: ['Cc1ccc2nccc(C(=O)N3CCC[C@H](C(=O)c4cccc5ccccc45)C3)c2c1']
atom_index,distance,cosine_similarity
0,-0.43400390625,0.03635076846927404
1,-0.755855712890625,0.07307305585592985
2,-0.81134033203125,0.06606185117736459
3,0.391962890625,-0.05187759228050709
4,-0.3022412109375,0.052158036716282365
5,-0.7036767578125,0.06314649043604731
6,-2.02031005859375,0.18699521105736494
7,-1.166986083984375,0.10064160741865635
8,0.7882275390625,-0.06844150479882956
9,0.3278369140625,-0.02042180798947811
10,0.4684716796875,-0.04801702030003071
11,-1.6224853515625,0.1555444747582078
12,-1.74918212890625,0.17341885931789874
13,-1.779005126953125,0.15225954592227936
14,-0.192322998046875,0.026676036603748798
15,-0.944091796875,0.101503964997828
16,-0.351611328125,0.051163252778351306
17,0.0833837890625,-0.0012432155385613442
18,-0.83311767578125,0.0910445012897253
19,-0.24513916015625,0.03911717638373375
20,-0.062850341796875,0.01261063378304243

Sum of phi values for distance
-11.914337158203121
Sum of phi values for cosine similarity
1.1917643260583282
Average distance random samples:
16.105008694330852
Average cosine similarity random samples:
0.1046078091194587
Distances random samples
[9.583256721496582, 21.788814544677734, 10.420944213867188, 17.84116554260254, 21.293720245361328, 13.040292739868164, 19.184762954711914, 12.54963493347168, 12.224459648132324, 15.177249908447266, 12.552512168884277, 13.642256736755371, 12.99779987335205, 17.400653839111328, 22.13838768005371, 11.845545768737793, 12.864858627319336, 20.182083129882812, 15.009836196899414, 19.53465461730957, 10.87856674194336, 23.852336883544922, 15.767862319946289, 12.04395580291748, 17.25579833984375, 21.52134895324707, 19.04572868347168, 12.886090278625488, 21.979562759399414, 20.762237548828125, 18.64687156677246, 13.300061225891113, 15.830065727233887, 12.399324417114258, 21.366436004638672, 8.101372718811035, 17.62165641784668, 18.246618270874023, 20.891536712646484, 13.409224510192871, 21.237552642822266, 23.28401756286621, 14.046392440795898, 25.68834114074707, 20.669301986694336, 16.887027740478516, 15.737354278564453, 15.898554801940918, 24.11366081237793, 13.769536972045898, 21.301132202148438, 18.39191436767578, 14.472325325012207, 22.517560958862305, 17.705461502075195, 12.396052360534668, 11.049756050109863, 20.46566390991211, 13.377493858337402, 12.03210163116455, 12.840648651123047, 12.648884773254395, 17.000877380371094, 15.7272367477417, 15.333905220031738, 14.191971778869629, 24.359249114990234, 24.640892028808594, 12.99441909790039, 11.915667533874512, 15.523820877075195, 20.853464126586914, 13.781380653381348, 18.399059295654297, 12.51982307434082, 13.645238876342773, 14.433579444885254, 18.631366729736328, 17.174678802490234, 12.216507911682129, 20.007776260375977, 16.253889083862305, 13.040994644165039, 13.070467948913574, 11.613689422607422, 21.96407699584961, 11.83282470703125, 13.144068717956543, 14.182615280151367, 13.470756530761719, 13.121110916137695, 11.113568305969238, 19.767101287841797, 12.397894859313965, 16.040647506713867, 23.517534255981445, 14.404729843139648, 10.390132904052734, 12.9187593460083, 18.72711181640625, 12.604680061340332, 15.742818832397461, 18.96462059020996, 11.764102935791016, 22.675905227661133, 20.4683895111084, 12.690906524658203, 18.08716583251953, 21.835359573364258, 21.542055130004883, 19.169462203979492, 15.742874145507812, 13.301621437072754, 8.877881050109863, 11.211211204528809, 24.76197052001953, 13.311944961547852, 16.07586097717285, 10.844422340393066, 20.292030334472656, 26.272741317749023, 11.540106773376465, 12.277680397033691, 20.186100006103516, 11.968119621276855, 21.994932174682617, 11.910867691040039, 15.377579689025879, 17.231143951416016, 12.672927856445312, 21.964065551757812, 13.567841529846191, 19.70276641845703, 13.556692123413086, 22.195571899414062, 13.269623756408691, 11.699234008789062, 19.5467472076416, 20.909252166748047, 23.25348472595215, 18.285188674926758, 15.131214141845703, 20.353046417236328, 16.593006134033203, 9.04198932647705, 16.720483779907227, 11.256573677062988, 13.338827133178711, 13.26291561126709, 11.368663787841797, 15.381359100341797, 21.30630111694336, 16.495744705200195, 20.741287231445312, 20.614837646484375, 20.223901748657227, 16.270299911499023, 18.525638580322266, 15.907279014587402, 10.886868476867676, 14.868525505065918, 16.36569595336914, 19.53432846069336, 12.671472549438477, 11.685763359069824, 14.23574161529541, 10.889119148254395, 11.336607933044434, 23.999319076538086, 11.289523124694824, 9.727094650268555, 11.623333930969238, 12.255775451660156, 15.475359916687012, 15.117868423461914, 18.828218460083008, 12.213065147399902, 14.284869194030762, 9.66909408569336, 12.340256690979004, 16.255325317382812, 15.198098182678223, 11.700128555297852, 18.927265167236328, 21.58217430114746, 24.23952293395996, 16.918804168701172, 13.54068660736084, 23.747549057006836, 15.268251419067383, 17.698305130004883, 22.656204223632812, 25.67017936706543, 11.013450622558594, 10.7982177734375, 12.358831405639648, 23.547935485839844, 18.398252487182617, 16.755203247070312, 13.730735778808594, 13.009769439697266, 23.38259506225586, 13.84627914428711, 11.009028434753418, 13.007619857788086, 11.766927719116211, 21.4746036529541, 14.536630630493164, 22.78744125366211, 14.141193389892578, 10.134163856506348, 22.10149574279785, 13.90999698638916, 22.233850479125977, 11.985941886901855, 23.552698135375977, 12.313091278076172, 18.195722579956055, 13.701908111572266, 13.908976554870605, 23.1019229888916, 21.328001022338867, 14.24673080444336, 15.381795883178711, 12.93787670135498, 16.178373336791992, 23.26696014404297, 17.862396240234375, 14.580399513244629, 15.796440124511719, 14.303889274597168, 25.771921157836914, 15.764939308166504, 9.622469902038574, 15.045570373535156, 15.54205322265625, 14.320667266845703, 15.527198791503906, 10.499837875366211, 12.551704406738281, 16.051055908203125, 22.519014358520508, 16.25310707092285, 26.24129295349121, 21.907154083251953, 11.852029800415039, 23.745468139648438, 23.585554122924805, 25.59320068359375, 12.744575500488281, 15.856237411499023, 21.536468505859375, 16.12915802001953, 14.056962966918945, 22.61502456665039, 16.544931411743164, 22.769044876098633, 13.430234909057617, 21.23243522644043, 10.669517517089844, 18.654375076293945, 12.618216514587402, 14.891548156738281, 12.779253959655762, 21.041955947875977, 14.656702995300293, 12.66849422454834, 16.055660247802734, 22.71380043029785, 12.562875747680664, 24.232711791992188, 13.310378074645996, 9.339128494262695, 24.496288299560547, 19.551576614379883, 10.936781883239746, 11.936264991760254, 10.250866889953613, 12.434755325317383, 21.42892837524414, 14.702749252319336, 16.24396514892578, 17.32910919189453, 14.69212532043457, 8.80250072479248, 20.546796798706055, 21.408920288085938, 20.132625579833984, 14.761120796203613, 10.442256927490234, 21.199026107788086, 18.156156539916992, 18.06894874572754, 11.618938446044922, 18.045364379882812, 17.185482025146484, 13.943367958068848, 13.573532104492188, 19.30538558959961, 13.091069221496582, 15.642276763916016, 11.02962589263916, 17.009197235107422, 16.624866485595703, 15.045852661132812, 10.616913795471191, 24.570661544799805, 10.299457550048828, 12.270990371704102, 19.238628387451172, 13.541787147521973, 15.185711860656738, 18.908714294433594, 9.565590858459473, 17.887887954711914, 15.357894897460938, 21.951641082763672, 13.0183744430542, 23.45195770263672, 12.44937801361084, 9.64964771270752, 21.381494522094727, 25.05379295349121, 13.000703811645508, 12.561501502990723, 11.064484596252441, 22.145252227783203, 9.390528678894043, 21.445131301879883, 23.354650497436523, 9.759819984436035, 16.30095672607422, 20.707609176635742, 18.29595184326172, 13.317484855651855, 21.135093688964844, 13.96865463256836, 18.660106658935547, 12.544089317321777, 11.374343872070312, 12.078573226928711, 13.275306701660156, 24.438928604125977, 24.45568084716797, 17.642044067382812, 11.311508178710938, 9.817517280578613, 19.300525665283203, 19.32921028137207, 13.689809799194336, 14.381706237792969, 14.345630645751953, 24.277149200439453, 13.179091453552246, 11.69910717010498, 12.456592559814453, 10.6009521484375, 14.261826515197754, 18.47162437438965, 24.535842895507812, 21.173355102539062, 10.985036849975586, 19.853609085083008, 15.963142395019531, 15.494668960571289, 23.721492767333984, 13.274394035339355, 14.709120750427246, 12.96174144744873, 11.192159652709961, 15.283000946044922, 13.567912101745605, 25.261423110961914, 12.280685424804688, 17.867399215698242, 16.153228759765625, 11.171260833740234, 11.820574760437012, 14.557866096496582, 11.13654899597168, 19.64444351196289, 12.625858306884766, 12.452476501464844, 9.945560455322266, 17.257400512695312, 13.356645584106445, 11.901484489440918, 16.371379852294922, 10.593815803527832, 16.807905197143555, 11.712271690368652, 14.079914093017578, 14.833045959472656, 11.015299797058105, 18.068309783935547, 10.130640029907227, 11.701708793640137, 21.53510856628418, 16.28043556213379, 24.9531307220459, 22.016693115234375, 21.1400203704834, 17.913143157958984, 15.9396333694458, 10.976997375488281, 16.195037841796875, 15.451264381408691, 12.742562294006348, 19.135711669921875, 11.206435203552246, 11.594560623168945, 16.016836166381836, 13.23608112335205, 26.993755340576172, 14.162107467651367, 23.906543731689453, 21.536020278930664, 13.74663257598877, 12.671083450317383, 10.064377784729004, 13.258048057556152, 21.543964385986328, 16.81491470336914, 20.850711822509766, 14.455615043640137, 14.657417297363281, 22.45240020751953, 11.262736320495605, 10.901490211486816, 13.655779838562012, 21.166337966918945, 23.172746658325195, 15.072996139526367, 13.370051383972168, 11.124852180480957, 11.428462982177734, 10.793575286865234, 14.73926067352295, 23.2672061920166, 24.07927131652832, 23.464242935180664, 12.100173950195312, 14.904369354248047, 21.079391479492188, 11.83131217956543, 12.34213924407959, 11.076963424682617, 15.88578987121582, 13.338210105895996, 14.580997467041016, 21.08794593811035, 12.040395736694336, 11.443990707397461, 14.275029182434082, 15.183358192443848, 21.741968154907227, 19.020835876464844, 20.39729118347168, 13.228599548339844, 23.913684844970703, 11.454984664916992, 13.259041786193848, 12.237188339233398, 22.032196044921875, 12.939929008483887, 21.599140167236328, 20.898515701293945, 18.748933792114258, 13.269593238830566, 17.29942512512207, 19.601491928100586, 9.049571990966797, 14.707164764404297, 16.447463989257812, 20.03537940979004, 20.266010284423828, 23.392498016357422, 9.873311996459961, 15.163924217224121, 13.622676849365234, 15.170750617980957, 13.723627090454102, 16.219697952270508, 12.890216827392578, 14.49980354309082, 16.699859619140625, 18.684585571289062, 20.499122619628906, 10.87829875946045, 13.221928596496582, 13.018035888671875, 13.747819900512695, 23.49177360534668, 15.009488105773926, 11.779661178588867, 11.13863754272461, 22.38250160217285, 14.401337623596191, 19.76045036315918, 13.533990859985352, 20.65371322631836, 11.72488021850586, 25.83466911315918, 26.207468032836914, 15.979571342468262, 23.26742935180664, 16.13581657409668, 18.014368057250977, 13.513481140136719, 21.950923919677734, 20.793128967285156, 13.162508010864258, 15.810522079467773, 14.6618070602417, 19.293001174926758, 12.235054969787598, 11.519974708557129, 10.842469215393066, 13.955333709716797, 13.161681175231934, 11.310091972351074, 12.58044147491455, 18.151113510131836, 15.158515930175781, 14.415016174316406, 17.041839599609375, 13.311049461364746, 15.155527114868164, 13.208388328552246, 10.809727668762207, 22.235816955566406, 17.43067169189453, 16.571928024291992, 12.093855857849121, 20.209552764892578, 19.275297164916992, 13.20700454711914, 17.304441452026367, 11.946308135986328, 17.062381744384766, 15.049478530883789, 10.124135971069336, 13.690315246582031, 15.799487113952637, 12.2341890335083, 9.772713661193848, 15.999850273132324, 11.87928295135498, 17.824766159057617, 21.726016998291016, 23.463531494140625, 18.9438533782959, 11.249786376953125, 10.997333526611328, 11.875848770141602, 12.241209030151367, 20.585182189941406, 11.352367401123047, 14.469911575317383, 16.612016677856445, 17.421356201171875, 16.16141700744629, 12.33847713470459, 15.315960884094238, 13.346573829650879, 12.892223358154297, 13.327383041381836, 19.363893508911133, 26.431962966918945, 24.88107681274414, 22.33911895751953, 17.960891723632812, 13.672906875610352, 10.560735702514648, 21.619932174682617, 16.88196563720703, 20.883359909057617, 11.114773750305176, 15.433358192443848, 15.206928253173828, 19.008974075317383, 12.813928604125977, 22.18867301940918, 16.49765968322754, 19.85932159423828, 21.3099308013916, 21.189111709594727, 13.81616497039795, 17.844552993774414, 23.165802001953125, 11.906140327453613, 21.44881248474121, 16.597990036010742, 15.013773918151855, 12.815220832824707, 12.005800247192383, 11.673727035522461, 19.68528938293457, 14.531805038452148, 14.4868803024292, 20.20120620727539, 10.712634086608887, 18.13340187072754, 19.494585037231445, 12.488312721252441, 14.18640422821045, 20.854997634887695, 18.014867782592773, 16.52988052368164, 8.825885772705078, 16.289039611816406, 20.576148986816406, 13.178239822387695, 12.326860427856445, 19.151304244995117, 10.656622886657715, 14.487969398498535, 16.98011589050293, 22.149003982543945, 18.502796173095703, 19.331777572631836, 16.847209930419922, 17.04270362854004, 12.630701065063477, 12.473328590393066, 20.51032257080078, 17.130855560302734, 22.378856658935547, 15.11529541015625, 15.724908828735352, 19.89886474609375, 18.64458465576172, 24.76322364807129, 24.67400360107422, 12.883307456970215, 13.307612419128418, 16.507652282714844, 22.214487075805664, 13.995665550231934, 22.41086196899414, 12.260284423828125, 11.308450698852539, 11.280808448791504, 18.377357482910156, 20.044178009033203, 10.43591594696045, 15.427372932434082, 24.654037475585938, 10.394227981567383, 17.275217056274414, 9.524382591247559, 14.512887001037598, 17.080244064331055, 12.205357551574707, 18.10395050048828, 13.230154991149902, 19.446502685546875, 13.758307456970215, 23.399093627929688, 18.995145797729492, 23.592296600341797, 17.697418212890625, 20.200397491455078, 18.98349380493164, 22.26128578186035, 16.0318660736084, 14.15158462524414, 11.475563049316406, 11.57675838470459, 21.973796844482422, 9.964402198791504, 12.623005867004395, 26.482803344726562, 10.871683120727539, 24.07691192626953, 13.1349458694458, 23.51896095275879, 16.617271423339844, 14.634411811828613, 14.214960098266602, 19.353591918945312, 22.245315551757812, 12.423398971557617, 11.650556564331055, 11.919295310974121, 22.521989822387695, 16.647628784179688, 21.857547760009766, 12.400708198547363, 11.574075698852539, 13.267853736877441, 22.979473114013672, 26.491912841796875, 16.664175033569336, 15.046886444091797, 22.65056800842285, 24.187782287597656, 13.992876052856445, 20.212305068969727, 10.207114219665527, 10.758835792541504, 12.450141906738281, 8.697877883911133, 21.212265014648438, 23.35355567932129, 10.794878005981445, 21.911819458007812, 20.447574615478516, 24.9403076171875, 8.926132202148438, 12.249051094055176, 21.723955154418945, 17.989213943481445, 13.519148826599121, 13.679537773132324, 20.987064361572266, 25.427785873413086, 12.941624641418457, 21.641141891479492, 15.480419158935547, 18.90198516845703, 12.405065536499023, 13.192193031311035, 10.968927383422852, 13.569908142089844, 13.147826194763184, 22.072118759155273, 22.638113021850586, 18.73427963256836, 15.817331314086914, 9.14453411102295, 15.039835929870605, 17.293188095092773, 25.654441833496094, 13.168147087097168, 17.052614212036133, 18.112390518188477, 18.747844696044922, 15.91522216796875, 11.415372848510742, 14.002911567687988, 12.556105613708496, 19.92791175842285, 13.21789836883545, 12.240262031555176, 24.400156021118164, 13.55609130859375, 16.480600357055664, 9.318187713623047, 13.909741401672363, 18.781463623046875, 11.927482604980469, 17.550153732299805, 12.385052680969238, 21.6943359375, 18.418779373168945, 15.380242347717285, 15.5098295211792, 21.222383499145508, 12.555511474609375, 13.314070701599121, 8.935101509094238, 13.818628311157227, 15.08409595489502, 9.766169548034668, 20.078563690185547, 23.507293701171875, 12.705986022949219, 10.649999618530273, 15.387242317199707, 17.916275024414062, 9.615995407104492, 11.846527099609375, 16.203075408935547, 16.847232818603516, 18.772672653198242, 11.625011444091797, 13.290346145629883, 18.279905319213867, 17.725643157958984, 20.276947021484375, 10.99390983581543, 18.13319206237793, 17.458213806152344, 12.549281120300293, 16.984622955322266, 13.749329566955566, 12.675671577453613, 19.81749725341797, 12.529833793640137, 17.795310974121094, 11.345884323120117, 25.341493606567383, 12.508095741271973, 12.6005277633667, 19.00873374938965, 22.58694076538086, 25.492786407470703, 20.93841552734375, 11.10190200805664, 18.618480682373047, 14.169014930725098, 16.562236785888672, 13.184205055236816, 13.892555236816406, 14.59052848815918, 12.561321258544922, 12.868961334228516, 16.0057430267334, 21.5339412689209, 12.341967582702637, 11.79199504852295, 15.37667179107666, 21.934551239013672, 12.135923385620117, 14.094023704528809, 15.589426040649414, 13.367456436157227, 18.859394073486328, 9.504807472229004, 14.49272346496582, 14.420461654663086, 19.13836097717285, 10.9921293258667, 15.47754192352295, 15.042037963867188, 10.095300674438477, 17.95703887939453, 18.51803970336914, 15.590652465820312, 12.45729923248291, 17.26392364501953, 15.361837387084961, 19.722993850708008, 13.467226028442383, 19.78252601623535, 12.700752258300781, 22.86423110961914, 13.876714706420898, 12.285338401794434, 15.916424751281738, 13.736443519592285, 20.614351272583008, 13.879429817199707, 20.506641387939453, 12.344128608703613, 12.840867042541504, 20.3552188873291, 14.629422187805176, 18.35177993774414, 19.095447540283203, 14.162018775939941, 13.117762565612793, 22.185060501098633, 19.547286987304688, 23.853017807006836, 21.439353942871094, 12.38455867767334, 14.229741096496582, 19.52467155456543, 13.017712593078613, 18.80864715576172, 11.99075698852539, 12.713822364807129, 24.53614616394043, 10.37217903137207, 10.44580364227295, 17.04734992980957, 15.638585090637207, 10.608312606811523, 17.577394485473633, 10.125870704650879, 20.93644905090332, 13.585284233093262, 12.132390022277832, 16.517948150634766, 14.258039474487305, 13.347297668457031, 15.466279029846191, 18.309389114379883, 15.016305923461914, 13.156185150146484, 17.484739303588867, 13.562935829162598, 16.47718620300293, 103.33055114746094, 12.336999893188477, 24.100479125976562, 10.305103302001953, 10.720372200012207, 14.429211616516113, 12.376667022705078, 19.06402015686035, 14.223980903625488, 16.120140075683594, 20.91354751586914, 18.67513084411621, 20.85718536376953, 18.81255340576172, 19.893091201782227, 14.789071083068848, 11.676691055297852, 23.861217498779297, 11.633837699890137, 13.620291709899902, 15.420802116394043, 11.234399795532227, 15.799562454223633, 10.066145896911621, 14.626166343688965, 12.026766777038574, 26.8150691986084, 11.81236743927002, 12.191357612609863, 14.3386869430542, 10.29692268371582, 12.926432609558105, 23.35796546936035, 25.21951675415039, 12.987344741821289, 13.141966819763184, 22.03367042541504, 8.584946632385254, 19.409637451171875, 16.314905166625977, 11.43262004852295, 20.58270835876465, 18.082881927490234, 14.093470573425293, 20.395221710205078, 14.120645523071289, 12.412320137023926, 19.12476921081543, 13.120382308959961, 13.807145118713379, 12.345101356506348, 15.313716888427734, 12.421866416931152, 13.997781753540039, 12.550445556640625, 13.85412883758545, 22.53374481201172, 13.7637300491333, 21.10695457458496, 10.122915267944336, 13.545328140258789, 19.378334045410156, 17.068815231323242, 21.794479370117188, 12.370604515075684, 10.743102073669434, 15.667948722839355, 24.127737045288086, 13.416056632995605, 11.82833480834961, 9.405878067016602, 20.075490951538086, 13.372344017028809, 14.024511337280273, 10.834351539611816, 12.564701080322266, 17.962034225463867, 12.392366409301758, 12.358357429504395, 16.512943267822266, 13.725318908691406, 12.00612735748291, 14.948468208312988, 13.45693588256836, 11.353879928588867, 11.789970397949219, 22.19608497619629, 19.52918243408203, 22.076128005981445, 11.393453598022461, 16.44829750061035, 15.046432495117188, 19.851970672607422, 22.322879791259766, 24.290212631225586, 17.42822265625, 9.372056007385254, 13.42361831665039, 10.820039749145508, 10.947112083435059, 14.009285926818848, 13.239108085632324, 11.52935791015625, 18.900043487548828, 16.06755828857422, 11.478643417358398, 10.858553886413574, 9.945358276367188, 19.071828842163086, 11.879719734191895, 12.183439254760742, 12.836952209472656, 12.624945640563965, 11.824593544006348, 11.079474449157715, 9.681414604187012, 11.926382064819336, 23.331186294555664, 11.102848052978516, 25.352745056152344, 15.930992126464844, 14.790522575378418, 18.597942352294922, 17.1936092376709, 11.803699493408203, 19.679269790649414, 17.89107894897461, 19.648292541503906, 19.04253578186035, 22.804115295410156, 13.3592529296875, 22.48237419128418, 14.488313674926758, 20.629419326782227, 12.934146881103516, 22.302650451660156, 23.48587417602539, 11.197617530822754, 12.088135719299316, 12.183845520019531, 13.081652641296387, 21.7240047454834, 12.646409034729004, 16.266809463500977, 13.240283012390137, 20.33292579650879, 23.076248168945312, 10.5943021774292, 17.221818923950195, 25.880455017089844, 12.801512718200684, 22.969316482543945, 10.679787635803223, 12.858914375305176, 16.300983428955078, 12.80853271484375, 9.749039649963379, 16.373197555541992, 20.50131607055664, 21.65254020690918, 13.50693130493164, 16.40753746032715, 19.505155563354492, 20.360933303833008, 13.135382652282715, 19.661855697631836, 13.373542785644531, 13.787824630737305, 15.358039855957031, 10.535179138183594, 17.693843841552734, 22.244001388549805, 13.738421440124512, 12.301797866821289, 13.121651649475098, 12.297911643981934, 12.570058822631836, 14.450093269348145, 25.33795738220215, 10.763794898986816, 23.189119338989258, 23.235044479370117, 12.496196746826172, 19.670059204101562, 15.787142753601074, 22.406917572021484, 22.21066665649414, 21.128074645996094, 23.008947372436523, 12.239118576049805, 16.550111770629883, 10.58492660522461, 18.793100357055664, 23.272411346435547, 10.99980354309082, 12.87873649597168, 18.152271270751953, 22.351743698120117, 14.961219787597656, 13.179224014282227, 12.350914001464844, 10.388936996459961, 13.126799583435059, 23.052833557128906, 14.118550300598145, 17.03529930114746, 12.307851791381836, 15.308723449707031, 13.641563415527344, 25.577659606933594, 11.304125785827637, 10.39672565460205, 20.86488914489746, 12.556524276733398, 17.50823211669922, 12.549814224243164, 14.402135848999023, 15.494247436523438, 15.049395561218262, 19.4422664642334, 15.956153869628906, 24.41785430908203, 10.322955131530762, 22.86123275756836, 14.542987823486328, 11.599811553955078, 20.682279586791992, 12.405770301818848, 19.934141159057617, 12.045571327209473, 15.703739166259766, 20.324445724487305, 17.258193969726562, 13.032402038574219, 19.517419815063477, 20.91060447692871, 11.34018325805664, 22.785831451416016, 15.708141326904297, 17.058012008666992, 14.382884979248047, 24.15619468688965, 11.5857572555542, 13.2438383102417, 16.528850555419922, 12.623257637023926, 23.068302154541016, 22.60617446899414, 15.470588684082031, 16.4885311126709, 18.42365074157715, 23.795326232910156, 10.859731674194336, 22.44275665283203, 23.499168395996094, 19.93213653564453, 11.112996101379395, 17.136009216308594, 22.419696807861328, 13.081436157226562, 20.492156982421875, 11.242050170898438, 11.638319969177246, 19.307546615600586, 24.4350528717041, 10.395864486694336, 20.78838539123535, 15.25539779663086, 11.13158130645752, 19.61905288696289, 19.64076805114746, 11.844215393066406, 13.423986434936523, 12.638757705688477, 12.108230590820312, 22.157238006591797, 13.23281192779541, 9.924681663513184, 13.08801555633545, 13.17784309387207, 12.470466613769531, 21.876998901367188, 16.127182006835938, 21.2755184173584, 17.849279403686523, 14.862622261047363, 20.752408981323242, 14.210914611816406, 15.261672019958496, 13.423441886901855, 18.426820755004883, 12.767091751098633, 12.820917129516602, 19.189834594726562, 15.063111305236816, 11.302633285522461, 13.867562294006348, 18.319150924682617, 15.42647647857666, 19.88364028930664, 20.396371841430664, 14.045369148254395, 24.08582305908203, 12.838711738586426, 18.728546142578125, 10.265334129333496, 15.373120307922363, 12.849764823913574, 18.875869750976562, 14.037630081176758, 12.326133728027344, 10.73631763458252, 11.361387252807617, 13.855822563171387, 22.472150802612305, 19.637346267700195, 17.79667854309082, 20.086669921875, 13.043760299682617, 10.858553886413574, 9.717344284057617, 20.277198791503906, 18.637662887573242, 10.883477210998535, 19.214427947998047, 14.342572212219238, 13.691447257995605, 12.821057319641113, 15.158536911010742, 13.806008338928223, 10.563013076782227, 21.438692092895508, 17.73381233215332, 12.306800842285156, 17.940231323242188, 22.035316467285156, 12.419207572937012, 15.000967025756836, 12.59217643737793, 11.55554485321045, 13.46031379699707, 24.53404426574707, 10.93597412109375, 22.02115821838379, 12.801216125488281, 13.280599594116211, 26.21498680114746, 11.316641807556152, 19.987960815429688, 13.356061935424805, 11.435492515563965, 22.771991729736328, 26.548330307006836, 21.060827255249023, 16.011545181274414, 20.126873016357422, 13.985132217407227, 19.18511962890625, 18.93489646911621, 19.595876693725586, 18.1622371673584, 11.681523323059082, 10.681225776672363, 14.510268211364746, 20.83290672302246, 10.434932708740234, 17.861042022705078, 13.680585861206055, 23.536439895629883, 14.226195335388184, 16.401531219482422, 15.020272254943848, 20.580093383789062, 12.88637638092041, 18.304502487182617, 11.77700424194336, 14.145795822143555, 11.288684844970703, 18.68651580810547, 21.00286102294922, 16.13439178466797, 23.883909225463867, 21.606292724609375, 10.13402271270752, 11.543428421020508, 12.806861877441406, 12.701408386230469, 11.409666061401367, 13.124589920043945, 10.31052017211914, 13.45947265625, 12.858708381652832, 12.44620418548584, 13.491718292236328, 12.29355525970459, 11.494407653808594, 18.006690979003906, 17.29458236694336, 15.792520523071289, 19.81390380859375, 21.316640853881836, 11.909534454345703, 18.941024780273438, 21.582555770874023, 20.357168197631836, 11.179174423217773, 22.06694221496582, 16.95575523376465, 12.288237571716309, 18.032896041870117, 12.423036575317383, 13.715422630310059, 17.883602142333984, 27.529075622558594, 20.15925407409668, 11.18432331085205, 26.36893081665039, 11.024578094482422, 12.899374008178711, 11.926405906677246, 21.53539276123047, 23.665496826171875, 14.49440860748291, 20.87302017211914, 14.30383014678955, 19.39223289489746, 11.404264450073242, 12.438532829284668, 11.006194114685059, 16.561744689941406, 12.390152931213379, 12.420049667358398, 23.444969177246094, 17.6334171295166, 8.748013496398926, 11.45240592956543, 15.069113731384277, 22.175771713256836, 16.02884864807129, 13.108491897583008, 10.671613693237305, 17.85209846496582, 15.931988716125488, 12.719563484191895, 11.414518356323242, 17.578033447265625, 13.862954139709473, 17.90451431274414, 19.062963485717773, 11.712093353271484, 9.965435981750488, 11.210670471191406, 17.68735122680664, 12.884941101074219, 9.694954872131348, 18.82353973388672, 15.124524116516113, 20.383268356323242, 12.557745933532715, 16.908456802368164, 14.276047706604004, 25.495454788208008, 10.959296226501465, 16.620319366455078, 18.219636917114258, 13.907166481018066, 15.241994857788086, 11.04346752166748, 11.667226791381836, 8.529731750488281, 20.911575317382812, 21.25442123413086, 23.849836349487305, 11.774364471435547, 10.244246482849121, 13.403403282165527, 16.539085388183594, 11.897661209106445, 25.595922470092773, 13.066780090332031, 21.477994918823242, 22.85244369506836, 10.636575698852539, 12.141783714294434, 18.858749389648438, 12.743673324584961, 20.807109832763672, 13.833961486816406, 20.544986724853516, 12.95734691619873, 13.475117683410645, 22.093427658081055, 11.963522911071777, 12.794342994689941, 15.496650695800781, 20.6419620513916, 9.646656036376953, 9.999266624450684, 15.069305419921875, 11.158483505249023, 21.427738189697266, 14.895564079284668, 11.956461906433105, 18.283077239990234, 19.74268913269043, 16.809186935424805, 20.14431381225586, 11.423853874206543, 11.769752502441406, 22.433244705200195, 21.47359848022461, 12.374604225158691, 19.357332229614258, 13.086116790771484, 12.686749458312988, 12.247908592224121, 13.048551559448242, 10.921454429626465, 8.883448600769043, 14.354039192199707, 19.267719268798828, 21.045787811279297, 15.736108779907227, 12.681300163269043, 22.484865188598633, 21.555404663085938, 22.062606811523438, 10.53795337677002, 14.24807071685791, 25.132686614990234, 12.192469596862793, 14.316208839416504, 11.170719146728516, 16.289186477661133, 19.49664878845215, 15.57132339477539, 11.279376983642578, 11.840102195739746, 12.399011611938477, 9.741826057434082, 14.23841667175293, 17.542436599731445, 13.647984504699707, 19.67132568359375, 13.527447700500488, 16.40794563293457, 13.78744125366211, 23.899354934692383, 20.558307647705078, 25.077714920043945, 11.086210250854492, 21.31251335144043, 12.71694278717041, 13.706425666809082, 22.72262954711914, 11.209248542785645, 12.020707130432129, 14.368946075439453, 14.715389251708984, 12.740900039672852, 15.658297538757324, 14.304874420166016, 12.324402809143066, 13.765137672424316, 11.865760803222656, 20.069494247436523, 19.21643829345703, 10.714910507202148, 11.273903846740723, 10.00971794128418, 14.775880813598633, 18.510448455810547, 17.169618606567383, 11.644964218139648, 11.907964706420898, 14.849223136901855, 12.229039192199707, 19.49303436279297, 17.4063720703125, 16.488405227661133, 20.516260147094727, 12.935113906860352, 23.194541931152344, 10.759357452392578, 19.69778060913086, 18.40038299560547, 14.068437576293945, 10.001333236694336, 18.394084930419922, 12.72437572479248, 13.07912826538086, 13.30430793762207, 24.915956497192383, 22.148841857910156, 15.517739295959473, 10.908313751220703, 24.30333709716797, 13.01215648651123, 13.273924827575684, 24.171985626220703, 15.563348770141602, 13.135640144348145, 22.032520294189453, 23.497041702270508, 11.769508361816406, 17.536996841430664, 13.34742546081543, 21.707847595214844, 12.463862419128418, 9.813427925109863, 20.045541763305664, 15.28728199005127, 15.404895782470703, 17.724838256835938, 10.424345016479492, 11.451895713806152, 11.864998817443848, 12.421363830566406, 22.06273651123047, 9.836616516113281, 21.344955444335938, 10.301971435546875, 17.032785415649414, 12.482873916625977, 16.219276428222656, 9.830275535583496, 16.20749282836914, 10.027960777282715, 14.443320274353027, 11.636472702026367, 16.613576889038086, 10.82877254486084, 9.631290435791016, 15.224859237670898, 24.942079544067383, 9.208998680114746, 10.565596580505371, 13.583582878112793, 24.968170166015625, 13.199955940246582, 14.341180801391602, 14.509631156921387, 11.67001724243164, 20.362390518188477, 21.300317764282227, 17.04598045349121, 14.283323287963867, 10.998634338378906, 12.702765464782715, 19.334232330322266, 11.269001960754395, 12.019706726074219, 16.896469116210938, 20.105592727661133, 11.896651268005371, 22.863006591796875, 15.815409660339355, 11.174386024475098, 15.966056823730469, 19.44728660583496, 19.550270080566406, 11.83652400970459, 13.497359275817871, 20.38367462158203, 19.34258270263672, 13.090461730957031, 11.585062026977539, 16.735998153686523, 24.803434371948242, 20.883413314819336, 12.01775074005127, 11.361989974975586, 18.074058532714844, 11.583244323730469, 14.205879211425781, 21.4698486328125, 11.316621780395508, 21.534250259399414, 12.765060424804688, 11.147735595703125, 14.572059631347656, 23.804285049438477, 12.584607124328613, 10.633063316345215, 20.54342269897461, 15.875253677368164, 13.11076831817627, 15.654054641723633, 17.292673110961914, 25.388822555541992, 14.430296897888184, 13.37473201751709, 18.203182220458984, 11.90201473236084, 10.753305435180664, 11.630385398864746, 19.264806747436523, 25.222387313842773, 13.739060401916504, 18.294719696044922, 21.33965492248535, 12.940982818603516, 11.8975248336792, 10.090323448181152, 11.226155281066895, 19.295175552368164, 12.480360984802246, 16.822751998901367, 17.43562889099121, 15.953812599182129, 23.570777893066406, 11.260482788085938, 27.76773452758789, 13.840348243713379, 16.554649353027344, 12.673911094665527, 16.50905418395996, 10.483795166015625, 10.356698989868164, 17.729290008544922, 19.30807876586914, 11.0057954788208, 13.806649208068848, 13.808773040771484, 17.069625854492188, 11.390298843383789, 17.358919143676758, 15.046135902404785, 23.18563461303711, 13.678668022155762, 25.15693473815918, 25.65266990661621, 12.102103233337402, 11.474766731262207, 20.33768081665039, 16.8851375579834, 16.453887939453125, 11.666677474975586, 18.40007209777832, 14.69945240020752, 25.30901527404785, 14.268416404724121, 12.220745086669922, 17.5855770111084, 22.711639404296875, 13.536054611206055, 11.929937362670898, 12.420516014099121, 12.266389846801758, 12.072793960571289, 11.035409927368164, 20.793834686279297, 12.828648567199707, 21.761484146118164, 12.55527114868164, 25.457435607910156, 21.009586334228516, 14.911975860595703, 11.104979515075684, 13.59294605255127, 12.041830062866211, 13.356255531311035, 18.188566207885742, 16.494537353515625, 21.911632537841797, 14.226511001586914, 16.856624603271484, 12.271883010864258, 20.02690887451172, 12.98434066772461, 20.34107780456543, 10.398542404174805, 12.736566543579102, 16.804536819458008, 21.564218521118164, 11.404887199401855, 23.162588119506836, 23.078815460205078, 10.660365104675293, 12.057498931884766, 13.773219108581543, 19.68600845336914, 13.952829360961914, 24.639232635498047, 14.715396881103516, 12.063631057739258, 25.318347930908203, 13.737630844116211, 26.148515701293945, 17.041521072387695, 14.456250190734863, 12.077493667602539, 11.880680084228516, 16.019025802612305, 23.771127700805664, 12.213981628417969, 20.900075912475586, 11.390486717224121, 11.928764343261719, 24.141298294067383, 20.801193237304688, 21.201541900634766, 16.66666030883789, 13.247909545898438, 11.88875675201416, 20.424144744873047, 24.063432693481445, 10.669316291809082, 11.972687721252441, 21.563255310058594, 13.672370910644531, 19.851816177368164, 15.136588096618652, 9.315929412841797, 14.59834098815918, 20.2137451171875, 18.432342529296875, 10.321114540100098, 17.404748916625977, 13.683917999267578, 17.303211212158203, 12.988751411437988, 19.7042179107666, 10.595467567443848, 16.084592819213867, 11.380825996398926, 14.851101875305176, 20.78614616394043, 22.241395950317383, 23.591867446899414, 16.288776397705078, 16.21796226501465, 20.530319213867188, 22.055339813232422, 16.04154396057129, 13.396913528442383, 14.721288681030273, 22.484682083129883, 19.07631492614746, 19.139036178588867, 10.718103408813477, 23.124021530151367, 22.63428497314453, 17.29149627685547, 13.63447380065918, 11.979669570922852, 10.736306190490723, 9.578513145446777, 14.093127250671387, 18.378644943237305, 21.764484405517578, 11.93470287322998, 18.533241271972656, 18.80972671508789, 18.262250900268555, 20.826292037963867, 14.705941200256348, 21.36945915222168, 12.34631061553955, 12.34184741973877, 9.106078147888184, 12.211493492126465, 14.209592819213867, 12.892157554626465, 12.805655479431152, 17.029983520507812, 13.963035583496094, 27.892711639404297, 22.51177215576172, 19.586896896362305, 19.338300704956055, 23.888103485107422, 19.972694396972656, 8.860219955444336, 10.304853439331055, 18.430631637573242, 16.016321182250977, 14.311453819274902, 24.32908058166504, 15.0495023727417, 12.215764045715332, 15.374444961547852, 20.4483585357666, 21.0399227142334, 18.09376335144043, 11.23698616027832, 13.771398544311523, 17.439542770385742, 12.331889152526855, 13.08785343170166, 22.986303329467773, 13.451197624206543, 22.885522842407227, 13.717842102050781, 17.572954177856445, 14.882126808166504, 12.3983793258667, 11.646254539489746, 23.2347354888916, 14.052206993103027, 18.802978515625, 9.88447380065918, 21.900222778320312, 14.5758638381958, 21.368488311767578, 24.120527267456055, 16.899797439575195, 8.964200019836426, 20.023195266723633, 12.64405632019043, 16.788265228271484, 10.949007034301758, 15.570843696594238, 13.273238182067871, 11.727388381958008, 11.740877151489258, 22.857877731323242, 14.48044490814209, 21.259057998657227, 14.463973045349121, 15.478041648864746, 18.58919334411621, 14.544541358947754, 13.719898223876953, 15.82845401763916, 26.606412887573242, 13.224740028381348, 18.950679779052734, 11.380300521850586, 15.819244384765625, 22.6668758392334, 16.597930908203125, 10.038420677185059, 22.311294555664062, 13.150840759277344, 11.760485649108887, 16.067705154418945, 15.62277603149414, 11.346516609191895, 22.595853805541992, 15.831921577453613, 9.299370765686035, 21.8183650970459, 20.72983169555664, 14.875285148620605, 17.253463745117188, 12.947525978088379, 22.977277755737305, 17.06690788269043, 11.417466163635254, 11.34237003326416, 11.418648719787598, 12.087821006774902, 11.847554206848145, 19.085418701171875, 24.124637603759766, 11.319761276245117, 15.544612884521484, 23.288429260253906, 19.109333038330078, 10.73641300201416, 17.896657943725586, 22.665529251098633, 13.345443725585938, 10.169639587402344, 24.921377182006836, 21.599149703979492, 10.076382637023926, 16.16108512878418, 11.684789657592773, 10.771245956420898, 21.31379508972168, 13.963834762573242, 10.89810562133789, 19.37993049621582, 17.365148544311523, 14.203832626342773, 18.598831176757812, 10.111550331115723, 10.649129867553711, 26.32472801208496, 15.908474922180176, 17.811145782470703, 16.894088745117188, 10.974709510803223, 20.828367233276367, 13.65361213684082, 14.5743408203125, 15.84334659576416, 14.994361877441406, 14.723518371582031, 12.058051109313965, 24.998777389526367, 12.083893775939941, 12.89149284362793, 24.17145347595215, 21.589876174926758, 10.85099983215332, 26.73149299621582, 12.528716087341309, 11.739365577697754, 12.766775131225586, 12.620363235473633, 16.938302993774414, 12.340832710266113, 14.018736839294434, 10.708855628967285, 12.243325233459473, 13.667757034301758, 11.520509719848633, 24.506946563720703, 21.256328582763672, 16.07733917236328, 19.354999542236328, 9.575242042541504, 22.35075569152832, 21.244422912597656, 13.573972702026367, 12.95956802368164, 13.89365291595459, 18.35959243774414, 19.033000946044922, 19.68417739868164, 16.79110336303711, 11.598714828491211, 10.758546829223633, 22.618581771850586, 13.99144458770752, 17.913345336914062, 18.668432235717773, 21.300636291503906, 15.836934089660645, 13.311335563659668, 17.102685928344727, 11.994034767150879, 20.000930786132812, 19.229461669921875, 11.63074779510498, 20.529504776000977, 19.668066024780273, 11.558756828308105, 20.553829193115234, 12.916313171386719, 12.223209381103516, 11.010886192321777, 22.669761657714844, 17.581974029541016, 24.09191131591797, 14.584490776062012, 13.298060417175293, 18.604581832885742, 14.894241333007812, 14.401139259338379, 11.412073135375977, 13.930266380310059, 9.516240119934082, 21.998172760009766, 12.702005386352539, 13.335160255432129, 24.37654685974121, 13.515473365783691, 12.117794036865234, 12.695194244384766, 21.172624588012695, 15.159480094909668, 12.367645263671875, 9.497743606567383, 12.298003196716309, 14.3964262008667, 10.690078735351562, 18.928577423095703, 23.113201141357422, 24.395263671875, 21.54716682434082, 12.48309326171875, 15.881916046142578, 16.72181510925293, 24.804338455200195, 24.698802947998047, 12.179756164550781, 22.008403778076172, 11.712972640991211, 10.715607643127441, 24.19900131225586, 17.591068267822266, 11.868412971496582, 11.740252494812012, 10.98485279083252, 9.046977043151855, 22.190261840820312, 11.329225540161133, 11.669812202453613, 14.600628852844238, 18.011220932006836, 20.984722137451172, 19.976858139038086, 16.00124168395996, 15.821837425231934, 21.920583724975586, 21.79920768737793, 11.294832229614258, 15.241626739501953, 13.114755630493164, 13.461705207824707, 15.700095176696777, 17.01422882080078, 12.601941108703613, 21.55609130859375, 13.029219627380371, 13.854056358337402, 19.598066329956055, 24.25225067138672, 17.742355346679688, 16.727462768554688, 14.903690338134766, 14.877704620361328, 10.08926773071289, 16.306692123413086, 16.3645076751709, 14.446343421936035, 12.078288078308105, 12.652359962463379, 14.044990539550781, 12.660355567932129, 12.636406898498535, 19.79084587097168, 18.247196197509766, 11.667051315307617, 18.37706756591797, 18.692991256713867, 14.956499099731445, 12.576093673706055, 20.577774047851562, 21.44471549987793, 21.88835334777832, 12.185091972351074, 11.48160457611084, 14.028519630432129, 17.52821922302246, 14.707322120666504, 12.346734046936035, 12.304033279418945, 13.533976554870605, 13.859360694885254, 19.264188766479492, 21.29372787475586, 14.333694458007812, 17.8574275970459, 14.097087860107422, 16.326745986938477, 21.91600227355957, 17.124576568603516, 12.095069885253906, 12.202332496643066, 14.459504127502441, 14.623701095581055, 14.179546356201172, 11.622014045715332, 23.684452056884766, 21.705787658691406, 12.116958618164062, 18.766061782836914, 12.210201263427734, 9.512843132019043, 20.73484230041504, 22.5325927734375, 13.370927810668945, 19.95928382873535, 16.370956420898438, 11.660151481628418, 22.086809158325195, 12.878218650817871, 16.160856246948242, 13.277729034423828, 17.936281204223633, 19.025726318359375, 14.8617525100708, 11.495940208435059, 22.21178436279297, 22.3897705078125, 14.835685729980469, 13.491742134094238, 18.414287567138672, 16.428497314453125, 21.32503318786621, 12.99593448638916, 11.204399108886719, 11.909146308898926, 20.914907455444336, 19.07224464416504, 17.27466583251953, 11.35900592803955, 18.198074340820312, 17.460607528686523, 12.508342742919922, 12.974343299865723, 16.815013885498047, 10.245766639709473, 12.650487899780273, 24.55044937133789, 13.199021339416504, 22.99658966064453, 17.21229362487793, 22.190759658813477, 20.593795776367188, 12.425918579101562, 11.24168586730957, 12.783215522766113, 15.988585472106934, 13.305303573608398, 13.526387214660645, 19.258100509643555, 15.857373237609863, 12.880160331726074, 13.66821575164795]
Cosines similarity random samples
[0.7050012946128845, -0.5728251934051514, 0.6459366679191589, -0.21593865752220154, -0.2822842597961426, 0.3792334198951721, -0.1946878284215927, 0.47448787093162537, 0.5071700811386108, 0.3142091929912567, 0.3006558120250702, 0.39995381236076355, 0.48811012506484985, 0.07580786943435669, -0.04326285421848297, 0.5882336497306824, 0.43927592039108276, -0.385981947183609, 0.3037416934967041, -0.2521797716617584, 0.6813942193984985, -0.5504340529441833, -0.04018968343734741, 0.6547057628631592, -0.1577765941619873, -0.40652012825012207, 0.14322081208229065, 0.3945279121398926, -0.4239819049835205, -0.39895784854888916, -0.24106362462043762, 0.25971493124961853, -0.013568315654993057, 0.414854496717453, -0.20391568541526794, 0.7645457983016968, -0.03176534175872803, -0.2322443574666977, -0.2588600516319275, 0.4413048028945923, -0.4312695264816284, -0.5808512568473816, 0.20279857516288757, -0.7480514645576477, -0.4517502784729004, -0.06609651446342468, 0.27212005853652954, 0.2444360852241516, -0.675891101360321, 0.3730179965496063, -0.47916728258132935, -0.24646395444869995, 0.1920243501663208, -0.41905301809310913, 0.008358567953109741, 0.5268732309341431, 0.5731318593025208, -0.5717694759368896, 0.3129146993160248, 0.45177844166755676, 0.3317774534225464, 0.4249269962310791, -0.18997210264205933, 0.06598102301359177, 0.08909763395786285, 0.28576037287712097, -0.5724204778671265, -0.614924430847168, 0.41676247119903564, 0.4931188225746155, 0.04423590376973152, -0.3470960259437561, 0.38932955265045166, -0.18077285587787628, 0.44268864393234253, 0.34374547004699707, 0.28759604692459106, -0.19906029105186462, -0.05218827724456787, 0.5280112624168396, -0.19231228530406952, 0.17773231863975525, 0.2502879500389099, 0.4874056279659271, 0.5395507216453552, -0.4516906440258026, 0.5818142890930176, 0.5345332622528076, 0.30462419986724854, 0.17774029076099396, 0.26089179515838623, 0.5525962710380554, -0.11421295255422592, 0.5035807490348816, 0.2608683407306671, -0.5426833629608154, 0.1919064223766327, 0.5936394929885864, 0.37838122248649597, -0.08725094795227051, 0.5052986145019531, 0.36314430832862854, 0.06103789806365967, 0.534744381904602, -0.6482574939727783, -0.3744189441204071, 0.7310233116149902, -0.06834334135055542, -0.4161907434463501, -0.48924025893211365, -0.43954187631607056, 0.09673431515693665, 0.48895975947380066, 0.7003229260444641, 0.5768193006515503, -0.5762119293212891, 0.5175923705101013, 0.2012883722782135, 0.6064034700393677, -0.057836126536130905, -0.736614465713501, 0.640654444694519, 0.4774341583251953, -0.3513377010822296, 0.5345667600631714, -0.3435637652873993, 0.48915615677833557, 0.3847305178642273, -0.10758601129055023, 0.43908047676086426, -0.4644700884819031, 0.4561060667037964, -0.3842516243457794, 0.26484766602516174, -0.5286084413528442, 0.2722007632255554, 0.41730087995529175, -0.23143211007118225, -0.35416436195373535, -0.47611746191978455, -0.23609180748462677, 0.12613068521022797, -0.0820014700293541, 0.01259690523147583, 0.7304717302322388, 0.1557157039642334, 0.5655184984207153, 0.25320184230804443, 0.5077816843986511, 0.4555574059486389, 0.22494997084140778, -0.3245880603790283, 0.21592026948928833, -0.5549308657646179, -0.16897734999656677, -0.154558926820755, 0.1303476244211197, 0.0233242716640234, 0.1328934133052826, 0.6214735507965088, 0.07092776894569397, 0.17251640558242798, -0.49654000997543335, 0.48387593030929565, 0.5641708374023438, 0.4728023111820221, 0.6252021789550781, 0.5602248907089233, -0.5762428045272827, 0.5525339841842651, 0.6837308406829834, 0.6318652629852295, 0.6033897995948792, 0.1385035514831543, 0.17506492137908936, -0.32235270738601685, 0.5540878772735596, 0.4864954948425293, 0.690201997756958, 0.5810185670852661, -0.22401930391788483, 0.3547595739364624, 0.5287164449691772, -0.3715776801109314, -0.5378631353378296, -0.6233477592468262, -0.28321573138237, 0.3967840373516083, -0.3105320930480957, 0.030503463000059128, -0.21966972947120667, -0.4607405662536621, -0.6093153357505798, 0.5386520624160767, 0.5614689588546753, 0.49363797903060913, -0.5670620203018188, -0.3246746063232422, 0.15670868754386902, 0.36123159527778625, 0.34661078453063965, -0.3695950508117676, 0.31581538915634155, 0.5608000755310059, 0.35776448249816895, 0.5978423357009888, -0.2574598491191864, 0.32131123542785645, -0.6394343972206116, 0.2896077036857605, 0.711483895778656, -0.35141149163246155, 0.3480227589607239, -0.47539055347442627, 0.5010484457015991, -0.4596363306045532, 0.4888506233692169, -0.24897794425487518, 0.3581416606903076, 0.15521053969860077, -0.4075276255607605, -0.43922489881515503, 0.3688204288482666, 0.15620416402816772, 0.38019859790802, 0.07724927365779877, -0.5145419239997864, 0.2723228931427002, 0.13409319519996643, -0.03477921336889267, 0.12290122359991074, -0.6428577899932861, 0.09832440316677094, 0.7320050001144409, 0.3456677496433258, 0.17445041239261627, 0.17140159010887146, 0.044046901166439056, 0.6028114557266235, 0.41222092509269714, 0.041015952825546265, -0.5481922626495361, 0.06124631315469742, -0.6321029663085938, -0.5671400427818298, 0.5151264667510986, -0.6030148267745972, -0.5738321542739868, -0.17495492100715637, 0.309194952249527, 0.09963423013687134, -0.35659611225128174, 0.06668158620595932, 0.2911621332168579, -0.29888421297073364, 0.08473189175128937, -0.5785768032073975, 0.28426626324653625, -0.487652063369751, 0.5577652454376221, -0.18744833767414093, 0.5303637981414795, 0.22812078893184662, 0.5155526995658875, -0.45112699270248413, 0.36345088481903076, 0.32590430974960327, 0.1263418197631836, -0.5148685574531555, 0.41690659523010254, -0.5711281895637512, 0.44535988569259644, 0.7300200462341309, -0.5400562882423401, -0.486276775598526, 0.6367560029029846, 0.5423077344894409, 0.6508772373199463, 0.4903062582015991, -0.37298494577407837, 0.38480591773986816, -0.018210984766483307, -0.32646581530570984, 0.2922782003879547, 0.7259039878845215, -0.30925169587135315, -0.34753337502479553, -0.435949444770813, 0.23524433374404907, 0.5842489004135132, -0.48630595207214355, -0.013871356844902039, 0.36068347096443176, 0.529143214225769, -0.10572817921638489, -0.23295652866363525, 0.16470718383789062, 0.23822525143623352, -0.2017236053943634, 0.42546576261520386, 0.21147313714027405, 0.5525534749031067, -0.025312498211860657, -0.016296982765197754, 0.16905713081359863, 0.583336353302002, -0.4896988272666931, 0.6969615817070007, 0.46334829926490784, -0.299363374710083, 0.22617681324481964, 0.15051792562007904, 0.21946105360984802, 0.7057763338088989, -0.06125219166278839, 0.25204044580459595, -0.47011783719062805, 0.33109962940216064, -0.5432543158531189, 0.38321566581726074, 0.721189558506012, -0.4638512134552002, -0.7527127265930176, 0.4778594672679901, 0.3149873614311218, 0.5866067409515381, -0.424754798412323, 0.6869139671325684, -0.37509384751319885, -0.5252710580825806, 0.6912322044372559, 0.16069892048835754, -0.3408947288990021, -0.13083356618881226, 0.5335326194763184, -0.473063200712204, 0.2577853500843048, -0.15275117754936218, 0.5473664999008179, 0.46251359581947327, 0.6238031387329102, 0.31548774242401123, -0.4796295166015625, -0.5540574193000793, 0.06279028207063675, 0.5782276391983032, 0.6909410953521729, -0.19939066469669342, -0.2114282101392746, 0.3416506350040436, 0.31893378496170044, 0.215518519282341, -0.5778402090072632, 0.2577333450317383, 0.6103515625, 0.49698299169540405, 0.5781208276748657, 0.23961901664733887, -0.41375768184661865, -0.44110822677612305, -0.3139195442199707, 0.6093665361404419, -0.3165716230869293, 0.19621561467647552, 0.3127593696117401, -0.6276277899742126, 0.5133829116821289, 0.1560675948858261, 0.4085696339607239, 0.529489278793335, 0.1642627865076065, 0.21921785175800323, -0.6198685169219971, 0.3606012761592865, 0.04186749458312988, -0.06059885770082474, 0.5920529365539551, 0.4446905851364136, 0.367070734500885, 0.6192467212677002, -0.2724437713623047, 0.5675220489501953, 0.48100507259368896, 0.6668094396591187, -0.1791120171546936, 0.2579112648963928, 0.4386748969554901, 0.05776231735944748, 0.5652148127555847, 0.12537214159965515, 0.4798111021518707, 0.2774418592453003, 0.39747434854507446, 0.5340452194213867, -0.16783489286899567, 0.6729380488395691, 0.531495213508606, -0.39705145359039307, -0.11671466380357742, -0.6095931529998779, -0.28430497646331787, -0.19058068096637726, 0.09900039434432983, -0.01642407476902008, 0.5043079257011414, -0.06113826856017113, -0.05308719724416733, 0.46643495559692383, -0.5124427080154419, 0.5547890663146973, 0.5443023443222046, 0.0006716325879096985, 0.48586899042129517, -0.6839455962181091, 0.19737258553504944, -0.584071159362793, -0.406898558139801, 0.373231440782547, 0.4965539276599884, 0.6425705552101135, 0.4322497844696045, -0.4565013647079468, 0.06932768225669861, -0.3810443878173828, 0.09323487430810928, 0.2722465693950653, -0.6009694337844849, 0.6033157706260681, 0.6062256097793579, 0.34446829557418823, -0.46022504568099976, -0.4497401714324951, 0.07018423080444336, 0.34884271025657654, 0.6038947105407715, 0.4910236597061157, 0.5239804983139038, 0.2948445677757263, -0.4907108247280121, -0.5014408826828003, -0.41206932067871094, 0.4674528241157532, 0.017117224633693695, -0.5056860446929932, 0.4786907434463501, 0.46912798285484314, 0.541067361831665, 0.19837111234664917, 0.44046518206596375, 0.3379414677619934, -0.611894965171814, 0.5726713538169861, 0.514077365398407, 0.1905895173549652, 0.15498897433280945, -0.595130980014801, -0.14382071793079376, -0.39418330788612366, 0.3992490768432617, -0.6128809452056885, 0.6174623370170593, 0.3685902953147888, 0.47582387924194336, -0.35108575224876404, 0.2595446705818176, -0.49287062883377075, -0.3506458103656769, 0.01672607660293579, 0.3201241195201874, -0.2098553329706192, -0.1363978087902069, 0.7232710123062134, 0.022762615233659744, 0.09541739523410797, -0.3792971968650818, -0.049314871430397034, -0.16597338020801544, 0.7222439050674438, 0.14032286405563354, 0.3543812036514282, 0.3277395963668823, 0.257385790348053, 0.16666212677955627, 0.39799872040748596, 0.26301050186157227, 0.16000859439373016, -0.013219177722930908, -0.5219782590866089, 0.5695023536682129, 0.285244345664978, 0.3916776776313782, 0.3350909650325775, -0.5240219831466675, 0.2838894724845886, 0.4521377682685852, 0.6813229322433472, 0.005887255072593689, 0.15749871730804443, -0.4152389168739319, 0.3080645203590393, -0.37302732467651367, 0.41608133912086487, -0.6496237516403198, -0.710301399230957, -0.11288125067949295, -0.5374488830566406, 0.03587014228105545, -0.3379158675670624, 0.265644371509552, -0.42615705728530884, -0.4944063425064087, 0.2803538143634796, 0.20977947115898132, 0.36484795808792114, -0.12247606366872787, 0.4582419991493225, 0.5831315517425537, 0.5645011067390442, 0.34310269355773926, 0.41364651918411255, 0.586847186088562, 0.3483290672302246, 0.05349132418632507, 0.2510484457015991, 0.17206904292106628, -0.20079103112220764, 0.4920066297054291, 0.2837570905685425, 0.23233310878276825, 0.6955072283744812, -0.6014853715896606, 0.08619026839733124, -0.12257019430398941, 0.38474440574645996, -0.3652903437614441, -0.27130717039108276, 0.46431559324264526, 0.03410407155752182, 0.5796170830726624, -0.01164698600769043, 0.011246442794799805, 0.6693563461303711, 0.3709624409675598, 0.29459261894226074, 0.5281063914299011, 0.6358729004859924, 0.3048873841762543, 0.49930548667907715, -0.09332586824893951, -0.496334433555603, -0.5974270105361938, -0.43856725096702576, 0.5602738261222839, 0.5836455821990967, 0.4647619128227234, 0.5217459201812744, -0.49853402376174927, 0.47618401050567627, 0.19459548592567444, 0.11413344740867615, 0.013893913477659225, -0.012874417006969452, 0.4193436801433563, 0.3466181755065918, 0.3575516641139984, 0.40166372060775757, 0.2426660656929016, -0.07987052947282791, -0.5171608924865723, -0.7291842699050903, -0.3727993369102478, -0.01118256151676178, 0.45137953758239746, 0.6157750487327576, -0.4839572310447693, 0.10767558217048645, -0.38592565059661865, 0.5554442405700684, 0.2679275572299957, 0.29576537013053894, -0.3659791350364685, 0.4228256940841675, -0.4548521041870117, 0.1291075050830841, -0.3251628279685974, -0.43069857358932495, -0.5686293244361877, 0.36212158203125, -0.10630577802658081, -0.38177257776260376, 0.5196371078491211, -0.5281167030334473, 0.10471314936876297, 0.08137290179729462, 0.49352574348449707, 0.6379419565200806, 0.451649010181427, -0.3116901218891144, 0.14432482421398163, 0.404773473739624, -0.4493456184864044, 0.6176712512969971, -0.1462390124797821, -0.5354629755020142, 0.5548174977302551, 0.2587273418903351, -0.2794027626514435, -0.22564318776130676, 0.13808777928352356, 0.7061095237731934, 0.03206571564078331, -0.31880417466163635, 0.31924402713775635, 0.4478815197944641, 0.03435090184211731, 0.5782732963562012, 0.29947996139526367, -0.1853976845741272, -0.4861452281475067, -0.32088133692741394, -0.21131014823913574, -0.14917993545532227, 0.014632433652877808, 0.3853752613067627, 0.6030975580215454, -0.35238271951675415, 0.1362161636352539, -0.47458186745643616, 0.2151840329170227, 0.08110667765140533, -0.508743405342102, 0.15850678086280823, -0.5677562355995178, -0.6841006875038147, 0.516007661819458, 0.47875699400901794, 0.05024619400501251, -0.5101038217544556, 0.22937297821044922, -0.6201635599136353, 0.5488115549087524, 0.485796183347702, 0.4944761395454407, -0.342340886592865, -0.492553174495697, 0.6253440380096436, 0.24988728761672974, -0.6154921650886536, 0.702947735786438, -0.06076806038618088, 0.6705588698387146, 0.3440346121788025, 0.41546061635017395, 0.5652205944061279, 0.01808050647377968, 0.36111196875572205, -0.4112233519554138, 0.39669907093048096, -0.4615468382835388, -0.37061136960983276, -0.4604867696762085, -0.024959754198789597, -0.2834814488887787, -0.30669108033180237, -0.46267834305763245, -0.05715683102607727, 0.2727288007736206, 0.5094035267829895, 0.4964718520641327, -0.5920330286026001, 0.7349261045455933, 0.38779574632644653, -0.6139395236968994, 0.5683584809303284, -0.6360068321228027, 0.48013657331466675, -0.5388208627700806, -0.02202437072992325, 0.32173600792884827, 0.35375699400901794, -0.38028550148010254, -0.3436354994773865, 0.3419097661972046, 0.6120017766952515, 0.5112737417221069, -0.41627952456474304, -0.21240171790122986, -0.5469402074813843, 0.31831610202789307, 0.5594286918640137, 0.33162540197372437, -0.5516571998596191, -0.6650413274765015, -0.03242315351963043, 0.17268675565719604, -0.3995749056339264, -0.604364275932312, 0.4221186935901642, -0.5317345857620239, 0.6745894551277161, 0.5757133364677429, 0.49841710925102234, 0.7285502552986145, -0.0877240002155304, -0.549243688583374, 0.6067928075790405, -0.265400230884552, 0.024189870804548264, -0.5797128677368164, 0.7093421220779419, 0.47118356823921204, -0.47470974922180176, 0.23298008739948273, 0.3725547790527344, 0.20128251612186432, -0.49805623292922974, -0.6082484722137451, 0.4968402087688446, -0.3852290213108063, -0.08708380162715912, -0.15115249156951904, 0.3722182512283325, 0.31062665581703186, 0.6273298263549805, 0.3703520894050598, 0.4617614448070526, 0.03978114202618599, -0.5085285902023315, -0.05698956549167633, 0.06968627870082855, 0.7022923827171326, 0.26763060688972473, -0.2460925579071045, -0.6057554483413696, 0.3869476318359375, -0.12704475224018097, -0.2553771734237671, -0.2683413028717041, -0.04570237547159195, 0.537947416305542, 0.3588491678237915, 0.3475465178489685, -0.48653388023376465, 0.4643920660018921, 0.5115119218826294, -0.6271875500679016, 0.24496865272521973, 0.07204680144786835, 0.7147353291511536, 0.23526480793952942, -0.18089917302131653, 0.5026524662971497, -0.16569417715072632, 0.416670024394989, -0.42116859555244446, -0.2041928917169571, 0.003275875002145767, 0.05432450771331787, -0.3975220024585724, 0.3528828024864197, 0.2600882351398468, 0.7005758881568909, 0.41176849603652954, 0.18651971220970154, 0.6937715411186218, -0.45263752341270447, -0.6632326245307922, 0.32587510347366333, 0.5733712911605835, 0.0799090564250946, -0.13664472103118896, 0.6746704578399658, 0.4761621952056885, 0.06152734160423279, 0.004737764596939087, -0.042889341711997986, 0.5749139785766602, 0.20679423213005066, -0.2982065677642822, -0.13069769740104675, -0.4219820499420166, 0.5472998023033142, -0.2498859167098999, -0.081702321767807, 0.5050531625747681, -0.11816901713609695, 0.2951357066631317, 0.33315420150756836, -0.24011515080928802, 0.5151134729385376, -0.33049649000167847, 0.5312220454216003, -0.605893611907959, 0.35735106468200684, 0.45810168981552124, -0.4568937122821808, -0.5173076391220093, -0.6737276315689087, -0.3750005066394806, 0.5307502150535583, 0.05140189826488495, 0.27576756477355957, 0.005221158266067505, 0.34335896372795105, 0.21169713139533997, 0.2567683756351471, 0.48796695470809937, 0.45502543449401855, 0.23176726698875427, -0.42475003004074097, 0.41502490639686584, 0.45876967906951904, 0.1528249979019165, -0.46203023195266724, 0.4316096603870392, 0.10537132620811462, 0.1632489562034607, 0.1921290159225464, 0.019509343430399895, 0.6494300961494446, 0.41291505098342896, 0.14765676856040955, -0.242098867893219, 0.6494485139846802, 0.25820648670196533, 0.06953758001327515, 0.6050189137458801, -0.2431374490261078, -0.2493707537651062, 0.03915480524301529, 0.41110503673553467, 0.10635356605052948, 0.2102520912885666, -0.3556470274925232, 0.18062672019004822, -0.2014937400817871, 0.43563562631607056, -0.3299937844276428, 0.3390408754348755, 0.5264668464660645, -0.1507275104522705, 0.2824268937110901, -0.2792793810367584, 0.3351760804653168, -0.3261704444885254, 0.4117509722709656, 0.4585939049720764, -0.3641144037246704, 0.1823650300502777, -0.1107206791639328, -0.14913207292556763, 0.19264063239097595, 0.3050107955932617, -0.5026066303253174, -0.2559671401977539, -0.6338988542556763, -0.13444887101650238, 0.39038610458374023, 0.19589652121067047, -0.22003382444381714, 0.23556509613990784, -0.3180672526359558, 0.43418097496032715, 0.4822082221508026, -0.5718007683753967, 0.6031210422515869, 0.6229186654090881, -0.24916581809520721, 0.039325617253780365, 0.5886063575744629, 0.13724122941493988, 0.6280395984649658, -0.5321571230888367, 0.3017016053199768, 0.4280078113079071, 0.06263751536607742, 0.3120788335800171, 0.34242403507232666, 0.3134978413581848, -0.11116746068000793, 0.30367523431777954, 0.3535437285900116, -0.11406715959310532, 0.2383214235305786, 0.09806641936302185, -0.10594329237937927, 0.43487364053726196, -0.6263066530227661, 0.6186939477920532, 0.5996314287185669, 0.2457290142774582, 0.5103300213813782, -0.22691282629966736, 0.4898306131362915, 0.27001047134399414, -0.19472143054008484, -0.05749619007110596, -0.4949483871459961, -0.2649349272251129, -0.28796708583831787, 0.18495365977287292, 0.4779748320579529, -0.5609750747680664, 0.5189093351364136, 0.5010786056518555, 0.16220061480998993, 0.6568915843963623, 0.035830918699502945, 0.6090590357780457, 0.05425596237182617, 0.5231966376304626, -0.6667702794075012, 0.5273717045783997, 0.6080785989761353, 0.39273005723953247, 0.5653190612792969, 0.4462936818599701, -0.5214565396308899, -0.6493614912033081, 0.26027077436447144, 0.4209311604499817, -0.48911893367767334, 0.7262852191925049, -0.369764119386673, 0.029295582324266434, 0.5793511271476746, -0.38468503952026367, -0.15407750010490417, 0.27920764684677124, -0.04542863368988037, 0.36943092942237854, 0.475044310092926, -0.2478119432926178, 0.30985963344573975, 0.4159703254699707, 0.36393171548843384, 0.1571437567472458, 0.4284325838088989, 0.38509437441825867, 0.4993970990180969, 0.3372305631637573, -0.5876868963241577, 0.4177328944206238, -0.40274834632873535, 0.653178334236145, 0.27957314252853394, -0.3319116532802582, -0.19607724249362946, -0.011331761255860329, 0.4358038902282715, 0.5640073418617249, 0.06244748830795288, -0.5177667140960693, 0.3884243369102478, 0.5634114742279053, 0.6702146530151367, -0.27846992015838623, 0.39622780680656433, 0.49310189485549927, 0.6660091876983643, 0.4265795350074768, 0.027006395161151886, 0.4557223320007324, 0.36759650707244873, 0.16529971361160278, 0.1447470337152481, 0.4640054702758789, 0.2552258372306824, 0.23311100900173187, 0.6087329387664795, 0.5103256702423096, -0.5640074014663696, -0.42391490936279297, -0.27440693974494934, 0.5642073154449463, -0.23380249738693237, 0.17588180303573608, -0.45427072048187256, -0.5309849977493286, -0.4496243894100189, 0.2060171663761139, 0.6876809597015381, 0.2918969392776489, 0.5454927086830139, 0.6561919450759888, 0.492671936750412, 0.37520599365234375, 0.5106591582298279, -0.17177967727184296, 0.1329469531774521, 0.5354468822479248, 0.617215633392334, 0.6750574707984924, 0.1716209203004837, 0.47736215591430664, 0.3768526613712311, 0.4783809185028076, 0.3814721703529358, 0.515627920627594, 0.49556833505630493, 0.7061798572540283, 0.6265098452568054, -0.540305495262146, 0.51335608959198, -0.6833304166793823, 0.03842483460903168, 0.3128141760826111, -0.16997194290161133, -0.11093366146087646, 0.41758373379707336, -0.39579394459724426, -0.08940136432647705, -0.38091856241226196, -0.20354998111724854, -0.3774971067905426, 0.4878077805042267, -0.6044039726257324, 0.22403013706207275, -0.4802964925765991, 0.5488102436065674, -0.46702736616134644, -0.5589416027069092, 0.49890729784965515, 0.5762218832969666, 0.6017940044403076, 0.4139613211154938, -0.41096770763397217, 0.3402658700942993, 0.0919884517788887, 0.4699903726577759, -0.3061703145503998, -0.46611666679382324, 0.7074556350708008, -0.20831544697284698, -0.4427539110183716, 0.5539861917495728, -0.6018738746643066, 0.6645655632019043, 0.4058018922805786, 0.10492532700300217, 0.342975378036499, 0.628244161605835, -0.0946565717458725, -0.25245606899261475, -0.3964340090751648, 0.2641797363758087, -0.09044243395328522, -0.0465579517185688, -0.481473445892334, 0.28249263763427734, -0.4127642512321472, 0.4531509578227997, 0.2564697265625, 0.19225984811782837, 0.6421052813529968, -0.08411341905593872, -0.45921826362609863, 0.42232924699783325, 0.6477997303009033, 0.5098072290420532, 0.45809394121170044, 0.32393500208854675, 0.3876229524612427, -0.6563986539840698, 0.640207827091217, -0.20894399285316467, -0.439938485622406, 0.3724040985107422, -0.3447568118572235, 0.42013031244277954, -0.059528544545173645, -0.21966838836669922, -0.3633612394332886, -0.6107892990112305, 0.5070235729217529, 0.08814943581819534, 0.5803838968276978, -0.30350106954574585, -0.5299780368804932, 0.56683349609375, 0.3405422270298004, -0.12229518592357635, -0.5578534007072449, 0.045464806258678436, 0.35263586044311523, 0.4562837481498718, 0.6716176271438599, 0.45226675271987915, -0.48605120182037354, 0.4144808053970337, -0.19298525154590607, 0.4407922625541687, 0.3166842460632324, 0.23436501622200012, -0.6659019589424133, 0.5356156229972839, 0.670250415802002, -0.42539772391319275, 0.471697598695755, -0.10395857691764832, 0.3693840801715851, 0.2865353226661682, 0.21312548220157623, 0.24321775138378143, -0.3573428690433502, 0.10337913781404495, -0.5374538898468018, 0.6321836709976196, -0.45077431201934814, 0.2064736932516098, 0.47073569893836975, -0.14539512991905212, 0.3854236602783203, -0.5024808049201965, 0.5132402777671814, -0.11445845663547516, -0.3843556344509125, 0.07401154190301895, 0.4904625713825226, -0.2515498101711273, -0.38457822799682617, 0.6185390949249268, 0.2438708245754242, -0.06281878054141998, -0.05723991617560387, 0.13268636167049408, -0.4711405634880066, 0.5453196167945862, 0.41137221455574036, -0.24465465545654297, 0.4398290514945984, -0.4710683822631836, -0.42032063007354736, 0.10189671814441681, 0.22700262069702148, -0.01939837634563446, -0.6634202003479004, 0.56019127368927, -0.48106223344802856, -0.5896965265274048, -0.4981187582015991, 0.567597508430481, -0.15807856619358063, -0.5050514936447144, 0.4391016364097595, -0.3822298049926758, 0.5028067827224731, 0.6049720048904419, -0.4525238275527954, -0.6556439399719238, 0.608722984790802, -0.42024531960487366, 0.024819016456604004, 0.5658408403396606, -0.3620748519897461, -0.0721074640750885, 0.49174606800079346, 0.358039528131485, 0.5503078699111938, 0.4752451479434967, -0.6135600209236145, 0.3191325068473816, 0.6378361582756042, 0.29822856187820435, 0.3443099856376648, 0.4325980842113495, -0.5318042039871216, 0.20013219118118286, -0.49430349469184875, -0.22695708274841309, 0.036027103662490845, -0.19681915640830994, 0.23621109127998352, 0.09243069589138031, 0.2000507116317749, -0.16590411961078644, 0.4263719320297241, 0.3497520983219147, -0.16264058649539948, 0.23690834641456604, 0.5150307416915894, 0.22751837968826294, -0.4134971797466278, 0.11675999313592911, -0.41517531871795654, -0.44513148069381714, 0.11200235784053802, -0.5090413093566895, 0.40884923934936523, -0.05480782315135002, 0.57895827293396, -0.1096540242433548, 0.341068834066391, -0.3022075891494751, 0.2937746047973633, 0.38890892267227173, 0.6526359915733337, 0.48900026082992554, 0.38421767950057983, -0.5799031257629395, -0.14853043854236603, 0.09408227354288101, 0.0643494725227356, 0.3654192388057709, 0.5883637070655823, 0.6871906518936157, -0.31484389305114746, -0.3020384609699249, 0.5372054576873779, -0.2713184058666229, 0.3623398542404175, 0.22036442160606384, 0.36931943893432617, 0.13847002387046814, 0.18891145288944244, 0.5714741945266724, -0.3201272487640381, -0.16307519376277924, 0.4011992812156677, 0.0010216087102890015, -0.4096525013446808, 0.37498387694358826, 0.3157135248184204, 0.44370371103286743, 0.4780237376689911, 0.22069919109344482, -0.5033974647521973, 0.5606951117515564, -0.4293542504310608, 0.2840288579463959, 0.3874116539955139, -0.6894813776016235, 0.593356192111969, -0.42668986320495605, 0.4644594192504883, 0.5179766416549683, -0.4699179232120514, -0.7044581174850464, -0.4978843331336975, 0.21601702272891998, -0.506333589553833, 0.37103623151779175, -0.2993822693824768, -0.3499753475189209, -0.21394921839237213, -0.06295811384916306, 0.49565500020980835, 0.6080443263053894, 0.3457064926624298, -0.46569061279296875, 0.6738510131835938, 0.19732508063316345, 0.31081390380859375, -0.3470262885093689, 0.4467240571975708, -0.06947536766529083, 0.3396452069282532, -0.12261971831321716, 0.5531425476074219, -0.3073982000350952, 0.556359052658081, 0.39400577545166016, 0.6003007888793945, -0.0624077171087265, -0.34690865874290466, 0.17968051135540009, -0.5518614053726196, -0.5175638198852539, 0.6143796443939209, 0.5851067304611206, 0.4669971764087677, 0.49422019720077515, 0.5096803307533264, 0.255362868309021, 0.6387044191360474, 0.37436428666114807, 0.40341007709503174, 0.5282164812088013, 0.3836458921432495, 0.39185988903045654, 0.48167866468429565, -0.2222529947757721, -0.043925076723098755, 0.10683152824640274, -0.34752362966537476, -0.49907517433166504, 0.5541225075721741, -0.09985089302062988, -0.5630176067352295, -0.508868396282196, 0.5436797142028809, -0.4409521818161011, -0.31604328751564026, 0.3275645971298218, -0.10973207652568817, 0.3675389885902405, 0.2014484703540802, -0.17381176352500916, -0.6378417015075684, -0.33836936950683594, 0.5121511220932007, -0.7288515567779541, 0.5617830157279968, 0.4489932358264923, 0.45897939801216125, -0.13216739892959595, -0.5285359621047974, 0.24286168813705444, -0.4272441864013672, 0.027990002185106277, -0.34813883900642395, 0.49692681431770325, 0.37967878580093384, 0.5354494452476501, -0.034818828105926514, 0.4042118787765503, 0.48145705461502075, -0.6725524663925171, -0.14459073543548584, 0.7283912897109985, 0.558447003364563, 0.05072372779250145, -0.556138277053833, -0.013269498944282532, 0.39507418870925903, 0.6941271424293518, -0.05479336902499199, -0.13570527732372284, 0.3994368016719818, 0.5943427681922913, -0.3214350938796997, 0.4344552159309387, -0.07525864988565445, -0.2746428847312927, 0.4538513422012329, 0.6317803859710693, 0.6007164716720581, -0.08301115036010742, 0.44346103072166443, 0.6745448112487793, -0.08067908883094788, 0.06043092906475067, -0.1325312852859497, 0.4471551477909088, -0.1752629429101944, 0.08807236701250076, -0.7348394393920898, 0.5362541675567627, 0.04754660278558731, 0.0974782258272171, 0.3056463301181793, 0.2662510573863983, 0.5084148645401001, 0.4384179711341858, 0.7909331321716309, -0.4973751902580261, -0.4870544970035553, -0.5068284869194031, 0.42914342880249023, 0.6319490671157837, 0.38434985280036926, 0.18966014683246613, 0.5344730615615845, -0.6908044815063477, 0.4501541554927826, -0.6370406150817871, -0.3928006887435913, 0.6040623188018799, 0.4723277688026428, 0.0883093774318695, 0.37803399562835693, -0.4536227583885193, 0.3652183413505554, -0.36312660574913025, 0.4534836411476135, 0.3463093638420105, 0.06579585373401642, 0.4656519293785095, 0.3717181384563446, 0.055229417979717255, -0.5154849290847778, 0.729273796081543, 0.6470481157302856, 0.19849006831645966, 0.55594402551651, -0.468951940536499, 0.17136797308921814, 0.4624582529067993, -0.3637387454509735, -0.28799352049827576, 0.18425658345222473, -0.19891662895679474, 0.46176230907440186, 0.4402610659599304, -0.6163675785064697, -0.5372142791748047, 0.3589394688606262, 0.0384000688791275, 0.5310937762260437, 0.5171776413917542, 0.4709385931491852, 0.2899363934993744, 0.623538613319397, 0.7062592506408691, 0.291982501745224, -0.43320131301879883, -0.49091506004333496, 0.0033909380435943604, 0.44391947984695435, -0.3563385307788849, -0.31420183181762695, -0.2233409583568573, 0.6308290958404541, 0.16214364767074585, -0.5855699777603149, 0.3998822569847107, 0.31516939401626587, 0.5781530141830444, -0.018090158700942993, -0.31502658128738403, 0.15839673578739166, 0.5029883980751038, 0.5473904609680176, 0.4897724688053131, 0.6508784890174866, 0.361980676651001, 0.07205397635698318, 0.22549769282341003, -0.27242955565452576, 0.37022027373313904, -0.1469360738992691, 0.3966081738471985, -0.6786047220230103, -0.3584854304790497, -0.6426018476486206, 0.5939550399780273, -0.4473848342895508, 0.49980905652046204, 0.3455629348754883, -0.43657639622688293, 0.484683096408844, 0.5313541889190674, 0.15641744434833527, 0.19058214128017426, 0.5343676805496216, -0.0300549678504467, 0.11504501104354858, 0.4154990315437317, 0.26648086309432983, 0.4508152902126312, -0.3778831362724304, -0.274300754070282, 0.5687122344970703, 0.6149667501449585, 0.6480318307876587, 0.4706401228904724, -0.07340741157531738, 0.13846084475517273, 0.5086764097213745, 0.5366328954696655, 0.24597254395484924, 0.48678818345069885, -0.41842901706695557, -0.20760616660118103, -0.10578229278326035, -0.30792170763015747, 0.4625126123428345, -0.5600955486297607, 0.6313499808311462, -0.3264349102973938, -0.21164464950561523, 0.23272353410720825, 0.6176568865776062, -0.05563093721866608, 0.43356627225875854, 0.35555028915405273, 0.523768961429596, -0.5726629495620728, -0.4600832164287567, 0.13824932277202606, 0.5656572580337524, -0.5398062467575073, 0.4517589807510376, 0.3765248656272888, -0.5749721527099609, 0.22225932776927948, 0.5513945817947388, -0.3545660376548767, -0.5388195514678955, 0.5885789394378662, -0.29087838530540466, 0.3090360164642334, -0.4318966269493103, 0.32789385318756104, 0.672126054763794, -0.3548834025859833, 0.20745545625686646, 0.11949034035205841, -0.12904022634029388, 0.6222193837165833, 0.5407003164291382, 0.5540638566017151, 0.484887957572937, -0.4992581903934479, 0.6651272773742676, -0.29958587884902954, 0.5892561078071594, 0.10396739840507507, 0.44680851697921753, 0.23421300947666168, 0.6392533183097839, -0.009136557579040527, 0.7049944400787354, 0.46343958377838135, 0.5257565379142761, -0.06660215556621552, 0.5852878093719482, 0.6776924133300781, 0.37071582674980164, -0.6905507445335388, 0.6767460107803345, 0.6655099391937256, 0.42521238327026367, -0.6255675554275513, 0.4110676646232605, 0.49222034215927124, 0.3092609643936157, 0.544480562210083, -0.4590227007865906, -0.5097266435623169, 0.2892320454120636, 0.14133256673812866, 0.5584539771080017, 0.39984720945358276, 0.07497799396514893, 0.4598134756088257, 0.4157089591026306, -0.05407533049583435, -0.2965475618839264, 0.4639991521835327, -0.5162943601608276, 0.13349303603172302, 0.6149903535842896, 0.23909232020378113, -0.15749403834342957, -0.14395436644554138, 0.5560234785079956, 0.589546799659729, -0.4903469681739807, -0.26007014513015747, 0.3030908405780792, 0.6346033215522766, 0.008143842220306396, -0.6289349794387817, -0.3984534740447998, 0.5842620134353638, 0.5835603475570679, -0.11288484185934067, 0.49492621421813965, 0.19077864289283752, -0.40821373462677, 0.5432264804840088, -0.4530923664569855, 0.4037665128707886, 0.6259874105453491, 0.3801031708717346, -0.6273924112319946, 0.48186537623405457, 0.5583256483078003, -0.44344961643218994, 0.03277647867798805, 0.3811735510826111, 0.17458805441856384, -0.2645817697048187, -0.6181209087371826, 0.1934974193572998, 0.19557465612888336, -0.2615422010421753, 0.4848904311656952, 0.5393385291099548, 0.5161212682723999, -0.14993916451931, -0.5835867524147034, 0.16691215336322784, -0.18980443477630615, -0.4167454242706299, 0.3549584150314331, 0.548018217086792, 0.6364561319351196, 0.5810917615890503, -0.01707780361175537, 0.5308359861373901, -0.20502695441246033, 0.3686269223690033, 0.3388442397117615, -0.5561283826828003, 0.49661576747894287, -0.7536123394966125, 0.3627524971961975, -0.09524388611316681, 0.503727376461029, 0.27310463786125183, 0.6479707956314087, 0.6304486393928528, -0.2770048677921295, -0.3177264332771301, 0.6362704038619995, 0.41674768924713135, 0.3539949655532837, 0.11578036844730377, 0.6193270087242126, -0.09569580107927322, 0.48631107807159424, -0.512266993522644, 0.22172240912914276, -0.578812301158905, -0.5932573676109314, 0.5053446292877197, 0.557077169418335, -0.50013267993927, -0.19425120949745178, -0.19222572445869446, 0.580397367477417, -0.015395857393741608, 0.3065257668495178, -0.5418971180915833, 0.37781429290771484, 0.4115096628665924, -0.11161059141159058, -0.336279034614563, 0.23016807436943054, 0.5029408931732178, 0.4417569041252136, 0.4528462290763855, 0.48289233446121216, 0.5210453867912292, -0.39180248975753784, 0.5684510469436646, -0.5260854363441467, 0.4825407564640045, -0.5962939262390137, -0.4180912375450134, 0.011495612561702728, 0.5831666588783264, 0.24466338753700256, 0.42724478244781494, 0.36313536763191223, 0.07379567623138428, -0.20728912949562073, -0.47716861963272095, 0.31279605627059937, -0.028825893998146057, 0.4199930429458618, -0.18212419748306274, 0.3416895866394043, -0.38241708278656006, 0.6461668014526367, 0.48973560333251953, -0.0653683990240097, -0.5425835847854614, 0.553856372833252, -0.44508495926856995, -0.44550973176956177, 0.6310209631919861, 0.398762047290802, 0.43653690814971924, -0.39825183153152466, 0.3339298963546753, -0.6384140253067017, 0.43754953145980835, 0.4105303883552551, -0.5825279355049133, 0.3188265562057495, -0.5501993894577026, 0.08134141564369202, 0.1155063733458519, 0.5381050109863281, 0.5217151045799255, -0.1459045708179474, -0.4477381110191345, 0.38973915576934814, -0.49695974588394165, 0.5585628747940063, 0.4816528558731079, -0.5612285733222961, -0.33017435669898987, -0.4628688097000122, 0.061977747827768326, 0.4154564142227173, 0.46851521730422974, -0.5068730115890503, -0.4072262942790985, 0.6500053405761719, 0.5207141637802124, -0.4628678560256958, 0.22508114576339722, -0.2273479849100113, 0.24573108553886414, 0.7526662349700928, 0.3816269040107727, -0.0852057933807373, -0.060359515249729156, 0.6097891926765442, -0.10875746607780457, 0.34940382838249207, 0.004477158188819885, 0.29819434881210327, -0.2871270775794983, 0.5903030037879944, -0.05100005865097046, 0.5004018545150757, 0.4510156512260437, -0.38602736592292786, -0.29225730895996094, -0.47684311866760254, 0.011359080672264099, 0.25038835406303406, -0.3787447214126587, -0.49072420597076416, 0.05642065405845642, 0.30860719084739685, 0.18472379446029663, -0.5077564716339111, -0.3532116413116455, -0.3668387532234192, 0.683339536190033, -0.6762982606887817, -0.5414278507232666, -0.06392745673656464, 0.23850539326667786, 0.5030274391174316, 0.5633875727653503, 0.6855637431144714, 0.09336445480585098, -0.09111515432596207, -0.5260820984840393, 0.39553970098495483, -0.1951395571231842, -0.1647552251815796, -0.12603500485420227, -0.403181254863739, 0.40253037214279175, -0.4282997250556946, 0.543059229850769, 0.5148155689239502, 0.6946612596511841, 0.44614553451538086, 0.28682854771614075, 0.44666701555252075, 0.48233136534690857, -0.24526436626911163, 0.22965605556964874, -0.7734119892120361, -0.5180054903030396, -0.420540988445282, -0.26403549313545227, -0.6182982921600342, -0.367442786693573, 0.7382745146751404, 0.595578670501709, -0.152177095413208, 0.2104288935661316, 0.322854220867157, -0.5648443698883057, 0.18330517411231995, 0.49783235788345337, 0.17470121383666992, -0.28305530548095703, -0.5082292556762695, -0.05939203500747681, 0.5162873864173889, 0.47609537839889526, 0.006666906177997589, 0.5334270000457764, 0.4742583632469177, -0.5008029937744141, 0.3959732949733734, -0.43917563557624817, 0.2556619942188263, 0.1851213276386261, 0.26222264766693115, 0.5568116307258606, 0.4251437485218048, -0.5274356603622437, 0.18805363774299622, -0.22623708844184875, 0.6766672134399414, -0.5041934251785278, 0.0909106433391571, -0.4765785336494446, -0.037862032651901245, 0.029158592224121094, 0.7240978479385376, -0.40131741762161255, 0.39962947368621826, -0.27926918864250183, 0.5569298267364502, 0.1473446786403656, 0.39415132999420166, 0.6209813356399536, 0.4811217188835144, -0.601382851600647, 0.3432915210723877, -0.47774118185043335, 0.21740829944610596, 0.07039880752563477, -0.22037822008132935, 0.23403526842594147, 0.46104955673217773, 0.11257908493280411, -0.688927948474884, 0.29737144708633423, -0.20287133753299713, 0.5162566304206848, -0.03999188169836998, -0.48555630445480347, -0.0856247991323471, 0.6475192308425903, -0.2626473009586334, 0.23506268858909607, 0.5232523679733276, 0.042684104293584824, 0.3192182183265686, 0.5552903413772583, -0.5568124651908875, 0.13095608353614807, 0.7321497797966003, -0.4681434631347656, -0.4866466522216797, 0.03687499836087227, 0.08009736984968185, 0.3608030676841736, -0.4901863932609558, -0.19964221119880676, 0.6009401082992554, 0.5862816572189331, 0.46200406551361084, 0.42543870210647583, 0.48189425468444824, -0.39506661891937256, -0.689529299736023, 0.6434594988822937, 0.11882038414478302, -0.45178931951522827, -0.08692245185375214, 0.5764349699020386, -0.02348717674612999, -0.26319754123687744, 0.315937340259552, 0.5903007984161377, -0.27893906831741333, -0.35577112436294556, 0.6657766699790955, -0.2044498175382614, 0.4715101718902588, 0.591044545173645, -0.3647291958332062, 0.2955525517463684, 0.5644353628158569, -0.07974499464035034, -0.15997308492660522, 0.2934178113937378, -0.2624848484992981, 0.6548053622245789, 0.6876383423805237, -0.6777200698852539, 0.20549386739730835, -0.07057975977659225, -0.14989334344863892, 0.5824005603790283, -0.21092548966407776, 0.41870996356010437, 0.36045730113983154, 0.2634437680244446, 0.11695677042007446, 0.18261651694774628, 0.43671226501464844, -0.5582032799720764, 0.4477260112762451, 0.4582400918006897, -0.6725493669509888, -0.39162981510162354, 0.6450099349021912, -0.5820885896682739, 0.3857150971889496, 0.6295314431190491, 0.42709797620773315, 0.39065828919410706, 0.19084833562374115, 0.39107927680015564, 0.43080055713653564, 0.6135256886482239, 0.3897066116333008, 0.3000414967536926, 0.5866424441337585, -0.6224485039710999, -0.556638240814209, 0.04397006332874298, -0.08836730569601059, 0.723041296005249, -0.5041621923446655, -0.43079841136932373, 0.41954049468040466, 0.4080880284309387, 0.3027806282043457, 0.13538715243339539, -0.24472257494926453, -0.313148558139801, 0.2520710825920105, 0.480154812335968, 0.5708540081977844, -0.5588284730911255, 0.41236013174057007, -0.23651613295078278, -0.19741490483283997, -0.38013872504234314, 0.22100549936294556, 0.45709455013275146, -0.0038624778389930725, 0.3492219150066376, -0.33741694688796997, -0.20398348569869995, 0.5776205658912659, -0.583630383014679, -0.37508946657180786, 0.5424919128417969, -0.3851318657398224, 0.5037535429000854, 0.4941084384918213, 0.5968014001846313, -0.5520792007446289, -0.2828656733036041, -0.648144006729126, 0.20989051461219788, 0.30993378162384033, 0.12939044833183289, 0.10830120742321014, 0.4341517686843872, 0.5634123086929321, 0.40839582681655884, 0.6891369223594666, -0.6923728585243225, 0.5064268708229065, 0.25890788435935974, -0.585769772529602, 0.4448786675930023, 0.5141364336013794, 0.41222676634788513, -0.4530307948589325, 0.2590163052082062, 0.48898234963417053, 0.6621913909912109, 0.4560181796550751, 0.17005127668380737, 0.6065050363540649, -0.09518679976463318, -0.5994106531143188, -0.5994168519973755, -0.2574229836463928, 0.44415825605392456, 0.11874224990606308, -0.05961150676012039, -0.5367973446846008, -0.5497341156005859, 0.5738721489906311, -0.44893062114715576, 0.5358219146728516, 0.6057538986206055, -0.5431336760520935, 0.3011201024055481, 0.4451442360877991, 0.4909464716911316, 0.6404470801353455, 0.7544456720352173, -0.5186324715614319, 0.5561127662658691, 0.5324997305870056, 0.27197739481925964, -0.27789828181266785, -0.46321964263916016, 0.05923910439014435, 0.10092088580131531, -0.05982997268438339, -0.22429808974266052, -0.5251973271369934, 0.6445198655128479, 0.2499856948852539, 0.29525479674339294, 0.4617203176021576, -0.012206129729747772, 0.21102531254291534, 0.38074320554733276, -0.5430347919464111, 0.3919512629508972, 0.46637728810310364, 0.08176378160715103, -0.47637978196144104, -0.16123318672180176, 0.07219024002552032, 0.22193846106529236, 0.4674752354621887, 0.6581650972366333, -0.08966026455163956, -0.2396305501461029, 0.08554143458604813, 0.48161834478378296, 0.38750869035720825, 0.2283249795436859, 0.375395268201828, 0.3760957419872284, -0.40955013036727905, 0.10873787105083466, 0.5561790466308594, -0.20633740723133087, -0.11381860077381134, 0.05387960374355316, 0.3878655433654785, -0.34158855676651, -0.1694263219833374, -0.34689968824386597, 0.45916491746902466, 0.5677376985549927, 0.29395923018455505, 0.014178268611431122, 0.17019206285476685, 0.5232258439064026, 0.5057783126831055, 0.4297158718109131, 0.38372594118118286, 0.04757919907569885, -0.43300390243530273, 0.36634117364883423, -0.09838199615478516, 0.3063708543777466, 0.038744598627090454, -0.5067853927612305, 0.15795671939849854, 0.45131662487983704, 0.4647604823112488, 0.03900245577096939, 0.22307544946670532, 0.29165011644363403, 0.5357550382614136, -0.5831263661384583, -0.5055517554283142, 0.485731303691864, -0.3046238124370575, 0.5083398222923279, 0.6495086550712585, -0.3084656298160553, -0.45847785472869873, 0.27701807022094727, -0.44040414690971375, -0.22391417622566223, 0.5289591550827026, -0.1591927856206894, 0.4056016802787781, -0.0930584967136383, 0.19344820082187653, -0.090605728328228, -0.14479829370975494, 0.28093770146369934, 0.4980853497982025, -0.3738318979740143, -0.5910611748695374, 0.24615925550460815, 0.30571144819259644, 0.02196253091096878, -0.015406772494316101, -0.535184383392334, 0.3154359757900238, 0.5350141525268555, 0.5469918847084045, -0.4781595766544342, -0.18211476504802704, 0.189727783203125, 0.5579066872596741, -0.452333927154541, 0.05761176347732544, 0.46443629264831543, 0.31064388155937195, 0.23395654559135437, 0.5798912048339844, 0.3688047230243683, -0.5815737843513489, 0.32259634137153625, -0.2947245240211487, -0.31027764081954956, -0.5094651579856873, -0.27845191955566406, 0.4133914113044739, 0.5001319646835327, 0.5024211406707764, 0.27787238359451294, 0.2453857660293579, 0.35258209705352783, -0.0856730043888092, 0.004628337919712067, 0.4762870967388153, 0.3238941431045532]
