sample name: ['O=C1CN(S(=O)(=O)c2cccc(NC(=O)c3cc(F)cc(F)c3)c2)CCN1']
atom_index,distance,cosine_similarity
0,-0.12868438720703124,-0.01486653957515955
1,-0.5641796875,0.02889719493687153
2,-0.27672119140625,-0.022081458307802677
3,-0.20936614990234376,-0.036537015717476605
4,0.12273162841796875,-0.09985388047993184
5,-0.04019073486328125,-0.02480037394911051
6,-1.3589288330078124,0.07661174204200506
7,-0.2631781005859375,0.020489296028390527
8,0.14085357666015624,-0.004493167065083981
9,0.1525494384765625,-0.009764519333839417
10,-0.16444244384765624,0.08305916983634233
11,-0.9226348876953125,0.20471521139144896
12,-0.08328125,0.05738666873425245
13,0.3801171875,-0.01730511762201786
14,-0.02828094482421875,0.05766186997294426
15,-0.3566888427734375,0.10581472028046847
16,-0.36937286376953127,0.09000994104892016
17,-0.1624261474609375,0.0279882575571537
18,0.156048583984375,-0.002806425578892231
19,-0.1293878173828125,0.04636855948716402
20,-0.07975616455078124,0.07592390391975641
21,0.03813232421875,0.013189929872751235
22,-0.1665380859375,0.08007512308657169
23,0.16145751953125,0.07680081082507968

Sum of phi values for distance
-4.152168273925781
Sum of phi values for cosine similarity
0.812483901390806
Average distance random samples:
5.201898426512877
Average cosine similarity random samples:
0.07704004641079033
Distances random samples
[6.087350368499756, 4.302731513977051, 4.149590015411377, 2.9495716094970703, 6.005166530609131, 7.824954986572266, 7.64528226852417, 4.634607315063477, 3.440389394760132, 8.655660629272461, 3.778567314147949, 5.707009792327881, 4.406778335571289, 6.540646553039551, 7.000919818878174, 6.113089561462402, 3.993568181991577, 4.0966973304748535, 4.181108474731445, 4.045627593994141, 4.915394306182861, 4.347195148468018, 4.613975524902344, 4.859251499176025, 3.274007558822632, 4.020999431610107, 4.088700294494629, 4.243741035461426, 8.45486068725586, 7.099522113800049, 5.302031993865967, 3.7278757095336914, 5.719827175140381, 6.371241092681885, 5.8014044761657715, 5.789560794830322, 3.799964427947998, 4.431148052215576, 5.081834316253662, 4.09465217590332, 6.355055809020996, 3.849496364593506, 4.124080657958984, 4.521498203277588, 5.147621154785156, 4.756690502166748, 8.577449798583984, 4.063456058502197, 5.966235160827637, 7.690646171569824, 4.492268085479736, 5.835089206695557, 8.426054954528809, 3.1628458499908447, 8.967304229736328, 6.130435466766357, 4.7257585525512695, 5.099596977233887, 4.120938301086426, 4.460648059844971, 3.8513941764831543, 7.071913719177246, 6.089305877685547, 4.672826290130615, 4.391538143157959, 6.4723591804504395, 5.5083088874816895, 3.560922384262085, 6.034699440002441, 8.725210189819336, 8.160935401916504, 4.205067157745361, 4.137173652648926, 2.9264039993286133, 3.9794139862060547, 4.897744178771973, 3.9462130069732666, 4.061568260192871, 6.126036643981934, 9.401573181152344, 4.30430793762207, 4.425746440887451, 5.436820030212402, 3.135956048965454, 3.6353068351745605, 5.400285720825195, 4.751665115356445, 3.559479236602783, 4.3148698806762695, 3.528193473815918, 9.744607925415039, 4.99604606628418, 6.231086254119873, 4.021587371826172, 3.7271933555603027, 2.756157159805298, 6.1980366706848145, 4.775660514831543, 5.860952377319336, 8.91247272491455, 4.551945686340332, 5.882312297821045, 6.801301002502441, 7.304431915283203, 3.5738182067871094, 6.423684597015381, 5.701321601867676, 5.127860069274902, 4.656643867492676, 5.244711875915527, 3.787893295288086, 3.702531099319458, 4.828995227813721, 5.6206254959106445, 4.636763572692871, 6.6070237159729, 4.391420841217041, 4.641299247741699, 4.220589637756348, 4.900653839111328, 8.032058715820312, 2.752880811691284, 3.5284318923950195, 4.463712215423584, 6.521896839141846, 4.005293369293213, 4.832870960235596, 4.665822982788086, 3.5065085887908936, 4.146732330322266, 6.717646598815918, 3.45843505859375, 4.481712341308594, 4.228214740753174, 4.074110984802246, 6.748725414276123, 3.0115952491760254, 3.5819060802459717, 5.611067771911621, 3.9950592517852783, 6.67881441116333, 4.279780387878418, 5.154239654541016, 4.094216346740723, 6.635718822479248, 3.496917247772217, 3.4395971298217773, 5.669386386871338, 4.037867069244385, 4.546115875244141, 4.333560943603516, 5.6611528396606445, 6.35017728805542, 3.7141504287719727, 4.711490631103516, 3.279866933822632, 7.2180304527282715, 5.786797523498535, 4.943471431732178, 3.9906187057495117, 5.783302307128906, 4.20444393157959, 4.120940685272217, 4.433976650238037, 7.964713096618652, 6.6575727462768555, 5.434179306030273, 3.876156806945801, 8.093210220336914, 4.690645694732666, 3.8280117511749268, 5.592612266540527, 3.9984469413757324, 3.9807701110839844, 4.331757545471191, 3.065474033355713, 3.468388080596924, 4.561670303344727, 7.106027603149414, 4.144128799438477, 6.525966644287109, 4.471117973327637, 4.786121368408203, 3.0340964794158936, 4.139355182647705, 3.703603982925415, 3.6201860904693604, 3.6115529537200928, 3.6653428077697754, 4.897110462188721, 4.0783820152282715, 8.791027069091797, 5.145292282104492, 5.081880569458008, 6.852936744689941, 6.129969120025635, 3.934418201446533, 5.80571174621582, 4.585293292999268, 4.985642433166504, 4.167647361755371, 2.816260576248169, 5.183355808258057, 5.21474027633667, 5.385621547698975, 4.150819778442383, 6.439034938812256, 3.84424090385437, 8.267242431640625, 3.33886981010437, 7.009523868560791, 3.8406505584716797, 4.0370259284973145, 5.9035539627075195, 4.83217716217041, 6.3060126304626465, 5.642061233520508, 4.055430889129639, 5.262016296386719, 3.672522783279419, 4.307071208953857, 4.8908562660217285, 8.880480766296387, 3.414950132369995, 4.305201053619385, 5.78726053237915, 6.1980366706848145, 4.633779048919678, 5.572519779205322, 4.663371562957764, 4.36155891418457, 4.993930816650391, 3.916593313217163, 5.078935623168945, 3.1478610038757324, 11.276776313781738, 3.9727628231048584, 3.3849735260009766, 3.550908327102661, 12.081498146057129, 5.166557788848877, 3.990344524383545, 11.043265342712402, 3.8573005199432373, 4.459934711456299, 4.647030830383301, 3.444967269897461, 4.361611843109131, 5.691099166870117, 5.520617485046387, 3.6371049880981445, 6.785386562347412, 6.113150119781494, 3.9203450679779053, 4.33500862121582, 6.727174282073975, 3.486971139907837, 5.743137359619141, 6.278353691101074, 3.454113245010376, 3.4312469959259033, 5.488515853881836, 5.050265312194824, 5.04641056060791, 3.528437852859497, 7.655880451202393, 3.739625930786133, 4.956607818603516, 2.8647568225860596, 5.003722190856934, 5.323065280914307, 6.158967971801758, 4.844862461090088, 3.973527669906616, 3.8672096729278564, 6.9193115234375, 3.4462552070617676, 5.274753570556641, 3.0013351440429688, 4.328389644622803, 7.615020275115967, 4.61336088180542, 3.0776281356811523, 5.455499649047852, 4.16040563583374, 4.462196350097656, 2.9289114475250244, 4.085777282714844, 3.5083441734313965, 4.771718502044678, 5.929843902587891, 8.673670768737793, 5.729447841644287, 5.303239822387695, 6.519015312194824, 3.772056818008423, 2.6697990894317627, 3.978806972503662, 4.20576286315918, 3.947481393814087, 4.391477584838867, 5.101002216339111, 8.114376068115234, 5.359483242034912, 4.873757839202881, 4.972680568695068, 8.168314933776855, 5.7585930824279785, 4.761731147766113, 3.6473398208618164, 3.342254638671875, 5.050619125366211, 4.146900653839111, 6.21925687789917, 4.150746822357178, 4.800295352935791, 3.850612163543701, 3.535017490386963, 3.559962034225464, 9.976330757141113, 5.039649486541748, 5.081549167633057, 3.6185808181762695, 8.836257934570312, 4.596837043762207, 3.6507294178009033, 4.553038120269775, 3.642119884490967, 3.7919113636016846, 2.7637832164764404, 6.98276948928833, 3.8516979217529297, 11.064082145690918, 8.263143539428711, 6.2302141189575195, 6.588477611541748, 6.4630961418151855, 5.220871925354004, 3.362370491027832, 6.004040241241455, 3.731992244720459, 3.3273656368255615, 3.8416695594787598, 5.228816986083984, 3.818709373474121, 5.724074363708496, 7.313377380371094, 5.616701126098633, 6.764219284057617, 4.319476127624512, 3.87762451171875, 3.6785387992858887, 4.6677470207214355, 4.643430709838867, 5.4798102378845215, 3.3162753582000732, 4.041874408721924, 3.657258987426758, 4.205227375030518, 5.532815456390381, 5.944116592407227, 3.3899173736572266, 4.589444637298584, 6.544258117675781, 5.246889591217041, 4.256283760070801, 4.124843597412109, 3.5194313526153564, 5.632363796234131, 3.2087697982788086, 3.8451128005981445, 7.706395149230957, 3.4098169803619385, 4.990766525268555, 3.59928297996521, 4.178738117218018, 4.961203575134277, 3.9339470863342285, 5.473679065704346, 6.5180864334106445, 5.120113372802734, 4.14431619644165, 8.987486839294434, 7.775514602661133, 4.089474201202393, 6.9965996742248535, 4.963310718536377, 9.777214050292969, 5.998229026794434, 4.888613700866699, 9.41037368774414, 4.665537357330322, 3.6273999214172363, 2.4366295337677, 8.28823184967041, 3.483530044555664, 4.623981475830078, 4.52079439163208, 3.0998337268829346, 5.824810981750488, 3.866340160369873, 3.282188892364502, 7.9537224769592285, 6.174617290496826, 4.931092739105225, 4.06551456451416, 4.52584981918335, 4.008637428283691, 4.833037853240967, 3.071206569671631, 4.313207149505615, 5.492413520812988, 3.6830642223358154, 4.623013973236084, 3.544156312942505, 6.886375427246094, 5.357876300811768, 4.634727954864502, 4.319648265838623, 4.549678802490234, 3.1456072330474854, 8.641745567321777, 7.557546615600586, 3.386275053024292, 3.7053873538970947, 3.369288444519043, 5.409743785858154, 3.131894826889038, 7.700464725494385, 9.651731491088867, 3.53834867477417, 10.072601318359375, 10.453627586364746, 4.248075485229492, 7.758113384246826, 3.76248836517334, 8.36805248260498, 4.26746129989624, 5.0016069412231445, 10.490717887878418, 4.275871276855469, 6.412053108215332, 4.178408145904541, 4.388580322265625, 3.744629383087158, 4.001119136810303, 4.250209331512451, 3.457562208175659, 3.3996634483337402, 8.98859977722168, 4.55037784576416, 3.4052231311798096, 3.579383134841919, 3.0423169136047363, 5.170038223266602, 3.900692939758301, 4.176269054412842, 3.489137887954712, 5.493791103363037, 7.194081783294678, 4.580621242523193, 6.401230812072754, 4.630200386047363, 7.79791784286499, 4.097152233123779, 5.081488609313965, 8.686796188354492, 4.0536208152771, 4.313512802124023, 6.5917487144470215, 4.171762466430664, 4.723878860473633, 9.934699058532715, 8.72420883178711, 5.219751834869385, 7.363857746124268, 4.050099849700928, 5.468489646911621, 6.104872226715088, 5.025331497192383, 5.725439071655273, 4.179690361022949, 2.9773426055908203, 2.7454259395599365, 8.658352851867676, 3.7083828449249268, 6.37299108505249, 5.704072952270508, 6.312267303466797, 5.345282554626465, 3.4493496417999268, 9.085639953613281, 5.063864231109619, 3.730715036392212, 4.43367862701416, 6.866483688354492, 3.89634370803833, 4.39838981628418, 4.450801849365234, 7.018138885498047, 6.723731517791748, 5.504630088806152, 3.988706588745117, 4.143772125244141, 4.737916946411133, 3.270235776901245, 9.558107376098633, 4.79017448425293, 3.1575558185577393, 3.921616554260254, 5.58790922164917, 3.1686511039733887, 3.5472874641418457, 4.033705711364746, 3.7515900135040283, 6.211500644683838, 4.912453651428223, 4.7152934074401855, 5.029409408569336, 6.583098888397217, 4.251779079437256, 5.461728572845459, 5.03207540512085, 8.16766357421875, 8.00070571899414, 2.8399276733398438, 5.412246227264404, 8.290117263793945, 5.045405387878418, 6.99973726272583, 8.769597053527832, 8.288207054138184, 6.778990268707275, 4.451203346252441, 4.591777324676514, 4.62673282623291, 9.790136337280273, 4.069024085998535, 8.199808120727539, 4.128843307495117, 6.406978130340576, 4.356827735900879, 7.682794570922852, 4.579256057739258, 4.339308261871338, 7.937008857727051, 5.218764305114746, 4.408100128173828, 4.695963382720947, 5.885993003845215, 4.835489749908447, 4.204957008361816, 4.308936595916748, 3.946516990661621, 5.879692077636719, 5.70250940322876, 5.499361991882324, 3.982670307159424, 4.350201606750488, 3.7472057342529297, 4.671412467956543, 3.335322141647339, 7.300081729888916, 9.580819129943848, 3.2955195903778076, 3.9137654304504395, 5.050973892211914, 3.812800884246826, 4.195951461791992, 3.9071836471557617, 7.023612976074219, 4.578179359436035, 3.5177853107452393, 8.102131843566895, 9.393978118896484, 6.682708263397217, 7.757968425750732, 4.900243759155273, 4.3047075271606445, 4.218320846557617, 6.05640172958374, 8.280241012573242, 4.5969624519348145, 3.7483842372894287, 4.229337692260742, 5.254310607910156, 6.161031723022461, 8.068902015686035, 5.182744979858398, 4.418639659881592, 4.427362442016602, 4.72150993347168, 8.778848648071289, 4.651384353637695, 4.86894416809082, 3.5953402519226074, 10.317623138427734, 7.687945365905762, 7.127903938293457, 4.025791168212891, 7.757150173187256, 8.778739929199219, 6.967747688293457, 9.395209312438965, 4.588649272918701, 4.676457405090332, 5.594598293304443, 4.041783809661865, 4.551723480224609, 4.395865440368652, 4.991499900817871, 5.427948951721191, 5.473299503326416, 6.902918815612793, 6.1880974769592285, 3.8220176696777344, 3.668423891067505, 9.800089836120605, 9.66739273071289, 4.3089799880981445, 3.473480463027954, 5.629821300506592, 7.317269325256348, 6.573237419128418, 8.030641555786133, 5.111576557159424, 3.305751323699951, 9.167367935180664, 6.318417549133301, 5.4889326095581055, 4.476271152496338, 4.467063903808594, 4.822692394256592, 4.460265159606934, 5.118706226348877, 4.299539089202881, 9.316083908081055, 4.112903594970703, 5.3410820960998535, 5.609997272491455, 4.079477310180664, 4.216423988342285, 4.140535354614258, 4.146093368530273, 5.125279426574707, 4.827145099639893, 4.060886383056641, 3.538621187210083, 3.6997151374816895, 6.882399559020996, 3.33259654045105, 4.736205101013184, 4.553919792175293, 4.4298481941223145, 9.26632022857666, 3.1736700534820557, 4.240077018737793, 3.644346237182617, 6.000198841094971, 4.5734381675720215, 8.479833602905273, 5.583234786987305, 5.271888732910156, 5.241730690002441, 5.336342811584473, 4.013127326965332, 4.611633777618408, 5.051784038543701, 7.859312057495117, 5.13319730758667, 4.3922438621521, 4.170932292938232, 4.197190761566162, 3.4570200443267822, 3.4902350902557373, 4.2106099128723145, 6.565303325653076, 6.0482940673828125, 4.5167131423950195, 5.059257507324219, 4.696673393249512, 5.068756580352783, 4.159104347229004, 8.341962814331055, 4.978177547454834, 4.85793399810791, 5.697200298309326, 3.828162908554077, 7.318337917327881, 7.15196418762207, 3.8603689670562744, 7.670285224914551, 5.402216911315918, 4.586678504943848, 8.853835105895996, 3.0978636741638184, 4.37916374206543, 3.840350866317749, 5.853050708770752, 9.906569480895996, 4.041935920715332, 3.5118463039398193, 3.0942161083221436, 4.430257797241211, 4.863869667053223, 4.62466287612915, 4.535242557525635, 4.361327648162842, 4.1476006507873535, 5.740318298339844, 3.7292847633361816, 5.837647438049316, 5.0926337242126465, 4.132416725158691, 6.914961814880371, 4.2536234855651855, 4.143276214599609, 7.090447902679443, 6.891704559326172, 5.505061149597168, 5.089755058288574, 4.077095985412598, 9.054997444152832, 4.281746864318848, 4.08875036239624, 3.3284497261047363, 8.392582893371582, 2.8924694061279297, 4.656464576721191, 4.927270889282227, 3.625864267349243, 3.732512950897217, 4.900333404541016, 4.156009197235107, 2.870455265045166, 4.581967353820801, 4.631239414215088, 3.4445583820343018, 3.332749843597412, 4.473581314086914, 8.135064125061035, 6.42808723449707, 4.0388946533203125, 4.809115886688232, 5.586528301239014, 7.123589038848877, 4.398004531860352, 3.9522647857666016, 5.1416168212890625, 11.887084007263184, 3.516491413116455, 4.217862129211426, 4.05983829498291, 7.9322943687438965, 4.682049751281738, 5.028566837310791, 7.970291614532471, 4.280101776123047, 4.137557029724121, 6.1154890060424805, 6.232100009918213, 4.123605728149414, 5.830816268920898, 6.763174533843994, 5.962274074554443, 4.18886661529541, 7.554870128631592, 7.034543037414551, 3.347137212753296, 5.171814441680908, 6.428310871124268, 3.7007346153259277, 4.35053014755249, 8.160482406616211, 6.386349201202393, 5.349202632904053, 4.593482494354248, 4.140554428100586, 4.163588047027588, 4.351073741912842, 3.9388036727905273, 7.2749176025390625, 5.295635223388672, 8.010815620422363, 3.7463457584381104, 5.354925632476807, 6.243993282318115, 4.434947490692139, 4.746426105499268, 7.5411810874938965, 3.931708335876465, 9.483917236328125, 3.815180540084839, 4.104825019836426, 4.329496383666992, 3.703307867050171, 6.824891090393066, 3.5033984184265137, 5.6546196937561035, 5.485111713409424, 4.859162330627441, 3.724996328353882, 5.347691535949707, 6.5010809898376465, 4.903806209564209, 4.061686992645264, 4.8773040771484375, 4.733578681945801, 3.7987349033355713, 4.101438522338867, 3.822810411453247, 4.577882766723633, 6.036867618560791, 6.103277683258057, 5.188661575317383, 4.510695457458496, 3.5743982791900635, 5.510248184204102, 3.7781260013580322, 7.892873764038086, 5.73292875289917, 7.345745086669922, 4.33980131149292, 3.8024933338165283, 4.811608791351318, 6.369759559631348, 3.9993276596069336, 3.796574354171753, 4.563619136810303, 5.217015743255615, 4.16105842590332, 4.64039421081543, 3.897820234298706, 4.554145336151123, 4.871949195861816, 6.533349514007568, 4.38075065612793, 5.547729015350342, 7.6317853927612305, 5.570187091827393, 4.271090030670166, 8.169986724853516, 3.395165205001831, 4.788594722747803, 4.809540748596191, 4.687737464904785, 10.014801979064941, 4.4605817794799805, 6.611224174499512, 10.449458122253418, 2.7429888248443604, 5.263680458068848, 6.709370136260986, 8.07145881652832, 4.9160380363464355, 4.124002456665039, 7.224887847900391, 4.2462005615234375, 4.219735145568848, 3.4511945247650146, 6.687160968780518, 4.1131486892700195, 3.2155232429504395, 2.9984726905822754, 5.152618885040283, 4.790746688842773, 6.352913856506348, 4.6355133056640625, 4.071208953857422, 5.671202182769775, 6.219196796417236, 3.7767069339752197, 4.64212703704834, 9.46399974822998, 4.006402969360352, 5.6406965255737305, 7.360898494720459, 5.793725490570068, 4.560572624206543, 5.546293258666992, 3.9611480236053467, 3.9300601482391357, 5.240981578826904, 3.3599753379821777, 4.629277229309082, 4.060196399688721, 4.154648780822754, 3.228746175765991, 3.888676643371582, 3.2687339782714844, 4.638904571533203, 4.671618461608887, 3.955697536468506, 8.395438194274902, 5.150007724761963, 4.464381694793701, 4.044338226318359, 5.53619909286499, 2.983168363571167, 3.54229474067688, 5.0254292488098145, 6.51210880279541, 4.394092559814453, 5.73836088180542, 3.7675282955169678, 4.412960529327393, 4.344927787780762, 5.347661018371582, 4.274105072021484, 4.191978454589844, 4.1980767250061035, 4.507213115692139, 3.4983553886413574, 5.240496635437012, 5.08701229095459, 4.192150592803955, 3.7122576236724854, 9.033835411071777, 7.751067161560059, 9.510767936706543, 3.866835355758667, 6.171607971191406, 5.350236892700195, 4.59783935546875, 5.16110897064209, 5.347568511962891, 3.3275487422943115, 5.290855884552002, 5.21915864944458, 3.887314796447754, 2.605868101119995, 3.9833827018737793, 3.2957377433776855, 4.145710468292236, 4.449765205383301, 5.391330242156982, 3.7076492309570312, 3.829061269760132, 9.505681037902832, 3.9563426971435547, 6.8064188957214355, 7.327704429626465, 4.878576755523682, 7.086221694946289, 3.5676443576812744, 4.795177459716797, 3.5631556510925293, 3.538611650466919, 5.107781887054443, 4.994369029998779, 4.624650001525879, 4.144942760467529, 8.30460262298584, 4.549419403076172, 5.1553263664245605, 4.606318473815918, 5.4166460037231445, 8.371529579162598, 6.112405776977539, 4.395750999450684, 4.002875328063965, 3.6697096824645996, 4.980058193206787, 5.155967712402344, 4.280574798583984, 5.125341415405273, 3.780167818069458, 5.465138912200928, 3.831655502319336, 4.050138473510742, 5.080039978027344, 5.272411823272705, 5.361404895782471, 3.497131824493408, 4.444009304046631, 5.4655375480651855, 5.362638473510742, 4.56137752532959, 4.669139862060547, 4.050922870635986, 10.599689483642578, 4.686359405517578, 4.561884880065918, 4.0768537521362305, 3.5656797885894775, 4.779264450073242, 5.253271102905273, 3.7881243228912354, 4.832730293273926, 5.263949394226074, 5.15605354309082, 9.250478744506836, 6.067916393280029, 3.888270378112793, 4.42186164855957, 7.993659973144531, 5.361554145812988, 5.675501823425293, 3.2604541778564453, 5.768179416656494, 4.531972885131836, 3.7705962657928467, 7.300490379333496, 5.667277812957764, 4.18102502822876, 6.679126739501953, 5.155985355377197, 9.252044677734375, 4.394373893737793, 5.206650257110596, 3.698930025100708, 6.055346488952637, 4.341342449188232, 2.7912681102752686, 4.763263702392578, 5.012988567352295, 4.159443378448486, 4.834084510803223, 3.4668421745300293, 7.305997848510742, 6.864056587219238, 9.642382621765137, 3.441002368927002, 4.362793922424316, 5.942538738250732, 5.872343063354492, 3.0350794792175293, 4.5514373779296875, 4.619211673736572, 4.46345853805542, 3.4901182651519775, 4.510979652404785, 7.621098041534424, 4.722039699554443, 3.719451665878296, 4.133209228515625, 7.435951232910156, 4.574190616607666, 6.374125003814697, 3.7580628395080566, 3.1547889709472656, 3.865809440612793, 8.35075855255127, 4.184316158294678, 9.389863967895508, 4.166208267211914, 6.598689556121826, 4.1547441482543945, 5.011824131011963, 2.7416574954986572, 5.069784164428711, 3.3889577388763428, 7.217678546905518, 4.059293746948242, 4.1914520263671875, 5.04500675201416, 8.103196144104004, 5.420238018035889, 5.455014705657959, 4.389933109283447, 8.907968521118164, 6.814947605133057, 5.581033706665039, 4.839975833892822, 4.41916036605835, 6.135322570800781, 4.262354373931885, 4.299346446990967, 4.290351867675781, 3.550366163253784, 5.127880573272705, 8.743767738342285, 4.844250202178955, 2.6326968669891357, 5.157108306884766, 3.248746156692505, 4.014585018157959, 2.43241286277771, 3.7429749965667725, 4.374967098236084, 4.393752098083496, 5.25753927230835, 6.025422096252441, 4.362959861755371, 6.903506278991699, 7.007640838623047, 5.6715922355651855, 4.991790771484375, 9.911233901977539, 4.749398231506348, 4.644142150878906, 3.805209159851074, 3.5112476348876953, 4.432244300842285, 5.570934295654297, 5.289671897888184, 4.245485305786133, 5.001723766326904, 4.757942199707031, 6.5443925857543945, 5.102660655975342, 3.341869354248047, 3.0299673080444336, 4.0750017166137695, 4.636615753173828, 5.502765655517578, 4.088709354400635, 3.544724225997925, 10.531352043151855, 4.592088222503662, 6.434472560882568, 8.561619758605957, 3.156431198120117, 3.8206496238708496, 8.200923919677734, 4.640018463134766, 3.84079647064209, 2.805952548980713, 5.913520812988281, 5.369977951049805, 5.0376386642456055, 4.292281150817871, 10.274707794189453, 10.619916915893555, 4.523531913757324, 9.603360176086426, 4.777900695800781, 3.8801143169403076, 4.889869689941406, 3.461294651031494, 4.651102542877197, 8.290353775024414, 9.689801216125488, 4.619899749755859, 5.44674825668335, 10.37403678894043, 9.958463668823242, 4.2604522705078125, 1.7140222787857056, 5.959636211395264, 2.720773458480835, 4.842934608459473, 4.519829750061035, 6.936971664428711, 5.82570219039917, 3.4782845973968506, 4.474663734436035, 5.115901947021484, 3.6624913215637207, 4.001835823059082, 9.759004592895508, 4.261425495147705, 4.851305961608887, 3.3416988849639893, 4.606159687042236, 4.55858850479126, 8.45972728729248, 6.630456924438477, 8.090187072753906, 4.305933952331543, 3.635450601577759, 4.484199047088623, 3.201528310775757, 6.510142803192139, 9.305996894836426, 4.57726526260376, 4.844175815582275, 6.287720203399658, 4.02644157409668, 3.659043788909912, 8.083359718322754, 6.884768962860107, 4.754860877990723, 7.743785381317139, 5.404439449310303, 5.333520412445068, 6.376273155212402, 3.0137441158294678, 4.343836307525635, 4.659645080566406, 9.253430366516113, 5.62002420425415, 3.9995431900024414, 3.6438634395599365, 3.445561408996582, 3.8331358432769775, 4.358945846557617, 3.9467780590057373, 5.399384498596191, 6.073420524597168, 3.136970281600952, 5.468825817108154, 3.984273672103882, 5.297227382659912, 7.66512393951416, 9.521424293518066, 3.3316657543182373, 3.505105972290039, 6.3112688064575195, 4.567625045776367, 4.442132472991943, 4.7150373458862305, 9.73354434967041, 4.655964374542236, 4.566872596740723, 5.613767623901367, 3.9924747943878174, 6.924811363220215, 4.206206798553467, 4.940340042114258, 5.455231189727783, 4.2873969078063965, 4.102129936218262, 4.346526145935059, 3.575223684310913, 6.235139846801758, 8.443818092346191, 5.600986957550049, 4.1768717765808105, 3.6515274047851562, 4.257432460784912, 4.659294128417969, 5.376350402832031, 3.2957160472869873, 3.6681833267211914, 6.302452087402344, 4.680901527404785, 5.5668206214904785, 4.7132344245910645, 4.096782207489014, 3.646617889404297, 4.875300407409668, 4.0547919273376465, 5.343000411987305, 6.839648723602295, 3.7133536338806152, 4.119380950927734, 5.9606242179870605, 5.186351776123047, 2.2116546630859375, 7.5009589195251465, 5.898552417755127, 6.369799613952637, 2.922724485397339, 5.252084732055664, 4.359605312347412, 4.700129508972168, 10.456653594970703, 4.350008487701416, 5.796205997467041, 8.756940841674805, 2.859596014022827, 5.29391622543335, 3.280595302581787, 4.535965442657471, 4.560522079467773, 6.266533851623535, 6.956289291381836, 3.828423023223877, 8.471647262573242, 9.380366325378418, 4.132816791534424, 3.956592321395874, 4.366546154022217, 4.198896408081055, 8.808391571044922, 3.969367742538452, 3.976971387863159, 8.328068733215332, 4.999539375305176, 4.192366600036621, 9.465729713439941, 4.236959934234619, 4.999063014984131, 3.62648606300354, 5.106977462768555, 5.426549911499023, 7.406162738800049, 4.778457164764404, 4.669042587280273, 5.979753494262695, 3.948733329772949, 5.732145309448242, 5.960453510284424, 6.436014175415039, 4.140748500823975, 5.33523416519165, 3.9973700046539307, 4.521825313568115, 3.536691665649414, 5.665221691131592, 4.357509136199951, 3.9595274925231934, 9.727198600769043, 4.171947956085205, 4.019995212554932, 10.075671195983887, 4.509976863861084, 5.495028495788574, 7.3431620597839355, 5.457283973693848, 5.48725700378418, 2.4007532596588135, 12.253874778747559, 7.291660785675049, 4.0200395584106445, 4.597199440002441, 3.9579179286956787, 6.810113430023193, 2.978814125061035, 4.308046817779541, 6.212592601776123, 4.5430684089660645, 4.110354423522949, 4.635073184967041, 5.765507698059082, 4.753573417663574, 8.482125282287598, 3.2614073753356934, 4.698160648345947, 4.258352756500244, 8.451290130615234, 3.7774200439453125, 2.2372820377349854, 6.595908164978027, 3.4315054416656494, 5.4450507164001465, 4.356729030609131, 4.26658296585083, 4.4261794090271, 3.3538546562194824, 4.243116855621338, 5.051487922668457, 5.720766544342041, 7.283536911010742, 4.960504531860352, 4.727693557739258, 4.47072696685791, 6.277279376983643, 4.982391834259033, 10.156813621520996, 4.379059791564941, 4.398922920227051, 3.2975363731384277, 3.057196617126465, 4.42871618270874, 5.739316940307617, 6.07675838470459, 4.903532028198242, 9.136927604675293, 4.069159030914307, 3.634934663772583, 5.471568584442139, 4.264387130737305, 4.102248191833496, 4.460689544677734, 4.713948726654053, 5.295967102050781, 5.246794700622559, 3.748033046722412, 5.809798240661621, 6.029229640960693, 5.388141632080078, 3.794661045074463, 4.940232753753662, 4.8639373779296875, 4.763272762298584, 4.999027729034424, 5.370391845703125, 3.128772497177124, 8.347212791442871, 6.539670467376709, 3.1235744953155518, 3.923783779144287, 4.622117042541504, 3.527881383895874, 3.4800240993499756, 4.508910179138184, 5.228433132171631, 4.850428581237793, 3.3747029304504395, 3.558788299560547, 5.878584861755371, 5.4959540367126465, 4.827515125274658, 5.017195701599121, 4.044567108154297, 3.391526460647583, 5.565378665924072, 6.0446577072143555, 6.379034042358398, 5.4277215003967285, 2.092221975326538, 3.9175655841827393, 4.706121444702148, 5.33135461807251, 4.530101776123047, 3.082947015762329, 4.391329765319824, 5.785717010498047, 4.069502830505371, 4.569886207580566, 3.8539514541625977, 3.121276617050171, 4.432283401489258, 3.7694332599639893, 3.267902135848999, 5.411706924438477, 5.020646095275879, 5.626987934112549, 6.667553424835205, 5.9491963386535645, 3.953338861465454, 4.674384117126465, 3.4602651596069336, 9.037802696228027, 9.389131546020508, 7.71829080581665, 5.589400291442871, 3.9450230598449707, 3.952324390411377, 3.6627893447875977, 2.1844449043273926, 4.965209007263184, 4.784503936767578, 5.083683967590332, 6.1963090896606445, 4.294112682342529, 5.3377604484558105, 3.6636033058166504, 3.946601390838623, 3.9067487716674805, 5.401841640472412, 4.617208003997803, 4.616692543029785, 4.304878234863281, 6.863245487213135, 5.294764041900635, 4.171416282653809, 4.139941692352295, 4.376502513885498, 6.72971248626709, 7.26116943359375, 4.726847171783447, 4.142087459564209, 4.72191047668457, 3.612062931060791, 4.799449443817139, 8.153844833374023, 3.651364326477051, 6.255470275878906, 4.181318759918213, 4.634063243865967, 5.217358112335205, 6.591204643249512, 3.820178270339966, 5.727200508117676, 6.535955429077148, 9.252819061279297, 4.855489730834961, 6.704963207244873, 3.878413677215576, 3.993572235107422, 5.360828399658203, 3.628992795944214, 4.476745128631592, 2.6645095348358154, 3.93658709526062, 3.639509677886963, 8.29140853881836, 3.797504186630249, 5.30337381362915, 3.958094835281372, 4.037539958953857, 4.308339595794678, 9.899317741394043, 4.206977367401123, 5.896833419799805, 4.4659810066223145, 5.607084274291992, 4.595941066741943, 4.7539777755737305, 4.110905170440674, 3.735347270965576, 3.742048501968384, 10.109457969665527, 3.993508815765381, 5.281003952026367, 2.9841926097869873, 6.106997013092041, 7.770229816436768, 4.424732685089111, 5.362081527709961, 5.729708671569824, 3.256402015686035, 5.272402763366699, 4.819774627685547, 3.3375771045684814, 4.642221927642822, 7.651887893676758, 4.579906940460205, 5.276650428771973, 3.1454851627349854, 4.951737403869629, 5.055123805999756, 5.7178544998168945, 5.667902946472168, 6.022449016571045, 5.511416912078857, 5.246330261230469, 3.6735901832580566, 3.743339776992798, 5.293475151062012, 4.792220115661621, 4.103754043579102, 4.548738479614258, 5.701355457305908, 4.498939037322998, 3.63670015335083, 4.918320178985596, 6.050238609313965, 4.147263526916504, 5.627498626708984, 4.9676513671875, 6.455150127410889, 5.672231674194336, 2.410045623779297, 3.2424585819244385, 10.414396286010742, 5.497109889984131, 8.092142105102539, 5.726341724395752, 6.437671661376953, 5.727709770202637, 3.7114007472991943, 5.662363529205322, 6.8195037841796875, 3.477260112762451, 4.379931926727295, 3.4938108921051025, 5.938905715942383, 7.110363483428955, 3.311934471130371, 3.6457555294036865, 3.075592279434204, 4.908446311950684, 5.955076694488525, 4.02972412109375, 4.339322090148926, 5.032472133636475, 3.031507730484009, 4.922244548797607, 3.464324951171875, 3.9911844730377197, 3.390916109085083, 5.377166748046875, 4.374960899353027, 3.849452495574951, 4.011192798614502, 7.119631767272949, 5.744473457336426, 4.949626445770264, 9.277260780334473, 4.037069320678711, 3.812499523162842, 4.649892330169678, 5.8435845375061035, 6.386996269226074, 8.323904037475586, 4.0544233322143555, 7.75319242477417, 3.92439603805542, 4.006407260894775, 5.712127208709717, 4.160642623901367, 3.925302743911743, 3.3196487426757812, 3.135812759399414, 7.469412803649902, 4.4524335861206055, 9.493875503540039, 10.003426551818848, 9.190485000610352, 3.9394071102142334, 3.9940717220306396, 4.105751037597656, 10.035164833068848, 4.719101905822754, 5.0767717361450195, 5.169583797454834, 7.957910537719727, 4.296615123748779, 3.7226436138153076, 4.862221717834473, 3.21933913230896, 4.542416095733643, 4.744632244110107, 3.8149735927581787, 4.873938083648682, 8.637906074523926, 8.620588302612305, 4.017879486083984, 4.113691329956055, 4.811646938323975, 5.6727519035339355, 5.331240653991699, 4.714732646942139, 3.5606038570404053, 6.221456050872803, 4.2436203956604, 4.323869228363037, 5.601975440979004, 5.126398086547852, 4.11122989654541, 8.422913551330566, 8.48593807220459, 6.566110610961914, 3.572117567062378, 7.287912845611572, 7.0910186767578125, 4.288266658782959, 5.39535665512085, 5.76126766204834, 4.543704509735107, 3.947117328643799, 4.099156856536865, 3.8262224197387695, 4.2848615646362305, 2.4086055755615234, 3.768507719039917, 9.735658645629883, 5.497427463531494, 5.606359958648682, 4.761167526245117, 5.6293816566467285, 5.06705379486084, 2.8830180168151855, 3.8026528358459473, 4.844793796539307, 3.3753671646118164, 4.707563877105713, 5.19130802154541, 4.0043487548828125, 4.662746906280518, 4.568070888519287, 4.422527313232422, 10.213249206542969, 6.21397590637207, 4.000558376312256, 5.0270304679870605, 5.567282199859619, 5.2781853675842285, 8.68588638305664, 7.271667957305908, 3.0197160243988037, 3.5347418785095215, 2.942136526107788, 5.692834854125977, 4.334323883056641, 3.6029510498046875, 3.796118974685669, 5.325632095336914, 4.155540466308594, 3.2653350830078125, 5.699286937713623, 7.445470333099365, 5.191952705383301, 6.0781965255737305, 3.464806318283081, 4.363828659057617, 4.03259801864624, 5.506392002105713, 3.7324695587158203, 4.830395221710205, 4.506280899047852, 7.372716903686523, 8.999042510986328, 4.582174777984619, 7.180270671844482, 2.885816812515259, 3.7257280349731445, 4.386316776275635, 5.361973285675049, 3.7840616703033447, 5.894726276397705, 8.099421501159668, 5.117863178253174, 3.416346788406372, 3.732670545578003, 7.373693943023682, 4.670675754547119, 4.638882160186768, 4.082664489746094, 4.839617729187012, 5.339047431945801, 8.104253768920898, 4.291622638702393, 5.468540191650391, 4.5457634925842285, 5.05361270904541, 6.6299214363098145, 4.837058067321777, 4.655779838562012, 4.345282077789307, 4.048515796661377, 4.239110946655273, 4.768963813781738, 4.29398250579834, 9.335620880126953, 9.969865798950195, 5.304068565368652, 7.356617450714111, 5.297691822052002, 10.244071006774902, 5.029333114624023, 3.4735336303710938, 10.844082832336426, 6.974321365356445, 5.4748616218566895, 3.053454637527466, 6.0637946128845215, 3.61812424659729, 4.5230326652526855, 5.99293327331543, 3.785759210586548, 3.946521759033203, 5.308318614959717, 7.7774248123168945, 3.892622709274292, 4.409937381744385, 6.268711090087891, 5.759583950042725, 3.955310344696045, 10.45377254486084, 3.547389268875122, 4.785452365875244, 4.501654148101807, 3.745760440826416, 3.316821813583374, 5.170583248138428, 3.9985523223876953, 3.5183324813842773, 5.891825199127197, 4.4751362800598145, 5.314456462860107, 5.13380241394043, 5.4563798904418945, 9.440777778625488, 8.898959159851074, 3.69102144241333, 4.082458019256592, 4.474761962890625, 4.280630111694336, 9.698885917663574, 4.608330249786377, 3.735156297683716, 5.527862071990967, 5.242999076843262, 3.947862148284912, 7.422111511230469, 9.763237953186035, 3.7708547115325928, 4.861245155334473, 5.636685371398926, 7.8106369972229, 4.992489337921143, 7.825991153717041, 10.826889991760254, 4.595632553100586, 5.66156530380249, 6.800875663757324, 7.336316108703613, 5.610013008117676, 4.746559143066406, 4.552602767944336, 4.343286514282227, 2.9400992393493652, 4.342491149902344, 4.779597759246826, 4.451659202575684, 8.43014907836914, 3.9102513790130615, 5.820916652679443, 3.6315126419067383, 5.809044361114502, 5.31401252746582, 4.331081867218018, 4.097262859344482, 4.776918411254883, 7.343543529510498, 4.875945568084717, 5.029330253601074, 4.377250671386719, 4.154794216156006, 3.835848331451416, 4.992959976196289, 6.02504301071167, 4.830378532409668, 8.719674110412598, 3.484365940093994, 3.029252052307129, 4.445370674133301, 3.5229485034942627, 3.6851091384887695, 5.645443439483643, 4.087174415588379, 5.514135360717773, 4.304910659790039, 3.583319664001465, 7.618323802947998, 4.962921619415283, 3.7182934284210205, 5.161121368408203, 4.74395751953125, 9.683260917663574, 6.490926742553711, 6.339492321014404, 4.954533576965332, 3.5171825885772705, 6.2243123054504395, 2.9204916954040527, 4.5309014320373535, 4.105686187744141, 2.49338698387146, 4.598568916320801, 5.610419750213623, 4.298253536224365, 3.3781368732452393, 6.125406742095947, 6.673487663269043, 7.525978088378906, 5.048324108123779, 2.8528475761413574, 5.414997100830078, 6.46769905090332, 6.282190799713135, 6.078311920166016, 8.770722389221191, 6.7305192947387695, 3.5451395511627197, 9.505058288574219, 4.644035339355469, 5.716630935668945, 5.172125339508057, 6.167612552642822, 8.195770263671875, 2.9253311157226562, 4.262409687042236, 5.680306911468506, 5.008556842803955, 4.092530250549316, 8.40352725982666, 4.147457122802734, 3.9176225662231445, 6.460146427154541, 5.870969772338867, 5.179417610168457, 4.307915687561035, 6.044976711273193, 6.175914287567139, 4.720684051513672, 4.554581165313721, 3.961880922317505, 3.2607622146606445, 3.277235269546509, 3.79300594329834, 4.135499477386475, 4.8106584548950195, 4.308008670806885, 4.63423490524292, 4.468466758728027, 6.387191295623779, 4.123775482177734, 5.3184614181518555, 4.145518779754639, 4.007220268249512, 7.4782609939575195, 8.841461181640625, 5.856454849243164, 4.397188663482666, 4.233753204345703, 4.196536540985107, 9.05499267578125, 5.572107791900635, 3.5060760974884033, 4.822418212890625, 5.959347248077393, 10.472635269165039, 5.756152629852295, 7.24990177154541, 2.4487063884735107, 4.703858375549316, 3.3308165073394775, 4.73440408706665, 6.835875511169434, 3.865147829055786, 5.179628372192383, 4.2552809715271, 3.7516298294067383, 6.2058916091918945, 3.1494126319885254, 5.600951671600342, 7.993882179260254, 3.3372914791107178, 4.675920486450195, 5.137962341308594, 6.972692012786865, 9.200309753417969, 3.8327269554138184, 3.7906088829040527, 4.036484241485596, 4.00689697265625, 3.7632863521575928, 3.9867286682128906, 4.4738006591796875, 3.832336187362671, 3.934485673904419, 4.207831382751465, 3.944983720779419, 4.631110191345215, 4.3026838302612305, 5.742204666137695, 4.602898120880127, 8.283008575439453, 5.399179935455322, 3.6921849250793457, 3.9854917526245117, 4.46096134185791, 3.976750612258911, 5.780585289001465, 5.9531168937683105, 6.479950904846191, 5.178779125213623, 3.801762819290161, 6.360812187194824, 8.543403625488281, 6.863999366760254, 5.443752288818359, 4.493134498596191, 5.464069366455078, 4.8346452713012695, 7.81605339050293, 4.412619590759277, 7.2436113357543945, 4.128334045410156, 4.161828994750977, 5.776568412780762, 5.610742092132568, 4.745359420776367, 3.4055490493774414, 4.942239761352539, 5.461413860321045, 4.062315940856934, 3.295520305633545, 3.9870567321777344, 7.876589298248291, 4.63955545425415, 4.245844841003418, 3.6937804222106934, 5.02809476852417, 4.368078708648682, 4.217491626739502, 3.7224950790405273, 4.796670436859131, 6.410334587097168, 5.537128925323486, 4.65268611907959, 5.268872261047363, 5.859537601470947, 9.260945320129395, 7.315139293670654, 4.733919143676758, 4.640695571899414, 2.7239882946014404, 4.4825310707092285, 4.808861255645752, 5.5645270347595215, 4.484231948852539, 8.451437950134277, 4.03691291809082, 6.006655693054199, 3.9602701663970947, 4.307215213775635, 3.8121235370635986, 4.543405055999756, 4.780125141143799, 4.9565253257751465, 5.460454940795898, 6.2507123947143555, 4.713862895965576, 5.490366458892822, 7.623106002807617, 4.676138401031494, 3.9938690662384033, 6.771273612976074, 4.294869422912598, 5.447531700134277, 4.567913055419922, 5.871187210083008, 3.791163682937622, 4.783209323883057, 4.782365798950195, 5.882144451141357, 4.9604997634887695, 4.760861873626709, 4.422359943389893, 7.322235584259033, 5.777111530303955, 3.17321515083313, 3.6333811283111572, 5.016448497772217, 5.099939823150635, 3.583350419998169, 4.1709418296813965, 4.729406833648682, 4.407978534698486, 4.246840000152588, 4.860291004180908, 7.497727870941162, 3.840466022491455, 5.667905330657959, 5.933454990386963, 5.735961437225342, 5.2122883796691895, 4.987627983093262, 5.532235145568848, 7.930792808532715, 4.298176288604736, 4.696254253387451, 4.8645453453063965, 5.222104549407959, 7.708559513092041, 6.086122512817383, 3.8712263107299805, 3.3289716243743896, 5.033176898956299, 6.477659225463867, 9.531800270080566, 4.063607215881348, 5.068546772003174, 9.887558937072754, 6.122324466705322, 4.837852954864502, 5.862160682678223, 8.601945877075195, 2.8296899795532227, 4.404885292053223, 4.713781356811523, 5.228458404541016, 5.3619256019592285, 4.71259880065918, 4.507218837738037, 8.515538215637207, 8.470343589782715, 3.3838157653808594, 5.495461940765381, 2.9520750045776367, 11.903732299804688, 3.4551353454589844, 5.7519354820251465, 6.411515712738037, 4.789657115936279, 3.46462345123291, 3.586803913116455, 3.006629228591919, 5.79338264465332, 3.027700901031494, 3.7768118381500244, 6.098796367645264, 4.521305084228516, 3.9051926136016846, 5.33519983291626, 3.111344814300537, 6.2670416831970215, 4.6306233406066895, 3.929783344268799, 4.543212413787842, 6.124516487121582, 5.652939796447754, 3.7922279834747314, 4.502998352050781, 8.308774948120117, 4.994732856750488, 5.316734790802002, 7.318020343780518, 4.544824123382568, 6.4154205322265625, 4.656431674957275, 8.301141738891602, 3.3794233798980713, 5.834962368011475, 4.055978298187256, 3.787566900253296, 5.732497215270996, 5.6214494705200195, 4.240336894989014, 8.638835906982422, 6.829894542694092, 5.272609233856201, 5.540333271026611, 5.314150333404541, 3.901914358139038, 10.432096481323242, 3.6414828300476074, 4.014945983886719, 9.109130859375, 4.218815803527832, 3.3873164653778076, 4.1393632888793945, 5.542618274688721, 3.7005341053009033, 3.4715230464935303, 4.3417649269104, 3.723849296569824, 4.55926513671875, 4.9121294021606445, 9.284160614013672, 3.7065083980560303, 9.184270858764648, 5.764191627502441, 4.441786766052246, 5.598252296447754, 3.1267991065979004, 4.661881446838379, 1.8936301469802856, 4.56269645690918, 3.8624913692474365, 2.518015146255493, 6.593495845794678, 6.776431083679199, 3.413546323776245, 4.5330810546875, 3.237696886062622, 3.9687018394470215, 3.6702919006347656, 4.394140720367432, 4.615151882171631, 3.63828706741333, 5.990170478820801, 4.398070812225342, 5.467037677764893, 6.373958110809326, 6.423514366149902, 6.558343410491943, 4.103903293609619, 4.6149115562438965, 9.714568138122559, 4.60233736038208, 9.08823013305664, 8.164985656738281, 5.336536884307861, 3.903779983520508, 5.17208194732666, 4.254826068878174, 7.671508312225342, 9.182953834533691, 7.344505786895752, 4.0469069480896, 3.958451986312866, 4.550015449523926, 4.050295352935791, 4.778217792510986, 8.931849479675293, 3.8255183696746826, 4.0422773361206055, 5.3128156661987305, 5.522315502166748, 3.08066987991333, 4.357307434082031, 4.042935848236084, 4.050758361816406, 6.300397872924805, 4.255008220672607, 4.5184245109558105, 4.573983192443848, 8.946772575378418, 4.786308288574219, 6.149499416351318, 4.4835357666015625, 5.899425983428955, 4.489389419555664, 6.185545444488525, 5.858466625213623, 4.9661946296691895, 3.9810023307800293, 4.25927209854126, 3.8971471786499023, 4.7778096199035645, 8.404619216918945, 7.945652484893799, 3.752417802810669, 5.622865200042725, 3.5296387672424316, 3.4172534942626953, 4.842347621917725, 3.525806427001953, 2.8674566745758057, 6.250453948974609, 4.805849075317383, 4.644926071166992, 3.654024600982666, 4.697559833526611, 3.118497133255005, 4.570021629333496, 5.3370819091796875, 4.912956237792969, 5.762035369873047, 3.1633362770080566, 5.907079219818115, 6.328078269958496, 3.300359010696411, 5.489988803863525, 5.089715480804443, 5.364516735076904, 4.300159454345703, 4.700921058654785, 4.528608322143555, 5.050946235656738, 3.008652448654175, 9.392081260681152, 5.851006031036377, 3.512712001800537, 8.542825698852539, 4.427757263183594, 7.79385232925415, 3.7112278938293457, 4.59531831741333, 4.539879322052002, 4.059335708618164, 6.008087635040283, 4.98047399520874, 9.012042999267578, 5.03740930557251, 5.014136791229248, 5.53397274017334, 6.036124229431152, 2.8067734241485596, 5.080122470855713, 7.960893630981445, 5.353062152862549, 4.12620735168457, 3.9275081157684326, 4.951198577880859, 4.430827617645264, 6.704516410827637, 3.9704651832580566, 4.436946868896484, 4.286081314086914, 4.7832865715026855, 10.634974479675293, 8.210054397583008, 4.2226948738098145, 7.721400260925293, 4.0359344482421875, 6.009305000305176, 4.27268648147583, 3.5529937744140625, 5.472622394561768, 6.731184482574463, 6.162099361419678, 5.449562072753906, 5.068975925445557, 6.00428581237793, 5.593060493469238, 7.329868316650391, 4.820328235626221, 6.877383232116699, 5.229569911956787, 4.913430213928223, 4.339006423950195, 5.756723880767822, 7.233139991760254, 3.8017663955688477, 8.030945777893066, 4.890676498413086, 4.246252536773682, 5.104262828826904, 5.524365425109863, 3.952836036682129, 4.773001670837402, 4.412322044372559, 3.5012762546539307, 3.1236977577209473, 3.754685878753662, 6.95701265335083, 5.689020156860352, 3.593892812728882, 5.7579874992370605, 4.581739902496338, 4.436289310455322, 3.879671812057495, 4.020541191101074, 4.248568058013916, 6.4169440269470215, 5.35308837890625, 5.913764476776123, 6.723917007446289, 3.7178657054901123, 6.306657791137695, 4.913527011871338, 4.495978355407715, 4.944516181945801, 3.863744020462036, 6.483216762542725, 4.2486724853515625, 4.50161075592041, 7.850090980529785, 7.696496963500977, 5.310999393463135, 6.009865760803223, 8.502432823181152, 4.069873332977295, 5.970437526702881, 5.116061687469482, 4.451154708862305, 10.307011604309082, 5.0497331619262695, 4.479341983795166, 4.440883159637451, 5.163319110870361, 8.471053123474121, 4.286454200744629, 5.583994388580322, 2.799039840698242, 3.0279133319854736, 7.706317901611328, 5.481407165527344, 3.6395158767700195, 6.294216632843018, 5.28078031539917, 8.896224975585938, 5.116018295288086, 9.762042045593262, 3.832040786743164, 6.035566329956055, 3.1824915409088135, 3.6620032787323, 4.9419779777526855, 4.979791164398193, 10.524197578430176, 5.695660591125488, 3.790259599685669, 5.5201334953308105, 6.577343463897705, 9.153239250183105, 4.408820629119873, 5.373879909515381, 6.37813138961792, 6.87206506729126, 4.314035892486572, 3.5262835025787354, 4.392219066619873, 4.401214122772217, 4.816202640533447, 4.071939468383789, 4.8194966316223145, 6.807018280029297, 6.326441764831543, 9.474349021911621, 4.032267093658447, 4.779904842376709, 4.461311340332031, 5.8210673332214355, 9.910923957824707, 3.615863561630249, 4.486413478851318, 3.7925753593444824, 3.80728816986084, 4.049734592437744, 6.829021453857422, 10.062119483947754, 4.502885341644287, 3.9208338260650635, 8.709383964538574, 4.272057056427002, 6.342648506164551, 4.680881023406982, 4.2940897941589355, 4.6914963722229, 4.938017845153809, 6.892907619476318, 4.0907158851623535, 6.326117038726807, 7.818439483642578, 4.839966773986816, 11.377979278564453, 5.372735023498535, 3.077653408050537, 3.1058762073516846, 1.1804618835449219, 4.869274616241455, 3.9564597606658936, 9.566201210021973, 4.8727850914001465, 4.615493297576904, 5.436602592468262, 4.8254852294921875, 8.76949405670166, 4.642906665802002, 5.076169013977051]
Cosines similarity random samples
[0.06994930654764175, 0.039210498332977295, 0.26164838671684265, 0.6132776737213135, 0.050393860787153244, -0.5055761337280273, -0.42722925543785095, 0.5816182494163513, 0.4476461112499237, -0.2799345552921295, 0.22213034331798553, -0.18444252014160156, 0.04143567383289337, 0.3879147171974182, -0.10498835146427155, 0.049703001976013184, 0.34607523679733276, 0.2879684567451477, 0.43938708305358887, 0.3141731321811676, 0.48190730810165405, 0.07879284024238586, 0.20628665387630463, 0.107378289103508, 0.5596452355384827, 0.23960915207862854, 0.1737007200717926, 0.1231759786605835, -0.2989427149295807, 0.2791155278682709, -0.11677215993404388, 0.4438580870628357, -0.029543880373239517, -0.07574030756950378, 0.2825794816017151, 0.16348442435264587, 0.3051615357398987, -0.04822932183742523, 0.28569287061691284, 0.27774932980537415, -0.16280969977378845, 0.44499656558036804, 0.4115196764469147, 0.011804252862930298, 0.26160308718681335, -0.13648326694965363, -0.46992820501327515, 0.14533588290214539, 0.03720179200172424, -0.2739982604980469, 0.3757339119911194, -0.1016775518655777, -0.32341906428337097, 0.5841302871704102, -0.38983216881752014, 0.332854688167572, 0.07765369117259979, 0.21043187379837036, 0.3401961028575897, -0.10054263472557068, 0.35000789165496826, -0.37317949533462524, -0.41882312297821045, 0.06579189747571945, 0.06843358278274536, -0.34115737676620483, -0.18006503582000732, 0.4441030025482178, -0.21174785494804382, -0.5092895030975342, -0.17821632325649261, 0.2840929925441742, 0.3124728202819824, 0.5358198881149292, 0.536131739616394, 0.4303486943244934, 0.3655424118041992, 0.1319829523563385, -0.15825209021568298, -0.2697722017765045, 0.28662678599357605, 0.5127733945846558, -0.08440135419368744, 0.5614361763000488, 0.5333453416824341, -0.4158953130245209, -0.20349234342575073, 0.49524781107902527, -0.02102968841791153, 0.390500009059906, -0.6153405904769897, 0.06628341227769852, -0.3997611701488495, 0.0791294276714325, 0.38863927125930786, 0.7178999781608582, -0.31269246339797974, 0.11369521915912628, -0.39841777086257935, -0.5763746500015259, -0.13348668813705444, 0.026638757437467575, 0.011172086000442505, -0.09221012145280838, 0.38101041316986084, 0.05158701539039612, -0.11694955080747604, -0.07888367772102356, -0.036730021238327026, -0.20547577738761902, 0.16684824228286743, 0.263172447681427, -0.04853811860084534, -0.2524585425853729, 0.4164990484714508, 0.14987365901470184, 0.6533843278884888, 0.1895708292722702, 0.021264083683490753, -0.15372158586978912, -0.5110833644866943, 0.6140159964561462, 0.33015158772468567, 0.3561539053916931, -0.4199901521205902, 0.3280860483646393, 0.3874773383140564, -0.021179214119911194, 0.37541985511779785, 0.2256217896938324, -0.5674104690551758, 0.5397404432296753, -0.17382895946502686, 0.18367986381053925, 0.08124322444200516, -0.17073258757591248, 0.5517013669013977, 0.3740048110485077, -0.21186144649982452, 0.46485635638237, -0.09851641207933426, 0.3324460983276367, 0.1834348738193512, 0.16210943460464478, 0.06406818330287933, 0.2973202168941498, 0.3697364330291748, -0.15078480541706085, 0.28124964237213135, -0.026958227157592773, 0.3356023132801056, -0.04774271696805954, -0.19428415596485138, 0.4109693169593811, 0.44227248430252075, 0.4729752540588379, -0.19149523973464966, -0.13217583298683167, 0.08535470068454742, 0.10000261664390564, -0.24999797344207764, 0.010797172784805298, 0.0371318981051445, 0.28200215101242065, -0.4501434564590454, -0.14713433384895325, -0.06702479720115662, 0.37504464387893677, -0.19308322668075562, 0.35723963379859924, 0.18351531028747559, -0.39509645104408264, 0.32338249683380127, 0.355185329914093, -0.04502981901168823, 0.6168098449707031, 0.6182141900062561, 0.4950270354747772, -0.28120267391204834, 0.33534133434295654, -0.41200515627861023, 0.37254101037979126, 0.33395400643348694, 0.5099918842315674, 0.24014323949813843, 0.45854121446609497, 0.4008713960647583, 0.3038936257362366, 0.5556464195251465, 0.528780460357666, 0.3775700032711029, -0.2888451814651489, 0.002947334200143814, -0.03112505003809929, -0.3009864091873169, -0.21344760060310364, 0.5206151604652405, -0.17249448597431183, -0.08268929272890091, 0.3023296594619751, 0.19395887851715088, 0.5673273205757141, -0.022483378648757935, -0.2289252132177353, 0.25843510031700134, 0.4968860149383545, -0.33500444889068604, 0.16587260365486145, -0.5239571332931519, 0.3854672312736511, -0.15154361724853516, 0.23697751760482788, 0.49589264392852783, -0.04429617524147034, -0.012744531035423279, -0.2824215590953827, -0.040733546018600464, 0.12917855381965637, 0.3244890868663788, 0.6774154901504517, 0.3130064010620117, 0.12652043998241425, -0.4684022068977356, 0.3893439471721649, 0.08660956472158432, -0.15777431428432465, -0.3393527865409851, -0.16896992921829224, -0.4403638541698456, -0.12969151139259338, 0.48257964849472046, -0.15874241292476654, 0.6224967241287231, -0.0071098655462265015, 0.5497733354568481, -0.5386399030685425, 0.1148751974105835, 0.6503541469573975, 0.5075370073318481, -0.5611475110054016, 0.3230324983596802, 0.3950788378715515, -0.5564630031585693, 0.24566961824893951, 0.044205039739608765, 0.24252785742282867, 0.4769971966743469, 0.0860501229763031, -0.05722367763519287, 0.1823911964893341, 0.7157120704650879, -0.3360476493835449, -0.09237748384475708, 0.15220284461975098, -0.020683124661445618, -0.3227537274360657, 0.4907715916633606, 0.07173936069011688, -0.269366979598999, 0.4308735132217407, 0.4326455593109131, 0.4757390022277832, -0.11560415476560593, 0.371233731508255, 0.5180211067199707, -0.09486540406942368, 0.4615577161312103, 0.03593434393405914, 0.6127505302429199, 0.2070852667093277, 0.3287782669067383, -0.47285178303718567, 0.681286633014679, 0.5656938552856445, 0.23839232325553894, -0.17547975480556488, 0.41776978969573975, -0.21009200811386108, 0.6304064989089966, 0.3243992328643799, -0.48470237851142883, 0.4634866714477539, 0.5941224098205566, -0.20701655745506287, 0.4170317053794861, 0.15789175033569336, 0.5308316946029663, 0.33243322372436523, 0.5597245693206787, 0.25446954369544983, 0.06277593970298767, -0.5316617488861084, 0.30140382051467896, -0.22182229161262512, -0.21299032866954803, 0.29851701855659485, 0.691847562789917, 0.2728654742240906, 0.3915179371833801, 0.3897244930267334, 0.2073022425174713, -0.06471620500087738, -0.1678408980369568, -0.10679563134908676, -0.001924753189086914, 0.36361661553382874, -0.5746257901191711, -0.5111193656921387, 0.4407169818878174, 0.46507367491722107, 0.3955986499786377, 0.030239857733249664, 0.27558454871177673, -0.36690109968185425, 0.016848847270011902, 0.3159539997577667, 0.6127813458442688, 0.5604097843170166, 0.45970234274864197, -0.16249987483024597, 0.15567803382873535, -0.1661730706691742, 0.6959657669067383, -0.21976356208324432, 0.5196486115455627, 0.4366207718849182, -0.11967894434928894, 0.38333621621131897, 0.2002684473991394, 0.6297906637191772, -0.30717867612838745, 0.1833697259426117, -0.5969240665435791, -0.4623255133628845, -0.05566377937793732, 0.20305392146110535, -0.1480877697467804, 0.12817974388599396, 0.6094128489494324, -0.030551761388778687, 0.5342499613761902, 0.40275755524635315, 0.18282583355903625, -0.1438090205192566, 0.17666612565517426, -0.2464943677186966, -0.4633159637451172, 0.13539685308933258, -0.05883842706680298, 0.6566121578216553, 0.3382105231285095, 0.3482546806335449, 0.593463659286499, 0.22745686769485474, 0.06901274621486664, 0.40228933095932007, 0.08339358866214752, 0.22096651792526245, 0.17935970425605774, 0.06601256132125854, 0.04666365683078766, 0.6794880628585815, -0.02942599356174469, 0.052349966019392014, -0.16839954257011414, 0.19925397634506226, 0.2687181830406189, 0.47279495000839233, 0.38032227754592896, 0.5878298282623291, 0.30329430103302, -0.3660869002342224, 0.36076605319976807, 0.06618697196245193, 0.24684342741966248, 0.10445649921894073, -0.1443575918674469, 0.22893813252449036, -0.44616183638572693, 0.021342158317565918, 0.1490350365638733, 0.04320463538169861, -0.5926600098609924, -0.5046271085739136, 0.44241052865982056, -0.36203905940055847, 0.3275073170661926, -0.5459418296813965, -0.02791532874107361, 0.39449822902679443, -0.5116187334060669, 0.4114425778388977, 0.4454222619533539, 0.6925022602081299, -0.4761454164981842, 0.3110008239746094, -0.014250986278057098, 0.29317885637283325, 0.6347436308860779, 0.3173190951347351, 0.24416786432266235, 0.5117466449737549, -0.2775951027870178, -0.26038363575935364, 0.25228703022003174, 0.5574967861175537, -0.07620079815387726, 0.268446147441864, 0.21674798429012299, 0.5827356576919556, -0.05505228787660599, 0.18909096717834473, 0.286721408367157, 0.0818844884634018, 0.397392213344574, 0.03149327263236046, -0.09561359882354736, 0.3918217420578003, 0.04994489252567291, 0.27995413541793823, 0.4523297846317291, -0.4595125615596771, -0.2685696482658386, 0.5979499816894531, 0.4382866322994232, 0.49899768829345703, -0.11092785745859146, 0.4394330084323883, -0.05212467163801193, -0.47454434633255005, 0.4073946475982666, -0.5038982033729553, -0.584890604019165, 0.24764005839824677, -0.49346306920051575, 0.5619348287582397, -0.5245817303657532, 0.3638632297515869, -0.05088625103235245, -0.168782040476799, 0.36828693747520447, 0.07436859607696533, 0.5948210954666138, 0.11886528134346008, 0.41604703664779663, 0.14203821122646332, -0.030041396617889404, 0.5426921248435974, 0.34361332654953003, -0.4378495216369629, 0.03152080625295639, 0.5895436406135559, 0.28745928406715393, 0.5702532529830933, -0.09943091869354248, 0.24481692910194397, 0.44185671210289, 0.3444865942001343, 0.2719578742980957, -0.154893696308136, 0.10217954218387604, -0.044791027903556824, 0.05465906858444214, -0.10073872655630112, 0.19193845987319946, 0.4295673668384552, -0.34372687339782715, 0.23705506324768066, -0.04457063972949982, -0.31342819333076477, 0.394303560256958, -0.027808114886283875, -0.3313646912574768, -0.5316386818885803, 0.08983026444911957, -0.44886863231658936, 0.24216805398464203, -0.20761951804161072, 0.31240254640579224, -0.11616810411214828, -0.11744099855422974, 0.23620109260082245, 0.5061416625976562, 0.6391651630401611, -0.47552207112312317, 0.4961663782596588, -0.37283384799957275, 0.10980347543954849, 0.05132243037223816, -0.03868870437145233, 0.5334333777427673, -0.3400133550167084, -0.2726482152938843, 0.34344345331192017, 0.029457449913024902, -0.35454291105270386, 0.27547404170036316, 0.116923987865448, 0.0020966827869415283, -0.1883782297372818, 0.01070905476808548, 0.12068138271570206, 0.42786282300949097, 0.09465190023183823, 0.07331238687038422, 0.6731151342391968, -0.48533734679222107, -0.12420091032981873, 0.6241109371185303, 0.3503362238407135, -0.39486920833587646, 0.5734281539916992, 0.5288121700286865, 0.16986799240112305, 0.26376861333847046, -0.06988327205181122, 0.0369793139398098, -0.08023315668106079, 0.299948126077652, -0.47365880012512207, 0.0424911230802536, 0.518445611000061, 0.11762361973524094, -0.30503183603286743, -0.46825188398361206, 0.684560239315033, 0.008675634860992432, -0.22010189294815063, 0.3613927960395813, -0.42293500900268555, -0.5576406717300415, -0.362013041973114, -0.08864402770996094, 0.04794470965862274, 0.2594347596168518, 0.43056851625442505, -0.4995579123497009, 0.4772721529006958, -0.3872247338294983, 0.1743699014186859, -0.515883207321167, 0.2386089265346527, -0.5063929557800293, 0.315420001745224, 0.16807346045970917, -0.5552692413330078, -0.24320104718208313, 0.1962944120168686, 0.09248369187116623, -0.09075852483510971, 0.32784533500671387, 0.22890278697013855, 0.11512107402086258, 0.6456219553947449, -0.27706414461135864, -0.3553163707256317, -0.2571483254432678, 0.296668142080307, 0.015792734920978546, 0.3264908194541931, 0.002463575452566147, 0.3901369273662567, -0.20131264626979828, -0.44792139530181885, 0.42612898349761963, 0.15398992598056793, 0.164191335439682, 0.4170338809490204, 0.1237621009349823, 0.21981991827487946, -0.3799889385700226, 0.3426816761493683, 0.4724075496196747, -0.13312861323356628, -0.4416031539440155, 0.3258965015411377, -0.49696797132492065, -0.0912485420703888, 0.4518270194530487, 0.4021722376346588, -0.08339903503656387, -0.23764176666736603, 0.5672715902328491, 0.4094047546386719, 0.5426188707351685, -0.3735070824623108, -0.20249217748641968, -0.36054566502571106, 0.4030376970767975, -0.015367209911346436, -0.07171153277158737, 0.26926127076148987, -0.5136185884475708, 0.3507917821407318, 0.36689645051956177, 0.6478397846221924, -0.6518715620040894, -0.36071041226387024, -0.24389109015464783, 0.2078583985567093, -0.27149587869644165, -0.6049470901489258, -0.24821341037750244, -0.5550631284713745, 0.6534814834594727, 0.5004175901412964, 0.1437510848045349, 0.26212573051452637, 0.27824291586875916, 0.42292773723602295, 0.04061521589756012, 0.2570517063140869, 0.1516731083393097, -0.32322701811790466, -0.3787676692008972, 0.28888139128685, 0.5591228008270264, -0.4820978343486786, -0.3605192005634308, 0.6160376071929932, 0.6279025077819824, -0.2848483622074127, -0.3091115355491638, -0.4035552740097046, -0.3405418395996094, 0.07343728840351105, 0.498495489358902, -0.3288952708244324, -0.1978052258491516, -0.4072467088699341, 0.41028207540512085, 0.31577786803245544, 0.24996335804462433, 0.2517041563987732, 0.5028395056724548, 0.09697208553552628, -0.5790389776229858, 0.15083815157413483, -0.21860426664352417, -0.3753644824028015, 0.1249256581068039, 0.17991700768470764, 0.26615509390830994, 0.6838601231575012, -0.3622240722179413, 0.49907755851745605, 0.2127687931060791, 0.5922340154647827, 0.4642988443374634, -0.20360949635505676, 0.5261852145195007, 0.14662635326385498, 0.5415894985198975, 0.36751729249954224, -0.45046037435531616, 0.5023651719093323, 0.15145188570022583, 0.35305723547935486, 0.04040214419364929, 0.410034716129303, -0.16383203864097595, 0.5355960130691528, -0.17274785041809082, -0.03927893191576004, -0.26046186685562134, 0.5578815937042236, 0.39725470542907715, 0.37923550605773926, -0.3725653886795044, -0.1271144598722458, 0.23141534626483917, 0.11178362369537354, 0.0011806488037109375, 0.5106886625289917, 0.4053176939487457, 0.3235475420951843, -0.47986772656440735, 0.014220140874385834, 0.26635539531707764, 0.4535481929779053, 0.060324810445308685, 0.05500968545675278, 0.06917187571525574, -0.3268877863883972, -0.1862720549106598, 0.41204431653022766, 0.3733614683151245, 0.22169040143489838, -0.1915961652994156, -0.5150067210197449, 0.39971694350242615, -0.5451116561889648, 0.24331997334957123, 0.1822211742401123, -0.4748536944389343, 0.5062930583953857, -0.019400356337428093, 0.5740776062011719, 0.21806395053863525, -0.50013667345047, 0.49693241715431213, 0.414247065782547, 0.671542763710022, 0.0841890275478363, -0.15824177861213684, -0.20539623498916626, 0.23460255563259125, 0.24234749376773834, 0.15163834393024445, -0.10598112642765045, 0.37401294708251953, -0.34874212741851807, 0.2354041337966919, 0.5239619612693787, -0.01711609587073326, 0.2860414981842041, 0.18499110639095306, -0.3502957820892334, -0.3522825837135315, -0.05903289094567299, -0.09424304962158203, 0.3077676296234131, -0.5296255350112915, 0.1009165570139885, 0.43775802850723267, 0.7347259521484375, -0.4552155137062073, 0.6089208722114563, -0.006196916103363037, 0.49289003014564514, 0.48165762424468994, 0.6080527901649475, 0.07218454778194427, 0.28750407695770264, 0.7024248242378235, 0.010529845952987671, 0.3076402544975281, 0.3381221890449524, 0.4244268834590912, 0.3287295699119568, -0.11907625198364258, -0.08549534529447556, 0.21631430089473724, -0.17033550143241882, -0.11096350848674774, -0.3642951250076294, 0.08689606189727783, 0.40345698595046997, 0.33122724294662476, -0.5115929841995239, 0.46193626523017883, 0.18626338243484497, 0.22347348928451538, -0.5740689635276794, 0.03948572278022766, -0.27391594648361206, -0.5113959312438965, 0.5252982378005981, 0.46309930086135864, -0.18352964520454407, -0.38042324781417847, 0.155318945646286, -0.36410441994667053, -0.03778254985809326, -0.2932831645011902, 0.02565433643758297, -0.3833431303501129, -0.21887892484664917, 0.5007370710372925, -0.18599694967269897, -0.38701683282852173, 0.2529110610485077, 0.4743956923484802, -0.49810510873794556, -0.08240428566932678, 0.11344635486602783, 0.2899128198623657, 0.48345816135406494, 0.29637113213539124, 0.09550145268440247, 0.06089876592159271, -0.224638432264328, -0.03174326568841934, -0.2199600636959076, 0.3849768042564392, -0.22679808735847473, -0.2505542039871216, 0.03996366262435913, 0.4921042323112488, 0.013444151729345322, 0.196907639503479, -0.4160148501396179, 0.2655275762081146, 0.03526163846254349, 0.23149007558822632, 0.30342212319374084, -0.39591991901397705, 0.46424731612205505, -0.4015647768974304, 0.5219702124595642, 0.06309333443641663, 0.47557196021080017, 0.1524333357810974, -0.23766577243804932, -0.34109795093536377, 0.5872607231140137, -0.3574712872505188, 0.11470930278301239, 0.6321120262145996, 0.16140401363372803, 0.14775097370147705, 0.02867680788040161, 0.06211179122328758, -0.050037071108818054, 0.20425382256507874, 0.31625455617904663, 0.5572371482849121, 0.09962873160839081, 0.19601914286613464, -0.19239823520183563, -0.13147467374801636, -0.38688433170318604, 0.11994178593158722, 0.237068772315979, 0.206984743475914, -0.2273024320602417, 0.4758548438549042, 0.24580657482147217, 0.1902708262205124, -0.0018679499626159668, 0.28473231196403503, 0.29162830114364624, 0.5420569777488708, -0.09729954600334167, -0.017120148986577988, -0.24440336227416992, 0.294485479593277, 0.003548175096511841, -0.33494579792022705, -0.08163198828697205, 0.4775232672691345, -0.2208223044872284, 0.5034629702568054, -0.2964315116405487, -0.04413282871246338, 0.09983229637145996, -0.5212324857711792, -0.014871824532747269, -0.2525016665458679, -0.522110641002655, 0.6620752215385437, -0.23481306433677673, 0.08251620829105377, -0.49066734313964844, 0.05704507231712341, 0.15541261434555054, 0.062421850860118866, 0.13969294726848602, 0.16942811012268066, 0.4455764889717102, -0.38611292839050293, 0.4100216329097748, 0.4537876844406128, 0.4957367181777954, -0.018554463982582092, 0.32714593410491943, -0.060030221939086914, 0.484893798828125, 0.31484508514404297, 0.032026492059230804, 0.07272127270698547, 0.39794862270355225, 0.5525871515274048, -0.5364092588424683, 0.1020127534866333, 0.186359703540802, -0.1413317769765854, -0.3695865869522095, 0.24591147899627686, -0.2217087745666504, 0.2006451040506363, 0.1830292046070099, 0.23682692646980286, 0.5911244750022888, 0.09912177920341492, 0.2434043288230896, 0.22268161177635193, 0.4453567564487457, 0.13296285271644592, 0.534982442855835, 0.43584394454956055, -0.06273135542869568, 0.21801164746284485, -0.45820921659469604, 0.17193086445331573, 0.3089880049228668, 0.2875675559043884, -0.48496049642562866, 0.6640611290931702, 0.2539905905723572, -0.32580384612083435, -0.5073543190956116, 0.5066982507705688, -0.0710030049085617, 0.3268522024154663, 0.5266887545585632, 0.16233542561531067, -0.3617519736289978, 0.45003148913383484, 0.4529726505279541, 0.433281809091568, 0.4265255928039551, 0.30674290657043457, 0.33303070068359375, 0.4379459023475647, -0.00966392457485199, 0.4856199026107788, -0.4918830692768097, -0.43148910999298096, -0.3836328387260437, 0.3394453823566437, -0.27366942167282104, 0.25312450528144836, 0.5427082777023315, -0.1985156238079071, -0.20145250856876373, 0.542999267578125, -0.31470435857772827, -0.01018822193145752, 0.3830924332141876, 0.6197047233581543, 0.492334246635437, 0.44976699352264404, 0.35577934980392456, -0.11706613004207611, 0.06079283356666565, 0.5981927514076233, 0.3969780206680298, -0.5175715684890747, 0.1788123995065689, -0.007501766085624695, -0.5434622764587402, -0.12917309999465942, -0.01838131621479988, 0.29314160346984863, -0.19051812589168549, 0.5275741219520569, 0.5340123176574707, 0.038027964532375336, -0.3473787307739258, 0.45611584186553955, 0.3569481372833252, -0.17028099298477173, -0.08534535765647888, -0.15870393812656403, -0.12242084741592407, 0.0848352462053299, -0.41154202818870544, -0.5422422885894775, 0.19888369739055634, 0.36561375856399536, 0.2632105052471161, 0.003937851637601852, 0.15238915383815765, 0.10749412328004837, -0.026287741959095, 0.2903650403022766, -0.0574706494808197, 0.22054600715637207, 0.2487931251525879, 0.1591828465461731, -0.29577773809432983, 0.059509970247745514, 0.38528192043304443, 0.5233319997787476, 0.030058518052101135, -0.01280263066291809, 0.33428114652633667, -0.03186361491680145, 0.22244793176651, -0.33897948265075684, 0.06737129390239716, 0.005399614572525024, 0.16812480986118317, 0.346490740776062, 0.5162835717201233, 0.05552761256694794, 0.23397332429885864, 0.36147943139076233, 0.08849402517080307, -0.1708480715751648, -0.47968655824661255, -0.0033246204257011414, 0.28788483142852783, 0.5033414363861084, -0.34641391038894653, -0.06802033632993698, -0.1613388955593109, 0.5960433483123779, 0.38403403759002686, 0.12373211979866028, 0.270016610622406, -0.42680659890174866, -0.015977222472429276, 0.2582216262817383, -0.11168485879898071, 0.2863306999206543, -0.5134776830673218, 0.29524773359298706, -0.25544145703315735, 0.5462872385978699, -0.36233600974082947, 0.32149866223335266, 0.6472460031509399, -0.25264763832092285, 0.17546263337135315, 0.17700552940368652, -0.1072549819946289, 0.6844210028648376, -0.15839534997940063, -0.13139823079109192, -0.592645525932312, 0.2960461676120758, -0.07921263575553894, -0.1306692659854889, -0.5612016320228577, 0.4692387580871582, -0.07992514967918396, -0.1695229411125183, 0.2128623127937317, 0.34305840730667114, -0.03777213394641876, -0.3935201168060303, -0.1456514298915863, 0.28603529930114746, 0.14553675055503845, -0.134330153465271, 0.42316824197769165, -0.4077000021934509, 0.2184375822544098, 0.6976074576377869, 0.1255967915058136, -0.2302834689617157, 0.34944772720336914, -0.5333836078643799, 0.2514280378818512, -0.30287617444992065, -0.00032778456807136536, 0.23126092553138733, 0.6107335090637207, -0.23098815977573395, 0.42305541038513184, -0.15665429830551147, 0.08539848029613495, 0.2837759256362915, -0.10099395364522934, -0.32658523321151733, 0.12006159126758575, 0.5332976579666138, 0.015723664313554764, -0.2639915645122528, -0.40491917729377747, -0.1638532280921936, -0.12908771634101868, -0.010291874408721924, 0.026999756693840027, -0.014173164963722229, 0.10639136284589767, 0.3467257618904114, 0.42886558175086975, 0.02104165405035019, -0.49647852778434753, -0.10857739299535751, 0.6331099271774292, -0.05488757789134979, 0.4608876705169678, 0.23827598989009857, 0.7408553957939148, 0.4922996163368225, 0.07782542705535889, -0.0728558674454689, 0.21628844738006592, 0.34549570083618164, 0.25068753957748413, -0.5373687744140625, -0.42701655626296997, -0.2765371799468994, -0.18517565727233887, -0.2649093270301819, 0.16353878378868103, 0.01158103346824646, 0.3199748992919922, 0.445058673620224, 0.16279810667037964, -0.12632589042186737, -0.002790704369544983, 0.1753624975681305, -0.23738998174667358, -0.2263239324092865, 0.1926894187927246, 0.14266294240951538, 0.3660223186016083, 0.5908499360084534, -0.028453756123781204, -0.11724492162466049, -0.054494574666023254, 0.3125777542591095, 0.5406676530838013, -0.5181496739387512, 0.04680618643760681, 0.11422015726566315, -0.47418123483657837, 0.5827977061271667, 0.1957586705684662, -0.11685089021921158, -0.028658483177423477, 0.16255001723766327, 0.5624221563339233, -0.2844927906990051, -0.22536300122737885, 0.4751035273075104, 0.0473954975605011, -0.5147939920425415, -0.4641411602497101, 0.14349384605884552, -0.22658225893974304, -0.07932113856077194, 0.3076499104499817, -0.03780284896492958, 0.45245614647865295, 0.565155029296875, -0.49377378821372986, -0.5214365720748901, 0.2781977951526642, -0.41208216547966003, -0.5914362668991089, -0.5003436207771301, 0.3033248484134674, 0.8932072520256042, -0.4095136225223541, 0.6583385467529297, -0.1627187728881836, -0.09898510575294495, -0.37884655594825745, -0.39425525069236755, 0.2754743695259094, 0.32426920533180237, -0.06861244142055511, 0.5583573579788208, 0.3841708302497864, -0.5427581667900085, 0.19625981152057648, -0.02403058111667633, 0.39546680450439453, 0.15412475168704987, 0.3528318405151367, -0.3943852186203003, -0.41880953311920166, -0.42337965965270996, -0.0026752203702926636, 0.2724929451942444, -0.015402033925056458, 0.5664047598838806, -0.37287843227386475, -0.4573878049850464, 0.27357375621795654, -0.2276153266429901, -0.5389430522918701, 0.13341549038887024, 0.5019223093986511, -0.22929728031158447, -0.44064727425575256, -0.13508856296539307, -0.5063434839248657, 0.20596453547477722, 0.2717882990837097, 0.4974800944328308, 0.47924625873565674, -0.055089935660362244, 0.011964112520217896, -0.5682598352432251, 0.17603492736816406, 0.3911184072494507, 0.3372395932674408, 0.5189424753189087, 0.2181813269853592, 0.1518612653017044, 0.12900607287883759, -0.1944928765296936, 0.1370098888874054, 0.610222339630127, -0.0871344655752182, 0.35124024748802185, -0.20681220293045044, -0.33101886510849, -0.5684414505958557, 0.579539954662323, 0.400817334651947, -0.2823810875415802, 0.02455633133649826, 0.21536901593208313, -0.18053224682807922, -0.4254080057144165, -0.04576289281249046, -0.11158943921327591, -0.09195950627326965, 0.26162582635879517, -0.492339164018631, -0.0116635262966156, -0.13620354235172272, -0.07157403230667114, 0.18739819526672363, 0.27234208583831787, 0.2755572497844696, 0.37758445739746094, 0.19526037573814392, -0.2422398179769516, 0.3054732382297516, 0.2528371214866638, 0.34154829382896423, 0.03308935463428497, 0.27833738923072815, -0.376692533493042, 0.3827507197856903, 0.333942711353302, 0.07346507906913757, 0.30945050716400146, -0.29307249188423157, 0.17284758388996124, 0.11213398724794388, 0.2250858098268509, -0.3081519603729248, 0.09626246243715286, 0.02319541573524475, -0.37017810344696045, 0.2861790657043457, 0.010072320699691772, -0.19911572337150574, -0.0352056547999382, 0.737129807472229, -0.28292620182037354, -0.4657306671142578, 0.018978334963321686, 0.5273232460021973, 0.3388572037220001, 0.16233137249946594, 0.04073239862918854, -0.597834587097168, 0.23758943378925323, 0.046145301312208176, -0.5282167792320251, 0.5426168441772461, -0.3748977780342102, 0.50283282995224, 0.013339206576347351, 0.06276029348373413, -0.4018280506134033, -0.14198768138885498, 0.2954835295677185, -0.5587617754936218, -0.49660399556159973, 0.3725546598434448, 0.32733502984046936, 0.02097029983997345, 0.1024443507194519, -0.5643473863601685, 0.14681881666183472, 0.21304984390735626, -0.5270233750343323, 0.05218493938446045, 0.2836531102657318, -0.45770561695098877, 0.0029830187559127808, 0.041249826550483704, 0.4057719111442566, -0.0959780365228653, 0.06726701557636261, -0.4777365028858185, -0.12013691663742065, 0.2837487459182739, -0.11392960697412491, 0.20741736888885498, 0.43065309524536133, 0.20585831999778748, 0.0002778768539428711, 0.09793419390916824, 0.12201723456382751, 0.1731017827987671, 0.4023454785346985, 0.537560224533081, -0.37435805797576904, 0.46015188097953796, 0.30867457389831543, -0.5373366475105286, 0.0360691100358963, 0.38336825370788574, -0.49454790353775024, -0.12247971445322037, -0.34352681040763855, -0.1917266547679901, -0.03270731493830681, 0.309081494808197, 0.6955211162567139, -0.5360195636749268, -0.21995264291763306, 0.09874296188354492, 0.03504091501235962, 0.5223982334136963, -0.3105705678462982, 0.49690988659858704, 0.5600700378417969, -0.23024201393127441, -0.0168522447347641, 0.3499109447002411, 0.1518900990486145, -0.33094164729118347, 0.12762469053268433, -0.48509299755096436, 0.5439339876174927, -0.02151632308959961, 0.17564517259597778, -0.11731401085853577, 0.6865779161453247, 0.7608939409255981, -0.32732462882995605, 0.3299531638622284, 0.10033223032951355, 0.2126317024230957, 0.04451150447130203, 0.25055670738220215, 0.3484684228897095, 0.2429872304201126, -0.2537681460380554, -0.06047769635915756, -0.26569992303848267, -0.14849142730236053, 0.46207332611083984, 0.44041770696640015, 0.07874686270952225, 0.12737199664115906, -0.4942760467529297, -0.09984635561704636, -0.07789792120456696, 0.5318223237991333, 0.47434186935424805, 0.3989497423171997, -0.3881804347038269, 0.04422738403081894, 0.2800839841365814, -0.4630316495895386, 0.427090048789978, 0.4250907301902771, 0.2290218472480774, 0.048221468925476074, 0.35267001390457153, 0.1231507956981659, -0.06365159898996353, 0.19869834184646606, -0.22610986232757568, 0.4904661476612091, -0.04321025311946869, 0.04139822721481323, 0.19664913415908813, 0.20463216304779053, 0.34634941816329956, 0.3155638575553894, 0.40779346227645874, -0.3270982801914215, 0.0555596798658371, 0.4630781412124634, -0.2169424146413803, 0.09693615138530731, 0.4483579397201538, 0.13346454501152039, 0.34739139676094055, 0.5582418441772461, 0.3153899610042572, 0.06042422354221344, -0.1919543743133545, 0.3601573705673218, 0.5384833812713623, 0.4410322606563568, -0.22076565027236938, -0.24165809154510498, 0.269012987613678, -0.2852286100387573, 0.34935328364372253, 0.41851794719696045, -0.1003871038556099, -0.11917851865291595, -0.42742738127708435, 0.02449767291545868, 0.7641988396644592, 0.21915772557258606, -0.06617565453052521, -0.3444620966911316, -0.1918029934167862, 0.5604729652404785, 0.5811461210250854, -0.09677888453006744, 0.31816425919532776, -0.11727814376354218, 0.2197755128145218, 0.6274712085723877, 0.3345019221305847, 0.25767403841018677, 0.5751563310623169, -0.11177212744951248, -0.021176330745220184, -0.3158453106880188, -0.3897935450077057, -0.5653278827667236, 0.2021590769290924, 0.10845185071229935, 0.6027753353118896, -0.4704945683479309, -0.5743470788002014, -0.4620790481567383, -0.157400444149971, 0.13728833198547363, 0.21979010105133057, 0.5163629055023193, 0.7415034174919128, -0.3208889961242676, -0.23098182678222656, -0.08847519010305405, -0.15974146127700806, 0.5028956532478333, -0.06854897737503052, 0.3442757725715637, 0.22676855325698853, 0.43458640575408936, -0.002916783094406128, 0.26502296328544617, 0.045800067484378815, -0.060556575655937195, -0.26961612701416016, -0.17695826292037964, 0.21579492092132568, 0.3275418281555176, 0.17510566115379333, -0.3286205232143402, -0.35887327790260315, 0.05695082247257233, 0.4807778298854828, 0.17223240435123444, 0.3246169686317444, 0.3707319498062134, -0.4924158751964569, 0.4600983262062073, -0.29724448919296265, 0.19177502393722534, -0.24329468607902527, 0.32903343439102173, 0.005972541868686676, 0.25140029191970825, -0.32189518213272095, 0.007233798503875732, -0.36269956827163696, -0.09409327059984207, -0.12237782776355743, 0.2095392346382141, 0.3682151436805725, -0.06938796490430832, 0.23919759690761566, -0.08599871397018433, 0.6090037822723389, 0.14862582087516785, 0.43504419922828674, -0.7015485763549805, 0.5374031066894531, -0.06139238178730011, 0.08624714612960815, 0.5748918056488037, -0.0016748756170272827, -0.5434213280677795, 0.5406008362770081, -0.3704884648323059, 0.32641929388046265, 0.06539710611104965, 0.36866939067840576, -0.09762725234031677, 0.36549535393714905, 0.29003825783729553, 0.36242759227752686, -0.5042858123779297, 0.07956870645284653, 0.1286722719669342, 0.6192741990089417, 0.2040509581565857, -0.4493972063064575, 0.07209789007902145, -0.16150297224521637, -0.07281076163053513, 0.44003576040267944, -0.3727180063724518, -0.039554163813591, 0.3793887794017792, 0.07525168359279633, -0.48311811685562134, 0.05472175404429436, 0.25167515873908997, 0.5038363933563232, 0.07177850604057312, 0.13999375700950623, 0.15557770431041718, -0.06062913313508034, 0.04628760367631912, 0.20123276114463806, 0.07082608342170715, 0.22553059458732605, 0.308488130569458, 0.16078990697860718, -0.09408468008041382, 0.17973217368125916, -0.23635903000831604, -0.2587546408176422, 0.26276451349258423, 0.2959071397781372, -0.22939863801002502, -0.45872706174850464, 0.33448195457458496, -0.08199958503246307, 0.4003068506717682, 0.139997661113739, 0.08658277988433838, 0.6844769716262817, 0.4185175597667694, -0.5961979627609253, -0.21607670187950134, -0.2541119456291199, 0.1472703218460083, 0.0218174010515213, -0.3456312417984009, 0.3504038155078888, 0.028773121535778046, -0.0614209920167923, 0.43509554862976074, 0.1373070478439331, 0.3509795367717743, -0.2080049216747284, -0.3547883629798889, 0.5484141111373901, 0.44620102643966675, 0.5392126441001892, 0.09321844577789307, -0.10504844784736633, 0.049751296639442444, 0.40434738993644714, 0.06285099685192108, 0.6302797794342041, -0.27759209275245667, 0.5267937183380127, 0.39441680908203125, 0.5437431931495667, -0.22142711281776428, -0.07531826198101044, 0.09855671226978302, 0.47319120168685913, -0.40336874127388, 0.11858833581209183, -0.1339602768421173, -0.4530220031738281, 0.07386161386966705, 0.2408716082572937, -0.22165007889270782, -0.1223488599061966, 0.05392489954829216, -0.14865300059318542, 0.56184983253479, -0.19901007413864136, 0.2225552648305893, 0.37531778216362, 0.014083608984947205, 0.5253468751907349, 0.3033624589443207, 0.31748154759407043, 0.4750535488128662, -0.02269846946001053, 0.46214771270751953, -0.36732006072998047, -0.33335116505622864, -0.3639640212059021, 0.3749101459980011, 0.6990290880203247, 0.5506665706634521, -0.26274383068084717, 0.2320113182067871, 0.09848242998123169, 0.35369735956192017, -0.20904839038848877, 0.3302799463272095, 0.30728065967559814, -0.14609798789024353, 0.6620998382568359, 0.02439626306295395, 0.012359961867332458, 0.24652500450611115, 0.31127452850341797, -0.4480549693107605, -0.5783973932266235, 0.294089138507843, 0.3022657036781311, 0.05406707152724266, 0.2925375998020172, 0.22313767671585083, -0.14940163493156433, 0.2772941589355469, 0.1833375245332718, 0.045868322253227234, 0.40184491872787476, -0.19610106945037842, 0.3524438142776489, 0.33890092372894287, -0.5048431158065796, -0.5592171549797058, -0.04340295121073723, 0.266455739736557, -0.46857765316963196, -0.19223344326019287, 0.2672765851020813, 0.003358144313097, -0.05452314764261246, 0.2428063452243805, 0.3530113995075226, 0.11143596470355988, 0.18706464767456055, 0.25861579179763794, 0.6837221384048462, 0.15186727046966553, -0.6497215032577515, 0.06881839781999588, 0.1753530502319336, -0.15022124350070953, -0.06095989793539047, 0.10486216098070145, 0.6026067137718201, 0.2315790355205536, -0.0318777933716774, 0.5303700566291809, -0.08022904396057129, -0.19237619638442993, 0.3447614014148712, 0.5510839819908142, 0.1338641196489334, 0.1100713387131691, -0.4940865933895111, 0.06744332611560822, 0.47506773471832275, 0.602647066116333, 0.25545671582221985, -0.05933826416730881, -0.29867833852767944, -0.047208890318870544, 0.5107831358909607, 0.43720752000808716, 0.5198456645011902, 0.19622324407100677, 0.15208576619625092, 0.4625369608402252, 0.31611156463623047, 0.38773053884506226, -0.027235105633735657, 0.4494853615760803, -0.13162434101104736, -0.1558263599872589, 0.16612647473812103, -0.3314935564994812, 0.3724682629108429, 0.05702030658721924, 0.207014262676239, 0.10361608117818832, 0.20470403134822845, -0.17927272617816925, 0.09936791658401489, -0.5572996139526367, -0.14579464495182037, 0.411094069480896, -0.28411799669265747, 0.7863191366195679, 0.4237057566642761, -0.07377400994300842, -0.21062973141670227, 0.5423707962036133, 0.6165989637374878, -0.2279377281665802, -0.22812876105308533, 0.41887617111206055, 0.3784157931804657, -0.24727973341941833, 0.4357493221759796, 0.34939637780189514, 0.09598104655742645, -0.11717270314693451, -0.3332529067993164, -0.5854759216308594, 0.4662415385246277, 0.25985249876976013, 0.20183724164962769, -0.11107145249843597, -0.23028261959552765, -0.1098819300532341, -0.23985664546489716, -0.01676325500011444, 0.16910772025585175, 0.5884135961532593, -0.018308013677597046, 0.46759146451950073, -0.3961871564388275, -0.6171987056732178, -0.00773407518863678, -0.017655149102211, -0.07373099029064178, -0.29381635785102844, 0.222530335187912, 0.31994152069091797, -0.5067809820175171, -0.5220786333084106, -0.034995585680007935, 0.5371243357658386, 0.10498685389757156, 0.34204167127609253, 0.3103659451007843, -0.33120298385620117, 0.3526938557624817, 0.18793737888336182, 0.31416165828704834, -0.4265322685241699, 0.36780229210853577, -0.13257700204849243, -0.09888088703155518, 0.09295694530010223, 0.1724042296409607, -0.5572270154953003, 0.5330196022987366, -0.09199779480695724, -0.006603062152862549, 0.6933215856552124, 0.44892776012420654, -0.2776876389980316, 0.14786356687545776, 0.38441601395606995, -0.09130988270044327, 0.4687669575214386, -0.10676921904087067, 0.24354465305805206, 0.07079967111349106, -0.5419145822525024, -0.28269892930984497, 0.5318335890769958, 0.20691683888435364, 0.6620866060256958, 0.02468779683113098, -0.5808919668197632, 0.29305794835090637, 0.12289971113204956, -0.36471623182296753, -0.17924727499485016, 0.3749871253967285, -0.20991364121437073, -0.6426771879196167, 0.4075694680213928, -0.17556020617485046, -0.11828254163265228, -0.468260258436203, 0.24128156900405884, -0.3886844515800476, -0.49948957562446594, 0.09651324898004532, 0.38703128695487976, -0.22574062645435333, -0.10515915602445602, 0.11047901213169098, 0.4515209496021271, 0.19880792498588562, 0.08464453369379044, 0.5909062027931213, 0.5853960514068604, -0.11618666350841522, -0.04479886591434479, -0.5140170454978943, 0.3529264032840729, -0.01870562881231308, 0.3733569383621216, -0.24036164581775665, -0.3464275598526001, 0.05236572027206421, 0.0808660089969635, 0.5036301016807556, -0.3070186376571655, 0.03295494616031647, 0.28790271282196045, 0.455610454082489, 0.1598874032497406, 0.2781028747558594, -0.0980461910367012, -0.329942524433136, 0.06127779185771942, -0.4664674401283264, 0.3820905089378357, 0.5971657037734985, -0.16594761610031128, 0.3703862428665161, 0.4258236885070801, -0.22775308787822723, 0.2634875178337097, -0.33543750643730164, 0.0929308608174324, 0.5762251615524292, -0.43939995765686035, -0.1671680212020874, 0.257254958152771, -0.044451646506786346, 0.3447347581386566, -0.5054785013198853, -0.37058573961257935, 0.10078320652246475, -0.14068295061588287, 0.5428323745727539, -0.02673371136188507, 0.6091249585151672, 0.1222907230257988, 0.11550834029912949, 0.7835450768470764, 0.10289136320352554, -0.12928231060504913, 0.011811956763267517, 0.6009066700935364, -0.07891283929347992, -0.31999677419662476, -0.23690520226955414, -0.1657971739768982, 0.6171497702598572, 0.11925992369651794, -0.11303892731666565, -0.28160110116004944, -0.16555951535701752, -0.6022548675537109, -0.3757053017616272, 0.3157580494880676, -0.3654995262622833, 0.2268451601266861, 0.23245316743850708, -0.19030562043190002, 0.08343937247991562, -0.5464939475059509, 0.5328998565673828, 0.5234437584877014, -0.015245646238327026, 0.45981305837631226, 0.04466211795806885, -0.36063143610954285, 0.14757920801639557, 0.13191041350364685, -0.2784759998321533, -0.01935821771621704, 0.14348246157169342, 0.07754558324813843, -0.030222639441490173, -0.08229894936084747, 0.1766708642244339, -0.05284399539232254, 0.5798572897911072, 0.4743990898132324, 0.52768874168396, 0.18775808811187744, 0.022341258823871613, -0.029618144035339355, 0.4175204932689667, -0.09545288980007172, 0.17373743653297424, -0.21816787123680115, 0.45598554611206055, 0.1492433249950409, 0.08587604761123657, 0.3897556662559509, -0.33934053778648376, -0.5845245122909546, 0.18413954973220825, 0.11599083989858627, 0.06412935256958008, 0.10339796543121338, -0.5274883508682251, -0.11857552826404572, 0.350686639547348, 0.03335678577423096, -0.3422669768333435, -0.4907624423503876, -0.3773089051246643, -0.2749437391757965, 0.7042436003684998, -0.05197879672050476, 0.3967006206512451, 0.07394513487815857, 0.12425385415554047, 0.6271315813064575, -0.2927711606025696, 0.22053545713424683, 0.19128485023975372, 0.2133895456790924, 0.6088362336158752, 0.37501299381256104, -0.4943845272064209, 0.4767249822616577, 0.520504355430603, 0.363391637802124, -0.34152451157569885, -0.3608229458332062, 0.2046724557876587, 0.2996561527252197, 0.07483439147472382, 0.21737898886203766, 0.36279892921447754, 0.23955048620700836, -0.018736273050308228, 0.5147733688354492, 0.08679981529712677, 0.34555789828300476, 0.313795268535614, -0.14445888996124268, 0.36106425523757935, 0.18827667832374573, 0.19750741124153137, -0.4204421043395996, 0.2532997727394104, 0.24561336636543274, 0.43606042861938477, 0.32865631580352783, 0.022320300340652466, 0.2452046275138855, -0.2840692400932312, -0.32346224784851074, -0.3022831082344055, 0.30807214975357056, -0.4095080494880676, -0.50133216381073, -0.31402838230133057, -0.20357128977775574, 0.3532215356826782, 0.1482556164264679, 0.4059385061264038, -0.6259331703186035, 0.13008028268814087, -0.5389318466186523, 0.15500889718532562, 0.6103246212005615, -0.3854880630970001, -0.25809407234191895, 0.5304555892944336, 0.5238898992538452, -0.02949872612953186, 0.03960481286048889, 0.29815223813056946, 0.5276075005531311, 0.2508726119995117, -0.45311635732650757, 0.1846368908882141, 0.038288213312625885, 0.4679309129714966, 0.06639747321605682, 0.08593645691871643, 0.15334227681159973, 0.34401941299438477, 0.37557926774024963, -0.4300477206707001, 0.1972135603427887, -0.005493849515914917, -0.2555334270000458, 0.4322839379310608, -0.5491675138473511, -0.13015110790729523, -0.05997360497713089, -0.2131509780883789, 0.6872659921646118, -0.01527819037437439, -0.24367012083530426, -0.11043264716863632, 0.4909491539001465, -0.09954822063446045, 0.2999279797077179, 0.09944307804107666, 0.2839370667934418, 0.29996997117996216, 0.2617815136909485, 0.01422460749745369, 0.4574173092842102, 0.09364119172096252, 0.0471036434173584, -0.38784313201904297, -0.08911558985710144, -0.1866333782672882, -0.25479334592819214, -0.12111072242259979, 0.09391731023788452, -0.18687580525875092, 0.11985549330711365, 0.3849146366119385, 0.35194146633148193, -0.28357332944869995, 0.21640866994857788, 0.1168731078505516, -0.14214596152305603, -0.26483607292175293, 0.37862223386764526, -0.19907116889953613, 0.43476003408432007, -0.14343932271003723, -0.1673516184091568, 0.5063710808753967, 0.43915408849716187, 0.2678329646587372, -0.15781497955322266, 0.46641474962234497, 0.01238127052783966, -0.2781335711479187, 0.4827485978603363, 0.10915634781122208, 0.03272923827171326, -0.2635957896709442, 0.46876612305641174, -0.23574259877204895, 0.31443050503730774, -0.27453726530075073, -0.049008868634700775, -0.19469410181045532, 0.3517630100250244, -0.3057262897491455, 0.49894818663597107, 0.3179060220718384, -0.21643467247486115, -0.2916499376296997, -0.23382072150707245, -0.47596222162246704, 0.07381390035152435, 0.3481331467628479, 0.48495352268218994, -0.09255917370319366, -0.3125532269477844, 0.25885385274887085, -0.05470926687121391, -0.5398298501968384, -0.17755156755447388, 0.4062444567680359, -0.2637561559677124, -0.5402597188949585, 0.5502756237983704, 0.21573582291603088, 0.2837890088558197, 0.15335342288017273, -0.03225120157003403, -0.17490217089653015, 0.11822818964719772, -0.3412894904613495, -0.12133520841598511, 0.40367960929870605, -0.1334749460220337, 0.537660539150238, -0.5666635036468506, 0.40571674704551697, -0.3203585743904114, -0.37872883677482605, -0.29081419110298157, 0.3789634108543396, 0.6443034410476685, 0.49312347173690796, 0.17064163088798523, 0.6808068752288818, 0.28037378191947937, -0.3141789436340332, 0.08179424703121185, 0.24138647317886353, -0.0877465084195137, 0.43736228346824646, -0.32675522565841675, -0.16127285361289978, 0.10885255038738251, -0.20372110605239868, -0.22363899648189545, -0.314951628446579, 0.6014015078544617, -0.12483936548233032, -0.47259366512298584, 0.13718387484550476, 0.16454893350601196, -0.39645829796791077, 0.15154096484184265, -0.2592011094093323, -0.12093806266784668, -0.4238230586051941, 0.3529447317123413, -0.4939134120941162, 0.2824764847755432, 0.15764418244361877, 0.04465223103761673, 0.20730285346508026, -0.04041723906993866, -0.24550344049930573, -0.3619183301925659, -0.2388886660337448, -0.1430715024471283, -0.3365412652492523, 0.15624414384365082, -0.4273775815963745, 0.42280682921409607, 0.1806885451078415, -0.3455720543861389, 0.013335943222045898, 0.4672519564628601, 0.0980851948261261, -0.3318746089935303, 0.14336100220680237, 0.45127013325691223, 0.11244741082191467, 0.23120397329330444, -0.08037502318620682, -0.06749001145362854, -0.3448140025138855, 0.5334551334381104, -0.5121898651123047, -0.3238992393016815, 0.22662919759750366, -0.18137843906879425, 0.46807265281677246, 0.051984161138534546, 0.8124312162399292, -0.09708795696496964, 0.5025230646133423, 0.6400160789489746, -0.08742094039916992, -0.3906043767929077, 0.4404296576976776, 0.3113400340080261, 0.699946403503418, 0.1970559060573578, 0.278503954410553, 0.1857389211654663, 0.37359848618507385, 0.476528137922287, -0.06183619797229767, 0.2941197156906128, -0.3643709123134613, -0.3190053403377533, -0.40196990966796875, -0.046885035932064056, 0.12717239558696747, 0.05989191681146622, -0.3661488890647888, 0.19274483621120453, -0.38978275656700134, -0.1317073106765747, 0.07008597254753113, 0.16383063793182373, 0.11734842509031296, 0.3747996687889099, -0.492189884185791, -0.528965175151825, -0.37858015298843384, 0.08187507092952728, 0.14729346334934235, 0.14142614603042603, 0.1502610146999359, -0.21750827133655548, -0.5155484676361084, 0.21790088713169098, 0.3496668338775635, 0.1105356514453888, 0.2568945288658142, 0.4752008616924286, 0.15011057257652283, 0.24884751439094543, 0.3319612145423889, -0.3377474546432495, 0.16619208455085754, 0.2327243834733963, -0.20179639756679535, -0.4572560787200928, 0.0391649529337883, -0.13374711573123932, 0.29610198736190796, 0.3231436610221863, 0.30089351534843445, -0.21212390065193176, -0.17270243167877197, 0.5282142758369446, 0.14011946320533752, 0.33190658688545227, 0.1448851227760315, 0.12550610303878784, -0.1384393274784088, -0.5077503323554993, 0.3789793848991394, -0.11784186959266663, 0.594190239906311, 0.42928168177604675, 0.11486473679542542, 0.2787455916404724, 0.5476278066635132, 0.1346815675497055, -0.016496926546096802, 0.5804502964019775, 0.2808440327644348, 0.25119468569755554, 0.6668211221694946, -0.06999696046113968, -0.18748018145561218, 0.0972052589058876, -0.38259637355804443, 0.6408356428146362, -0.48527511954307556, 0.012485746294260025, 0.4828551709651947, -0.28749552369117737, 0.4109918475151062, 0.3996255099773407, 0.13907939195632935, 0.18510203063488007, -0.08492234349250793, -0.18565326929092407, 0.6869903802871704, -0.6113633513450623, -0.36254703998565674, 0.3755286931991577, -0.44716471433639526, 0.2585766911506653, -0.3947943150997162, 0.3262651562690735, 0.13992486894130707, -0.17822104692459106, 0.09431184828281403, -0.47180235385894775, -0.3506404459476471, -0.3746289014816284, -0.20985771715641022, -0.22154319286346436, 0.1115008071064949, -0.0746406689286232, 0.634715735912323, -0.011072218418121338, -0.4365962743759155, 0.39853960275650024, 0.011093325912952423, 0.2109861522912979, -0.10006877779960632, 0.3592575192451477, -0.49320074915885925, 0.23234295845031738, 0.08564329892396927, 0.493868350982666, -0.04813574254512787, -0.6232427358627319, -0.42008906602859497, 0.1828441321849823, -0.38639652729034424, 0.2961501479148865, -0.03028707206249237, 0.04746203124523163, 0.5101740956306458, -0.028444526717066765, 0.1840217411518097, -0.2031385451555252, -0.2740241289138794, 0.15283414721488953, -0.304156094789505, 0.18714845180511475, -0.5260932445526123, -0.21460184454917908, -0.4091850817203522, 0.3941985070705414, -0.04813127964735031, 0.19539663195610046, -0.1788310706615448, -0.3150761127471924, 0.3849228024482727, -0.5041106939315796, 0.22801350057125092, 0.24096596240997314, 0.45920294523239136, -0.055682502686977386, 0.20899799466133118, -0.1796051263809204, -0.11051265150308609, 0.3351118564605713, 0.6632181406021118, 0.42673927545547485, -0.45831555128097534, -0.48248952627182007, 0.32817554473876953, -0.08115315437316895, 0.5891534090042114, 0.030712097883224487, 0.1457783579826355, 0.5797293186187744, 0.4651722013950348, 0.057895660400390625, 0.47136521339416504, -0.07152387499809265, -0.012568078935146332, 0.29637038707733154, -0.15397363901138306, -0.07874368876218796, 0.020126372575759888, 0.2271851897239685, 0.4889604151248932, -0.5379540920257568, 0.23696959018707275, 0.049822866916656494, -0.6039412021636963, -0.46846386790275574, -0.05913360044360161, -0.40243709087371826, -0.2294636368751526, 0.3544996976852417, 0.5762616395950317, 0.4536161422729492, 0.62400883436203, -0.5415724515914917, -0.22702591121196747, -0.09527327120304108, 0.1379266381263733, 0.1482132375240326, -0.43614399433135986, 0.33857014775276184, -0.16309379041194916, 0.5747125148773193, 0.4995492696762085, -0.4521304666996002, 0.0949670746922493, 0.2533629536628723, -0.11617515981197357, -0.03558824956417084, -0.47378551959991455, -0.268023282289505, -0.45066797733306885, 0.4073522686958313, -0.2718939781188965, 0.5028071999549866, 0.45825183391571045, 0.13648247718811035, -0.2839809060096741, -0.45840179920196533, -0.298958957195282, 0.29119473695755005, -0.29751893877983093, -0.43805429339408875, -0.5085902810096741, 0.2870134711265564, -0.061233192682266235, -0.47894811630249023, -0.11053997278213501, 0.2241443395614624, 0.39681103825569153, 0.41531944274902344, 0.4001673460006714, 0.15715444087982178, 0.5255199670791626, -0.16098323464393616, -0.29585713148117065, -0.2546820044517517, -0.624521791934967, 0.2018851786851883, -0.18678492307662964, 0.33614081144332886, 0.059907034039497375, -0.5353351831436157, 0.3872143030166626, 0.006620131433010101, 0.6222329139709473, 0.21833327412605286, 0.20706258714199066, 0.09657862782478333, -0.6008938550949097, 0.44804850220680237, 0.09052357077598572, -0.11365749686956406, 0.3638869822025299, -0.3919135332107544, 0.11149263381958008, -0.11524113267660141, 0.09636521339416504, 0.15662449598312378, -0.5100040435791016, 0.19774997234344482, -0.40142008662223816, -0.3901402950286865, 0.23337748646736145, -0.5548794269561768, 0.16359414160251617, 0.5077083706855774, 0.5328320264816284, 0.9743760824203491, -0.347255140542984, 0.43992334604263306, -0.4787616431713104, -0.006202101707458496, 0.3773193359375, -0.09228881448507309, 0.0444001704454422, -0.5261692404747009, 0.2457273304462433, -0.23258844017982483]
