sample name: ['C[C@H]1C[C@@H](C)CN(S(=O)(=O)c2ccc(NC(=O)c3cccs3)cc2)C1']
atom_index,distance,cosine_similarity
0,0.16848480224609375,-0.027256344109773636
1,-0.5220480346679688,0.07146122552454472
2,-0.494532470703125,0.1062744140252471
3,-0.6438629150390625,0.10631630102172494
4,0.34553558349609376,-0.06870065741240979
5,-0.709775390625,0.11114028505980969
6,-1.1886813354492187,0.23333189908415078
7,-0.704068603515625,0.15816281404346227
8,-0.4731329345703125,0.06741204120218754
9,-0.11494171142578125,0.015677536725997924
10,-1.6331768798828126,0.2875709393620491
11,0.10626922607421875,0.003359653353691101
12,0.23951568603515624,-0.07969460798427462
13,-0.338428955078125,-0.0061135046929121015
14,0.49510009765625,-0.08019491996616125
15,-0.020322265625,-0.008131550773978233
16,-0.5977789306640625,0.12100873440504074
17,-0.4293585205078125,0.0660997537523508
18,-1.924566650390625,0.20191033940762282
19,-1.1648013305664062,0.18572755297645926
20,-0.8471307373046875,0.1509315264225006
21,-0.7615420532226562,0.11293186042457819

Sum of phi values for distance
-11.21324432373047
Sum of phi values for cosine similarity
1.7292252918519082
Average distance random samples:
7.933199060559272
Average cosine similarity random samples:
0.08942641141485762
Distances random samples
[3.5014214515686035, 12.889070510864258, 3.900062322616577, 11.333151817321777, 11.874608039855957, 8.494654655456543, 5.38924503326416, 12.795880317687988, 9.933920860290527, 11.162277221679688, 12.583927154541016, 11.055621147155762, 7.866802215576172, 13.048510551452637, 6.277124881744385, 8.82520866394043, 9.87484359741211, 9.523870468139648, 11.282788276672363, 12.683656692504883, 3.4756898880004883, 8.914899826049805, 3.055191993713379, 5.3678178787231445, 10.40597915649414, 13.077064514160156, 7.329729080200195, 4.376903057098389, 13.900273323059082, 5.628910064697266, 9.273148536682129, 9.397960662841797, 8.174267768859863, 9.697646141052246, 7.9220194816589355, 4.372085094451904, 3.5139260292053223, 5.372633934020996, 4.207754135131836, 8.816129684448242, 11.174907684326172, 5.800512313842773, 12.715381622314453, 11.285540580749512, 5.202010154724121, 9.285283088684082, 4.25037956237793, 6.965221405029297, 5.201162815093994, 6.491642951965332, 10.783084869384766, 5.442427158355713, 4.540992259979248, 8.04371166229248, 9.124590873718262, 9.596379280090332, 11.448354721069336, 11.962013244628906, 6.523673057556152, 10.153467178344727, 3.6194956302642822, 12.30628490447998, 3.5073139667510986, 8.978095054626465, 11.468436241149902, 8.03076171875, 7.900191307067871, 4.990833759307861, 9.0473051071167, 4.832223415374756, 8.566484451293945, 11.317863464355469, 4.311766147613525, 10.240488052368164, 10.235030174255371, 13.48366928100586, 3.1219022274017334, 4.895692825317383, 3.8124239444732666, 5.580585479736328, 11.06232738494873, 4.565689563751221, 4.814585208892822, 4.50256872177124, 2.438354015350342, 9.126395225524902, 5.21642541885376, 4.145919322967529, 4.365936756134033, 9.547403335571289, 12.015317916870117, 10.214665412902832, 5.002437591552734, 11.02608871459961, 7.076986312866211, 3.401043653488159, 4.526941299438477, 4.276358604431152, 4.354673862457275, 4.458282947540283, 12.857869148254395, 10.462150573730469, 4.7618560791015625, 4.5109758377075195, 4.715939998626709, 9.577986717224121, 12.691302299499512, 10.027044296264648, 10.93547248840332, 10.19868278503418, 5.3101606369018555, 4.559556007385254, 12.293047904968262, 11.20185661315918, 5.206512451171875, 9.63016414642334, 10.979591369628906, 9.640192985534668, 12.603731155395508, 8.552530288696289, 3.857917070388794, 11.295680046081543, 4.55698823928833, 11.385863304138184, 5.711114406585693, 4.021356582641602, 2.8730268478393555, 9.627673149108887, 10.203965187072754, 4.7649359703063965, 5.844760894775391, 11.784734725952148, 11.479830741882324, 5.803874969482422, 10.388554573059082, 5.782594203948975, 4.290812015533447, 9.894929885864258, 9.279891967773438, 4.415759086608887, 11.905928611755371, 10.60319995880127, 4.575835227966309, 4.663384437561035, 9.391439437866211, 12.278379440307617, 11.26914119720459, 9.681485176086426, 5.917543888092041, 10.339491844177246, 9.376434326171875, 8.121295928955078, 4.655609607696533, 5.00320291519165, 3.704444408416748, 3.891444683074951, 4.437236309051514, 13.317439079284668, 5.21514368057251, 3.449289321899414, 4.449168682098389, 11.068778038024902, 5.673629283905029, 11.379463195800781, 4.723809242248535, 8.306583404541016, 5.833932876586914, 11.84142780303955, 4.253820419311523, 5.161900520324707, 10.515536308288574, 4.560980796813965, 10.39243221282959, 10.997795104980469, 3.57889723777771, 7.56303596496582, 4.723494529724121, 8.584178924560547, 13.279093742370605, 3.755108594894409, 3.936673641204834, 13.077028274536133, 5.348537921905518, 11.818014144897461, 4.914245128631592, 13.524004936218262, 5.608081817626953, 5.053814888000488, 7.904971122741699, 3.5181031227111816, 11.202573776245117, 9.246342658996582, 12.792841911315918, 4.850101947784424, 4.5014119148254395, 10.351152420043945, 9.899711608886719, 4.278446674346924, 6.414708137512207, 3.6044483184814453, 9.321545600891113, 13.694127082824707, 4.598180770874023, 9.353972434997559, 11.483932495117188, 12.85696792602539, 12.09909439086914, 9.26644515991211, 7.575409412384033, 10.232434272766113, 7.228119373321533, 9.942756652832031, 5.9045820236206055, 8.356993675231934, 11.310254096984863, 9.405133247375488, 4.309467315673828, 4.606332302093506, 12.270352363586426, 11.087449073791504, 4.733087062835693, 2.8785014152526855, 10.999368667602539, 13.124865531921387, 5.574249267578125, 10.875334739685059, 8.100141525268555, 9.837888717651367, 8.400030136108398, 3.453481912612915, 10.844112396240234, 10.969046592712402, 8.767244338989258, 4.537849426269531, 11.578322410583496, 5.103153705596924, 9.045904159545898, 5.2990403175354, 5.5221710205078125, 4.5585455894470215, 12.382462501525879, 3.7967429161071777, 11.07564640045166, 3.237680196762085, 4.131552696228027, 4.640565395355225, 4.331193447113037, 4.048496723175049, 13.236140251159668, 9.214408874511719, 10.72408390045166, 3.5055832862854004, 10.811871528625488, 2.658935070037842, 5.445908546447754, 9.850034713745117, 10.281484603881836, 4.4306254386901855, 10.878280639648438, 9.61035442352295, 1.598581314086914, 3.3865714073181152, 10.367798805236816, 4.208330154418945, 9.572396278381348, 10.605192184448242, 8.343132972717285, 4.960208415985107, 4.320498466491699, 3.4514851570129395, 8.774456977844238, 5.3947906494140625, 7.243351459503174, 10.325940132141113, 7.9988579750061035, 8.831969261169434, 4.515380382537842, 10.88828182220459, 9.818913459777832, 7.74066162109375, 7.869333744049072, 8.187315940856934, 9.390710830688477, 4.752137184143066, 5.704222679138184, 5.4143218994140625, 4.96727180480957, 12.564779281616211, 11.321393013000488, 11.855956077575684, 8.953897476196289, 4.736088275909424, 6.103198528289795, 11.607536315917969, 9.891343116760254, 11.779661178588867, 10.971101760864258, 6.4598822593688965, 3.9975013732910156, 9.382940292358398, 4.9786057472229, 13.808094024658203, 4.760879039764404, 12.716114044189453, 13.670783042907715, 8.359742164611816, 9.783559799194336, 12.585312843322754, 3.66322922706604, 6.744986057281494, 10.507464408874512, 11.67697525024414, 5.5846991539001465, 3.201111316680908, 9.740191459655762, 1.415764331817627, 15.508343696594238, 4.475526809692383, 4.973203182220459, 5.939845085144043, 6.562174320220947, 5.010591983795166, 9.455638885498047, 4.598421096801758, 4.670859336853027, 3.746889591217041, 9.139885902404785, 10.110000610351562, 4.178011894226074, 4.080386161804199, 3.3127973079681396, 11.691917419433594, 3.944999933242798, 7.772558212280273, 4.588327884674072, 11.553092002868652, 4.753748416900635, 12.890457153320312, 6.657001495361328, 4.8611884117126465, 5.040328025817871, 7.089513778686523, 5.918351650238037, 9.99420166015625, 8.796380996704102, 4.1302170753479, 5.018192768096924, 5.272160530090332, 2.80876088142395, 9.294628143310547, 11.043155670166016, 5.218804359436035, 8.89831256866455, 11.614371299743652, 8.662290573120117, 4.27781867980957, 4.173102855682373, 11.098814964294434, 11.875957489013672, 8.650598526000977, 9.581729888916016, 4.32100248336792, 4.42269229888916, 11.032694816589355, 12.839765548706055, 4.131814002990723, 4.141313076019287, 9.283114433288574, 5.636959075927734, 10.493961334228516, 12.961651802062988, 3.9912421703338623, 5.171475410461426, 10.687176704406738, 7.900741100311279, 10.924880027770996, 10.710090637207031, 12.016725540161133, 4.077502250671387, 9.060863494873047, 11.384392738342285, 12.666933059692383, 2.5409131050109863, 8.4522705078125, 4.627425193786621, 2.6548731327056885, 5.96216344833374, 10.179239273071289, 4.18735408782959, 12.673826217651367, 10.01968765258789, 3.4150445461273193, 8.179596900939941, 4.688176155090332, 11.647613525390625, 10.969223022460938, 12.122271537780762, 8.761043548583984, 4.285790920257568, 10.481650352478027, 3.5720810890197754, 8.25471019744873, 8.517438888549805, 13.731983184814453, 9.822952270507812, 10.321840286254883, 11.461584091186523, 9.364056587219238, 6.972940444946289, 3.1152491569519043, 7.362066745758057, 4.193905830383301, 8.641443252563477, 2.543386936187744, 4.11716365814209, 11.747045516967773, 10.256957054138184, 11.474023818969727, 3.7247567176818848, 3.7745437622070312, 11.047832489013672, 3.8144590854644775, 7.793726444244385, 6.0345635414123535, 4.569398403167725, 9.565374374389648, 4.539333820343018, 3.5729193687438965, 3.893143653869629, 12.036947250366211, 5.97236967086792, 3.509951591491699, 3.9776535034179688, 4.095058917999268, 4.884288311004639, 3.524044990539551, 3.8408284187316895, 4.784434795379639, 3.6677308082580566, 2.589266300201416, 6.819445610046387, 2.9864768981933594, 4.311169624328613, 8.723997116088867, 9.079963684082031, 10.1192045211792, 4.18162727355957, 9.789554595947266, 7.524585723876953, 4.9336161613464355, 8.717707633972168, 8.413260459899902, 8.188956260681152, 5.318436622619629, 6.462921619415283, 8.68232536315918, 5.7495927810668945, 5.299409866333008, 3.1428463459014893, 7.725111961364746, 4.5653462409973145, 13.050440788269043, 10.324919700622559, 4.744792461395264, 9.831315994262695, 11.211698532104492, 9.454999923706055, 9.463683128356934, 3.765010118484497, 4.30129337310791, 10.436558723449707, 11.49240779876709, 2.941066026687622, 10.84131145477295, 13.4060697555542, 10.880687713623047, 8.882755279541016, 11.824920654296875, 4.425788879394531, 3.831456184387207, 13.30659008026123, 5.559547424316406, 3.0795693397521973, 4.163089752197266, 11.551488876342773, 4.490692138671875, 10.462553024291992, 10.854415893554688, 7.104029178619385, 10.183491706848145, 3.8984756469726562, 12.10403823852539, 12.39429759979248, 10.06692123413086, 4.0527663230896, 7.173942565917969, 7.9378581047058105, 5.114985942840576, 9.79988956451416, 4.144290447235107, 3.7161943912506104, 14.61284065246582, 9.405661582946777, 4.8580241203308105, 8.429281234741211, 11.923372268676758, 10.362353324890137, 4.29012393951416, 4.35256290435791, 3.991672992706299, 3.6984987258911133, 12.422737121582031, 15.951335906982422, 2.4339118003845215, 5.602145671844482, 10.67680549621582, 13.340356826782227, 10.903602600097656, 4.246545314788818, 5.050562858581543, 13.099056243896484, 5.568853855133057, 4.033993721008301, 5.023293495178223, 4.128652095794678, 13.76384449005127, 9.175507545471191, 6.54894495010376, 4.030269145965576, 11.645441055297852, 8.658429145812988, 4.520644187927246, 12.74545955657959, 12.746790885925293, 6.773693084716797, 11.611702919006348, 4.1896185874938965, 8.26806354522705, 8.330142974853516, 8.289131164550781, 6.667348861694336, 2.9504570960998535, 11.068904876708984, 13.274796485900879, 11.114245414733887, 8.052645683288574, 5.205661296844482, 10.680350303649902, 4.1042304039001465, 9.965911865234375, 10.3320951461792, 10.808720588684082, 3.294835090637207, 9.819551467895508, 12.975210189819336, 4.030426025390625, 13.104148864746094, 9.073274612426758, 4.226707935333252, 4.559542179107666, 7.2175092697143555, 9.510961532592773, 8.14827823638916, 3.653785228729248, 5.5634050369262695, 9.938206672668457, 7.500741958618164, 4.052396774291992, 4.952076435089111, 5.485611438751221, 10.890741348266602, 10.591974258422852, 4.820647239685059, 4.0098748207092285, 10.693778991699219, 4.358509540557861, 7.899668216705322, 5.418872356414795, 4.291229248046875, 7.315309047698975, 14.69137954711914, 8.751992225646973, 11.437108039855957, 12.805641174316406, 3.11401104927063, 3.479057550430298, 4.1620025634765625, 4.25587272644043, 9.651281356811523, 9.923116683959961, 10.337432861328125, 8.118490219116211, 5.630343437194824, 10.995096206665039, 14.31000804901123, 10.603243827819824, 4.13239049911499, 11.640686988830566, 8.441654205322266, 4.879993438720703, 3.97639799118042, 11.41279125213623, 11.424681663513184, 3.867492437362671, 10.356924057006836, 10.778238296508789, 6.516050815582275, 5.939148902893066, 10.708297729492188, 4.0912322998046875, 12.762714385986328, 11.683695793151855, 11.035024642944336, 12.7183837890625, 4.4488091468811035, 11.933972358703613, 9.99862003326416, 12.622808456420898, 11.884044647216797, 6.578103542327881, 10.910594940185547, 6.607570648193359, 10.742395401000977, 4.619186878204346, 3.154386043548584, 10.800860404968262, 4.406826972961426, 4.994138717651367, 5.041693687438965, 8.673482894897461, 10.775650024414062, 5.078537464141846, 4.915221214294434, 8.307753562927246, 4.1401567459106445, 3.5406177043914795, 4.19363260269165, 3.8060779571533203, 13.86794662475586, 13.02514934539795, 5.1345672607421875, 7.021473407745361, 2.8801395893096924, 11.72635555267334, 12.426721572875977, 4.296201705932617, 10.225775718688965, 4.414000988006592, 5.110274314880371, 11.367852210998535, 4.4334845542907715, 10.763239860534668, 2.507659435272217, 8.6708402633667, 5.685674667358398, 10.383021354675293, 3.996328592300415, 10.452900886535645, 4.349548816680908, 3.3829736709594727, 6.0701003074646, 3.8628485202789307, 8.669778823852539, 11.166178703308105, 12.56501293182373, 3.2973997592926025, 11.707502365112305, 9.000666618347168, 3.7144811153411865, 2.5987234115600586, 10.46660041809082, 5.076089859008789, 8.509925842285156, 4.623180866241455, 6.299411773681641, 7.423621654510498, 10.874885559082031, 8.934767723083496, 9.428306579589844, 8.616999626159668, 3.253253936767578, 9.515816688537598, 5.549896240234375, 2.539907217025757, 3.1852550506591797, 10.795634269714355, 9.473487854003906, 4.854482650756836, 12.829843521118164, 3.623922824859619, 6.543571472167969, 9.239068984985352, 10.880411148071289, 7.192715167999268, 5.09779691696167, 4.499212741851807, 3.9524660110473633, 3.6855411529541016, 3.2786543369293213, 10.289752006530762, 13.437504768371582, 3.584602117538452, 11.001770973205566, 10.072659492492676, 2.8897287845611572, 5.758264541625977, 10.603102684020996, 13.928842544555664, 7.122519016265869, 7.630908012390137, 9.85235595703125, 2.835783004760742, 8.624542236328125, 5.634759902954102, 4.349303722381592, 13.087650299072266, 4.8899736404418945, 11.816161155700684, 9.198792457580566, 6.246416091918945, 12.302482604980469, 10.770788192749023, 12.20709228515625, 4.002860069274902, 10.914941787719727, 11.519949913024902, 8.823393821716309, 10.509763717651367, 9.090998649597168, 5.180803298950195, 7.7703776359558105, 7.086633205413818, 9.877151489257812, 10.803030014038086, 6.868516445159912, 11.754783630371094, 10.541936874389648, 11.108405113220215, 11.363401412963867, 11.122005462646484, 10.452193260192871, 3.125370740890503, 9.967123985290527, 9.12345027923584, 7.504092693328857, 14.114225387573242, 8.77938175201416, 9.199705123901367, 11.930551528930664, 4.05889368057251, 12.263713836669922, 4.749504566192627, 4.104030132293701, 10.227203369140625, 7.6695098876953125, 12.536437034606934, 12.363225936889648, 3.77057147026062, 11.172595024108887, 9.3939790725708, 4.509753704071045, 4.343790054321289, 9.200335502624512, 10.364639282226562, 11.31225872039795, 10.475021362304688, 4.9844465255737305, 9.852823257446289, 10.474169731140137, 3.097604513168335, 4.280210494995117, 13.849936485290527, 9.755353927612305, 14.638131141662598, 11.217814445495605, 10.5869140625, 10.45835018157959, 5.341951847076416, 9.963940620422363, 10.669157028198242, 9.286251068115234, 10.380022048950195, 8.27989387512207, 11.62164306640625, 4.056926250457764, 4.742539405822754, 14.576044082641602, 10.580057144165039, 5.871889591217041, 3.641636371612549, 5.715662956237793, 3.486689805984497, 4.9104905128479, 3.6782686710357666, 5.17436408996582, 11.51900863647461, 4.7163987159729, 9.108080863952637, 3.2861151695251465, 8.57742691040039, 10.077704429626465, 3.1414411067962646, 8.97149658203125, 12.05989933013916, 8.231683731079102, 12.03271198272705, 9.42852783203125, 9.413217544555664, 4.946190357208252, 8.894369125366211, 11.10880184173584, 4.755649089813232, 5.748236656188965, 3.484635829925537, 2.2234385013580322, 5.374874591827393, 4.131531238555908, 5.7870097160339355, 4.1183366775512695, 3.6219680309295654, 4.162824630737305, 3.5574395656585693, 9.17852783203125, 9.279098510742188, 9.89149284362793, 4.416970252990723, 4.279018402099609, 6.097623825073242, 9.391398429870605, 3.646256923675537, 9.374544143676758, 13.407432556152344, 3.6404099464416504, 5.159549236297607, 5.158419609069824, 8.97130298614502, 5.240157604217529, 4.252894878387451, 10.057852745056152, 2.9363365173339844, 4.629885673522949, 9.914876937866211, 3.604708671569824, 2.396347999572754, 5.142672538757324, 7.897143363952637, 5.602054119110107, 3.6244845390319824, 11.326122283935547, 10.965928077697754, 11.456127166748047, 11.19507122039795, 10.059914588928223, 10.77159309387207, 8.768399238586426, 4.448736190795898, 8.850261688232422, 3.992605447769165, 3.9251046180725098, 11.000661849975586, 4.009252548217773, 8.865497589111328, 10.90192985534668, 3.9798810482025146, 10.758593559265137, 10.043581008911133, 4.755755424499512, 12.106203079223633, 10.08409309387207, 4.724222183227539, 3.8853354454040527, 8.662408828735352, 4.9666643142700195, 11.18484115600586, 3.528364658355713, 13.689898490905762, 3.867772340774536, 3.6922354698181152, 4.2512736320495605, 11.387063980102539, 2.6299631595611572, 5.3908209800720215, 8.8993501663208, 10.386093139648438, 6.03101921081543, 4.939394474029541, 4.390969753265381, 5.838822364807129, 8.656607627868652, 3.2509913444519043, 5.602720260620117, 7.411322593688965, 13.199225425720215, 7.7248663902282715, 7.992012023925781, 7.6657304763793945, 10.373575210571289, 13.713500022888184, 6.183757305145264, 9.66242504119873, 3.7140190601348877, 9.666666984558105, 1.9001349210739136, 10.904701232910156, 8.13197135925293, 3.5540642738342285, 4.781281471252441, 3.9703102111816406, 4.309229850769043, 9.326417922973633, 10.279577255249023, 10.992441177368164, 12.09330940246582, 6.546112060546875, 11.666600227355957, 11.127796173095703, 3.501286506652832, 4.346932888031006, 3.883697986602783, 3.8818628787994385, 12.974761009216309, 7.801724910736084, 4.410825252532959, 4.573263645172119, 3.616865873336792, 5.387508869171143, 3.660708427429199, 11.099973678588867, 4.581882953643799, 6.037977695465088, 4.220654487609863, 9.978377342224121, 10.767366409301758, 11.550565719604492, 2.8875863552093506, 8.221797943115234, 8.636640548706055, 4.5575642585754395, 4.516287803649902, 4.221498966217041, 3.875169515609741, 6.861786842346191, 11.02799129486084, 8.62430477142334, 8.950859069824219, 10.888298988342285, 6.706502437591553, 4.098395347595215, 8.767134666442871, 12.741312980651855, 9.427578926086426, 4.402805805206299, 4.762895584106445, 4.737433433532715, 2.737128973007202, 3.7504541873931885, 4.172265529632568, 9.95960807800293, 4.6837158203125, 9.644277572631836, 4.317953109741211, 7.901049613952637, 14.820234298706055, 3.8393938541412354, 7.014490604400635, 4.446341514587402, 10.010278701782227, 11.830058097839355, 4.485714912414551, 4.523945331573486, 9.57379150390625, 12.306994438171387, 6.977247714996338, 3.8201637268066406, 10.901259422302246, 10.056885719299316, 11.655933380126953, 12.063822746276855, 8.187359809875488, 5.133195400238037, 2.840851068496704, 8.014509201049805, 9.6710205078125, 10.748445510864258, 3.9368457794189453, 12.303901672363281, 4.150857925415039, 4.689941883087158, 4.282357215881348, 11.46449089050293, 9.896924018859863, 13.921072959899902, 5.057440757751465, 5.066731929779053, 4.345924377441406, 9.966747283935547, 4.598703384399414, 4.693150520324707, 7.383304595947266, 8.367673873901367, 8.991618156433105, 6.66057014465332, 9.73779582977295, 8.967231750488281, 3.804384469985962, 10.258810043334961, 4.449163913726807, 10.166114807128906, 9.343490600585938, 11.818859100341797, 9.5526704788208, 3.935275077819824, 9.818978309631348, 8.671331405639648, 3.6644210815429688, 3.9370481967926025, 6.7412238121032715, 10.434881210327148, 4.351274490356445, 10.464731216430664, 13.016181945800781, 14.451162338256836, 9.83885383605957, 5.17379093170166, 10.254157066345215, 6.509405612945557, 7.979323387145996, 3.144115924835205, 4.2604265213012695, 5.1459527015686035, 7.473555564880371, 9.597975730895996, 4.3363566398620605, 10.655138969421387, 4.841868877410889, 4.728857040405273, 6.910398960113525, 9.453201293945312, 7.828354835510254, 10.398117065429688, 6.8281121253967285, 12.249730110168457, 7.48729133605957, 7.700512886047363, 10.130110740661621, 7.993780612945557, 7.70322322845459, 4.790014266967773, 3.4450721740722656, 5.474671840667725, 8.93045711517334, 4.1340765953063965, 12.481160163879395, 8.65932559967041, 5.4430437088012695, 8.569165229797363, 4.085221290588379, 2.3222427368164062, 9.82371711730957, 13.243083953857422, 11.415777206420898, 10.528379440307617, 11.026187896728516, 8.939264297485352, 7.354252815246582, 11.75271987915039, 3.745556116104126, 11.06014633178711, 7.7428975105285645, 3.750840425491333, 8.325502395629883, 10.931374549865723, 9.771512985229492, 8.455574989318848, 11.883675575256348, 8.519429206848145, 5.528252124786377, 10.85142993927002, 8.699512481689453, 4.795886516571045, 11.505376815795898, 3.3688719272613525, 11.189188003540039, 9.706840515136719, 5.884451866149902, 6.310434818267822, 4.76632022857666, 4.326868057250977, 11.858185768127441, 9.383334159851074, 10.727691650390625, 10.562084197998047, 10.776350975036621, 4.55475378036499, 10.538676261901855, 6.429435729980469, 10.829977989196777, 9.375946044921875, 11.151963233947754, 3.5653648376464844, 4.458253860473633, 11.341899871826172, 6.477965831756592, 9.714577674865723, 9.035201072692871, 9.0737943649292, 4.033176422119141, 7.299225330352783, 11.936563491821289, 4.862574100494385, 8.064229011535645, 8.137045860290527, 12.319290161132812, 9.245617866516113, 6.693149566650391, 10.751580238342285, 12.924062728881836, 6.464237689971924, 5.293520927429199, 13.462825775146484, 7.879144668579102, 5.217806339263916, 9.414204597473145, 13.666324615478516, 5.436051368713379, 10.02692985534668, 5.253237724304199, 7.690755367279053, 8.643593788146973, 8.619450569152832, 11.232686042785645, 7.269007205963135, 8.697216987609863, 11.109013557434082, 4.203787803649902, 4.053515911102295, 11.56550407409668, 9.08474063873291, 10.782737731933594, 5.332712173461914, 7.940751075744629, 9.584161758422852, 3.508669137954712, 4.8451948165893555, 11.314739227294922, 11.425019264221191, 11.566831588745117, 8.320577621459961, 3.8327763080596924, 7.133594512939453, 3.569993495941162, 8.691664695739746, 9.445435523986816, 12.46781063079834, 3.732971429824829, 6.014207363128662, 11.330070495605469, 10.446640968322754, 12.566444396972656, 7.873565673828125, 6.591998100280762, 11.78605842590332, 11.265423774719238, 10.73686408996582, 4.153139591217041, 5.073752403259277, 5.246387958526611, 10.235607147216797, 9.978316307067871, 2.809899091720581, 6.020484447479248, 10.092477798461914, 3.0157885551452637, 8.097518920898438, 7.748167037963867, 9.630022048950195, 4.498762607574463, 7.892741680145264, 10.831604957580566, 2.685150384902954, 3.9554672241210938, 8.591963768005371, 9.829733848571777, 6.156844139099121, 7.293583869934082, 11.39697265625, 9.229284286499023, 3.832998037338257, 6.909272193908691, 4.651708126068115, 10.073020935058594, 9.025815963745117, 11.12576961517334, 3.121032953262329, 11.260464668273926, 9.928624153137207, 5.190047264099121, 10.431700706481934, 10.437609672546387, 1.8936461210250854, 8.33603572845459, 12.83583927154541, 5.1853461265563965, 12.427353858947754, 3.6114516258239746, 3.946739673614502, 7.6715288162231445, 11.070539474487305, 8.726041793823242, 3.75319504737854, 10.346088409423828, 12.889703750610352, 4.410373687744141, 5.253315448760986, 11.497380256652832, 10.28812313079834, 10.669914245605469, 5.2574992179870605, 10.47976016998291, 9.369450569152832, 5.729923725128174, 8.084066390991211, 10.318595886230469, 10.572611808776855, 8.296452522277832, 9.071290969848633, 10.006054878234863, 9.919576644897461, 5.060916423797607, 13.573002815246582, 8.366279602050781, 14.359464645385742, 4.043778896331787, 8.436751365661621, 10.5455961227417, 11.481293678283691, 8.89560604095459, 8.188517570495605, 10.593025207519531, 6.151526927947998, 9.906682968139648, 4.748696804046631, 4.71433687210083, 5.118185997009277, 3.6650431156158447, 12.163605690002441, 11.88454532623291, 11.6228609085083, 7.502862453460693, 14.778158187866211, 3.6727824211120605, 5.42037296295166, 4.789566516876221, 10.080215454101562, 7.979013919830322, 11.982688903808594, 4.22164249420166, 8.864705085754395, 3.8630664348602295, 9.901671409606934, 10.571142196655273, 9.799290657043457, 9.961265563964844, 13.827820777893066, 11.217832565307617, 2.7035903930664062, 10.99418830871582, 6.403782367706299, 4.595611572265625, 11.068888664245605, 13.910466194152832, 5.045256614685059, 4.003286838531494, 11.300877571105957, 11.187955856323242, 6.518558979034424, 3.758082866668701, 6.158328533172607, 9.367332458496094, 8.488121032714844, 7.891798973083496, 8.47459888458252, 7.168613433837891, 5.244489669799805, 8.151554107666016, 7.780904769897461, 11.404934883117676, 4.04104471206665, 7.082637310028076, 5.525203704833984, 8.654529571533203, 6.422513484954834, 7.659318923950195, 13.859618186950684, 4.532845973968506, 9.725639343261719, 10.547565460205078, 2.7446000576019287, 4.618124485015869, 12.548249244689941, 3.6299188137054443, 4.847408294677734, 4.770224094390869, 11.43397045135498, 11.29848861694336, 10.727460861206055, 10.79179573059082, 6.799137592315674, 4.761837482452393, 9.736597061157227, 3.9054982662200928, 8.940763473510742, 5.381255149841309, 12.757868766784668, 5.324777603149414, 3.888392448425293, 5.430424213409424, 12.242167472839355, 4.658008098602295, 10.418694496154785, 11.77737045288086, 4.321897506713867, 3.7035024166107178, 12.80521011352539, 9.154790878295898, 4.335949897766113, 5.003707408905029, 13.927957534790039, 7.725305557250977, 4.93994665145874, 11.5731782913208, 8.146355628967285, 9.72674560546875, 12.414679527282715, 3.588214635848999, 4.133930683135986, 6.139352798461914, 9.450217247009277, 12.045909881591797, 7.534029960632324, 3.733553647994995, 6.130311965942383, 3.7580623626708984, 9.186043739318848, 3.6706650257110596, 6.326772212982178, 5.110029220581055, 5.722499370574951, 4.494375228881836, 12.608453750610352, 3.849226474761963, 6.251245021820068, 5.142090797424316, 4.741271018981934, 8.973420143127441, 3.605128765106201, 8.997241973876953, 4.558210849761963, 11.249258041381836, 9.474191665649414, 12.407587051391602, 11.572246551513672, 14.348967552185059, 11.210307121276855, 4.273836612701416, 5.214727401733398, 5.942162990570068, 10.875545501708984, 7.57668399810791, 9.077253341674805, 4.170868873596191, 9.03893756866455, 8.59165096282959, 4.118221282958984, 10.550951957702637, 3.5538058280944824, 7.424654960632324, 7.187807083129883, 9.710036277770996, 6.961034297943115, 5.881855010986328, 10.556602478027344, 10.492715835571289, 3.916372060775757, 3.958700180053711, 8.167791366577148, 5.319894790649414, 3.3037030696868896, 3.3097198009490967, 8.941717147827148, 4.334848403930664, 7.291196823120117, 3.9837541580200195, 7.480400085449219, 12.24631404876709, 3.898247003555298, 7.533149719238281, 7.406416416168213, 5.594923973083496, 4.849120140075684, 3.976879119873047, 3.7646067142486572, 8.125996589660645, 5.289158344268799, 9.135189056396484, 8.530744552612305, 11.311982154846191, 4.002753734588623, 9.001263618469238, 6.691559791564941, 10.248939514160156, 4.362009525299072, 8.43302059173584, 7.903103351593018, 10.81161117553711, 9.050572395324707, 5.313918113708496, 10.295310974121094, 4.796050071716309, 10.555123329162598, 7.873154640197754, 15.008852005004883, 11.19111442565918, 5.717096328735352, 3.467353105545044, 8.85442066192627, 2.401564836502075, 7.847196102142334, 6.042019367218018, 12.69982624053955, 10.342954635620117, 1.5491509437561035, 8.291555404663086, 8.284048080444336, 4.735698699951172, 7.192686557769775, 7.976579189300537, 12.508458137512207, 4.464770793914795, 4.964344501495361, 8.269659042358398, 11.41563892364502, 5.570289611816406, 3.5941543579101562, 3.8801488876342773, 4.267491817474365, 3.6758859157562256, 9.467352867126465, 10.818991661071777, 8.218586921691895, 5.437352180480957, 10.757567405700684, 9.953027725219727, 9.743226051330566, 3.924229621887207, 13.643877983093262, 4.634567737579346, 5.03736686706543, 6.942091941833496, 4.43985652923584, 10.573199272155762, 4.795350074768066, 12.019950866699219, 7.108079433441162, 3.950209379196167, 4.886168956756592, 4.329208850860596, 9.707491874694824, 10.291537284851074, 9.522554397583008, 9.474225997924805, 8.413946151733398, 14.594207763671875, 6.60390043258667, 9.653755187988281, 7.311712265014648, 10.71688175201416, 4.8532819747924805, 8.040999412536621, 7.806522846221924, 12.16148853302002, 12.622307777404785, 10.16901969909668, 4.201178550720215, 10.670309066772461, 4.594476699829102, 10.904462814331055, 10.035804748535156, 10.100664138793945, 10.935922622680664, 8.490927696228027, 8.734079360961914, 10.67489242553711, 3.3263609409332275, 7.825700759887695, 4.893679141998291, 2.645738124847412, 3.421481132507324, 5.106053829193115, 8.647248268127441, 9.507347106933594, 3.383730888366699, 8.504199028015137, 9.330638885498047, 10.82370376586914, 8.876941680908203, 9.744823455810547, 10.446016311645508, 4.866594314575195, 5.476065635681152, 3.941967010498047, 8.899189949035645, 13.73503589630127, 9.351229667663574, 9.327421188354492, 4.852665424346924, 7.843991756439209, 12.089075088500977, 4.018329620361328, 4.396173000335693, 7.060396194458008, 8.19174861907959, 11.324231147766113, 12.077276229858398, 3.8925955295562744, 2.785425901412964, 9.224489212036133, 4.092617034912109, 4.361436367034912, 12.236842155456543, 3.145972728729248, 4.557973384857178, 3.56394624710083, 11.900001525878906, 5.206184387207031, 5.3085856437683105, 7.481347560882568, 6.815838813781738, 7.530163764953613, 8.429181098937988, 8.983673095703125, 4.495713710784912, 4.636538505554199, 3.6494834423065186, 4.179438591003418, 9.912389755249023, 8.590709686279297, 4.27095890045166, 11.001317977905273, 10.12131118774414, 9.71402359008789, 10.578889846801758, 11.00508975982666, 10.607574462890625, 4.78688383102417, 5.176693916320801, 5.842458248138428, 3.475472927093506, 8.664926528930664, 9.440386772155762, 8.046619415283203, 8.184929847717285, 11.46291732788086, 2.1506285667419434, 9.25832748413086, 9.32448673248291, 3.919236660003662, 8.264994621276855, 11.7976713180542, 4.11651611328125, 4.095127582550049, 4.660789489746094, 5.535181522369385, 10.969042778015137, 13.536701202392578, 3.1489527225494385, 4.0927605628967285, 5.588719844818115, 13.003783226013184, 6.532988548278809, 3.5177128314971924, 4.391495704650879, 2.353760004043579, 8.135791778564453, 7.53071403503418, 3.759836435317993, 11.044336318969727, 6.247954845428467, 10.746620178222656, 8.292993545532227, 8.56141471862793, 11.672565460205078, 9.907475471496582, 6.031594276428223, 4.863431930541992, 3.6740643978118896, 5.137117385864258, 9.859522819519043, 4.134006977081299, 8.627622604370117, 12.194887161254883, 6.606456279754639, 15.583283424377441, 12.557646751403809, 12.674635887145996, 11.498136520385742, 4.024116516113281, 4.586481094360352, 9.381256103515625, 12.742654800415039, 4.885262489318848, 8.821378707885742, 9.645027160644531, 10.040719032287598, 3.572068929672241, 10.313051223754883, 3.2201123237609863, 9.030370712280273, 9.102936744689941, 12.653607368469238, 12.32221794128418, 8.827339172363281, 7.120300769805908, 5.4063239097595215, 3.9109323024749756, 9.487829208374023, 8.253486633300781, 11.327720642089844, 3.9724597930908203, 13.614778518676758, 4.150954246520996, 11.727967262268066, 7.343017101287842, 9.980865478515625, 7.49538516998291, 8.130961418151855, 12.21214485168457, 3.646867513656616, 9.791104316711426, 3.482649087905884, 10.04154109954834, 4.049456596374512, 11.932273864746094, 10.28628921508789, 10.366844177246094, 9.752973556518555, 4.852278709411621, 10.155327796936035, 3.9021315574645996, 11.76225757598877, 12.550999641418457, 5.657400131225586, 4.239040851593018, 2.6296801567077637, 3.4421279430389404, 8.221363067626953, 3.6655728816986084, 9.72672176361084, 4.340931415557861, 5.158108234405518, 11.036064147949219, 13.779231071472168, 11.362808227539062, 7.498730659484863, 3.32043194770813, 3.9528086185455322, 5.902712345123291, 4.882336616516113, 4.655928611755371, 8.75518798828125, 11.149158477783203, 7.497119426727295, 3.6969077587127686, 12.487577438354492, 9.637983322143555, 3.3683719635009766, 10.292414665222168, 9.4554443359375, 8.896100044250488, 8.088773727416992, 9.523561477661133, 4.916599750518799, 11.2584228515625, 8.557785987854004, 14.87236213684082, 10.074856758117676, 10.96529769897461, 8.380937576293945, 11.518683433532715, 9.796627044677734, 5.560328006744385, 11.480579376220703, 2.9822661876678467, 9.809050559997559, 5.169564723968506, 3.4380288124084473, 8.02985668182373, 2.7979960441589355, 9.066366195678711, 9.193264961242676, 4.1847243309021, 8.893631935119629, 11.789031982421875, 12.521123886108398, 9.006234169006348, 7.163180828094482, 12.047222137451172, 10.570685386657715, 11.969383239746094, 10.604702949523926, 1.6153590679168701, 4.696295738220215, 11.774375915527344, 9.390791893005371, 3.07965087890625, 3.6754767894744873, 10.881840705871582, 13.870698928833008, 9.290538787841797, 8.328096389770508, 4.085857391357422, 11.306600570678711, 8.796993255615234, 11.92074966430664, 7.598474979400635, 6.595285415649414, 11.421740531921387, 3.374330997467041, 1.5087724924087524, 10.12024974822998, 8.494427680969238, 6.8782267570495605, 11.04465389251709, 4.026771545410156, 10.404572486877441, 6.277400016784668, 6.600831985473633, 4.205867767333984, 4.192330837249756, 10.164782524108887, 12.75913143157959, 4.401551723480225, 4.879913806915283, 7.959278106689453, 11.939958572387695, 4.464985370635986, 11.434066772460938, 11.079083442687988, 8.478903770446777, 3.822869300842285, 4.3488054275512695, 4.297879219055176, 10.237053871154785, 8.60766315460205, 12.052838325500488, 8.223496437072754, 11.51768684387207, 3.656384229660034, 7.287473678588867, 11.475288391113281, 10.513229370117188, 9.876703262329102, 8.952086448669434, 13.530442237854004, 4.594488620758057, 3.650486946105957, 8.061059951782227, 4.743403911590576, 8.813661575317383, 9.944543838500977, 8.90503978729248, 13.097801208496094, 11.402055740356445, 3.2595887184143066, 4.563130855560303, 11.717704772949219, 11.908220291137695, 4.1914262771606445, 9.963783264160156, 2.506608724594116, 3.4763808250427246, 12.52138614654541, 9.492308616638184, 9.866057395935059, 9.622418403625488, 2.894089460372925, 7.991570472717285, 9.63801097869873, 12.075528144836426, 7.093649387359619, 5.558758735656738, 12.939613342285156, 10.169878005981445, 8.16158676147461, 9.122065544128418, 10.483373641967773, 4.196431636810303, 3.3321454524993896, 7.604851245880127, 3.637413263320923, 4.873244285583496, 4.177648544311523, 7.225327491760254, 8.981891632080078, 12.849709510803223, 4.480246543884277, 6.645545482635498, 7.53895378112793, 6.602707862854004, 12.422234535217285, 9.399182319641113, 11.536308288574219, 13.150230407714844, 5.350905895233154, 4.3467302322387695, 5.7887043952941895, 8.934463500976562, 9.603156089782715, 10.017586708068848, 11.943378448486328, 8.412635803222656, 11.985221862792969, 12.885613441467285, 8.100357055664062, 9.574840545654297, 12.374007225036621, 4.521469593048096, 5.771374225616455, 12.129022598266602, 10.667677879333496, 10.25167465209961, 11.452049255371094, 12.183995246887207, 3.9653379917144775, 3.551316738128662, 5.6838698387146, 12.646082878112793, 11.211795806884766, 9.906655311584473, 11.637474060058594, 4.585700035095215, 11.456842422485352, 8.039939880371094, 9.4425687789917, 13.489340782165527, 4.502905368804932, 10.294681549072266, 9.684762954711914, 13.613994598388672, 6.598519325256348, 8.42932415008545, 11.49962329864502, 5.165816307067871, 12.6115140914917, 3.906752824783325, 5.023305416107178, 9.087520599365234, 4.505408763885498, 11.152106285095215, 8.67628002166748, 10.77184009552002, 9.835783958435059, 4.208060264587402, 10.558813095092773, 10.80839729309082, 4.149421691894531, 13.547577857971191, 8.667184829711914, 8.325020790100098, 4.616873264312744, 6.826379776000977, 7.487218856811523, 10.066807746887207, 12.42947006225586, 4.142821311950684, 10.49238395690918, 10.849129676818848, 7.836432456970215, 12.050237655639648, 3.592552661895752, 9.030791282653809, 10.957796096801758, 5.117838382720947, 5.021198749542236, 11.592120170593262, 4.297823429107666, 3.844241142272949, 11.134995460510254, 4.114411354064941, 10.933389663696289, 6.74060583114624, 8.009917259216309, 11.80813217163086, 8.36646842956543, 11.693856239318848, 7.45192813873291, 9.189081192016602, 3.4213998317718506, 4.55910062789917, 11.238017082214355, 9.651261329650879, 12.689001083374023, 10.301965713500977, 9.007475852966309, 10.509881973266602, 13.39169692993164, 12.047905921936035, 4.1097612380981445, 4.447991847991943, 11.405818939208984, 11.412835121154785, 3.962712526321411, 9.953792572021484, 5.229953289031982, 10.863057136535645, 13.080530166625977, 7.3682122230529785, 4.388391971588135, 9.609993934631348, 11.225885391235352, 7.685277938842773, 6.762897968292236, 9.515841484069824, 6.816206932067871, 12.310772895812988, 5.972641468048096, 8.558536529541016, 13.555883407592773, 11.802305221557617, 8.467245101928711, 4.084323883056641, 8.945900917053223, 5.705434799194336, 6.2727370262146, 3.818568468093872, 11.68437385559082, 8.542546272277832, 11.523357391357422, 12.593820571899414, 11.203725814819336, 2.7872684001922607, 7.079632759094238, 10.929990768432617, 5.943930149078369, 9.399165153503418, 9.653617858886719, 3.5194735527038574, 8.893643379211426, 5.536503314971924, 4.117825984954834, 11.969025611877441, 10.632386207580566, 8.291232109069824, 11.428731918334961, 7.577306270599365, 8.356369018554688, 10.673619270324707, 9.179619789123535, 4.137509346008301, 10.737044334411621, 5.1261372566223145, 3.8111155033111572, 12.425821304321289, 3.1736793518066406, 8.196014404296875, 6.126919269561768, 11.48595905303955, 11.763321876525879, 8.141777038574219, 10.952534675598145, 12.415454864501953, 10.741231918334961, 12.270462989807129, 6.945796489715576, 6.860086917877197, 9.713702201843262, 3.1832478046417236, 6.822732448577881, 4.299135684967041, 3.6248221397399902, 9.936848640441895, 4.2915449142456055, 5.843207359313965, 8.547064781188965, 5.166966438293457, 7.118882656097412, 11.27110767364502, 10.268192291259766, 9.72979736328125, 8.467428207397461, 10.785760879516602, 7.495178699493408, 10.315312385559082, 13.830102920532227, 9.325510025024414, 10.514155387878418, 8.186908721923828, 9.169578552246094, 1.8630170822143555, 9.188633918762207, 8.443395614624023, 11.239855766296387, 9.420238494873047, 11.800684928894043, 3.7289185523986816, 10.311124801635742, 9.140706062316895, 3.3918092250823975, 12.190109252929688, 10.945539474487305, 12.21015453338623, 7.921214580535889, 7.2345476150512695, 9.487727165222168, 4.162168979644775, 8.937028884887695, 9.359251976013184, 11.99866008758545, 4.42759370803833, 3.9384055137634277, 8.788312911987305, 11.577818870544434, 4.8920416831970215, 11.552706718444824, 11.449633598327637, 4.870258808135986, 8.023591995239258, 13.973994255065918, 3.319287061691284, 12.879598617553711, 12.488492965698242, 12.801209449768066, 13.969271659851074, 4.0072197914123535, 11.343655586242676, 8.19480037689209, 10.576481819152832, 6.694653511047363, 3.532700777053833, 9.581747055053711, 3.457346200942993, 11.494271278381348, 10.274025917053223, 10.882193565368652, 5.205277442932129, 4.045526504516602, 8.035788536071777, 10.395548820495605, 10.353596687316895, 8.819337844848633, 11.203983306884766, 11.934369087219238, 13.853110313415527, 9.845540046691895, 11.080150604248047, 11.066558837890625, 9.233513832092285, 14.484102249145508, 8.638038635253906, 4.066008567810059, 6.15454626083374, 10.762080192565918, 10.584463119506836, 7.964605331420898, 10.984312057495117, 12.844510078430176, 10.98149585723877, 5.027527809143066, 1.940598964691162, 8.660561561584473, 3.952596426010132, 4.087071895599365, 9.545171737670898, 11.356938362121582, 3.9553046226501465, 9.646763801574707, 6.665099620819092, 12.543656349182129, 10.364399909973145, 4.581290245056152, 11.811152458190918, 10.3218355178833, 13.531173706054688, 10.239916801452637, 7.82959508895874, 4.7950029373168945, 10.416383743286133, 3.938178300857544, 6.35528564453125, 9.746853828430176, 11.647872924804688, 8.104792594909668, 3.3384056091308594, 9.62671184539795, 9.589737892150879, 8.514408111572266, 8.068351745605469, 12.567529678344727, 8.400408744812012, 4.316731929779053, 10.832653999328613, 11.355899810791016, 7.778994560241699, 8.613802909851074, 8.953166007995605, 6.5743865966796875, 8.391727447509766, 12.807499885559082, 4.373754024505615, 10.626932144165039, 10.513968467712402, 7.357881546020508, 3.4897587299346924, 12.39509105682373, 9.189282417297363, 11.796917915344238, 9.167116165161133, 13.03353500366211, 2.4647088050842285, 9.599847793579102, 4.2169508934021, 8.170047760009766, 8.10729694366455, 8.86413860321045, 10.13511848449707, 3.5701675415039062, 4.756948947906494, 6.030752182006836, 3.8850066661834717, 10.07225513458252, 8.406927108764648, 13.767446517944336, 12.071919441223145, 5.203470706939697, 12.999200820922852, 9.459432601928711, 4.75197172164917, 9.13644790649414, 8.645604133605957, 9.087539672851562, 8.921436309814453, 12.760978698730469, 7.367702484130859, 10.399029731750488, 3.9865407943725586, 14.507688522338867, 9.233135223388672, 3.7578372955322266, 11.841692924499512, 4.851435661315918, 4.345759391784668, 14.172635078430176, 10.227202415466309, 10.658975601196289, 9.832199096679688, 7.853279113769531, 12.374329566955566, 9.964733123779297, 10.818897247314453, 9.913719177246094, 8.763197898864746, 9.770743370056152, 2.7093091011047363, 4.605145454406738, 8.497406959533691, 7.142714500427246, 4.717139720916748, 11.311479568481445, 3.171869993209839, 11.252095222473145, 4.610867023468018, 7.207643985748291, 8.21043872833252, 5.600191116333008, 9.461620330810547, 11.494874000549316, 7.467748165130615, 11.063812255859375, 10.527641296386719, 10.759744644165039, 8.350899696350098, 3.9561381340026855, 10.924890518188477, 9.67050838470459, 9.051435470581055, 4.439924716949463, 8.140765190124512, 12.55693244934082, 15.917704582214355, 8.849234580993652, 9.288642883300781, 3.158888339996338, 4.451761722564697, 11.447697639465332, 7.462136268615723, 10.853631973266602, 11.514591217041016, 8.095805168151855, 10.308856010437012, 3.9637451171875]
Cosines similarity random samples
[0.8762165904045105, -0.8701364994049072, 0.839527428150177, -0.6804961562156677, -0.6068263053894043, -0.08941420912742615, 0.6578314900398254, -0.6115801334381104, -0.1622650921344757, -0.5934678316116333, -0.8467845916748047, -0.5147001147270203, 0.10951156914234161, -0.6124653816223145, 0.4776182472705841, -0.08451591432094574, -0.5303338766098022, -0.32210397720336914, -0.3524964451789856, -0.5297816395759583, 0.8751329183578491, -0.034763991832733154, 0.923651933670044, 0.6619371771812439, -0.27977868914604187, -0.7349224090576172, 0.12426938116550446, 0.8085753917694092, -0.7571148872375488, 0.6181833744049072, 0.0214758962392807, -0.030249394476413727, -0.056671082973480225, -0.6022292375564575, 0.006593093276023865, 0.8631912469863892, 0.8761959075927734, 0.724075198173523, 0.8289468288421631, -0.03224119544029236, -0.7434750199317932, 0.6250187158584595, -0.685684323310852, -0.7118721008300781, 0.6948382258415222, -0.5019819736480713, 0.8066353797912598, 0.2974933981895447, 0.7042076587677002, 0.4510052800178528, -0.5657248497009277, 0.6764752268791199, 0.7777662873268127, -0.0805707648396492, -0.12119882553815842, -0.5170311331748962, -0.7577803134918213, -0.5063919425010681, 0.531602680683136, -0.40733271837234497, 0.8657464981079102, -0.5414633750915527, 0.8944287300109863, -0.15579967200756073, -0.7433868646621704, -0.0001154094934463501, 0.015431597828865051, 0.7175241708755493, -0.40876516699790955, 0.737607479095459, -0.23258677124977112, -0.5459190011024475, 0.8035097122192383, -0.2288835048675537, -0.48619672656059265, -0.6091551780700684, 0.901033878326416, 0.7741689085960388, 0.8476630449295044, 0.6718239784240723, -0.49078643321990967, 0.7705636620521545, 0.7478659152984619, 0.7863789200782776, 0.9429906010627747, -0.4213280975818634, 0.6856867074966431, 0.8262540102005005, 0.8074648380279541, -0.4887385964393616, -0.3789527118206024, -0.3808520436286926, 0.721248984336853, -0.7356265783309937, 0.2703312933444977, 0.8847532272338867, 0.8089777827262878, 0.828883707523346, 0.7930679321289062, 0.8536890745162964, -0.643553614616394, -0.6431245803833008, 0.8034504652023315, 0.8367605209350586, 0.7513164281845093, -0.43860501050949097, -0.6078574657440186, -0.3817439675331116, -0.7249547243118286, -0.2983364462852478, 0.7158259153366089, 0.7699612379074097, -0.8708861470222473, -0.5437816381454468, 0.6848063468933105, -0.0895489752292633, -0.6269617080688477, -0.31074732542037964, -0.52382493019104, 0.02555907517671585, 0.9075309634208679, -0.626683235168457, 0.7704263925552368, -0.43640390038490295, 0.6072164177894592, 0.8298362493515015, 0.9156432151794434, -0.3800499141216278, -0.646568775177002, 0.7742631435394287, 0.5768527388572693, -0.4764569401741028, -0.5257351398468018, 0.5835262537002563, -0.4136965870857239, 0.6772594451904297, 0.8011242151260376, -0.3623241186141968, -0.14388355612754822, 0.7868358492851257, -0.6830689907073975, -0.6453593969345093, 0.7714987993240356, 0.7663347721099854, -0.3164907693862915, -0.6537213325500488, -0.7230544090270996, -0.0963556319475174, 0.5614892840385437, -0.6945850849151611, -0.45035064220428467, -0.2012225091457367, 0.7723203897476196, 0.7327370047569275, 0.8552386164665222, 0.857248067855835, 0.8177402019500732, -0.8559682369232178, 0.7541831731796265, 0.876285195350647, 0.7962452173233032, -0.2811797261238098, 0.6372388601303101, -0.5850951075553894, 0.7504909038543701, -0.08101949840784073, 0.5896406173706055, -0.793837308883667, 0.8378859758377075, 0.7637271881103516, -0.7164539694786072, 0.8043836951255798, -0.5389668941497803, -0.4318731427192688, 0.8669498562812805, 0.07096126675605774, 0.756752610206604, -0.004554063081741333, -0.5660632848739624, 0.8829602003097534, 0.8345617651939392, -0.7291988730430603, 0.6680408120155334, -0.6844067573547363, 0.790742039680481, -0.7590886950492859, 0.6833356022834778, 0.7613950967788696, 0.05633199214935303, 0.9268091917037964, -0.4306410253047943, -0.293078750371933, -0.49598386883735657, 0.7357807159423828, 0.7905694246292114, -0.6773962378501892, -0.20349523425102234, 0.8042300939559937, 0.45111948251724243, 0.8759359121322632, -0.18315738439559937, -0.6351103782653809, 0.7757720947265625, -0.478701651096344, -0.6723461747169495, -0.7125102281570435, -0.6405110955238342, -0.18493708968162537, 0.2024533599615097, -0.29944273829460144, 0.2183459997177124, -0.48966461420059204, 0.5738230347633362, 0.033844299614429474, -0.6920137405395508, -0.44908666610717773, 0.809822678565979, 0.8384459018707275, -0.6882747411727905, -0.7411966323852539, 0.7528221607208252, 0.9164812564849854, -0.6038499474525452, -0.766365647315979, 0.6262151002883911, -0.48482194542884827, -0.08799358457326889, -0.5923963785171509, -0.004255466163158417, 0.8847091197967529, -0.6472861766815186, -0.6159651279449463, 0.07908609509468079, 0.7724409103393555, -0.7101058959960938, 0.7019098401069641, -0.17799042165279388, 0.6969093084335327, 0.670629620552063, 0.7824112772941589, -0.5705115795135498, 0.8557215929031372, -0.6774487495422363, 0.8947948217391968, 0.8698840141296387, 0.7608760595321655, 0.7957553863525391, 0.824852705001831, -0.7621245384216309, 0.11800497025251389, -0.498863160610199, 0.8799381256103516, -0.5259548425674438, 0.958922803401947, 0.7450348734855652, -0.24207065999507904, -0.4391922950744629, 0.7844886779785156, -0.628839373588562, -0.18376030027866364, 0.9798835515975952, 0.8828546404838562, -0.503979504108429, 0.8101413249969482, -0.29635894298553467, -0.6285908222198486, 0.026279035955667496, 0.7567378282546997, 0.7969246506690979, 0.8810529708862305, -0.20068949460983276, 0.655624270439148, 0.25128602981567383, -0.3594595193862915, -0.033423587679862976, -0.0034699589014053345, 0.7750608921051025, -0.2658448815345764, -0.48470818996429443, 0.1602412760257721, 0.36868926882743835, -0.041254252195358276, -0.30754998326301575, 0.7469143271446228, 0.6103338003158569, 0.6547448635101318, 0.7464084625244141, -0.5798414349555969, -0.3308374285697937, -0.5751701593399048, -0.19496290385723114, 0.7518012523651123, 0.5201742649078369, -0.6063178181648254, -0.5340731143951416, -0.8251238465309143, -0.47558626532554626, 0.45496630668640137, 0.832173228263855, -0.07302655279636383, 0.7271374464035034, -0.7581096887588501, 0.786407470703125, -0.7203258872032166, -0.8246446847915649, 0.11119702458381653, -0.5526127219200134, -0.8093313574790955, 0.8688383102416992, 0.351931631565094, -0.5760367512702942, -0.6520724296569824, 0.6345152854919434, 0.9004818201065063, -0.15903839468955994, 0.9934630990028381, -0.8185914158821106, 0.7809464931488037, 0.7200406193733215, 0.5561662316322327, 0.42252612113952637, 0.7270161509513855, -0.4669840931892395, 0.8843601942062378, 0.7678531408309937, 0.8772920370101929, -0.2387484908103943, -0.4638209342956543, 0.8208959698677063, 0.8820067644119263, 0.8944146633148193, -0.7619008421897888, 0.852241039276123, -0.004904791712760925, 0.7669121026992798, -0.6254290342330933, 0.7577573657035828, -0.6888947486877441, 0.373632550239563, 0.7904424667358398, 0.7230842113494873, 0.3927379846572876, 0.5618321895599365, -0.37803584337234497, -0.3514380156993866, 0.8448741436004639, 0.7478816509246826, 0.6843045949935913, 0.940247118473053, -0.3689391016960144, -0.308825820684433, 0.6829549074172974, -0.000293683260679245, -0.31508299708366394, -0.2907775938510895, 0.8197344541549683, 0.8285509347915649, -0.4939805269241333, -0.8085789680480957, -0.1109904870390892, -0.5008452534675598, 0.8362964391708374, 0.787277102470398, -0.33625879883766174, -0.7374083995819092, 0.843449592590332, 0.8596938848495483, -0.2383517324924469, 0.6683114767074585, -0.5913810133934021, -0.7649996280670166, 0.8616292476654053, 0.7696877717971802, -0.364246666431427, 0.21894952654838562, -0.38362181186676025, -0.3106065094470978, -0.5655077695846558, 0.8227212429046631, -0.1900426745414734, -0.32382088899612427, -0.4827587306499481, 0.9352536201477051, -0.17760658264160156, 0.799447774887085, 0.9401333332061768, 0.6280460953712463, -0.4598172903060913, 0.8177139163017273, -0.8057241439819336, -0.564899206161499, 0.8902617692947388, -0.0811413824558258, 0.7547942996025085, -0.7348601818084717, -0.6494052410125732, -0.5911701917648315, -0.17465035617351532, 0.802444577217102, -0.15167628228664398, 0.8661127686500549, 0.045597247779369354, -0.346510112285614, -0.8315426111221313, -0.3017032742500305, -0.3641440272331238, -0.6809446215629578, -0.2581082880496979, 0.3166393041610718, 0.905915379524231, 0.2770783305168152, 0.8179537057876587, -0.18898634612560272, 0.9453134536743164, 0.8288837671279907, -0.6071799993515015, -0.6149199604988098, -0.5943495631217957, 0.856916069984436, 0.863722562789917, -0.540929913520813, 0.8502401113510132, -0.031098106876015663, 0.6499723792076111, 0.8039376735687256, -0.22663259506225586, 0.7752166986465454, 0.8867875337600708, 0.8566266894340515, -0.4157714545726776, 0.5592375993728638, 0.8741562366485596, 0.8377931118011475, 0.8444378972053528, 0.7456483840942383, 0.8708767294883728, 0.8533039093017578, 0.7790932655334473, 0.8584357500076294, 0.945388674736023, 0.38101688027381897, 0.9097665548324585, 0.8040162324905396, -0.28227636218070984, -0.05429203808307648, -0.4092147946357727, 0.8320515155792236, -0.14534611999988556, 0.25165820121765137, 0.7359071373939514, -0.1874309629201889, -0.18980084359645844, -0.006967909634113312, 0.6697609424591064, 0.42785361409187317, -0.16942420601844788, 0.7836048007011414, 0.7265225052833557, 0.9087294936180115, 0.06617359071969986, 0.7692373991012573, -0.7506400346755981, -0.3846343159675598, 0.7566268444061279, -0.20556454360485077, -0.716904878616333, -0.5621694922447205, -0.29797667264938354, 0.8594585657119751, 0.8017293214797974, -0.6892420053482056, -0.5331289768218994, 0.9267681241035461, -0.6688262820243835, -0.8322440385818481, -0.5838634967803955, -0.3353356719017029, -0.7156745195388794, 0.8066281080245972, 0.8706236481666565, -0.8441691398620605, 0.6284767389297485, 0.9166727066040039, 0.8274788856506348, -0.6612035036087036, 0.7816148400306702, -0.1779158115386963, -0.3321796953678131, 0.2624191641807556, -0.1614806354045868, 0.8405735492706299, -0.8182528018951416, -0.6467853784561157, -0.3809647262096405, 0.8523704409599304, 0.2673637866973877, 0.010221093893051147, 0.7225915193557739, -0.25565871596336365, 0.8146320581436157, 0.9007521867752075, -0.7916649580001831, -0.41784006357192993, 0.7535527348518372, -0.19504138827323914, -0.8029471635818481, -0.5108108520507812, 0.817058801651001, 0.7999014854431152, 0.8294059038162231, 0.856290340423584, -0.8613361120223999, -0.8206996917724609, 0.9426745176315308, 0.6224175691604614, -0.44924336671829224, -0.7808293700218201, -0.6345639228820801, 0.8042407631874084, 0.7858717441558838, -0.655263364315033, 0.6303083896636963, 0.8274581432342529, 0.7191798686981201, 0.8173988461494446, -0.855256974697113, -0.36650168895721436, 0.4584430456161499, 0.8296182155609131, -0.5066342353820801, -0.02604777365922928, 0.8387187719345093, -0.5555145740509033, -0.6288095116615295, 0.43974822759628296, -0.6293362379074097, 0.8100261688232422, -0.1396503448486328, -0.21305876970291138, 0.09806296974420547, 0.3709535598754883, 0.9143878221511841, -0.4045042395591736, -0.875335156917572, -0.7222678065299988, -0.11659948527812958, 0.6922188997268677, -0.3961664140224457, 0.8199384808540344, -0.1993444263935089, -0.5619778633117676, -0.5616496205329895, 0.9101681709289551, -0.2296026051044464, -0.838579535484314, 0.8362522125244141, -0.7427434325218201, -0.3342912197113037, 0.8233676552772522, 0.7777958512306213, 0.17229294776916504, -0.361899197101593, -0.1361387073993683, 0.8622621893882751, 0.6736173033714294, -0.490697979927063, 0.22038118541240692, 0.8708204627037048, 0.733504056930542, 0.6576889753341675, -0.3774718642234802, -0.49453771114349365, 0.7671939134597778, 0.8364038467407227, -0.6875805854797363, 0.7985170483589172, 0.16151729226112366, 0.6517608165740967, 0.8082491159439087, 0.1611538827419281, -0.8452006578445435, -0.32590192556381226, -0.25256434082984924, -0.7698842883110046, 0.9499789476394653, 0.8778989911079407, 0.8245728015899658, 0.8198933005332947, -0.12466918677091599, -0.5889400839805603, -0.516731858253479, -0.17630234360694885, 0.6229351758956909, -0.6650426387786865, -0.8321643471717834, -0.4707551598548889, 0.8280903100967407, -0.7783941030502319, -0.18277916312217712, 0.7320507764816284, 0.8663440942764282, -0.7084918022155762, -0.7257353067398071, 0.8410071134567261, -0.41462910175323486, -0.4781836271286011, 0.4114474356174469, 0.558809757232666, -0.46817663311958313, 0.8236187696456909, -0.71137535572052, -0.5488095283508301, -0.6147080659866333, -0.6138073801994324, 0.7859711050987244, -0.7861083745956421, -0.37275272607803345, -0.5568876266479492, -0.5846483707427979, 0.4079914391040802, -0.7090656757354736, 0.4617599844932556, -0.6277831792831421, 0.7636719942092896, 0.8990257978439331, -0.4581930637359619, 0.8182536959648132, 0.7670127153396606, 0.7141883373260498, -0.34307003021240234, -0.6338783502578735, 0.74427330493927, 0.7257890701293945, -0.16818660497665405, 0.8428714275360107, 0.870356559753418, 0.8123002648353577, 0.8494372367858887, -0.8367199897766113, -0.6797728538513184, 0.6993580460548401, 0.2831834554672241, 0.9163904190063477, -0.6385696530342102, -0.6165874004364014, 0.8494828343391418, -0.46407610177993774, 0.7879930734634399, 0.7565340995788574, -0.6940548419952393, 0.7868519425392151, -0.567754864692688, 0.9379594326019287, -0.14827945828437805, 0.6398070454597473, -0.45771104097366333, 0.829488217830658, -0.4273928701877594, 0.803329586982727, 0.8830536007881165, 0.533568263053894, 0.8463717699050903, -0.2485819309949875, -0.2556920051574707, -0.7655683755874634, 0.8941097259521484, -0.7359937429428101, 0.15015417337417603, 0.8547770380973816, 0.9349994659423828, -0.5296518206596375, 0.7041244506835938, 0.1563754379749298, 0.7627582550048828, 0.4719051420688629, 0.26127564907073975, -0.21347381174564362, -0.20065030455589294, -0.14163300395011902, -0.2560075521469116, 0.8963122367858887, -0.489175021648407, 0.6353238224983215, 0.9347978234291077, 0.9323544502258301, -0.5973060131072998, -0.601386308670044, 0.745293140411377, -0.6940317153930664, 0.8642876744270325, 0.4014843702316284, -0.17676904797554016, -0.3698071539402008, 0.17536452412605286, 0.7130251526832581, 0.777146577835083, 0.8331215977668762, 0.8568482995033264, 0.89680016040802, -0.35330164432525635, -0.8213382363319397, 0.8762598037719727, -0.43594279885292053, -0.462721049785614, 0.919235110282898, 0.5919564366340637, -0.6523100733757019, -0.6132010221481323, 0.22860100865364075, 0.1117972657084465, -0.28243356943130493, 0.9241541624069214, -0.04572651535272598, 0.6148362159729004, 0.7941944599151611, -0.6911734342575073, 0.7337555885314941, -0.6403318643569946, -0.20537829399108887, 0.5897998213768005, -0.6910598278045654, -0.5370395183563232, -0.7617877721786499, 0.8574705123901367, -0.4263610541820526, -0.5842828750610352, -0.0828162357211113, -0.58356773853302, -0.06829290837049484, 0.7073057889938354, -0.002537176012992859, 0.22096633911132812, -0.6540770530700684, -0.5774843692779541, 0.34202951192855835, -0.5998232364654541, -0.6027246713638306, -0.6043047904968262, -0.38562262058258057, -0.511145830154419, -0.6480714082717896, 0.902578592300415, -0.5675672292709351, -0.43104517459869385, 0.045521900057792664, -0.8373938798904419, -0.37998276948928833, -0.4777301847934723, -0.42669641971588135, 0.8298612833023071, -0.607763409614563, 0.7483329176902771, 0.818710446357727, -0.5260268449783325, 0.11244425177574158, -0.7586946487426758, -0.6564345955848694, 0.8523554801940918, -0.6750407218933105, -0.23387649655342102, 0.7823445796966553, 0.8013511896133423, -0.4335505962371826, -0.46219128370285034, -0.3476601243019104, -0.5503944158554077, 0.7213494777679443, -0.31428998708724976, -0.4241701066493988, 0.9156637787818909, 0.8300232887268066, -0.7886729836463928, -0.45958152413368225, -0.7228621244430542, -0.43586838245391846, -0.5407438278198242, -0.5445371270179749, 0.7108767032623291, -0.3704473078250885, -0.5486173629760742, -0.3991774916648865, -0.5817868113517761, 0.25265854597091675, -0.5544246435165405, 0.8443365097045898, 0.7482695579528809, -0.7821327447891235, -0.5481451153755188, 0.5818767547607422, 0.8742886185646057, 0.6963052749633789, 0.8778207302093506, 0.7323150634765625, 0.8611537218093872, 0.7252401113510132, -0.5421713590621948, 0.7613201141357422, -0.10742360353469849, 0.8888154029846191, -0.2723810374736786, -0.3154197335243225, 0.8984911441802979, -0.4358896017074585, -0.7477314472198486, 0.08944617211818695, -0.5037045478820801, -0.011953681707382202, -0.3302235007286072, 0.7363561987876892, -0.09395329654216766, -0.5687298774719238, 0.748340368270874, 0.5960803031921387, 0.8729941248893738, 0.9545599222183228, 0.6619747877120972, 0.8227086067199707, 0.5990546941757202, 0.8737298250198364, 0.8724564909934998, 0.8127481937408447, 0.8793137073516846, -0.20598796010017395, -0.21974986791610718, -0.5212022662162781, 0.8074615001678467, 0.8411229848861694, 0.5277062058448792, -0.30343198776245117, 0.8619263768196106, -0.03799012303352356, -0.7383116483688354, 0.8620579242706299, 0.7001181244850159, 0.6971763968467712, -0.23160722851753235, 0.6872453689575195, 0.8085289597511292, -0.5242704153060913, 0.9119980335235596, 0.762498676776886, -0.43221110105514526, 0.879234790802002, 0.9442203044891357, 0.6962947249412537, -0.07164017856121063, 0.6670755743980408, 0.8663801550865173, -0.33382418751716614, -0.18788564205169678, -0.589515745639801, -0.741733193397522, -0.6682829856872559, -0.5490565299987793, -0.3341106176376343, 0.8234906792640686, 0.07457281649112701, 0.8344597816467285, 0.8357292413711548, -0.5294013023376465, 0.8435882925987244, -0.11625267565250397, -0.6750863790512085, 0.831627607345581, -0.48086151480674744, -0.3447176218032837, 0.80100017786026, -0.6873202919960022, -0.4286251664161682, 0.757518470287323, 0.8785334229469299, -0.10792970657348633, 0.843910813331604, -0.5234624743461609, 0.9312539100646973, -0.8650823831558228, 0.8426790237426758, 0.8591008186340332, 0.8094148635864258, -0.47401416301727295, 0.9322868585586548, 0.6664121150970459, -0.13437391817569733, -0.5321072936058044, 0.5390661954879761, 0.749589204788208, 0.8019212484359741, 0.5810315012931824, -0.0989493876695633, 0.8920245170593262, 0.6208192110061646, 0.21038565039634705, -0.7805243730545044, 0.09944885969161987, -0.06338392198085785, 0.07807739824056625, -0.6235535144805908, -0.7967211008071899, 0.5305651426315308, -0.5415398478507996, 0.8634457588195801, -0.5148111581802368, 0.9653995037078857, -0.4214313328266144, -0.07421322166919708, 0.9266188144683838, 0.7619284391403198, 0.8339133858680725, 0.7984609007835388, -0.3225947618484497, -0.669963002204895, -0.5386521816253662, -0.7948116064071655, 0.42300689220428467, -0.5288873910903931, -0.3845170736312866, 0.8973732590675354, 0.8016057014465332, 0.8397310376167297, 0.8486589193344116, -0.7443158626556396, 0.09409138560295105, 0.8049583435058594, 0.7788428068161011, 0.8623905181884766, 0.6749438047409058, 0.8654688000679016, -0.37016406655311584, 0.8357194662094116, 0.5348354578018188, 0.8842408657073975, -0.23701873421669006, -0.4916924834251404, -0.6766461730003357, 0.9147013425827026, -0.16753549873828888, -0.24111858010292053, 0.7828322649002075, 0.7873339653015137, 0.8453405499458313, 0.8429595232009888, 0.516913890838623, -0.5034464597702026, -0.1368699073791504, -0.24902790784835815, -0.4473147392272949, 0.39688408374786377, 0.8284721374511719, -0.13314181566238403, -0.6543464660644531, 0.0007241889834403992, 0.7875931859016418, 0.7647483348846436, 0.7601385712623596, 0.9281063675880432, 0.852968692779541, 0.8236367702484131, -0.2807023227214813, 0.7734524607658386, -0.014870025217533112, 0.8324271440505981, 0.12558148801326752, -0.8108808398246765, 0.8442844152450562, 0.3200257420539856, 0.7863889336585999, -0.36509013175964355, -0.6080406308174133, 0.7952741384506226, 0.7815236449241638, 0.012383606284856796, -0.8379566073417664, 0.357516884803772, 0.8990181684494019, -0.5627467632293701, -0.10696587711572647, -0.8102058172225952, -0.690646231174469, 0.27456235885620117, 0.6999887824058533, 0.9175480008125305, -0.05404387041926384, -0.38557976484298706, -0.2694655656814575, 0.8382241725921631, -0.6823452711105347, 0.821911633014679, 0.7603702545166016, 0.8005054593086243, -0.5523232221603394, -0.578790545463562, -0.7623690366744995, 0.718713641166687, 0.7086676359176636, 0.8043485879898071, -0.19423609972000122, 0.7673792839050293, 0.7737293839454651, 0.21857905387878418, -0.12211079150438309, 0.053591497242450714, 0.4627986550331116, -0.5443695783615112, 0.11506376415491104, 0.8515426516532898, -0.728399395942688, 0.7852246761322021, -0.4100720286369324, -0.44183316826820374, -0.43704795837402344, -0.4159296751022339, 0.8423724174499512, -0.4582030773162842, -0.14930452406406403, 0.8637440204620361, 0.8357278108596802, 0.4594472646713257, -0.3516342341899872, 0.8245996236801147, -0.23112908005714417, -0.8067003488540649, -0.7298082709312439, -0.1304638385772705, 0.689781665802002, -0.60262531042099, 0.4721909165382385, 0.1069469004869461, 0.9097170829772949, 0.8069804906845093, 0.7385722994804382, 0.15163709223270416, -0.47616589069366455, 0.7970919609069824, -0.6196147203445435, 0.741146981716156, 0.7819114923477173, 0.3565230071544647, -0.4970240890979767, 0.05542933940887451, -0.4044577181339264, 0.3117081820964813, -0.730735182762146, 0.15077531337738037, 0.11339098960161209, -0.39338982105255127, 0.19434025883674622, 0.09110019356012344, 0.7465988397598267, 0.8767217397689819, 0.6539936065673828, -0.13426068425178528, 0.8230782747268677, -0.8042310476303101, -0.1283351331949234, 0.6479986310005188, -0.09968240559101105, 0.8542633652687073, 0.9634725451469421, -0.16873414814472198, -0.8395382165908813, -0.6406514048576355, -0.5384353399276733, -0.5137560963630676, -0.2750002443790436, 0.3088949918746948, -0.6127521991729736, 0.8580717444419861, -0.32802170515060425, 0.0009296610951423645, 0.8782903552055359, 0.030827000737190247, -0.46688318252563477, -0.4990793466567993, 0.1304560899734497, -0.7965642213821411, 0.006277311593294144, 0.7242336273193359, -0.40929874777793884, -0.2638850212097168, 0.7446037530899048, -0.6901715993881226, 0.8857765793800354, -0.33221620321273804, -0.4783397614955902, 0.5856282711029053, 0.47340458631515503, 0.7585610151290894, 0.7957940697669983, -0.6188076138496399, -0.3475298285484314, -0.6365882158279419, -0.30860206484794617, -0.4423788785934448, 0.7913056015968323, -0.2394053041934967, 0.4505757987499237, -0.7477676272392273, -0.02988080307841301, -0.5018438100814819, 0.878039538860321, 0.7821804881095886, -0.5302280187606812, 0.5520561933517456, -0.24355778098106384, -0.3787689208984375, -0.41881731152534485, 0.829835057258606, 0.1446002572774887, -0.5180383920669556, 0.7362051606178284, -0.16973274946212769, 0.001667894423007965, -0.6996661424636841, -0.4197048544883728, 0.37597981095314026, -0.5208534002304077, -0.6196482181549072, 0.43007397651672363, 0.6727209091186523, -0.744411826133728, 0.1349639892578125, 0.7025449275970459, -0.20833060145378113, -0.9065587520599365, 0.6853482723236084, -0.6173098087310791, 0.6958909034729004, -0.024329960346221924, -0.24755415320396423, -0.29912659525871277, -0.7008458375930786, 0.21697697043418884, -0.08707132935523987, -0.7033015489578247, 0.8164082765579224, 0.8362335562705994, -0.4845746159553528, -0.2425186038017273, -0.5061354637145996, 0.671741247177124, 0.03537476435303688, -0.40751928091049194, 0.8714061975479126, 0.7429126501083374, -0.720710813999176, -0.512064516544342, -0.6205229759216309, 0.015981335192918777, 0.8483723402023315, 0.40536707639694214, 0.8760602474212646, -0.01424696296453476, -0.39453592896461487, -0.806916356086731, 0.8579816818237305, 0.6234492063522339, -0.50812828540802, -0.08769411593675613, -0.7147230505943298, -0.01995854079723358, 0.4244568943977356, -0.7358704805374146, -0.6344964504241943, -0.6885239481925964, 0.8498896360397339, 0.7602027654647827, 0.7327309846878052, -0.5973360538482666, -0.39516526460647583, 0.9256229400634766, 0.5741780996322632, -0.5824549198150635, 0.9133204221725464, 0.11256448924541473, 0.07400500029325485, -0.3048510253429413, 0.7942866086959839, -0.08546838164329529, -0.5277429819107056, 0.9269343018531799, 0.8328285217285156, -0.01905614137649536, -0.20999717712402344, 0.5956485271453857, 0.35170212388038635, -0.7211564779281616, -0.26814162731170654, 0.8491432666778564, 0.2836529016494751, 0.7711902260780334, -0.5096505880355835, -0.11355246603488922, -0.7189772129058838, 0.8999084830284119, -0.6766923666000366, -0.41986191272735596, 0.7167662382125854, -0.247864231467247, -0.5912343263626099, 0.9646400213241577, -0.1685151755809784, -0.7816991806030273, 0.7158440351486206, -0.45282721519470215, 0.8669259548187256, 0.8339163064956665, 0.05159813165664673, -0.3717923164367676, -0.4133352041244507, 0.8558332920074463, -0.6346747279167175, -0.6927822828292847, 0.7872061729431152, 0.7676787376403809, -0.48587942123413086, -0.15277576446533203, -0.3049650490283966, 0.6938056945800781, -0.5973948240280151, -0.20484575629234314, 0.6072834730148315, 0.06333410739898682, -0.25803887844085693, -0.40392643213272095, -0.018386542797088623, -0.18678349256515503, -0.45676594972610474, -0.30359509587287903, 0.7190560102462769, -0.7311220169067383, 0.17769962549209595, -0.7820062637329102, 0.8428035378456116, -0.007349841296672821, -0.5595406889915466, -0.5561769008636475, 0.10013016313314438, -0.26015737652778625, -0.6410835981369019, 0.5148391127586365, -0.5548148155212402, 0.7480044364929199, 0.8126474618911743, 0.750896692276001, 0.8930948972702026, -0.6387659907341003, -0.6801447868347168, -0.4309815764427185, 0.12967747449874878, -0.8780362606048584, 0.8634821176528931, 0.6709555387496948, 0.7422716617584229, -0.6538339853286743, 0.2556118965148926, -0.6539867520332336, 0.8224000930786133, -0.1528085470199585, 0.8544647693634033, -0.5201236605644226, -0.41819441318511963, -0.503790020942688, -0.6163251399993896, -0.8500361442565918, -0.5702081918716431, 0.9280185699462891, -0.4449412524700165, 0.4516228437423706, 0.7658081650733948, -0.7378044128417969, -0.7606947422027588, 0.7090941667556763, 0.829271137714386, -0.6567673683166504, -0.327393114566803, 0.4222097396850586, 0.8863049745559692, 0.5192767977714539, -0.3352198302745819, -0.0031130481511354446, 0.4641311764717102, -0.0028311610221862793, 0.21904349327087402, 0.7267842292785645, 0.07837472856044769, 0.034890636801719666, -0.5274766087532043, 0.824731707572937, 0.34352606534957886, 0.6364169716835022, -0.03850793465971947, 0.4483270049095154, 0.29200392961502075, -0.782844066619873, 0.7767155170440674, -0.06721208989620209, -0.415688693523407, 0.9289842844009399, 0.7746663093566895, -0.7058693170547485, 0.8617285490036011, 0.7360358834266663, 0.744742751121521, -0.6382898092269897, -0.37522223591804504, -0.6501659154891968, -0.5624500513076782, 0.3466082513332367, 0.7473465204238892, -0.11587157845497131, 0.8579647541046143, -0.27308300137519836, 0.6991028189659119, -0.6315566897392273, 0.6794116497039795, 0.8400750160217285, 0.659928023815155, -0.7655155062675476, 0.7846598029136658, -0.23981274664402008, -0.7178877592086792, 0.7992185950279236, 0.8630667924880981, -0.6857462525367737, -0.09455037117004395, 0.7950422167778015, 0.7201584577560425, -0.8280473947525024, 0.3018891215324402, 0.7237492799758911, -0.7791587710380554, 0.3499699532985687, -0.48319846391677856, -0.792715847492218, 0.8699049949645996, 0.8161485195159912, 0.707516074180603, -0.43892982602119446, -0.6345662474632263, 0.06300833821296692, 0.8694011569023132, 0.5176950693130493, 0.851468026638031, -0.403673380613327, 0.8649681806564331, 0.5418468117713928, 0.7039880156517029, 0.6008306741714478, 0.779336154460907, -0.8091351985931396, 0.8540690541267395, 0.4843645393848419, 0.727294921875, 0.7759298086166382, 0.009252339601516724, 0.8636505603790283, -0.12748056650161743, 0.7732396125793457, -0.5544040203094482, -0.16439291834831238, -0.5902151465415955, -0.6750934720039368, -0.8396583795547485, -0.4471721649169922, 0.8015537261962891, 0.6847248077392578, 0.55528724193573, -0.4672110974788666, 0.13889634609222412, 0.004919726401567459, 0.8146524429321289, -0.1314917802810669, -0.08094076067209244, 0.8233817219734192, -0.5092761516571045, 0.8722824454307556, 0.09393566846847534, 0.2858443558216095, -0.4505043625831604, 0.2539895176887512, 0.6332552433013916, -0.2894118130207062, -0.5435649156570435, 0.8422278165817261, 0.8458282947540283, 0.022852852940559387, 0.6698768138885498, 0.887410044670105, 0.914009690284729, -0.29861485958099365, 0.8127635717391968, 0.34810173511505127, 0.8343880772590637, 0.0991775393486023, -0.7286554574966431, 0.8380827307701111, 0.26228097081184387, 0.13325919210910797, 0.6499972939491272, 0.7344009876251221, 0.855842113494873, 0.862952470779419, 0.015864402055740356, 0.6724300980567932, 0.005323693156242371, -0.05664122849702835, -0.5620322227478027, 0.8283308744430542, -0.2643223702907562, 0.41815030574798584, -0.44813305139541626, 0.7919964790344238, -0.1332908719778061, 0.27167320251464844, -0.48032981157302856, -0.4588863253593445, 0.6698708534240723, -0.32264605164527893, 0.7411972284317017, -0.6280072927474976, 0.04151207208633423, -0.8025466203689575, -0.6675851345062256, 0.6496318578720093, 0.8747791051864624, -0.23277562856674194, 0.9427142143249512, 0.11888343095779419, 0.5399783849716187, -0.6675771474838257, -0.5054359436035156, 0.9912621974945068, 0.045117706060409546, -0.08587241172790527, 0.8842124342918396, 0.28529298305511475, -0.15533964335918427, -0.8025771975517273, 0.8424940705299377, 0.7321999073028564, 0.16877609491348267, -0.8194760680198669, 0.6285055875778198, 0.8767735362052917, 0.8524774312973022, 0.8020124435424805, 0.875403881072998, -0.5543887615203857, -0.5415003895759583, -0.08064300566911697, 0.6667488813400269, -0.2708897292613983, -0.3734021782875061, -0.2587810754776001, 0.8417549133300781, -0.757794976234436, 0.7634078860282898, 0.7092661261558533, 0.39659497141838074, 0.7929127812385559, -0.42852622270584106, 0.8339648842811584, -0.7725178599357605, 0.34135115146636963, 0.8560934066772461, 0.7360628843307495, 0.8012297749519348, -0.467978835105896, -0.4599649906158447, -0.5283439755439758, -0.09906593710184097, -0.0824958086013794, -0.8367704749107361, 0.42582568526268005, -0.4464578628540039, 0.22477367520332336, -0.7039104700088501, 0.8636547327041626, -0.0563625693321228, 0.07285995781421661, -0.41449010372161865, -0.6831895709037781, -0.3569265305995941, 0.9045616388320923, -0.3025952875614166, 0.7670472860336304, -0.44350364804267883, -0.2836291790008545, -0.30852168798446655, -0.7294774055480957, -0.2557782828807831, -0.08592640608549118, -0.1926264762878418, 0.8907167315483093, 0.14232170581817627, 0.7290941476821899, 0.9525483846664429, 0.8843715190887451, 0.719673752784729, -0.09616617858409882, -0.4090828001499176, 0.9020109176635742, -0.15204840898513794, -0.3058412969112396, -0.31786561012268066, -0.08109606802463531, -0.48987093567848206, -0.5912245512008667, 0.7606925964355469, 0.6510303616523743, 0.8341423273086548, -0.031061459332704544, -0.6542163491249084, -0.27411746978759766, -0.49483463168144226, 0.7339870929718018, 0.0692492127418518, -0.6527178287506104, 0.8270241022109985, 0.8087946772575378, 0.2736600935459137, -0.07091762125492096, -0.623600959777832, -0.8239938020706177, 0.8386423587799072, 0.9429650902748108, -0.18986889719963074, 0.8441224694252014, 0.7966232895851135, -0.7455062866210938, 0.9065574407577515, 0.7700634598731995, 0.8671131134033203, -0.6843810677528381, 0.8586063385009766, 0.6761677265167236, 0.05753315985202789, 0.513861894607544, 0.1954086571931839, -0.0664389431476593, -0.07769101113080978, 0.7938690185546875, 0.7632678747177124, 0.8629400730133057, 0.8785403370857239, -0.3946080207824707, 0.0740777775645256, 0.8329741358757019, -0.5447107553482056, -0.4552226960659027, -0.4002957344055176, -0.6667833924293518, -0.6715458631515503, -0.6662495136260986, 0.7538750171661377, 0.7010927796363831, 0.5939474105834961, 0.8811741471290588, -0.1678469181060791, -0.37963175773620605, 0.10574391484260559, -0.08389398455619812, -0.5412059426307678, 0.9687802791595459, -0.39930832386016846, -0.39306554198265076, 0.8539834022521973, -0.23797109723091125, -0.727564811706543, 0.8337180614471436, 0.8504762649536133, 0.7693833708763123, 0.6542509198188782, -0.6515841484069824, -0.6732451319694519, 0.9026857614517212, 0.8294888734817505, 0.7686623334884644, -0.7736488580703735, 0.5879290103912354, 0.9016809463500977, 0.7890074253082275, 0.945854663848877, 0.02366575598716736, 0.06642454862594604, 0.8520635962486267, -0.7262645959854126, 0.5296422243118286, -0.4730983376502991, -0.2021559774875641, 0.02347460389137268, -0.6119802594184875, -0.3336695432662964, 0.5411938428878784, 0.7432553768157959, 0.8598597645759583, 0.7283613681793213, -0.6412880420684814, 0.8161156177520752, 0.0537419393658638, -0.8175541758537292, 0.4294394254684448, -0.7734740972518921, -0.7680263519287109, -0.6763681173324585, -0.6463422179222107, 0.8331055045127869, 0.7702505588531494, -0.5222722291946411, -0.5603494644165039, 0.7350517511367798, -0.028874672949314117, -0.2954389154911041, -0.17513351142406464, 0.8679686784744263, -0.6134768724441528, 0.8949730396270752, 0.019355691969394684, -0.4211219847202301, -0.6685740947723389, -0.8183095455169678, -0.018262941390275955, 0.31088167428970337, 0.6542482376098633, 0.8390393853187561, 0.06218117102980614, -0.051829107105731964, -0.8277618885040283, 0.8434466123580933, -0.8159395456314087, 0.8210469484329224, -0.6998610496520996, 0.1681412309408188, -0.23270830512046814, 0.09476371109485626, -0.14509084820747375, -0.8128377795219421, 0.8678759336471558, -0.3701786398887634, 0.8754572868347168, -0.5409272909164429, 0.828933835029602, -0.7493497133255005, -0.20220687985420227, -0.6839084625244141, -0.5335424542427063, 0.7341610193252563, -0.18206872045993805, 0.8410822153091431, -0.7466992139816284, -0.7537103295326233, 0.6132661700248718, 0.806388258934021, 0.9414796829223633, 0.8816683888435364, -0.07892514765262604, 0.8628514409065247, -0.4772578477859497, 0.8064779043197632, 0.7324821949005127, -0.4245743453502655, -0.7596101760864258, -0.6523072719573975, 0.08947867155075073, 0.9050890803337097, 0.8570302724838257, 0.5639432668685913, 0.7705273628234863, 0.7680076360702515, -0.1346643716096878, -0.764196515083313, 0.17913377285003662, 0.8730210661888123, -0.5780954360961914, -0.35576632618904114, 0.8896890878677368, -0.3271719515323639, -0.38623344898223877, -0.2657857835292816, 0.022930651903152466, -0.239686518907547, 0.7815952897071838, -0.7101479768753052, -0.05624540150165558, -0.7832789421081543, -0.6309492588043213, -0.5516866445541382, 0.10391145199537277, -0.6394333839416504, -0.5423275232315063, 0.6293588876724243, -0.7370902299880981, 0.9168616533279419, -0.39669954776763916, 0.7127777338027954, 0.8858681917190552, 0.17623844742774963, 0.974530041217804, -0.20062725245952606, -0.2249753475189209, 0.8110886812210083, -0.2775963544845581, -0.5251848101615906, -0.8333058953285217, -0.011362925171852112, 0.24989081919193268, -0.7518138885498047, -0.7365648746490479, -0.5322606563568115, 0.02860388159751892, 0.9761204719543457, 0.8650248050689697, -0.458303302526474, -0.020897001028060913, 0.9085632562637329, 0.8747729063034058, -0.26874345541000366, -0.8729486465454102, -0.039597075432538986, -0.07807935774326324, 0.8485021591186523, -0.567000150680542, -0.3367529511451721, -0.7790547609329224, 0.12700426578521729, 0.5270786285400391, -0.7024456262588501, 0.884066104888916, 0.9774766564369202, -0.1437138020992279, 0.011406438425183296, 0.2888861894607544, -0.22342142462730408, 0.8265921473503113, -0.45263490080833435, 0.478498637676239, 0.4273025095462799, 0.8083939552307129, 0.8098381757736206, -0.4215209484100342, -0.7953044176101685, 0.8139709234237671, 0.7380131483078003, 0.1810394674539566, -0.7396030426025391, 0.7822645306587219, -0.560089111328125, -0.6641895174980164, 0.14826840162277222, 0.8550131916999817, 0.8064024448394775, 0.801298975944519, -0.42053288221359253, -0.15305331349372864, -0.5016955137252808, 0.11286832392215729, -0.5321499109268188, 0.8639600872993469, 0.20430965721607208, -0.5775734782218933, -0.5807128548622131, -0.2063990831375122, -0.24508874118328094, -0.8111526966094971, 0.7906538248062134, 0.8622952699661255, 0.06662079691886902, 0.7485091090202332, -0.3487021028995514, -0.20048919320106506, -0.1646369993686676, -0.8191651105880737, -0.611152172088623, 0.8913255929946899, 0.769585371017456, -0.6976185441017151, -0.5586996078491211, 0.8098362684249878, -0.43465906381607056, 0.9405085444450378, 0.9042858481407166, -0.7857450842857361, -0.3708570599555969, -0.3907366693019867, -0.12413188815116882, 0.9143490791320801, 0.25335991382598877, -0.6419460773468018, -0.5297752022743225, 0.26038506627082825, 0.6400269269943237, -0.8122898936271667, -0.48379263281822205, -0.10296294093132019, -0.5016908049583435, -0.7112383842468262, 0.8098137378692627, 0.8869622349739075, 0.42148512601852417, 0.8621115684509277, 0.7534895539283752, 0.8751670122146606, 0.1782608926296234, -0.11595924198627472, -0.6634109616279602, 0.8362798690795898, 0.3801533579826355, 0.2751028835773468, 0.4087252616882324, -0.8255470991134644, -0.5090826153755188, -0.7582237720489502, -0.7242658138275146, 0.7818890810012817, 0.8228496313095093, 0.614652156829834, 0.0627620667219162, -0.15026888251304626, -0.25290533900260925, -0.7434486150741577, -0.09801121056079865, -0.7576097249984741, -0.6972922086715698, 0.05497933551669121, -0.25241783261299133, -0.4450245201587677, 0.7744061350822449, 0.6060956716537476, -0.5589791536331177, -0.6712324619293213, -0.33775579929351807, -0.5401309728622437, -0.4746772050857544, 0.8405030369758606, 0.8727226853370667, 0.7557721734046936, -0.4854756295681, -0.3808065950870514, -0.14355306327342987, -0.4344649612903595, 0.8122032880783081, -0.5790653228759766, -0.030907757580280304, -0.11297307163476944, -0.8486576080322266, 0.8501428961753845, -0.6326636075973511, -0.33474910259246826, -0.653630793094635, 0.45893335342407227, 0.041864946484565735, -0.4861595630645752, 0.7590055465698242, -0.7241488695144653, 0.8946725726127625, 0.712191104888916, -0.3018293082714081, 0.7795796990394592, -0.7065783739089966, 0.03911252319812775, -0.4010699391365051, -0.3217098116874695, 0.8092362284660339, -0.4093383252620697, -0.4262942373752594, 0.8140832185745239, -0.6869179606437683, 0.058228299021720886, -0.06611935794353485, 0.7668975591659546, 0.3386443257331848, 0.15157614648342133, -0.5978958606719971, -0.6370184421539307, 0.8360582590103149, -0.5537996292114258, -0.4727250933647156, 0.08781386911869049, -0.5335403680801392, 0.8865736722946167, -0.43910735845565796, -0.39346128702163696, 0.7068417072296143, 0.7910162210464478, -0.5428721308708191, 0.7996021509170532, 0.8660382628440857, -0.4684792160987854, 0.8480764627456665, -0.37718406319618225, 0.4456441402435303, -0.05517924576997757, -0.5458785891532898, 0.09828844666481018, -0.500604510307312, 0.39090418815612793, -0.28372588753700256, 0.896625280380249, 0.7707983255386353, -0.5080583691596985, -0.27197620272636414, -0.7522614002227783, -0.4823119342327118, -0.04752678424119949, -0.5522217750549316, -0.7575880289077759, -0.5125381350517273, 0.8465040922164917, 0.782585859298706, -0.44056087732315063, -0.6917884945869446, 0.8438112735748291, -0.6220004558563232, 0.7439844608306885, -0.6016021966934204, -0.7405480146408081, 0.17283600568771362, 0.795803964138031, -0.19717416167259216, -0.6306494474411011, 0.28700685501098633, 0.35563671588897705, -0.21280992031097412, 0.3403618335723877, -0.8014185428619385, 0.5515995025634766, -0.08293672651052475, -0.6307330131530762, -0.5901927351951599, -0.15755878388881683, 0.8273652791976929, -0.4278613328933716, 0.6506072282791138, 0.6727864742279053, 0.874885618686676, -0.5904653072357178, -0.2173222005367279, -0.6790440082550049, -0.7559773921966553, -0.5349298119544983, 0.9213076829910278, 0.3007982671260834, -0.44365036487579346, 0.6713371276855469, -0.42431268095970154, -0.3746638298034668, 0.8847962617874146, 0.04574580490589142, 0.6467487812042236, 0.8583343029022217, -0.6229605674743652, -0.6132312417030334, 0.03556741774082184, -0.5873519778251648, 0.21194744110107422, -0.017665810883045197, -0.26923277974128723, 0.08130856603384018, 0.8467596769332886, -0.38949495553970337, 0.7112835049629211, 0.8696290850639343, -0.8021390438079834, 0.8965400457382202, 0.0944008156657219, 0.5193789601325989, -0.6005702018737793, -0.6574090123176575, -0.10649102181196213, -0.622087836265564, -0.42087286710739136, -0.3235468864440918, -0.6173003911972046, 0.3345853388309479, 0.299221009016037, -0.3725737929344177, 0.8956336975097656, 0.45158281922340393, 0.8118654489517212, 0.8622920513153076, -0.1914813220500946, 0.8111085891723633, 0.5764050483703613, -0.08525239676237106, 0.7011755108833313, 0.3273414373397827, -0.7018475532531738, -0.3606038987636566, -0.6553488969802856, 0.13541290163993835, -0.3901342749595642, 0.20454809069633484, -0.33885470032691956, -0.7831053733825684, 0.06919309496879578, -0.40897372364997864, -0.03974373638629913, -0.10942442715167999, 0.9675525426864624, -0.30713462829589844, -0.03353825956583023, -0.7428555488586426, -0.1464020162820816, -0.564479410648346, 0.8531105518341064, -0.6312898993492126, -0.33325719833374023, 0.8838220834732056, -0.6833025217056274, -0.7817872762680054, -0.6456587910652161, -0.11424927413463593, 0.19913890957832336, -0.4223601222038269, 0.8948103189468384, -0.2904840409755707, -0.3958984613418579, -0.7827471494674683, 0.785883367061615, 0.8457624912261963, -0.06861739605665207, -0.6340824365615845, 0.7314283847808838, -0.5768870711326599, -0.5421534180641174, 0.7413508296012878, -0.04465540498495102, -0.8072614669799805, 0.8892275094985962, -0.7462894916534424, -0.6209539175033569, -0.763231635093689, -0.8787350058555603, 0.8840460777282715, -0.7242528200149536, -0.08569127321243286, -0.11679015308618546, 0.35942208766937256, 0.8721242547035217, -0.3637879192829132, 0.9047712087631226, -0.776786208152771, -0.2967958152294159, -0.45064711570739746, 0.6955594420433044, 0.839375913143158, 0.05526852607727051, -0.4456186294555664, -0.30187636613845825, -0.040408775210380554, -0.6538830995559692, -0.48882558941841125, -0.7409502863883972, -0.35071271657943726, -0.5267043113708496, -0.5681153535842896, -0.24475879967212677, -0.843026876449585, -0.07027778029441833, 0.8430522680282593, 0.5084781050682068, -0.5031416416168213, -0.5642431378364563, 0.011030219495296478, -0.2622813582420349, -0.6762392520904541, -0.3843766152858734, 0.7407418489456177, 0.9668291807174683, -0.10979520529508591, 0.8341195583343506, 0.8309804201126099, -0.18361443281173706, -0.5133594274520874, 0.8568600416183472, -0.04883299767971039, 0.3919258713722229, -0.5911030173301697, -0.3448460102081299, 0.7810851335525513, -0.8254064321517944, -0.3873298764228821, -0.7776871919631958, -0.502685010433197, 0.14792872965335846, 0.754142165184021, -0.33642590045928955, 0.8346608281135559, 0.46592456102371216, -0.2913690209388733, -0.4698042869567871, 0.12306949496269226, 0.9076405167579651, -0.330617219209671, -0.2435205578804016, -0.21955329179763794, 0.13843083381652832, -0.6032159328460693, -0.1265663504600525, 0.7975290417671204, -0.46543076634407043, -0.5424944162368774, 0.2832707166671753, -0.2526313066482544, -0.30535808205604553, 0.40136462450027466, -0.1517825424671173, -0.6733950972557068, 0.7913951873779297, -0.7125968337059021, -0.6187999248504639, 0.2029237151145935, 0.8944429159164429, -0.6678454875946045, -0.2570818066596985, -0.5165892839431763, 0.06260965764522552, -0.7944300174713135, 0.9386305809020996, -0.14592397212982178, 0.8082975149154663, 0.14916424453258514, -0.09963491559028625, -0.3118618428707123, -0.4565483331680298, 0.8897603750228882, 0.7475284337997437, 0.5386737585067749, 0.8406167030334473, -0.644325852394104, 0.03330988436937332, -0.8360540866851807, -0.6525436043739319, 0.6875554323196411, -0.6813002228736877, -0.5653681755065918, 0.7579447031021118, -0.12697887420654297, -0.307271271944046, -0.03584924340248108, -0.22691281139850616, -0.6641131639480591, 0.1630420684814453, -0.45714277029037476, 0.8301330804824829, -0.7078983783721924, -0.37892818450927734, 0.8523361682891846, -0.5815156102180481, 0.7349278926849365, 0.7976555824279785, -0.6766523122787476, -0.4332875609397888, -0.3406798839569092, -0.08207638561725616, 0.06858836859464645, -0.7408057451248169, -0.15510033071041107, -0.6542625427246094, -0.43265730142593384, -0.10091488808393478, -0.5520809888839722, 0.9264063835144043, 0.8313167095184326, -0.15137925744056702, 0.3069056272506714, 0.8350934982299805, -0.589669942855835, 0.8995691537857056, -0.6087931990623474, 0.808997392654419, 0.20861667394638062, -0.1840270459651947, 0.6222071647644043, -0.1852439045906067, -0.5244601368904114, 0.16790446639060974, -0.26416662335395813, -0.2592979669570923, -0.5953909754753113, -0.16532011330127716, 0.8354272842407227, -0.5024160146713257, -0.5077028274536133, -0.008488766849040985, 0.7843754291534424, -0.17792697250843048, -0.8058134317398071, -0.851676344871521, -0.38335126638412476, -0.4629996418952942, 0.8978449106216431, 0.9123481512069702, -0.7080589532852173, 0.1487562656402588, -0.23844319581985474, -0.4654463827610016, 0.1834767460823059, -0.4406142234802246, 0.8444761037826538]
