sample name: ['Cc1ccc(CCNC(=O)NCCc2csc(N3CCCC3)n2)c(C)c1']
atom_index,distance,cosine_similarity
0,0.0154876708984375,0.0035616155713796616
1,-0.39221435546875,0.03313532054424286
2,0.140833740234375,-0.003877931758761406
3,-0.249932861328125,0.01977633237838745
4,-0.32705322265625,0.02637870639562607
5,-0.3762890625,0.02683421015739441
6,0.123311767578125,-0.007748522087931633
7,-0.4675927734375,0.04215039923787117
8,-0.298197021484375,0.02456488162279129
9,0.024122314453125,0.004830594882369041
10,0.042755126953125,-0.0070242489874362945
11,-0.5183770751953125,0.04502721130847931
12,0.0416162109375,0.0062646248936653135
13,-0.00887451171875,0.008573949486017227
14,-0.1999444580078125,0.007516036108136177
15,-0.2482598876953125,0.012529166117310524
16,0.3486395263671875,-0.03771201975643635
17,-0.482454833984375,0.044468064606189725
18,0.5420538330078125,-0.03426054526120424
19,0.0459326171875,-0.004521027579903603

Sum of phi values for distance
-2.244437255859375
Sum of phi values for cosine similarity
0.2104668178781867
Average distance random samples:
8.34165250146389
Average cosine similarity random samples:
0.6441043905699626
Distances random samples
[7.91502046585083, 11.295933723449707, 11.856497764587402, 7.694344520568848, 5.580443859100342, 6.812927722930908, 6.15483283996582, 5.9979681968688965, 11.704318046569824, 13.772062301635742, 6.189709186553955, 9.663744926452637, 6.665193557739258, 6.05286979675293, 7.848592281341553, 8.589018821716309, 11.083097457885742, 9.29587173461914, 5.348248481750488, 6.890940189361572, 8.226190567016602, 7.341827869415283, 5.2852373123168945, 7.266463756561279, 6.7851057052612305, 6.81662130355835, 10.253677368164062, 6.525173664093018, 7.981075763702393, 5.775439739227295, 7.356413841247559, 6.762319087982178, 6.37750244140625, 9.976104736328125, 17.272117614746094, 11.066288948059082, 6.317313194274902, 6.34883451461792, 14.08191967010498, 6.545205593109131, 8.374271392822266, 5.987368106842041, 8.039107322692871, 13.72475814819336, 11.741212844848633, 7.67539644241333, 6.01499080657959, 7.687952995300293, 7.163985252380371, 11.907544136047363, 7.769260406494141, 8.262088775634766, 10.546426773071289, 7.887451171875, 6.2514448165893555, 4.338501930236816, 5.536228179931641, 8.51652717590332, 6.451352596282959, 13.16043472290039, 6.430420875549316, 6.596508026123047, 13.59543514251709, 4.98036003112793, 5.944086074829102, 6.3190598487854, 8.519705772399902, 8.261308670043945, 13.087738990783691, 6.234642505645752, 11.042354583740234, 9.966216087341309, 5.591436862945557, 7.239030361175537, 7.029367446899414, 7.466875076293945, 10.59051513671875, 6.367210865020752, 7.119863510131836, 6.408681392669678, 7.693033695220947, 8.303802490234375, 11.360936164855957, 11.880796432495117, 6.080551624298096, 7.827506065368652, 6.179291248321533, 8.051074981689453, 6.054050922393799, 4.638697624206543, 5.98008918762207, 6.348599910736084, 5.90681791305542, 9.866013526916504, 11.549854278564453, 7.039332866668701, 5.989184856414795, 12.180538177490234, 6.6037678718566895, 8.468191146850586, 9.248326301574707, 6.781108856201172, 19.202293395996094, 7.6109843254089355, 6.990505695343018, 6.759374141693115, 7.493675231933594, 7.305508136749268, 10.05522632598877, 4.418935775756836, 8.497759819030762, 7.244481563568115, 7.496967315673828, 11.485330581665039, 6.961613178253174, 9.993474006652832, 5.904689788818359, 6.088588237762451, 7.085565567016602, 6.828953266143799, 6.2149658203125, 11.54088020324707, 6.974850654602051, 9.245147705078125, 6.0686750411987305, 10.717686653137207, 11.090004920959473, 5.0181193351745605, 4.588805198669434, 12.090270042419434, 6.019865036010742, 7.593813896179199, 13.973475456237793, 7.466289043426514, 6.612191200256348, 7.116641998291016, 7.185227870941162, 6.272403717041016, 3.9041130542755127, 5.307361125946045, 7.894113063812256, 9.094786643981934, 6.166051387786865, 7.297173500061035, 13.489705085754395, 8.348011016845703, 6.964658260345459, 4.723779678344727, 11.313831329345703, 5.556352138519287, 6.898128986358643, 12.691117286682129, 7.317348957061768, 11.960180282592773, 13.518364906311035, 9.229681015014648, 6.0126872062683105, 11.63318920135498, 8.567350387573242, 5.806491374969482, 5.5548577308654785, 4.129913330078125, 6.520878791809082, 8.064912796020508, 12.153603553771973, 9.841852188110352, 7.681351184844971, 4.732668399810791, 8.911718368530273, 10.326315879821777, 8.008585929870605, 7.701701641082764, 9.427660942077637, 7.4656782150268555, 11.253518104553223, 6.451746940612793, 5.909384250640869, 9.38394832611084, 7.733707427978516, 7.50162935256958, 8.448988914489746, 7.946058750152588, 6.564456939697266, 8.897252082824707, 13.075068473815918, 6.659539222717285, 4.84812068939209, 8.230582237243652, 10.9092378616333, 10.03328800201416, 7.522748947143555, 12.512231826782227, 8.95788288116455, 11.25161075592041, 7.6158528327941895, 11.382980346679688, 6.331873893737793, 5.4072370529174805, 6.7725725173950195, 5.417934894561768, 7.363885879516602, 5.937665939331055, 6.570079803466797, 7.7619733810424805, 8.46658992767334, 13.29675579071045, 8.375480651855469, 7.371898174285889, 8.159893035888672, 7.630951881408691, 6.324328899383545, 9.050946235656738, 8.668218612670898, 6.769899845123291, 12.08897876739502, 7.481894493103027, 6.3683342933654785, 6.69200325012207, 6.9857354164123535, 7.4893622398376465, 7.81215238571167, 6.459682941436768, 6.366024971008301, 7.142059326171875, 5.250987529754639, 6.121866703033447, 6.936380386352539, 11.52542495727539, 7.663798809051514, 8.767601013183594, 11.967495918273926, 10.971456527709961, 6.388394355773926, 6.3370466232299805, 6.177342414855957, 11.57697582244873, 7.203739166259766, 11.408588409423828, 6.138883113861084, 8.604048728942871, 4.625109672546387, 6.20308256149292, 13.014020919799805, 5.795841217041016, 5.660406112670898, 7.563449382781982, 6.914613246917725, 6.905383110046387, 5.4250359535217285, 6.76973819732666, 6.891044616699219, 6.783973217010498, 5.266747951507568, 6.670338153839111, 8.098315238952637, 6.356357097625732, 6.872095108032227, 6.98684549331665, 13.159174919128418, 13.325623512268066, 12.98157024383545, 13.326695442199707, 7.515028476715088, 9.08310317993164, 6.169468879699707, 7.5225701332092285, 7.636683940887451, 7.740711212158203, 7.462331295013428, 3.648358106613159, 6.598998069763184, 7.830324649810791, 5.607385635375977, 7.437808990478516, 6.59653902053833, 13.29366397857666, 8.53320026397705, 8.062128067016602, 7.071660995483398, 7.73322868347168, 6.0858540534973145, 8.262724876403809, 8.287421226501465, 8.937298774719238, 4.6268134117126465, 8.488680839538574, 11.60716438293457, 16.79996109008789, 15.647066116333008, 11.787979125976562, 5.85452938079834, 7.467376708984375, 5.2430195808410645, 12.375205039978027, 5.005218029022217, 4.932117462158203, 8.667706489562988, 6.995580196380615, 6.614280700683594, 7.357469081878662, 6.968730926513672, 6.972636699676514, 18.412031173706055, 6.0888519287109375, 7.627133369445801, 11.56589412689209, 7.548495769500732, 7.692102909088135, 8.00845718383789, 6.405300617218018, 7.778946876525879, 7.970587730407715, 11.01268482208252, 7.925423622131348, 9.06224536895752, 7.016165256500244, 11.515193939208984, 6.591917991638184, 4.99476432800293, 8.395994186401367, 8.153363227844238, 4.707237720489502, 13.454852104187012, 6.532670497894287, 7.59988260269165, 6.202226638793945, 7.838341236114502, 10.110231399536133, 8.979026794433594, 11.996550559997559, 5.457796573638916, 7.03947639465332, 8.324213981628418, 7.938939094543457, 12.631049156188965, 12.795619010925293, 7.172850608825684, 5.894718647003174, 11.047924995422363, 10.892986297607422, 18.060396194458008, 11.086748123168945, 7.567134857177734, 4.851876258850098, 8.300077438354492, 5.116380214691162, 6.219088077545166, 7.702157974243164, 6.158386707305908, 13.472818374633789, 10.899907112121582, 18.747262954711914, 10.66047191619873, 6.278633117675781, 7.1867146492004395, 7.329554080963135, 5.939700126647949, 10.544107437133789, 6.578237056732178, 13.152475357055664, 6.877879619598389, 6.49789571762085, 7.298758029937744, 9.102667808532715, 9.890817642211914, 7.002096652984619, 7.6408233642578125, 6.380589485168457, 5.537234783172607, 6.777129650115967, 7.698248386383057, 8.31551742553711, 11.348934173583984, 11.456491470336914, 8.753081321716309, 6.018624782562256, 14.223379135131836, 7.662940979003906, 5.655172348022461, 13.138070106506348, 7.047305107116699, 4.074700355529785, 6.926906108856201, 7.630684852600098, 7.735140323638916, 6.359877586364746, 5.326066017150879, 7.576218128204346, 11.743206024169922, 6.751922607421875, 7.252105236053467, 7.264266490936279, 8.083521842956543, 13.695094108581543, 12.745423316955566, 8.562727928161621, 8.259845733642578, 7.86176872253418, 4.413265705108643, 7.229477405548096, 10.696248054504395, 12.007891654968262, 10.29195499420166, 16.35968589782715, 4.197701454162598, 7.460393905639648, 5.988020896911621, 12.9376220703125, 10.280624389648438, 6.403316497802734, 11.183109283447266, 6.2707905769348145, 11.586074829101562, 18.239553451538086, 6.076249122619629, 12.377077102661133, 13.65191650390625, 9.974477767944336, 8.089183807373047, 7.558885097503662, 6.475410461425781, 7.954355239868164, 8.772482872009277, 6.05817174911499, 7.222814083099365, 5.967503547668457, 7.804934024810791, 7.695036888122559, 4.942678928375244, 7.858783721923828, 6.521994113922119, 5.829654216766357, 11.270661354064941, 15.996353149414062, 4.761727333068848, 12.899856567382812, 5.232240200042725, 7.545778274536133, 11.035601615905762, 6.276418685913086, 13.570114135742188, 10.570904731750488, 8.348857879638672, 12.855761528015137, 12.471597671508789, 5.343376636505127, 7.951749801635742, 7.765981674194336, 8.087109565734863, 13.783476829528809, 6.9854655265808105, 7.767902851104736, 5.396627902984619, 8.093219757080078, 6.861651420593262, 6.171271800994873, 5.749372482299805, 6.211056232452393, 8.142399787902832, 11.826725006103516, 10.074585914611816, 6.128290176391602, 6.704465866088867, 7.293006896972656, 12.137242317199707, 12.261758804321289, 5.310537338256836, 7.522577285766602, 6.1456708908081055, 8.165266036987305, 9.359017372131348, 14.92615795135498, 14.21097183227539, 7.725944995880127, 13.629877090454102, 6.660013675689697, 5.914590358734131, 11.360230445861816, 6.9675188064575195, 11.687963485717773, 7.424563884735107, 7.767154216766357, 7.578428745269775, 7.918873310089111, 6.298086643218994, 10.82022476196289, 10.984386444091797, 7.147885799407959, 3.518524169921875, 5.407835483551025, 6.599905967712402, 8.630630493164062, 6.219764709472656, 11.87098503112793, 6.490406513214111, 7.990297317504883, 4.856085777282715, 7.099241733551025, 6.451704025268555, 9.825203895568848, 8.820793151855469, 6.531050205230713, 7.484169960021973, 13.167449951171875, 6.921087741851807, 7.650852203369141, 13.907395362854004, 6.570220947265625, 7.30185604095459, 12.52820110321045, 8.061250686645508, 7.0935564041137695, 5.197565078735352, 10.401871681213379, 17.42618751525879, 7.926985263824463, 5.736136436462402, 6.049346446990967, 12.045042991638184, 10.402973175048828, 10.260106086730957, 6.438345432281494, 10.08572769165039, 7.545375347137451, 5.237654209136963, 5.817687511444092, 15.42214298248291, 7.413999557495117, 4.162840843200684, 9.92761516571045, 10.663174629211426, 7.689613342285156, 8.121528625488281, 12.399626731872559, 7.897637844085693, 6.0145721435546875, 11.230905532836914, 6.136897563934326, 7.625983715057373, 8.986007690429688, 5.237955570220947, 7.573024749755859, 5.313137054443359, 4.242056369781494, 6.589978218078613, 7.811423301696777, 7.747688293457031, 15.483499526977539, 8.47693920135498, 11.194733619689941, 18.769512176513672, 13.580875396728516, 7.562985420227051, 8.093497276306152, 6.161890983581543, 11.971551895141602, 6.908714294433594, 7.709405422210693, 8.255245208740234, 7.801421165466309, 6.06146240234375, 6.2463507652282715, 7.896952152252197, 7.259007453918457, 8.695927619934082, 11.739930152893066, 6.271152019500732, 10.778016090393066, 7.966512680053711, 7.048202037811279, 11.56395149230957, 13.728323936462402, 10.36799430847168, 6.090726375579834, 7.467304229736328, 11.020644187927246, 8.04626750946045, 5.28367280960083, 7.706743240356445, 7.35324764251709, 6.534308433532715, 16.4404354095459, 8.585527420043945, 6.436470985412598, 8.090704917907715, 8.537379264831543, 7.740990161895752, 7.919787406921387, 10.043155670166016, 6.342948913574219, 7.997165679931641, 6.083607196807861, 5.296839714050293, 11.623550415039062, 8.12592887878418, 7.787430763244629, 3.4796648025512695, 10.463810920715332, 16.501432418823242, 6.040096282958984, 9.666180610656738, 6.899505138397217, 12.346894264221191, 10.530889511108398, 4.651338577270508, 12.017147064208984, 6.651976585388184, 10.638068199157715, 7.468951225280762, 9.180997848510742, 6.81526517868042, 6.036734580993652, 6.128420829772949, 7.032860279083252, 12.091756820678711, 6.143133640289307, 12.17059326171875, 11.461664199829102, 7.820119857788086, 6.937827110290527, 7.409204483032227, 13.252657890319824, 7.668402194976807, 5.513737201690674, 7.7963972091674805, 5.970621585845947, 13.238091468811035, 6.566246032714844, 7.498048305511475, 7.02321195602417, 10.844454765319824, 8.380545616149902, 5.489739418029785, 6.075669765472412, 6.036356449127197, 11.877372741699219, 6.647515773773193, 11.595396995544434, 6.729481220245361, 8.603668212890625, 5.2652974128723145, 4.723668575286865, 12.12825870513916, 7.709505081176758, 5.897921562194824, 7.177186012268066, 11.210555076599121, 11.452032089233398, 6.532820701599121, 7.69389533996582, 6.728184700012207, 7.803258419036865, 7.9038472175598145, 15.805950164794922, 13.599607467651367, 8.063021659851074, 6.94864559173584, 5.329134464263916, 7.586891174316406, 7.833276748657227, 5.3083062171936035, 11.14141845703125, 11.280008316040039, 11.177770614624023, 7.918742656707764, 10.6437406539917, 6.708292007446289, 3.3437764644622803, 7.1602277755737305, 5.340580463409424, 6.867561340332031, 10.409822463989258, 4.411624431610107, 7.147544860839844, 6.4042439460754395, 6.745340347290039, 12.532873153686523, 11.146307945251465, 7.763917446136475, 8.05283260345459, 9.09602165222168, 7.199498176574707, 3.5023868083953857, 12.129255294799805, 5.476985931396484, 6.527016639709473, 15.825517654418945, 6.823183536529541, 7.057427883148193, 12.261543273925781, 11.656091690063477, 5.9277663230896, 4.648373603820801, 8.200976371765137, 7.037182807922363, 9.126215934753418, 18.437721252441406, 7.426167964935303, 4.2390851974487305, 7.250743389129639, 9.26149845123291, 6.577478408813477, 7.984376907348633, 7.291554927825928, 8.009182929992676, 7.1994805335998535, 7.096883296966553, 6.490472793579102, 7.052769184112549, 7.577907085418701, 13.298726081848145, 13.168715476989746, 12.904455184936523, 12.936046600341797, 6.856419563293457, 6.376916408538818, 8.083807945251465, 8.22282600402832, 5.958090782165527, 6.158554553985596, 6.446160793304443, 7.73362398147583, 5.298086166381836, 5.3051018714904785, 8.219877243041992, 7.885221481323242, 8.430134773254395, 9.9005708694458, 11.390008926391602, 6.134327411651611, 6.615527153015137, 7.272502422332764, 7.8053741455078125, 13.011287689208984, 9.961524963378906, 4.233349323272705, 6.46636438369751, 7.229969024658203, 7.810719966888428, 8.220819473266602, 12.063911437988281, 7.318170547485352, 9.41282844543457, 6.84849739074707, 11.878011703491211, 6.268934726715088, 4.98626708984375, 4.934915542602539, 7.129321575164795, 12.006525993347168, 12.267107009887695, 5.495020866394043, 3.63171124458313, 12.22277545928955, 10.975090980529785, 6.92427396774292, 4.911004543304443, 18.519330978393555, 6.926158905029297, 8.52322769165039, 6.147320747375488, 11.805004119873047, 10.988964080810547, 11.57961368560791, 11.908507347106934, 8.456235885620117, 9.243400573730469, 12.275189399719238, 7.601954460144043, 4.859726905822754, 11.982927322387695, 6.1083598136901855, 8.348113059997559, 5.566771984100342, 6.001104354858398, 6.398794651031494, 11.742643356323242, 13.8579683303833, 5.8298749923706055, 5.7886271476745605, 4.928918838500977, 8.810002326965332, 12.67465877532959, 12.78920841217041, 7.630463600158691, 12.579280853271484, 6.873690605163574, 5.856921195983887, 11.704421043395996, 7.2964019775390625, 14.086479187011719, 7.525520324707031, 10.015116691589355, 19.184505462646484, 7.417954921722412, 8.158590316772461, 9.85502815246582, 11.851186752319336, 5.883718490600586, 6.269349098205566, 7.673378944396973, 10.305254936218262, 4.972243785858154, 10.58705997467041, 10.652926445007324, 7.206345081329346, 10.599187850952148, 17.707321166992188, 6.531679153442383, 8.663261413574219, 6.40997314453125, 14.221551895141602, 8.537257194519043, 9.244175910949707, 7.8069233894348145, 11.43256664276123, 5.493801116943359, 8.314693450927734, 13.259965896606445, 7.4726667404174805, 6.733227252960205, 6.560622692108154, 6.703574180603027, 11.971440315246582, 9.908015251159668, 14.695147514343262, 11.481853485107422, 8.978005409240723, 7.67679500579834, 8.426918983459473, 7.877101898193359, 8.270913124084473, 7.4486775398254395, 7.495565891265869, 7.7098870277404785, 6.301141262054443, 2.2572596073150635, 9.031169891357422, 7.085920333862305, 6.002744197845459, 15.898626327514648, 7.019043445587158, 9.622368812561035, 7.628773212432861, 6.380996227264404, 7.9444050788879395, 8.918158531188965, 6.418949604034424, 12.011531829833984, 7.993628025054932, 17.279455184936523, 7.648191452026367, 4.825188636779785, 13.294715881347656, 16.634241104125977, 6.687139987945557, 8.270187377929688, 5.928803443908691, 6.735355854034424, 9.591597557067871, 11.543476104736328, 7.318297386169434, 6.09075927734375, 7.042501926422119, 10.631503105163574, 9.73121166229248, 12.282294273376465, 4.811512470245361, 7.716559886932373, 7.909870147705078, 6.095571041107178, 3.652552604675293, 6.711637020111084, 10.290434837341309, 4.045405387878418, 10.107712745666504, 6.8887410163879395, 6.5065999031066895, 6.414161682128906, 6.708785533905029, 7.648075580596924, 10.45734977722168, 11.786458969116211, 6.005861282348633, 7.1682448387146, 10.578553199768066, 13.701630592346191, 6.533562660217285, 12.180777549743652, 19.70600700378418, 7.136178016662598, 7.397960662841797, 7.09890079498291, 10.883593559265137, 9.198104858398438, 7.393807411193848, 10.100253105163574, 12.249126434326172, 9.468609809875488, 5.429328918457031, 11.603617668151855, 6.3325910568237305, 5.974647521972656, 4.590644836425781, 7.993949890136719, 7.02542781829834, 6.396060466766357, 5.7312493324279785, 11.50024127960205, 11.91241455078125, 10.168076515197754, 7.459959983825684, 6.578195571899414, 6.320854663848877, 11.980460166931152, 6.949588298797607, 7.745804309844971, 4.7353668212890625, 6.803400039672852, 7.049919128417969, 10.470441818237305, 9.06558895111084, 11.82894515991211, 5.632014274597168, 12.234325408935547, 7.859208583831787, 6.332670211791992, 4.0482940673828125, 6.35102653503418, 6.482302188873291, 5.1615519523620605, 6.638209342956543, 6.648733139038086, 7.3600263595581055, 6.955520153045654, 9.388405799865723, 8.534137725830078, 5.969934940338135, 12.583401679992676, 7.493176460266113, 7.463697910308838, 7.025552272796631, 4.520810604095459, 7.249418258666992, 7.15428352355957, 5.6318888664245605, 11.178683280944824, 6.677889823913574, 6.876846790313721, 6.063699722290039, 12.318489074707031, 10.241089820861816, 7.250914096832275, 11.558403968811035, 5.930485725402832, 7.212433338165283, 5.8064446449279785, 11.74345588684082, 8.047674179077148, 6.891801834106445, 6.756804943084717, 6.62444543838501, 7.985878944396973, 6.029421806335449, 7.382926940917969, 7.786288261413574, 8.337417602539062, 12.791604042053223, 7.973285675048828, 6.732656955718994, 13.253988265991211, 7.623958110809326, 7.7027812004089355, 4.122767448425293, 12.381674766540527, 7.412477016448975, 9.451981544494629, 6.104474067687988, 3.782930374145508, 4.25470495223999, 11.694538116455078, 12.994552612304688, 5.086256504058838, 11.04662036895752, 6.382280349731445, 5.915788650512695, 12.13210678100586, 12.60647964477539, 4.9929304122924805, 6.294246673583984, 11.655202865600586, 8.941975593566895, 11.150134086608887, 8.03343677520752, 12.105789184570312, 9.666094779968262, 6.808541297912598, 8.014063835144043, 6.299944877624512, 10.363612174987793, 6.267244815826416, 7.650007247924805, 12.761119842529297, 11.104700088500977, 7.511148929595947, 5.408658981323242, 11.095739364624023, 8.549935340881348, 6.467216968536377, 6.714613437652588, 7.779938220977783, 6.6535491943359375, 7.872974872589111, 7.930723190307617, 8.367310523986816, 7.226574420928955, 12.616072654724121, 9.773984909057617, 5.39446496963501, 13.191071510314941, 11.800593376159668, 6.488002777099609, 6.3887786865234375, 4.778018474578857, 6.782498836517334, 5.945843696594238, 5.36799430847168, 4.593360424041748, 8.422159194946289, 6.830378532409668, 6.596159934997559, 12.786722183227539, 11.07431697845459, 8.650050163269043, 6.9416022300720215, 12.664039611816406, 5.9427170753479, 5.177680015563965, 8.026115417480469, 10.925251960754395, 8.994742393493652, 12.37484073638916, 5.446388244628906, 4.930632591247559, 11.161601066589355, 12.939990997314453, 6.094847202301025, 5.893653869628906, 12.673609733581543, 5.822592258453369, 10.13632583618164, 7.336385250091553, 6.179147243499756, 6.243626594543457, 10.666975021362305, 7.266470909118652, 9.041324615478516, 9.602656364440918, 6.19808292388916, 9.730693817138672, 6.807555675506592, 8.493916511535645, 9.149803161621094, 10.925755500793457, 10.258225440979004, 8.560975074768066, 12.19477653503418, 13.501338958740234, 7.363752841949463, 9.400004386901855, 13.606626510620117, 7.6359992027282715, 6.394965648651123, 8.0018310546875, 6.553765773773193, 6.88027286529541, 8.7582368850708, 4.963749885559082, 6.523805141448975, 7.254614353179932, 9.662032127380371, 8.094025611877441, 7.035556793212891, 8.216764450073242, 6.59647274017334, 11.672807693481445, 7.000354766845703, 5.86665678024292, 11.488235473632812, 12.207337379455566, 9.066840171813965, 9.314241409301758, 11.840323448181152, 7.636233329772949, 8.471526145935059, 11.336496353149414, 5.882070541381836, 4.800076961517334, 11.459712028503418, 11.813761711120605, 9.905348777770996, 17.635835647583008, 7.888189792633057, 9.053716659545898, 7.698281764984131, 10.502474784851074, 5.276716232299805, 8.708147048950195, 18.734392166137695, 11.939680099487305, 6.433779239654541, 8.25568962097168, 7.085519313812256, 7.985645294189453, 7.725905418395996, 8.790611267089844, 7.154640197753906, 5.939681529998779, 11.37856388092041, 5.424543857574463, 10.007407188415527, 6.962045669555664, 11.086057662963867, 7.326871871948242, 5.021576404571533, 5.464129447937012, 11.38908863067627, 4.913699626922607, 7.908649921417236, 18.12986946105957, 4.885651111602783, 6.102424144744873, 11.543190956115723, 8.548705101013184, 10.235908508300781, 6.504754543304443, 5.606662750244141, 6.59904146194458, 10.113629341125488, 7.8680949211120605, 6.28483247756958, 6.978583335876465, 7.453054428100586, 11.85360050201416, 9.498284339904785, 7.5551981925964355, 4.793266296386719, 7.489136695861816, 5.498712539672852, 7.283596515655518, 7.726315498352051, 7.438940525054932, 8.25539493560791, 6.576574802398682, 6.086632251739502, 9.098668098449707, 12.830339431762695, 7.8408522605896, 7.1760454177856445, 5.629263401031494, 7.612907886505127, 11.761951446533203, 6.550494194030762, 7.377643585205078, 10.687912940979004, 11.569270133972168, 5.03369665145874, 13.44458293914795, 7.991798400878906, 5.351281642913818, 7.962576866149902, 6.87598180770874, 11.291213035583496, 9.728841781616211, 7.5020318031311035, 8.868874549865723, 5.550454139709473, 4.133558750152588, 6.006704807281494, 4.041677474975586, 7.044172286987305, 5.586272716522217, 11.435510635375977, 7.108093738555908, 9.314297676086426, 6.434284210205078, 6.957317352294922, 6.372320652008057, 7.425411701202393, 5.503552436828613, 6.340612888336182, 7.90325403213501, 7.544319152832031, 8.155138969421387, 10.084169387817383, 13.439018249511719, 13.389090538024902, 6.204173564910889, 7.60733699798584, 7.550506114959717, 10.855241775512695, 4.390472412109375, 11.83353042602539, 8.052412986755371, 6.072229385375977, 6.554903507232666, 7.038074493408203, 9.828763961791992, 6.091846942901611, 4.544654846191406, 7.8425750732421875, 7.429646968841553, 6.962033271789551, 6.76875638961792, 6.098962783813477, 6.984251022338867, 6.615344047546387, 6.848979473114014, 7.129494667053223, 7.020105838775635, 6.600081920623779, 12.37675952911377, 7.6580400466918945, 13.128551483154297, 11.586959838867188, 8.312995910644531, 5.563673973083496, 7.250163555145264, 7.916029453277588, 8.403553009033203, 14.699682235717773, 6.875894546508789, 8.027304649353027, 8.073596000671387, 7.1830925941467285, 7.465446949005127, 4.973485469818115, 6.929111003875732, 13.247062683105469, 7.6909942626953125, 15.26305866241455, 7.984720706939697, 8.184243202209473, 7.2112226486206055, 7.905799865722656, 8.013043403625488, 6.013004779815674, 8.320721626281738, 6.819098472595215, 8.141279220581055, 17.61199951171875, 5.733038425445557, 11.597183227539062, 12.021364212036133, 9.60970401763916, 13.314139366149902, 7.34552001953125, 6.251765251159668, 6.046741962432861, 8.622122764587402, 7.636809349060059, 7.507015705108643, 6.284423351287842, 8.24765682220459, 9.977375984191895, 5.73228120803833, 5.5791449546813965, 12.863605499267578, 7.4001312255859375, 7.505764007568359, 6.600867748260498, 6.292888641357422, 6.144199371337891, 5.7152791023254395, 4.904534816741943, 7.164553165435791, 6.208699703216553, 7.816978931427002, 8.36943244934082, 5.784603118896484, 11.110710144042969, 7.607180595397949, 7.064521789550781, 10.6546630859375, 7.074700832366943, 7.311423301696777, 7.788577556610107, 10.337272644042969, 6.555068492889404, 7.737269878387451, 11.611793518066406, 8.223794937133789, 5.869245529174805, 12.292827606201172, 6.713532447814941, 6.951448917388916, 8.117770195007324, 6.3738112449646, 7.50187873840332, 5.867514610290527, 12.185078620910645, 6.907691478729248, 7.6553053855896, 7.707629203796387, 5.817183494567871, 5.941138744354248, 11.428047180175781, 6.5067620277404785, 10.84032154083252, 8.513772964477539, 8.055011749267578, 8.638370513916016, 8.184189796447754, 5.468307971954346, 7.895439624786377, 5.795902729034424, 7.717023849487305, 7.965676307678223, 8.450641632080078, 12.885446548461914, 12.186700820922852, 12.580242156982422, 8.561066627502441, 4.836815357208252, 7.045950412750244, 4.9906325340271, 7.823374271392822, 7.870452880859375, 7.915347099304199, 7.093572616577148, 6.246284008026123, 11.812186241149902, 9.712891578674316, 10.227875709533691, 11.855238914489746, 4.725783348083496, 6.58610200881958, 5.901055812835693, 6.3317975997924805, 10.749916076660156, 7.912356853485107, 10.591711044311523, 10.14026165008545, 4.932767868041992, 6.040987491607666, 12.626606941223145, 8.76646614074707, 7.114549160003662, 3.9351155757904053, 7.214193344116211, 9.696348190307617, 13.441147804260254, 6.744141578674316, 5.855055809020996, 7.224534511566162, 4.872024059295654, 9.44587230682373, 9.071995735168457, 7.58305025100708, 8.860925674438477, 7.302456855773926, 7.177740097045898, 7.769177436828613, 7.783968925476074, 7.788017272949219, 6.632747173309326, 8.358936309814453, 5.805229187011719, 5.366913318634033, 8.804272651672363, 6.738927364349365, 6.178412437438965, 7.168217658996582, 6.904988765716553, 4.4193830490112305, 6.467593669891357, 5.723719596862793, 11.24710750579834, 7.2892255783081055, 7.5087995529174805, 6.914910793304443, 10.654004096984863, 7.026734828948975, 7.034357070922852, 7.736198425292969, 7.684985160827637, 5.512965202331543, 7.754541873931885, 6.087911128997803, 10.155755996704102, 5.221363067626953, 7.414566516876221, 6.212660789489746, 8.148283004760742, 12.080901145935059, 6.223684787750244, 7.791725158691406, 5.5342583656311035, 7.402679443359375, 7.425357818603516, 6.872705459594727, 6.52994441986084, 11.751638412475586, 10.857282638549805, 6.670022964477539, 10.07523250579834, 9.635826110839844, 3.634282350540161, 6.3787007331848145, 7.6923441886901855, 4.593426704406738, 9.075826644897461, 5.788116455078125, 11.44431209564209, 4.199229717254639, 6.5897932052612305, 7.846490859985352, 6.50108528137207, 6.252315998077393, 7.3625874519348145, 5.430301189422607, 6.31688117980957, 8.043539047241211, 6.997880935668945, 7.028608322143555, 7.241416931152344, 7.630842685699463, 15.891088485717773, 4.8318023681640625, 11.469079971313477, 6.755039691925049, 6.523000717163086, 5.099492073059082, 4.816287994384766, 7.0167694091796875, 8.129385948181152, 5.1819939613342285, 6.080324172973633, 9.24006462097168, 6.815980911254883, 13.076674461364746, 8.911402702331543, 7.57139778137207, 7.215281963348389, 7.114362716674805, 7.503719806671143, 11.349977493286133, 5.152763366699219, 7.416634559631348, 8.726941108703613, 13.626825332641602, 11.201966285705566, 8.022944450378418, 7.359156131744385, 6.832807540893555, 6.540267467498779, 10.303166389465332, 6.78596305847168, 7.229977607727051, 9.053088188171387, 11.509109497070312, 6.446813106536865, 4.258906364440918, 8.71109390258789, 11.803736686706543, 7.797219753265381, 9.844416618347168, 11.255001068115234, 6.739391326904297, 6.032600402832031, 7.192633628845215, 11.811368942260742, 6.760190963745117, 9.774421691894531, 6.41722297668457, 6.9692912101745605, 6.4406232833862305, 9.94620418548584, 8.494895935058594, 6.947306156158447, 8.134488105773926, 6.500103950500488, 7.566709518432617, 8.65410041809082, 11.35486125946045, 7.766812801361084, 11.067439079284668, 15.01561164855957, 6.1562018394470215, 13.273869514465332, 8.177730560302734, 5.381627082824707, 6.531109809875488, 7.512377738952637, 7.28382682800293, 6.052150249481201, 12.554374694824219, 7.784575939178467, 6.931884288787842, 12.78884506225586, 10.432110786437988, 13.452256202697754, 8.468464851379395, 12.620721817016602, 5.842200756072998, 8.827945709228516, 7.402233123779297, 6.264194011688232, 6.44550085067749, 7.771860599517822, 8.617140769958496, 9.620620727539062, 8.294425964355469, 8.475699424743652, 13.591202735900879, 6.419960021972656, 5.033987522125244, 9.606728553771973, 6.9376420974731445, 7.022934436798096, 9.951648712158203, 12.192313194274902, 7.300530910491943, 6.371685981750488, 9.080024719238281, 6.553248882293701, 10.068352699279785, 7.178884983062744, 10.254542350769043, 8.354097366333008, 6.894392013549805, 7.928656101226807, 11.93375015258789, 7.988205909729004, 7.139572620391846, 8.286417007446289, 4.071527481079102, 7.3878068923950195, 9.73717212677002, 4.371717929840088, 12.623164176940918, 12.074197769165039, 7.195794582366943, 6.382584571838379, 6.0958404541015625, 7.981853485107422, 11.767090797424316, 6.647609710693359, 6.092453956604004, 8.052234649658203, 12.051785469055176, 6.298891544342041, 6.965014457702637, 6.557459831237793, 5.7435150146484375, 7.951112747192383, 12.046432495117188, 5.423661231994629, 8.314591407775879, 12.595547676086426, 11.23273754119873, 6.943170070648193, 7.820213317871094, 9.842744827270508, 6.207435131072998, 7.653720378875732, 6.332870006561279, 5.991626739501953, 5.0409064292907715, 4.932104587554932, 7.600915431976318, 6.081603050231934, 6.7953996658325195, 12.518543243408203, 9.635078430175781, 7.036867141723633, 7.752116680145264, 7.543150901794434, 7.303247928619385, 8.128023147583008, 8.795352935791016, 5.673250198364258, 7.276097297668457, 7.239492893218994, 7.4355292320251465, 8.042778015136719, 5.857590198516846, 10.481626510620117, 7.734964847564697, 8.937138557434082, 8.3954496383667, 6.360169887542725, 11.239031791687012, 7.648586750030518, 8.501058578491211, 10.166359901428223, 13.019200325012207, 7.6036529541015625, 7.215618133544922, 8.76802921295166, 8.938281059265137, 10.663320541381836, 7.058598518371582, 6.739348888397217, 7.0492143630981445, 13.552229881286621, 6.777884483337402, 6.034231662750244, 7.245359897613525, 7.293288707733154, 7.089359760284424, 7.459287643432617, 7.053377151489258, 7.627148151397705, 5.00345516204834, 6.898019313812256, 6.801167964935303, 7.232391357421875, 5.116734504699707, 6.497210502624512, 9.094803810119629, 7.560161590576172, 6.55588436126709, 7.243030548095703, 9.805803298950195, 21.10188865661621, 7.639764308929443, 13.470766067504883, 8.02348804473877, 14.305612564086914, 6.619880676269531, 8.473978042602539, 11.330023765563965, 12.359858512878418, 11.93618106842041, 7.0538201332092285, 6.6993584632873535, 6.693770408630371, 8.249567985534668, 7.474444389343262, 6.945675849914551, 8.153335571289062, 10.45101547241211, 8.700886726379395, 8.722434043884277, 11.529214859008789, 5.213413715362549, 8.066475868225098, 8.237860679626465, 4.712867259979248, 7.139915466308594, 10.578718185424805, 7.321739673614502, 6.544828414916992, 12.76620101928711, 7.363548755645752, 9.520553588867188, 4.793498992919922, 4.748055934906006, 8.306221008300781, 11.153708457946777, 11.546402931213379, 7.8079915046691895, 6.4649176597595215, 6.596062183380127, 6.499909400939941, 10.477173805236816, 4.780587196350098, 10.058170318603516, 12.738849639892578, 7.9438700675964355, 6.74420166015625, 11.200872421264648, 11.663697242736816, 7.795116901397705, 12.982992172241211, 6.197861194610596, 5.498369216918945, 7.320505619049072, 12.250598907470703, 12.296682357788086, 5.464488506317139, 7.842257499694824, 7.569230079650879, 6.9977898597717285, 10.711286544799805, 6.615594387054443, 6.768487453460693, 6.917569160461426, 8.290767669677734, 8.051708221435547, 6.031064510345459, 7.734494686126709, 10.661734580993652, 11.427820205688477, 6.046247482299805, 8.666239738464355, 7.323546886444092, 6.332634449005127, 6.83320426940918, 7.996154308319092, 6.4711503982543945, 6.93612813949585, 9.854228019714355, 7.453713417053223, 6.92303466796875, 7.829837322235107, 7.578146457672119, 6.517448425292969, 9.7620849609375, 7.452969074249268, 7.4958367347717285, 5.623519420623779, 10.35775375366211, 6.298261642456055, 15.199921607971191, 6.501806259155273, 5.459717750549316, 5.5838847160339355, 4.905663967132568, 4.475208759307861, 6.648158550262451, 7.93500280380249, 10.181794166564941, 7.542248725891113, 11.381718635559082, 11.577296257019043, 10.194609642028809, 5.3927388191223145, 8.671323776245117, 7.398427963256836, 6.242622375488281, 5.36213493347168, 6.675668716430664, 7.849409103393555, 19.548797607421875, 11.787629127502441, 6.633623123168945, 13.025298118591309, 8.693249702453613, 4.4626030921936035, 8.235699653625488, 6.598551273345947, 7.065469264984131, 6.597352981567383, 8.634973526000977, 7.734004020690918, 6.140903949737549, 11.199639320373535, 12.051785469055176, 6.819606781005859, 11.041067123413086, 9.795583724975586, 20.740034103393555, 8.360105514526367, 11.244431495666504, 8.004956245422363, 5.995970726013184, 7.30103063583374, 7.605299472808838, 5.806102752685547, 10.218530654907227, 9.613798141479492, 13.050443649291992, 11.274404525756836, 5.572223663330078, 8.216796875, 13.737386703491211, 6.832347869873047, 8.011295318603516, 15.258667945861816, 6.1444549560546875, 10.827889442443848, 12.171698570251465, 10.006407737731934, 7.402416706085205, 19.988126754760742, 11.552573204040527, 9.267194747924805, 6.429338455200195, 13.78380012512207, 10.973516464233398, 9.789742469787598, 6.437899589538574, 8.227110862731934, 5.614941120147705, 7.33022403717041, 7.678114414215088, 11.884121894836426, 9.897317886352539, 6.8193583488464355, 7.490659713745117, 6.703592777252197, 17.237567901611328, 6.908991813659668, 4.045283794403076, 8.084419250488281, 11.831146240234375, 7.061540126800537, 6.537533283233643, 6.638720512390137, 5.3360595703125, 10.949281692504883, 10.890515327453613, 5.548156261444092, 6.8836798667907715, 8.010395050048828, 6.898622512817383, 8.97196102142334, 6.461117267608643, 5.246323585510254, 6.842599391937256, 5.352749824523926, 6.660743713378906, 7.219679355621338, 5.215357780456543, 4.225767612457275, 8.002138137817383, 8.899087905883789, 8.126138687133789, 7.3657917976379395, 7.461223602294922, 6.3934197425842285, 5.464997291564941, 7.851354598999023, 7.897644996643066, 6.405308723449707, 10.182927131652832, 12.615262031555176, 10.203475952148438, 10.384102821350098, 17.466127395629883, 5.665101528167725, 7.497740745544434, 7.9554643630981445, 10.935164451599121, 10.876996994018555, 13.736631393432617, 8.76695728302002, 14.142709732055664, 7.3686628341674805, 8.718467712402344, 7.254663944244385, 6.594738960266113, 11.378288269042969, 4.619822025299072, 6.158544540405273, 6.002577781677246, 7.288618087768555, 8.292387962341309, 7.902298927307129, 10.56179141998291, 7.686451435089111, 6.162448883056641, 12.889354705810547, 6.4446187019348145, 6.7908220291137695, 6.500760078430176, 5.375795364379883, 6.516812324523926, 11.410624504089355, 8.648755073547363, 7.506111145019531, 5.769322872161865, 20.31324577331543, 6.030248641967773, 12.25523853302002, 12.426187515258789, 6.312568187713623, 6.4313063621521, 13.406949043273926, 6.513467311859131, 5.431199550628662, 2.8752601146698, 6.633120059967041, 8.388818740844727, 7.232378005981445, 13.030840873718262, 9.259963989257812, 10.656930923461914, 7.761363983154297, 17.888153076171875, 7.253698825836182, 5.531705379486084, 6.324499607086182, 7.1696577072143555, 7.008233070373535, 6.467514514923096, 6.527772903442383, 14.307358741760254, 7.209481239318848, 5.488896369934082, 6.125682830810547, 13.365717887878418, 5.092310428619385, 6.733349800109863, 5.701390266418457, 6.800421714782715, 4.2041401863098145, 10.80074691772461, 11.121716499328613, 7.7252655029296875, 7.147685527801514, 7.512946605682373, 12.948179244995117, 7.278162956237793, 9.766226768493652, 5.345742225646973, 7.044803142547607, 9.345895767211914, 7.3161702156066895, 7.724217414855957, 8.389598846435547, 12.66440200805664, 7.9336137771606445, 12.85791301727295, 5.7217254638671875, 6.580715179443359, 11.157678604125977, 6.8695244789123535, 7.894402503967285, 5.758237361907959, 9.731096267700195, 16.88814926147461, 8.496440887451172, 11.901039123535156, 6.432549476623535, 9.918156623840332, 5.876043796539307, 7.102082252502441, 7.223200798034668, 7.310610771179199, 7.267946243286133, 11.920167922973633, 6.076265811920166, 6.868336200714111, 8.047379493713379, 6.163621425628662, 11.623830795288086, 12.752674102783203, 9.363170623779297, 8.432697296142578, 8.87955093383789, 9.251562118530273, 6.458381175994873, 10.421371459960938, 10.306602478027344, 7.270227432250977, 6.293035984039307, 6.662735939025879, 7.604005813598633, 15.972614288330078, 8.50056266784668, 7.521426200866699, 6.525246620178223, 6.45024299621582, 4.792942523956299, 5.7648606300354, 4.76887321472168, 7.348016738891602, 5.4306793212890625, 6.191153526306152, 7.604005813598633, 5.964470863342285, 5.646046161651611, 4.599267482757568, 15.105362892150879, 11.47781753540039, 8.37243366241455, 13.977178573608398, 12.342896461486816, 6.903415679931641, 5.253137588500977, 9.936616897583008, 10.7715425491333, 14.190651893615723, 6.60772705078125, 7.0478105545043945, 5.560825347900391, 6.715124130249023, 10.238717079162598, 10.7977876663208, 10.34113597869873, 4.589599609375, 7.648360729217529, 13.558935165405273, 6.651032447814941, 11.141477584838867, 7.64540433883667, 7.4709343910217285, 5.520686149597168, 12.096463203430176, 4.658002853393555, 6.335575580596924, 8.68486499786377, 7.2652153968811035, 9.395370483398438, 7.302044868469238, 6.127869129180908, 6.277312278747559]
Cosines similarity random samples
[0.7034294605255127, 0.4495862126350403, 0.3611184060573578, 0.7128223180770874, 0.8554332256317139, 0.7544025778770447, 0.8269983530044556, 0.8263283371925354, 0.3848517835140228, 0.20253702998161316, 0.8106141090393066, 0.48321858048439026, 0.790188193321228, 0.8180639743804932, 0.7006651163101196, 0.6559920310974121, 0.44798916578292847, 0.6333200335502625, 0.8707723021507263, 0.7564876079559326, 0.7049446702003479, 0.748793363571167, 0.8694950342178345, 0.7871887683868408, 0.7886683940887451, 0.7821680307388306, 0.5727530717849731, 0.7789878249168396, 0.709581732749939, 0.8520097732543945, 0.7595515251159668, 0.7590944766998291, 0.8054587244987488, 0.5709193348884583, 0.004603341221809387, 0.4280969500541687, 0.7974656820297241, 0.8253848552703857, 0.2679405212402344, 0.7837217450141907, 0.649566650390625, 0.8332551717758179, 0.6956795454025269, 0.17958781123161316, 0.3768989145755768, 0.7337359189987183, 0.8331408500671387, 0.7113475799560547, 0.7390879392623901, 0.4089342951774597, 0.709734320640564, 0.6244494318962097, 0.5495184063911438, 0.677090048789978, 0.7979119420051575, 0.9061076045036316, 0.8432714939117432, 0.6567988395690918, 0.7980055809020996, 0.12517964839935303, 0.802543044090271, 0.7923083305358887, 0.3391387462615967, 0.8764995336532593, 0.8267115950584412, 0.8079144954681396, 0.6350933313369751, 0.7128248810768127, 0.21008563041687012, 0.7941267490386963, 0.464442640542984, 0.49605053663253784, 0.857276976108551, 0.7489181756973267, 0.7933578491210938, 0.7428457736968994, 0.5036929249763489, 0.796149492263794, 0.7453441619873047, 0.7926151752471924, 0.7601504325866699, 0.6658487319946289, 0.41852858662605286, 0.39921504259109497, 0.8227199912071228, 0.709618330001831, 0.8175406455993652, 0.6811611652374268, 0.8371738195419312, 0.8983665108680725, 0.83083176612854, 0.8090561628341675, 0.8171757459640503, 0.5295795202255249, 0.4211162030696869, 0.773021936416626, 0.8280889987945557, 0.23244601488113403, 0.7947313189506531, 0.6574227809906006, 0.5952304005622864, 0.7732803821563721, -0.6387343406677246, 0.7196851968765259, 0.7741388082504272, 0.7600868940353394, 0.7222360372543335, 0.747642993927002, 0.5899724960327148, 0.9057040810585022, 0.7451758980751038, 0.7553287744522095, 0.7572616338729858, 0.3919380009174347, 0.7761422395706177, 0.510725736618042, 0.8251212239265442, 0.8256747126579285, 0.7581723928451538, 0.797870397567749, 0.8076283931732178, 0.40121906995773315, 0.764736533164978, 0.5644438862800598, 0.8222157955169678, 0.4810681939125061, 0.46623149514198303, 0.8855612874031067, 0.899032711982727, 0.4182465076446533, 0.8177583813667297, 0.7086548805236816, 0.16905111074447632, 0.7207052707672119, 0.7872084379196167, 0.755893349647522, 0.7738744020462036, 0.8092374205589294, 0.9251555800437927, 0.8600606322288513, 0.7010983228683472, 0.5497778058052063, 0.8133677244186401, 0.7630363702774048, 0.025464221835136414, 0.6831275224685669, 0.7866367101669312, 0.8883460760116577, 0.3746533989906311, 0.8522970676422119, 0.7724782824516296, 0.3522093892097473, 0.7285134196281433, 0.43587374687194824, 0.2749791443347931, 0.5502115488052368, 0.8322643041610718, 0.3942561149597168, 0.6204717755317688, 0.8384189605712891, 0.8520745635032654, 0.9254542589187622, 0.7986887693405151, 0.6851745843887329, 0.37802356481552124, 0.4415810704231262, 0.7150576114654541, 0.9018229246139526, 0.6487240791320801, 0.6003057956695557, 0.7067816257476807, 0.7111845016479492, 0.5611223578453064, 0.7360944747924805, 0.4478316903114319, 0.8002290725708008, 0.830950140953064, 0.6430863738059998, 0.6934472918510437, 0.7313635945320129, 0.6410315036773682, 0.6931501030921936, 0.7853978872299194, 0.6341403722763062, 0.1656009405851364, 0.8009325265884399, 0.8836155533790588, 0.6697677969932556, 0.4747098684310913, 0.5405638217926025, 0.7135142087936401, 0.3145923316478729, 0.7052412033081055, 0.4392622709274292, 0.6780105829238892, 0.4092097878456116, 0.8257104158401489, 0.8554660677909851, 0.7781867384910583, 0.8549764752388, 0.7401585578918457, 0.8326790928840637, 0.7869893312454224, 0.6937786340713501, 0.6453630924224854, 0.35844534635543823, 0.6582770943641663, 0.7349333763122559, 0.6587479114532471, 0.7206141948699951, 0.8063173294067383, 0.6176306009292603, 0.636120080947876, 0.7653113603591919, 0.4000031352043152, 0.6932162046432495, 0.8030844926834106, 0.7733343243598938, 0.7424260973930359, 0.7527064681053162, 0.734503984451294, 0.8190855383872986, 0.7997953295707703, 0.7644088268280029, 0.867621898651123, 0.8145774602890015, 0.7678180932998657, 0.4329100251197815, 0.7147712111473083, 0.5761643648147583, 0.3800579905509949, 0.4366236627101898, 0.8051632046699524, 0.7988879680633545, 0.8001216053962708, 0.3811330497264862, 0.7596743106842041, 0.4764411449432373, 0.8253546953201294, 0.5963723063468933, 0.8978553414344788, 0.8168799877166748, 0.32686179876327515, 0.8423623442649841, 0.8544448018074036, 0.727048397064209, 0.767090916633606, 0.7463154196739197, 0.8613647222518921, 0.8004429936408997, 0.7717073559761047, 0.7755140662193298, 0.8643730878829956, 0.7896357178688049, 0.6600968241691589, 0.8044401407241821, 0.7719098329544067, 0.762078583240509, 0.13706202805042267, 0.29849866032600403, 0.1324825882911682, 0.2232632339000702, 0.7390053868293762, 0.5795407295227051, 0.8112964630126953, 0.7413292527198792, 0.7200604677200317, 0.7157300114631653, 0.716469407081604, 0.9345008134841919, 0.806529700756073, 0.7406709790229797, 0.8632652163505554, 0.7421234846115112, 0.7939403057098389, 0.19452449679374695, 0.654954731464386, 0.6956720948219299, 0.7518792748451233, 0.7118520736694336, 0.8381593227386475, 0.6686069965362549, 0.6780005097389221, 0.6531744599342346, 0.8954604268074036, 0.6239902377128601, 0.3352014422416687, -0.3171551823616028, -0.05538603663444519, 0.32745593786239624, 0.8365612626075745, 0.7379862070083618, 0.8739118576049805, 0.32257235050201416, 0.8764506578445435, 0.8798031210899353, 0.625838041305542, 0.763953447341919, 0.7891226410865784, 0.7566006183624268, 0.7685155868530273, 0.7547509670257568, -0.5253483653068542, 0.8192456364631653, 0.7049647569656372, 0.36323240399360657, 0.7221804857254028, 0.7142823934555054, 0.6820590496063232, 0.7990609407424927, 0.7111616134643555, 0.6973510980606079, 0.516977846622467, 0.6828435659408569, 0.6576838493347168, 0.7637074589729309, 0.42110928893089294, 0.7899957895278931, 0.8821130394935608, 0.6790505051612854, 0.6903609037399292, 0.8966639041900635, 0.3536390960216522, 0.7852476835250854, 0.6931631565093994, 0.8295103311538696, 0.6907086372375488, 0.5722845792770386, 0.6047816276550293, 0.21405161917209625, 0.8544663190841675, 0.7534346580505371, 0.6586418747901917, 0.7000645995140076, 0.3320618271827698, 0.2980426549911499, 0.7556266784667969, 0.8420403003692627, 0.47664615511894226, 0.43079298734664917, -0.33657678961753845, 0.3636258542537689, 0.743877112865448, 0.886745810508728, 0.6796599626541138, 0.8719198703765869, 0.8131428956985474, 0.7109153866767883, 0.8199771046638489, 0.1506018042564392, 0.45458170771598816, -0.567214846611023, 0.460879385471344, 0.8177170753479004, 0.7486972808837891, 0.7291487455368042, 0.8314132690429688, 0.4369342625141144, 0.7779314517974854, 0.23657318949699402, 0.7502549886703491, 0.7891390919685364, 0.7476969361305237, 0.6067172884941101, 0.5263071060180664, 0.7626598477363586, 0.7262402772903442, 0.8036158084869385, 0.8519594669342041, 0.7725268602371216, 0.7423006892204285, 0.6882145404815674, 0.47980746626853943, 0.4178850054740906, 0.6445671319961548, 0.8310850858688354, 0.2877079248428345, 0.6817939281463623, 0.8369313478469849, 0.1855882704257965, 0.7583307027816772, 0.9241341352462769, 0.7776877880096436, 0.6794191598892212, 0.7132806181907654, 0.8090181946754456, 0.8652004599571228, 0.7295472621917725, 0.31130728125572205, 0.7725357413291931, 0.7500683665275574, 0.7210460305213928, 0.6717431545257568, 0.19830189645290375, 0.2618963420391083, 0.7160000205039978, 0.6814706325531006, 0.7191221714019775, 0.9064109325408936, 0.7560877203941345, 0.488163560628891, 0.32541215419769287, 0.5259343385696411, -0.3857305645942688, 0.9173108339309692, 0.7322070598602295, 0.8162752389907837, 0.1887924075126648, 0.5786347389221191, 0.8032795190811157, 0.417132705450058, 0.8082441091537476, 0.3101157546043396, -0.5342181921005249, 0.8273958563804626, 0.28453347086906433, 0.20303867757320404, 0.5725558400154114, 0.7039376497268677, 0.7399663925170898, 0.7811601758003235, 0.6955658793449402, 0.6359493136405945, 0.822263240814209, 0.77128005027771, 0.8286638259887695, 0.6972294449806213, 0.6959120035171509, 0.8824378848075867, 0.7055412530899048, 0.775155246257782, 0.8306413292884827, 0.36023929715156555, -0.14297081530094147, 0.8909705877304077, 0.25683876872062683, 0.8851155042648315, 0.7307547330856323, 0.5026618838310242, 0.8020278215408325, 0.3157815933227539, 0.5630645751953125, 0.6564856171607971, 0.35336560010910034, 0.3336978554725647, 0.8541845679283142, 0.7129939198493958, 0.6966254711151123, 0.6941409111022949, 0.08125554025173187, 0.7684165835380554, 0.7115252017974854, 0.8538853526115417, 0.6830512285232544, 0.783240556716919, 0.8155801296234131, 0.837615966796875, 0.8110218644142151, 0.674765944480896, 0.3682486116886139, 0.4756445288658142, 0.8257765769958496, 0.7775857448577881, 0.7446353435516357, 0.28862443566322327, 0.40416818857192993, 0.8632909059524536, 0.7238393425941467, 0.8121285438537598, 0.6747524738311768, 0.5730382800102234, 0.20886294543743134, 0.1312483549118042, 0.6850643157958984, 0.04994191974401474, 0.77515709400177, 0.826895534992218, 0.41463443636894226, 0.7718766331672668, 0.3538622260093689, 0.7213757038116455, 0.7048055529594421, 0.7111418843269348, 0.7126303911209106, 0.8177980184555054, 0.47514989972114563, 0.37650641798973083, 0.7513532638549805, 0.9417401552200317, 0.8593142628669739, 0.7787113189697266, 0.6622051000595093, 0.8169412612915039, 0.49095767736434937, 0.7906799912452698, 0.6925340294837952, 0.8867540955543518, 0.7547501921653748, 0.7819515466690063, 0.6578195691108704, 0.6491075754165649, 0.7719441652297974, 0.729745626449585, 0.15947452187538147, 0.7448000907897949, 0.6764940619468689, -0.007295869290828705, 0.7944424152374268, 0.7408090829849243, 0.30803805589675903, 0.6725762486457825, 0.7565948963165283, 0.8748986124992371, 0.46147167682647705, -0.435381144285202, 0.7045333385467529, 0.8483437895774841, 0.8593086004257202, 0.30054372549057007, 0.50309818983078, 0.4768224358558655, 0.8094024658203125, 0.4800664782524109, 0.7215636372566223, 0.8641664385795593, 0.8465615510940552, -0.050810374319553375, 0.7432200908660889, 0.9141808748245239, 0.6005457639694214, 0.5823439359664917, 0.725816547870636, 0.6660255193710327, 0.3682219982147217, 0.6954577565193176, 0.8359732627868652, 0.41930270195007324, 0.8094699382781982, 0.743798553943634, 0.6384660601615906, 0.8617743253707886, 0.7211810350418091, 0.8637745380401611, 0.9178853034973145, 0.7873502969741821, 0.6865428686141968, 0.7113903164863586, -0.12866464257240295, 0.6037864685058594, 0.5040611028671265, -0.45388245582580566, 0.11309787631034851, 0.7223737835884094, 0.6799082159996033, 0.8071568012237549, 0.348174124956131, 0.7801923751831055, 0.7055189609527588, 0.6077902317047119, 0.7194894552230835, 0.8204378485679626, 0.8121172785758972, 0.6880813837051392, 0.750457227230072, 0.6869673728942871, 0.3482149839401245, 0.8042432069778442, 0.479314386844635, 0.6921685934066772, 0.7720048427581787, 0.5068467259407043, 0.3532980978488922, 0.49160856008529663, 0.8199372291564941, 0.7763165235519409, 0.4196586012840271, 0.6906530857086182, 0.8667688369750977, 0.7225415110588074, 0.7491925954818726, 0.7707051038742065, -0.09892646968364716, 0.6550136804580688, 0.7999837398529053, 0.6819044351577759, 0.6506822109222412, 0.7073706984519958, 0.6507930755615234, 0.5278553366661072, 0.8049540519714355, 0.6974341869354248, 0.8410434722900391, 0.8646835684776306, 0.3494415879249573, 0.6693251132965088, 0.7057296633720398, 0.9423387050628662, 0.5573657751083374, -0.0737931877374649, 0.8205279111862183, 0.4067417085170746, 0.7756807804107666, 0.3648647367954254, 0.5162357091903687, 0.8941460251808167, 0.41898563504219055, 0.7645894289016724, 0.4456808269023895, 0.7346612215042114, 0.5622405409812927, 0.777873158454895, 0.8182148337364197, 0.8164293766021729, 0.7690300941467285, 0.29381072521209717, 0.8191361427307129, 0.3576982021331787, 0.41902536153793335, 0.6788349151611328, 0.7733291387557983, 0.7052255272865295, 0.37274372577667236, 0.7126357555389404, 0.8543610572814941, 0.7095808386802673, 0.8221508264541626, 0.176954984664917, 0.7888796329498291, 0.7336344718933105, 0.7599730491638184, 0.4865366220474243, 0.6259535551071167, 0.8549712896347046, 0.8150092959403992, 0.8265960812568665, 0.34347784519195557, 0.7684044241905212, 0.43445149064064026, 0.7842522859573364, 0.6447780132293701, 0.8711271286010742, 0.89858078956604, 0.3546788692474365, 0.7193729877471924, 0.8286915421485901, 0.7257315516471863, 0.4583891034126282, 0.423652321100235, 0.8043299317359924, 0.705603837966919, 0.794967532157898, 0.7157672643661499, 0.7424523830413818, -0.10222819447517395, 0.17897137999534607, 0.7143280506134033, 0.7521877884864807, 0.8672048449516296, 0.7270992994308472, 0.7484567761421204, 0.8711811900138855, 0.4140649139881134, 0.5189099311828613, 0.45237183570861816, 0.6872605085372925, 0.494183212518692, 0.7851450443267822, 0.9480628967285156, 0.7277992963790894, 0.8628226518630981, 0.7763094902038574, 0.5027482509613037, 0.9103684425354004, 0.7626184225082397, 0.7935163974761963, 0.7777394652366638, 0.2725221514701843, 0.4161592721939087, 0.7095683217048645, 0.692981481552124, 0.6652780771255493, 0.7189075350761414, 0.9401585459709167, 0.37901315093040466, 0.8626445531845093, 0.7936357855796814, -0.12427979707717896, 0.7805925011634827, 0.7612578272819519, 0.2988671362400055, 0.355111300945282, 0.8344965577125549, 0.8945931196212769, 0.6752029061317444, 0.7703275680541992, 0.5669002532958984, -0.5076112747192383, 0.7254390120506287, 0.9126548767089844, 0.7340035438537598, 0.6475467085838318, 0.7868541479110718, 0.7025192975997925, 0.7562546730041504, 0.6904162168502808, 0.721363365650177, 0.7511170506477356, 0.8025643825531006, 0.7575725317001343, 0.7493255138397217, 0.1561981439590454, 0.2591826319694519, 0.3387310802936554, 0.27994075417518616, 0.7687883973121643, 0.785115659236908, 0.6836563348770142, 0.6644011735916138, 0.828474223613739, 0.8143551349639893, 0.7807278037071228, 0.7091944217681885, 0.869064450263977, 0.8584001660346985, 0.6780879497528076, 0.7071923017501831, 0.7110848426818848, 0.5268557071685791, 0.3421018719673157, 0.8137702941894531, 0.7804880142211914, 0.8065289258956909, 0.6977666020393372, 0.3491910696029663, 0.5649822950363159, 0.9131436347961426, 0.7984706163406372, 0.7191580533981323, 0.7131521701812744, 0.6783448457717896, 0.314374715089798, 0.7339990139007568, 0.5924497842788696, 0.7708013653755188, 0.41632962226867676, 0.8164035081863403, 0.8857266306877136, 0.8937525749206543, 0.7399281859397888, 0.383732408285141, 0.27009159326553345, 0.8498802185058594, 0.9367640018463135, 0.3149315416812897, 0.3942658305168152, 0.7629901170730591, 0.8847579956054688, -0.27100592851638794, 0.7628998160362244, 0.6353507041931152, 0.8195019364356995, 0.4316580295562744, 0.4618210196495056, 0.3942113518714905, 0.43209484219551086, 0.6570239067077637, 0.5855197310447693, 0.3207174241542816, 0.7240861654281616, 0.8887600302696228, 0.4419761896133423, 0.8187382817268372, 0.6912480592727661, 0.8455650806427002, 0.8311302661895752, 0.7855387330055237, 0.3501938581466675, 0.29082193970680237, 0.8380724191665649, 0.8375977873802185, 0.8850818872451782, 0.6288257241249084, 0.3323386013507843, 0.17296825349330902, 0.727983295917511, 0.25737106800079346, 0.7602827548980713, 0.8338507413864136, 0.3637509047985077, 0.7594830393791199, 0.11013811826705933, 0.7498397827148438, 0.5400664210319519, -0.4861184060573578, 0.7663091421127319, 0.6309506893157959, 0.5309933423995972, 0.3759799301624298, 0.8311086893081665, 0.8135368824005127, 0.7032049894332886, 0.4824903905391693, 0.8760313391685486, 0.4896203577518463, 0.4410685896873474, 0.7631405591964722, 0.4841501712799072, -0.529204249382019, 0.7894025444984436, 0.6486525535583496, 0.8141773343086243, 0.29163599014282227, 0.6478654742240906, 0.5309402942657471, 0.6987487077713013, 0.3663785755634308, 0.854184091091156, 0.6504495143890381, 0.3214960992336273, 0.7261853218078613, 0.782373309135437, 0.7901362776756287, 0.786772608757019, 0.21556179225444794, 0.5297260284423828, 0.08924786746501923, 0.41924425959587097, 0.6168203353881836, 0.7707209587097168, 0.6249639987945557, 0.7275192141532898, 0.680662214756012, 0.727918267250061, 0.726059079170227, 0.7380404472351074, 0.8210129141807556, 0.9756248593330383, 0.6411256790161133, 0.7470628023147583, 0.8317862749099731, -0.005939701572060585, 0.7694597244262695, 0.5669489502906799, 0.7190703749656677, 0.8270654678344727, 0.7144025564193726, 0.6563292741775513, 0.7826184630393982, 0.3793547451496124, 0.696904182434082, -0.4151262640953064, 0.7235285639762878, 0.8888921737670898, 0.22686490416526794, -0.19378532469272614, 0.7759856581687927, 0.6242712736129761, 0.8238557577133179, 0.7767084836959839, 0.634332537651062, 0.3709504008293152, 0.7399913668632507, 0.813281774520874, 0.7776157855987549, 0.38634398579597473, 0.6098456978797913, 0.44074180722236633, 0.8910017013549805, 0.69610595703125, 0.6486730575561523, 0.8208581209182739, 0.9363759756088257, 0.7933312654495239, 0.5311018228530884, 0.927442193031311, 0.48953041434288025, 0.7835837602615356, 0.8111121654510498, 0.7929853200912476, 0.7789931893348694, 0.7231013774871826, 0.4825857877731323, 0.38053449988365173, 0.833281397819519, 0.7657626867294312, 0.40467125177383423, 0.07369701564311981, 0.7913567423820496, 0.3755626082420349, -0.6720595955848694, 0.7513114809989929, 0.741712212562561, 0.7549377083778381, 0.47702887654304504, 0.5404896140098572, 0.7379134297370911, 0.5513967871665955, 0.3632918894290924, 0.6440962553024292, 0.851906418800354, 0.39432233572006226, 0.7925413846969604, 0.834612250328064, 0.8988931775093079, 0.7579153180122375, 0.7656354904174805, 0.7978625297546387, 0.839417576789856, 0.3350714147090912, 0.4058680832386017, 0.49741223454475403, 0.7503140568733215, 0.7980462908744812, 0.8099461793899536, 0.3617766499519348, 0.7678076028823853, 0.7073954343795776, 0.8916056752204895, 0.7978211641311646, 0.7636021375656128, 0.4228596091270447, 0.6637161374092102, 0.35752493143081665, 0.8432289958000183, 0.4220001697540283, 0.7084696292877197, 0.7996992468833923, 0.9202343225479126, 0.8087383508682251, 0.798428475856781, 0.8806636333465576, 0.790436863899231, 0.7851965427398682, 0.7412036061286926, 0.758753776550293, 0.5769073963165283, 0.6275629997253418, 0.8283634185791016, 0.3394416570663452, 0.7786946296691895, 0.7287864685058594, 0.7583198547363281, 0.8979765176773071, 0.746187686920166, 0.7598523497581482, 0.8433974981307983, 0.5139580368995667, 0.7790459990501404, 0.7695492506027222, 0.8279075622558594, 0.3089917302131653, 0.5011365413665771, 0.7476153373718262, 0.30844005942344666, 0.830593466758728, 0.7556641101837158, 0.834692656993866, 0.3504878282546997, 0.6897968053817749, 0.7689839601516724, 0.7731657028198242, 0.7913051843643188, 0.6905558109283447, 0.8352403044700623, 0.7326781749725342, 0.6828925609588623, 0.7023915648460388, 0.2494291365146637, 0.7389129996299744, 0.7816877365112305, 0.24282528460025787, 0.6934112906455994, 0.7142860889434814, 0.9222519397735596, 0.31046557426452637, 0.7057203650474548, 0.6685380935668945, 0.8305473923683167, 0.937889575958252, 0.914155125617981, 0.3675389289855957, 0.1700378656387329, 0.8781746625900269, 0.433476984500885, 0.8063377141952515, 0.8348692059516907, 0.34960195422172546, 0.3280784487724304, 0.884333074092865, 0.8001891374588013, 0.44209134578704834, 0.6145727634429932, 0.3478245735168457, 0.6590089797973633, 0.37294620275497437, 0.5144398808479309, 0.762099027633667, 0.6690659523010254, 0.7916281223297119, 0.4659541845321655, 0.8133830428123474, 0.7077757120132446, 0.3922158181667328, 0.43186163902282715, 0.7559998035430908, 0.85207200050354, 0.45661449432373047, 0.6306405067443848, 0.7999176979064941, 0.7810750007629395, 0.724988579750061, 0.7941797375679016, 0.7106186747550964, 0.6893438100814819, 0.6701641082763672, 0.7406222820281982, 0.36688733100891113, 0.5959770679473877, 0.8647626638412476, 0.20341774821281433, 0.38652676343917847, 0.8175868988037109, 0.8013536930084229, 0.8906043767929077, 0.7974472045898438, 0.8149830102920532, 0.8615016937255859, 0.9019616842269897, 0.6431499719619751, 0.7921481132507324, 0.7689529657363892, 0.2202392816543579, 0.4268468916416168, 0.6834496259689331, 0.7842851281166077, 0.27096572518348694, 0.8204513788223267, 0.8775219917297363, 0.6968874335289001, 0.405792236328125, 0.5880667567253113, 0.37580734491348267, 0.8614645004272461, 0.8804111480712891, 0.4962456226348877, 0.3961292505264282, 0.8209446668624878, 0.8352669477462769, 0.4229620695114136, 0.8315432667732239, 0.5759129524230957, 0.7326631546020508, 0.8160189390182495, 0.8090159893035889, 0.4678521156311035, 0.7651400566101074, 0.568476676940918, 0.6403751373291016, 0.8071732521057129, 0.5414296388626099, 0.7582788467407227, 0.6457735300064087, 0.6280732750892639, 0.42794620990753174, 0.465137243270874, 0.6526610851287842, 0.2583950459957123, 0.24506354331970215, 0.7340888381004333, 0.5679373145103455, 0.14647798240184784, 0.7134467363357544, 0.7987600564956665, 0.6913778781890869, 0.7897801995277405, 0.7733356952667236, 0.5784700512886047, 0.8983732461929321, 0.8004827499389648, 0.7489892244338989, 0.6307066679000854, 0.639504075050354, 0.7519696950912476, 0.6625031232833862, 0.7830377817153931, 0.4368612766265869, 0.7572531700134277, 0.8348160982131958, 0.462144136428833, 0.3578324019908905, 0.6115326881408691, 0.5560937523841858, 0.3727569580078125, 0.7272499799728394, 0.6605721712112427, 0.4369354844093323, 0.8387199640274048, 0.8954113125801086, 0.3713875412940979, 0.3980693817138672, 0.5978467464447021, -0.46062469482421875, 0.6933650374412537, 0.638298511505127, 0.7156232595443726, 0.48943057656288147, 0.8652442693710327, 0.6465863585472107, -0.6221286058425903, 0.45041975378990173, 0.801383376121521, 0.6576725840568542, 0.7639751434326172, 0.7264689803123474, 0.7176104187965393, 0.6820933818817139, 0.7657928466796875, 0.8346728086471558, 0.3974629342556, 0.8485061526298523, 0.5179763436317444, 0.769133448600769, 0.4175485372543335, 0.7511234283447266, 0.8898041248321533, 0.8540537357330322, 0.46977323293685913, 0.8889693021774292, 0.6962648630142212, -0.40516114234924316, 0.8921725749969482, 0.8252233266830444, 0.39992037415504456, 0.6529138088226318, 0.5561198592185974, 0.7990870475769043, 0.8380835056304932, 0.7912618517875671, 0.5816717147827148, 0.677577555179596, 0.8374910354614258, 0.7533833980560303, 0.7305589914321899, 0.3390777111053467, 0.6567615270614624, 0.7132128477096558, 0.8904494047164917, 0.7161338329315186, 0.851257860660553, 0.7700426578521729, 0.7061964273452759, 0.740562915802002, 0.6673765182495117, 0.7834556102752686, 0.816443681716919, 0.6103695034980774, 0.25766077637672424, 0.6990975141525269, 0.7471832036972046, 0.8459780216217041, 0.7161775827407837, 0.33661606907844543, 0.7877774834632874, 0.7354881167411804, 0.45257169008255005, 0.3654135465621948, 0.8859937191009521, 0.125686377286911, 0.7559261322021484, 0.8541297316551208, 0.6939992308616638, 0.76142817735672, 0.4139633774757385, 0.5381557941436768, 0.7228575944900513, 0.6642287969589233, 0.8430026173591614, 0.9163520336151123, 0.8282069563865662, 0.9217433929443359, 0.7577708959579468, 0.8449327349662781, 0.28849709033966064, 0.75664222240448, 0.6811652183532715, 0.7981092929840088, 0.7483954429626465, 0.7963606119155884, 0.7321217656135559, 0.8458510041236877, 0.8020318746566772, 0.6919869184494019, 0.7437652349472046, 0.654114305973053, 0.5251786708831787, 0.2866671085357666, 0.25307732820510864, 0.8152049779891968, 0.716204047203064, 0.6978336572647095, 0.393090158700943, 0.9062873721122742, 0.33896881341934204, 0.7071240544319153, 0.8167160749435425, 0.7996118664741516, 0.7426271438598633, 0.6278257966041565, 0.8462771773338318, 0.9027439951896667, 0.7220257520675659, 0.7357585430145264, 0.7688016891479492, 0.7525988221168518, 0.81203293800354, 0.7513163685798645, 0.7841289639472961, 0.7491900324821472, 0.759698748588562, 0.773045539855957, 0.7933254241943359, 0.2229876071214676, 0.7123168706893921, 0.18459925055503845, 0.43937355279922485, 0.6109783053398132, 0.84761643409729, 0.7437678575515747, 0.7040262818336487, 0.6522355079650879, 0.29194939136505127, 0.7638013958930969, 0.6741416454315186, 0.6840688586235046, 0.7558539509773254, 0.7234018445014954, 0.8776718378067017, 0.7613754272460938, 0.11407387256622314, 0.7117557525634766, 0.08197619020938873, 0.6944918632507324, 0.6822210550308228, 0.7413574457168579, 0.7522348761558533, 0.7098392248153687, 0.8260111808776855, 0.6500591039657593, 0.7836312055587769, 0.6245091557502747, -0.3433687090873718, 0.8359166979789734, 0.3876383304595947, 0.330849826335907, 0.6202371120452881, 0.12174856662750244, 0.7349579334259033, 0.8217185735702515, 0.8183382153511047, 0.6534924507141113, 0.7185625433921814, 0.7408984899520874, 0.7983744740486145, 0.6665216684341431, 0.534713625907898, 0.8431580662727356, 0.8499557971954346, 0.1374349743127823, 0.7315360903739929, 0.7219692468643188, 0.7878525257110596, 0.8109887838363647, 0.8222302794456482, 0.8321499228477478, 0.8862547874450684, 0.7415190935134888, 0.8110074996948242, 0.7078859210014343, 0.6624389886856079, 0.8348431587219238, 0.31542590260505676, 0.7175382375717163, 0.7671788334846497, 0.4882650375366211, 0.7644784450531006, 0.7559459209442139, 0.7183462381362915, 0.4998478293418884, 0.8085793852806091, 0.7273536920547485, 0.4062911570072174, 0.6717581748962402, 0.8289612531661987, 0.2784773111343384, 0.7762454748153687, 0.7542999386787415, 0.6421539783477783, 0.7921221852302551, 0.7313879728317261, 0.8416880369186401, 0.3230665922164917, 0.780909538269043, 0.7231655120849609, 0.7275677919387817, 0.823889434337616, 0.8281276226043701, 0.40090411901474, 0.7966448068618774, 0.45313122868537903, 0.6177759170532227, 0.693450927734375, 0.6521785855293274, 0.671757698059082, 0.8611957430839539, 0.6996544003486633, 0.8432477712631226, 0.7082765698432922, 0.6850771903991699, 0.6602559089660645, 0.12977802753448486, 0.3569980561733246, 0.2571125030517578, 0.6699360609054565, 0.8817552328109741, 0.7605956792831421, 0.8910361528396606, 0.7070851922035217, 0.7060412168502808, 0.7502615451812744, 0.7569119930267334, 0.8131651878356934, 0.3184630274772644, 0.5813419818878174, 0.5008630156517029, 0.22901277244091034, 0.8892548084259033, 0.7871427536010742, 0.8268168568611145, 0.8042765855789185, 0.5562602281570435, 0.6975204944610596, 0.54630446434021, 0.5724705457687378, 0.8840228319168091, 0.8177034258842468, 0.3864961266517639, 0.6532168984413147, 0.7575535774230957, 0.923827052116394, 0.7704670429229736, 0.5632401704788208, 0.2555035352706909, 0.7764645218849182, 0.8216320276260376, 0.7605462670326233, 0.8906375169754028, 0.559238612651825, 0.6415601968765259, 0.7135469913482666, 0.6200347542762756, 0.7370210886001587, 0.7597193717956543, 0.7049587368965149, 0.7093346118927002, 0.7075873017311096, 0.774112343788147, 0.6144393682479858, 0.8242511749267578, 0.8589829206466675, 0.6538209915161133, 0.7811180353164673, 0.8154065608978271, 0.7350249886512756, 0.7462698221206665, 0.9023164510726929, 0.8050445318222046, 0.8304709196090698, 0.4801473915576935, 0.7478129863739014, 0.6942199468612671, 0.7756062746047974, 0.5368741154670715, 0.7631096839904785, 0.7635113000869751, 0.711780846118927, 0.7106969952583313, 0.8584011197090149, 0.6987832188606262, 0.8252512216567993, 0.5251530408859253, 0.868026852607727, 0.6953791379928589, 0.8047571778297424, 0.6798686981201172, 0.39000988006591797, 0.8115992546081543, 0.7105956077575684, 0.8520160913467407, 0.7372745871543884, 0.7345917820930481, 0.7960995435714722, 0.8062444925308228, 0.41965872049331665, 0.4482553005218506, 0.7664005160331726, 0.5344309210777283, 0.6466060876846313, 0.9368959665298462, 0.7968100309371948, 0.7244728207588196, 0.8984848260879517, 0.617458701133728, 0.838096559047699, 0.4268956184387207, 0.9179165959358215, 0.8031896352767944, 0.7183875441551208, 0.7979655861854553, 0.8086962699890137, 0.7492870688438416, 0.8540841341018677, 0.8178399801254272, 0.6943000555038452, 0.7548867464065552, 0.7706952691078186, 0.726341962814331, 0.716434121131897, -0.2929808497428894, 0.8861386775970459, 0.37437164783477783, 0.7772489786148071, 0.7965328693389893, 0.8689924478530884, 0.899208664894104, 0.7672719359397888, 0.68717360496521, 0.8641483783721924, 0.8287279009819031, 0.6142087578773499, 0.7879030108451843, 0.3687695860862732, 0.576345682144165, 0.729893147945404, 0.7635040879249573, 0.7519317865371704, 0.718722939491272, 0.4582878649234772, 0.8708707094192505, 0.7291650176048279, 0.6436178684234619, 0.08720844984054565, 0.4403238296508789, 0.6501438617706299, 0.7548482418060303, 0.7719590663909912, 0.7946452498435974, 0.526200532913208, 0.7647688388824463, 0.7377558350563049, 0.6183720827102661, 0.399267315864563, 0.8042281270027161, 0.9136029481887817, 0.6860480904579163, 0.3693417012691498, 0.6905437707901001, 0.6510884165763855, 0.43956807255744934, 0.7652362585067749, 0.8220714926719666, 0.7182952165603638, 0.41076672077178955, 0.7759912014007568, 0.6069556474685669, 0.7986803650856018, 0.7673698663711548, 0.8010053634643555, 0.5487617254257202, 0.5980983972549438, 0.7619297504425049, 0.6843191981315613, 0.8014932870864868, 0.713456928730011, 0.6242150664329529, 0.38335880637168884, 0.7224852442741394, 0.40785226225852966, -0.1934395432472229, 0.8195637464523315, 0.3049488365650177, 0.6673077344894409, 0.8571419715881348, 0.7858521938323975, 0.7208189964294434, 0.7405964732170105, 0.8285869359970093, 0.29156017303466797, 0.7074379920959473, 0.7760118246078491, 0.36761346459388733, 0.4968528747558594, 0.05838925763964653, 0.6603659987449646, 0.45474886894226074, 0.8499075174331665, 0.6239829063415527, 0.7018477320671082, 0.7975274324417114, 0.8048948049545288, 0.6726078987121582, 0.645026445388794, 0.48641645908355713, 0.603608250617981, 0.6559404730796814, 0.2884707450866699, 0.7929857969284058, 0.8793865442276001, 0.6171398162841797, 0.7703337669372559, 0.7641289234161377, 0.5238288044929504, 0.412089079618454, 0.7376863360404968, 0.8014847040176392, 0.6721177101135254, 0.7877451181411743, 0.41010528802871704, 0.762550950050354, 0.5871057510375977, 0.6625576019287109, 0.7685539722442627, 0.7090144157409668, 0.3490869104862213, 0.6911219358444214, 0.7570273876190186, 0.678440272808075, 0.9239252805709839, 0.7307785153388977, 0.6333900690078735, 0.9075974225997925, 0.4230211675167084, 0.24513013660907745, 0.7273452281951904, 0.8099364042282104, 0.8218398094177246, 0.7146817445755005, 0.42192912101745605, 0.7886649966239929, 0.8227024674415588, 0.6854996681213379, 0.3199641704559326, 0.8039731979370117, 0.7718801498413086, 0.7904308438301086, 0.8419758081436157, 0.7385300397872925, 0.24168840050697327, 0.8587731719017029, 0.6240664720535278, 0.3532659113407135, 0.46311599016189575, 0.7820581197738647, 0.7104166150093079, 0.5862569212913513, 0.816180408000946, 0.6797783970832825, 0.7934247255325317, 0.8243841528892517, 0.8771942853927612, 0.8792720437049866, 0.7118747234344482, 0.8373823165893555, 0.8089832067489624, 0.17731282114982605, 0.49406659603118896, 0.7509231567382812, 0.7198028564453125, 0.6979488134384155, 0.7294453382492065, 0.6923412084579468, 0.6315513849258423, 0.8482308387756348, 0.7559099197387695, 0.7696972489356995, 0.7421548366546631, 0.6763772368431091, 0.8327231407165527, 0.5119253396987915, 0.7139151096343994, 0.601382851600647, 0.6693124771118164, 0.7988663911819458, 0.4590936303138733, 0.7474099397659302, 0.702160120010376, 0.6028224229812622, 0.13636592030525208, 0.7010334730148315, 0.7381267547607422, 0.5747388005256653, 0.6197761297225952, 0.48772096633911133, 0.7411092519760132, 0.781095027923584, 0.7661592364311218, 0.15087482333183289, 0.7645535469055176, 0.8283419609069824, 0.7494939565658569, 0.7505949139595032, 0.7529168725013733, 0.7460304498672485, 0.7650511860847473, 0.7177659273147583, 0.8829134106636047, 0.7711454033851624, 0.7775534391403198, 0.7218350172042847, 0.8665838837623596, 0.7800766229629517, 0.6042482256889343, 0.7320395708084106, 0.8101410865783691, 0.7452927231788635, 0.5608404874801636, -0.713553786277771, 0.7200276255607605, 0.10722832381725311, 0.663192868232727, 0.07219667732715607, 0.781952440738678, 0.632147490978241, 0.37875157594680786, 0.3324233293533325, 0.2996044158935547, 0.7678171396255493, 0.7826114296913147, 0.7864834070205688, 0.6869834661483765, 0.734875500202179, 0.7736440896987915, 0.6575112342834473, 0.5206395387649536, 0.6414395570755005, 0.625627875328064, 0.4230145812034607, 0.8693598508834839, 0.7031903266906738, 0.6730599999427795, 0.8964278697967529, 0.8100942373275757, 0.43535977602005005, 0.7444949150085449, 0.7986621260643005, 0.20651347935199738, 0.7296020984649658, 0.5615977048873901, 0.8924617767333984, 0.889884352684021, 0.6802958250045776, 0.45930641889572144, 0.35109442472457886, 0.6948810815811157, 0.7960256338119507, 0.7884650826454163, 0.773025631904602, 0.5494884252548218, 0.88664710521698, 0.6185086965560913, 0.17069506645202637, 0.6881622672080994, 0.7676098346710205, 0.40278124809265137, 0.4019917845726013, 0.6766320466995239, 0.345592200756073, 0.8217781782150269, 0.8496812582015991, 0.73277747631073, 0.4221581518650055, 0.28704574704170227, 0.8584638237953186, 0.7042282819747925, 0.7172837257385254, 0.7557046413421631, 0.5375897288322449, 0.7956122756004333, 0.7731781601905823, 0.7673950791358948, 0.6604123711585999, 0.6896654367446899, 0.8164264559745789, 0.6924018859863281, 0.39369162917137146, 0.4620509743690491, 0.8240351676940918, 0.6551022529602051, 0.729101300239563, 0.8019965887069702, 0.7820404767990112, 0.6888670921325684, 0.7955548167228699, 0.7576949596405029, 0.5342844724655151, 0.740964949131012, 0.7774726152420044, 0.6932390332221985, 0.7041140794754028, 0.8275352716445923, 0.5292471647262573, 0.7372354865074158, 0.6997093558311462, 0.8402924537658691, 0.4531734585762024, 0.8102696537971497, -0.013428017497062683, 0.7922006845474243, 0.8597019910812378, 0.8506007194519043, 0.8891808986663818, 0.9017916917800903, 0.7851372957229614, 0.6978182196617126, 0.43466252088546753, 0.7174020409584045, 0.37217164039611816, 0.31919437646865845, 0.48890119791030884, 0.8619213104248047, 0.6461930871009827, 0.7555909156799316, 0.8096225261688232, 0.85467529296875, 0.7989751696586609, 0.7029291391372681, -0.6551758646965027, 0.416803777217865, 0.7848426103591919, 0.16086499392986298, 0.6916870474815369, 0.9007200002670288, 0.6716619729995728, 0.7838943600654602, 0.7692640423774719, 0.7918034791946411, 0.6389815807342529, 0.7124058604240417, 0.80611652135849, 0.4296969771385193, 0.3324820101261139, 0.7870805859565735, 0.5499773621559143, 0.5289459228515625, -0.7166107892990112, 0.6647019386291504, 0.40507107973098755, 0.7081282138824463, 0.8187859654426575, 0.7440094947814941, 0.735238790512085, 0.8352593779563904, 0.5585208535194397, 0.6258730888366699, 0.3228856921195984, 0.4791352450847626, 0.8597695827484131, 0.6526594161987305, 0.33918508887290955, 0.776898980140686, 0.6730115413665771, -0.02772151678800583, 0.8213393092155457, 0.44890791177749634, 0.3750927746295929, 0.48491525650024414, 0.7909964323043823, -0.6983925104141235, 0.3673027753829956, 0.6082022786140442, 0.8038693070411682, 0.21907362341880798, 0.4725745916366577, 0.6425958871841431, 0.8195608854293823, 0.6610110402107239, 0.8490387797355652, 0.741324245929718, 0.7087840437889099, 0.3998929560184479, 0.5397228002548218, 0.7894490361213684, 0.7632797956466675, 0.7895793914794922, -0.2668573558330536, 0.7816469669342041, 0.9223694205284119, 0.7078441381454468, 0.3040032386779785, 0.7628775835037231, 0.8057922720909119, 0.8006916046142578, 0.8619776368141174, 0.4568604826927185, 0.4097844064235687, 0.8500875234603882, 0.7788366079330444, 0.6978093385696411, 0.7726112008094788, 0.5686772465705872, 0.8052006959915161, 0.8689205050468445, 0.7502387762069702, 0.8668942451477051, 0.7773966789245605, 0.7645782232284546, 0.8817194700241089, 0.9124957323074341, 0.7128568887710571, 0.6618703603744507, 0.6887847185134888, 0.7430482506752014, 0.7177804112434387, 0.7993820905685425, 0.8502315282821655, 0.6878095865249634, 0.7006624937057495, 0.8109871745109558, 0.5011953115463257, 0.34953826665878296, 0.49250590801239014, 0.5126127004623413, -0.5667570233345032, 0.8441731929779053, 0.7198717594146729, 0.6899415850639343, 0.3751656115055084, 0.4139338731765747, 0.16347451508045197, 0.6225440502166748, 0.3087781071662903, 0.7259918451309204, 0.6141413450241089, 0.7443546056747437, 0.7886511087417603, 0.44522011280059814, 0.9031605124473572, 0.8102719783782959, 0.8288604021072388, 0.7562626600265503, 0.6773174405097961, 0.6911060214042664, 0.4711884558200836, 0.7156239748001099, 0.8149568438529968, 0.13439010083675385, 0.7969061732292175, 0.7748199701309204, 0.7990614771842957, 0.8614361882209778, 0.7964522838592529, 0.44857290387153625, 0.6375739574432373, 0.7333797216415405, 0.8448039293289185, -0.7112647294998169, 0.8329379558563232, 0.42288315296173096, 0.24926207959651947, 0.7983474731445312, 0.8130470514297485, 0.241253063082695, 0.7982368469238281, 0.8595662713050842, 0.9602863788604736, 0.7874988317489624, 0.6547539234161377, 0.749218225479126, 0.27968260645866394, 0.5229308605194092, 0.4996078610420227, 0.7130648493766785, -0.4867348074913025, 0.7588502168655396, 0.8498677015304565, 0.8082432150840759, 0.7883521914482117, 0.7532953023910522, 0.8094228506088257, 0.7938564419746399, 0.1463319957256317, 0.745607316493988, 0.8512840270996094, 0.815848708152771, 0.31488218903541565, 0.8733663558959961, 0.7775923609733582, 0.8376134037971497, 0.7507070899009705, 0.9126874208450317, 0.46898114681243896, 0.3379867672920227, 0.7165228128433228, 0.7265543341636658, 0.7177155017852783, 0.3739607036113739, 0.7219239473342896, 0.5830054879188538, 0.8633648157119751, 0.7859145402908325, 0.6370339393615723, 0.7425195574760437, 0.7096333503723145, 0.6757024526596069, 0.40303564071655273, 0.697141170501709, 0.22083717584609985, 0.843719482421875, 0.7756838202476501, 0.4494549632072449, 0.7748827934265137, 0.6919169425964355, 0.8379940986633301, 0.6216428279876709, -0.17379839718341827, 0.6463764309883118, 0.28987953066825867, 0.8021673560142517, 0.5409878492355347, 0.8322852253913879, 0.7485888004302979, 0.7510056495666504, 0.7607440948486328, 0.7394400835037231, 0.25559234619140625, 0.8185988068580627, 0.767438530921936, 0.6851867437362671, 0.8105720281600952, 0.4424317181110382, 0.30649691820144653, 0.5968952178955078, 0.6626335382461548, 0.6518533825874329, 0.5464251041412354, 0.7774059772491455, 0.5030907392501831, 0.5088433623313904, 0.74752277135849, 0.8098112344741821, 0.7666817903518677, 0.7227761745452881, -0.23221240937709808, 0.6239758729934692, 0.7257877588272095, 0.8058899641036987, 0.8007735013961792, 0.8854308724403381, 0.8336755037307739, 0.8895028233528137, 0.772176206111908, 0.8543253540992737, 0.8140231370925903, 0.7317578196525574, 0.8273845314979553, 0.8556817173957825, 0.8982483148574829, -0.12949882447719574, 0.47518280148506165, 0.6487761735916138, 0.3052111268043518, 0.2538039982318878, 0.7687445878982544, 0.8686941862106323, 0.5054162740707397, 0.397159218788147, 0.18230366706848145, 0.7946158051490784, 0.7653735876083374, 0.8665676116943359, 0.775018572807312, 0.5403177738189697, 0.4258323311805725, 0.5794882774353027, 0.897512674331665, 0.6864223480224609, 0.14960475265979767, 0.7771193981170654, 0.40328505635261536, 0.7193721532821655, 0.6961475610733032, 0.8452256917953491, 0.37506210803985596, 0.8992677330970764, 0.8094345331192017, 0.6519156694412231, 0.7656950950622559, 0.5506012439727783, 0.7372970581054688, 0.8210693597793579, 0.8123279809951782]
