sample name: ['Cc1ccc(CCNC(=O)NCCc2csc(N3CCCC3)n2)c(C)c1']
atom_index,distance,cosine_similarity
0,-2.1203173828125,0.07799523964524269
1,-5.059276123046875,0.22237804889678955
2,-1.193787841796875,0.032556396536529066
3,-3.27706787109375,-0.10083541816100478
4,-3.738250732421875,0.05747838761657476
5,-3.354859619140625,-0.022702950835227966
6,-8.31924072265625,-0.08037796886637807
7,-1.70677490234375,-0.019558993335813284
8,-3.47797607421875,-0.0024574844166636465
9,-4.091650390625,0.1243232143856585
10,-1.912259521484375,0.14760712748393418
11,-2.5120068359375,-0.08848838273435831
12,-5.76033447265625,0.11577699778601527
13,-1.140557861328125,0.09590700121596456
14,-3.6958251953125,0.08238443383947015
15,-7.291820068359375,0.0716179989464581
16,-6.847161865234375,0.035246847420930864
17,-1.9899169921875,-0.009563749432563782
18,-6.95001708984375,0.09529098186641932

Sum of phi values for distance
-74.4391015625
Sum of phi values for cosine similarity
0.8345777278579771
Average distance random samples:
82.48956724744095
Average cosine similarity random samples:
0.02038449847286469
Distances random samples
[15.116678237915039, 62.25603103637695, 172.57366943359375, 169.21795654296875, 98.35536193847656, 84.29095458984375, 134.5955047607422, 27.526227951049805, 42.24537658691406, 86.82598876953125, 79.30340576171875, 15.7771635055542, 18.698657989501953, 109.5302734375, 142.60275268554688, 15.948861122131348, 24.892549514770508, 51.535396575927734, 49.109153747558594, 74.62001037597656, 12.970898628234863, 10.929431915283203, 179.89981079101562, 138.35153198242188, 31.62588882446289, 89.59133911132812, 94.72703552246094, 84.29879760742188, 57.24635314941406, 125.20849609375, 144.38987731933594, 11.480592727661133, 17.015668869018555, 163.861328125, 193.6585235595703, 15.572351455688477, 150.7216796875, 66.7232894897461, 115.91645050048828, 148.275634765625, 174.945068359375, 67.28280639648438, 19.223299026489258, 122.66974639892578, 35.530555725097656, 79.05437469482422, 9.174241065979004, 195.4296112060547, 14.108119010925293, 167.9158477783203, 12.031285285949707, 15.82274341583252, 14.991472244262695, 13.439774513244629, 137.47634887695312, 139.10458374023438, 12.431443214416504, 123.49800109863281, 13.498520851135254, 10.64518928527832, 47.32005310058594, 51.23549270629883, 79.65402221679688, 100.6502456665039, 163.51426696777344, 213.12356567382812, 9.596027374267578, 22.60746192932129, 68.18717956542969, 56.176761627197266, 14.44250202178955, 125.72411346435547, 13.51556396484375, 17.9470272064209, 18.02985382080078, 10.337850570678711, 17.18514633178711, 24.570697784423828, 180.14254760742188, 115.41600036621094, 151.88198852539062, 186.02479553222656, 144.36813354492188, 11.96602725982666, 193.62681579589844, 31.80376434326172, 104.48224639892578, 55.91135025024414, 100.7863540649414, 14.233856201171875, 134.35781860351562, 29.530115127563477, 11.87370491027832, 150.53445434570312, 199.1811981201172, 192.41456604003906, 52.46228790283203, 27.480716705322266, 16.49057388305664, 30.004180908203125, 121.97306060791016, 13.085814476013184, 60.81806564331055, 16.469202041625977, 24.11640167236328, 122.77965545654297, 132.76324462890625, 7.589230537414551, 20.27739715576172, 146.5448760986328, 20.585161209106445, 19.40005111694336, 62.39163589477539, 174.2484588623047, 13.899551391601562, 12.631612777709961, 15.902478218078613, 113.41896057128906, 82.1934814453125, 114.70870208740234, 52.49457931518555, 45.9935188293457, 124.07365417480469, 194.18385314941406, 158.9180145263672, 176.9321746826172, 14.055716514587402, 95.35844421386719, 122.98381042480469, 163.63198852539062, 64.90647888183594, 14.415797233581543, 61.14925765991211, 16.074499130249023, 162.6451416015625, 161.89662170410156, 14.084196090698242, 11.404196739196777, 126.62633514404297, 153.76806640625, 19.105165481567383, 193.1349639892578, 16.03238296508789, 88.79228973388672, 126.56153869628906, 19.107357025146484, 10.220373153686523, 108.11608123779297, 71.99638366699219, 169.75498962402344, 124.06415557861328, 16.574321746826172, 18.673505783081055, 143.76602172851562, 14.044363021850586, 17.603614807128906, 182.2466278076172, 128.78099060058594, 110.3550796508789, 16.90251350402832, 74.61302185058594, 103.31260681152344, 19.258922576904297, 116.7813491821289, 71.79647827148438, 20.2525634765625, 10.503011703491211, 13.332015991210938, 21.41389274597168, 172.06341552734375, 10.952818870544434, 31.535564422607422, 94.10160064697266, 10.81872844696045, 127.39745330810547, 72.52430725097656, 99.5147476196289, 13.288337707519531, 17.058061599731445, 159.9584503173828, 161.0059051513672, 16.010202407836914, 129.05929565429688, 196.5706329345703, 20.519229888916016, 100.17291259765625, 95.34734344482422, 94.98213195800781, 11.142664909362793, 12.847344398498535, 42.73604965209961, 43.788944244384766, 166.00331115722656, 150.20347595214844, 96.65370178222656, 19.121498107910156, 100.23323822021484, 10.697265625, 15.59719467163086, 130.94482421875, 216.34518432617188, 32.75887680053711, 13.542460441589355, 8.475479125976562, 68.88069915771484, 125.2481460571289, 15.617180824279785, 101.00264739990234, 13.237613677978516, 91.54156494140625, 18.065834045410156, 147.9623260498047, 18.46146583557129, 192.62083435058594, 147.71925354003906, 16.488529205322266, 59.68686294555664, 106.78447723388672, 13.10861873626709, 110.06641387939453, 96.45343017578125, 132.4745330810547, 35.85869216918945, 34.341915130615234, 121.92537689208984, 46.60921859741211, 9.967041015625, 81.37812042236328, 23.722576141357422, 78.43888854980469, 68.5969467163086, 159.26043701171875, 108.28722381591797, 36.28541564941406, 13.234183311462402, 91.7508544921875, 190.23011779785156, 155.15371704101562, 21.003265380859375, 216.84344482421875, 201.4292449951172, 77.39402770996094, 150.25399780273438, 88.7037124633789, 135.83883666992188, 56.868804931640625, 65.87458038330078, 121.8189468383789, 82.36566925048828, 14.512195587158203, 9.436625480651855, 93.03598022460938, 115.72041320800781, 130.05972290039062, 98.81674194335938, 26.385377883911133, 106.45906066894531, 17.541393280029297, 156.55328369140625, 11.427557945251465, 85.22899627685547, 156.468017578125, 138.84100341796875, 168.6376495361328, 17.889541625976562, 43.953369140625, 21.33721351623535, 64.93289947509766, 9.414009094238281, 153.7144775390625, 66.54753875732422, 138.49667358398438, 84.8722915649414, 123.11762237548828, 110.27352905273438, 138.28717041015625, 15.375775337219238, 93.4419937133789, 87.9375991821289, 115.34454345703125, 150.40640258789062, 12.072638511657715, 12.749184608459473, 60.412113189697266, 15.826952934265137, 41.73011779785156, 195.8561248779297, 180.53109741210938, 140.32937622070312, 19.03400230407715, 85.9880599975586, 21.08559226989746, 12.00067138671875, 171.17530822753906, 106.50980377197266, 199.68255615234375, 161.61427307128906, 73.91524505615234, 148.64208984375, 20.980432510375977, 13.399325370788574, 168.74273681640625, 35.11091232299805, 140.97032165527344, 133.308349609375, 150.1876983642578, 155.0828399658203, 146.60789489746094, 77.77930450439453, 155.35842895507812, 105.19268798828125, 212.00401306152344, 59.12259292602539, 14.570276260375977, 26.4080867767334, 16.091901779174805, 130.21749877929688, 93.32696533203125, 140.06678771972656, 12.046655654907227, 172.2628631591797, 47.6364860534668, 23.68499755859375, 188.63706970214844, 111.80879974365234, 47.46549606323242, 37.292144775390625, 168.03591918945312, 177.5465850830078, 7.350856781005859, 88.06863403320312, 62.7459602355957, 10.544755935668945, 183.8075408935547, 158.54957580566406, 10.810402870178223, 150.0751495361328, 129.51255798339844, 12.126293182373047, 10.335734367370605, 20.883007049560547, 17.372407913208008, 172.69680786132812, 135.75128173828125, 16.447715759277344, 98.12554931640625, 203.6205291748047, 201.6953887939453, 15.4636812210083, 110.37818145751953, 16.670501708984375, 158.98106384277344, 35.45659255981445, 138.2255401611328, 93.647216796875, 151.26126098632812, 80.03004455566406, 15.79512882232666, 8.079577445983887, 101.64541625976562, 18.38026237487793, 21.255748748779297, 168.63079833984375, 150.1994171142578, 56.31100845336914, 26.57084083557129, 119.5860824584961, 13.212759017944336, 10.512164115905762, 121.30728149414062, 47.99943923950195, 179.19485473632812, 178.4650115966797, 111.45565795898438, 103.89151000976562, 17.18727684020996, 157.55686950683594, 172.2837677001953, 149.57730102539062, 65.94439697265625, 114.77652740478516, 13.70906925201416, 137.60629272460938, 15.227892875671387, 140.84983825683594, 152.0011444091797, 13.889253616333008, 22.988052368164062, 191.20733642578125, 57.842437744140625, 185.82650756835938, 20.67058753967285, 16.75541877746582, 127.433837890625, 175.8782501220703, 53.368263244628906, 19.035511016845703, 100.54232025146484, 63.15804672241211, 142.42832946777344, 70.85527801513672, 15.956851959228516, 46.25514221191406, 132.61082458496094, 79.61398315429688, 85.14118194580078, 15.0242280960083, 87.41571807861328, 77.25267791748047, 18.1079158782959, 152.9247283935547, 154.36367797851562, 79.40274047851562, 15.137777328491211, 173.92938232421875, 189.7590789794922, 152.62078857421875, 14.171039581298828, 13.913826942443848, 102.30245971679688, 113.44112396240234, 16.209720611572266, 17.685447692871094, 20.962778091430664, 25.576580047607422, 142.52239990234375, 143.7563934326172, 62.37760543823242, 22.890979766845703, 16.700441360473633, 15.340622901916504, 21.673282623291016, 18.601863861083984, 14.434723854064941, 12.710436820983887, 76.42388153076172, 100.84559631347656, 109.1590347290039, 180.63406372070312, 13.909106254577637, 50.60801696777344, 106.75330352783203, 11.94703197479248, 188.55055236816406, 12.559562683105469, 16.279966354370117, 13.779422760009766, 19.928417205810547, 78.69462585449219, 116.42151641845703, 119.66947937011719, 119.7806396484375, 15.528942108154297, 11.073925018310547, 183.21115112304688, 127.29772186279297, 14.777791023254395, 107.82760620117188, 171.1209716796875, 11.106966972351074, 202.8705596923828, 9.197086334228516, 166.90762329101562, 113.3983154296875, 185.5281219482422, 97.31829833984375, 144.06329345703125, 15.029836654663086, 33.44384765625, 148.23684692382812, 61.919193267822266, 125.64312744140625, 16.400501251220703, 167.42872619628906, 18.945268630981445, 128.3415069580078, 154.13392639160156, 16.90518569946289, 153.3764190673828, 20.768251419067383, 57.031883239746094, 10.658905029296875, 14.906599998474121, 164.79208374023438, 69.10043334960938, 10.317159652709961, 15.352174758911133, 25.98334312438965, 129.7799530029297, 157.17945861816406, 13.654884338378906, 63.72898864746094, 153.16001892089844, 70.78810119628906, 163.95982360839844, 15.039454460144043, 13.888158798217773, 7.637358665466309, 79.32921600341797, 13.085775375366211, 159.47825622558594, 143.21827697753906, 15.414350509643555, 15.135614395141602, 175.55210876464844, 13.307668685913086, 11.583958625793457, 19.50852394104004, 172.9340057373047, 163.15853881835938, 99.286865234375, 119.49041748046875, 150.76490783691406, 186.32032775878906, 177.4246826171875, 84.31227111816406, 20.4726505279541, 128.33590698242188, 114.94990539550781, 131.26031494140625, 108.92015838623047, 25.057857513427734, 36.83987808227539, 85.06771087646484, 11.971062660217285, 17.177486419677734, 16.920175552368164, 172.61480712890625, 16.195186614990234, 9.069175720214844, 41.22917556762695, 198.5772705078125, 62.712257385253906, 11.813881874084473, 11.546154975891113, 141.51585388183594, 80.72322082519531, 78.83499145507812, 139.0034942626953, 57.470481872558594, 136.62998962402344, 13.57694149017334, 90.19114685058594, 181.4900360107422, 162.7279052734375, 167.52047729492188, 11.220237731933594, 121.3238525390625, 92.11784362792969, 101.36945343017578, 12.179880142211914, 8.2188720703125, 17.8079776763916, 100.90685272216797, 193.16236877441406, 9.6204252243042, 9.830829620361328, 121.88695526123047, 15.916889190673828, 59.282196044921875, 129.6789093017578, 11.511078834533691, 147.51744079589844, 115.97222137451172, 19.40999984741211, 11.163460731506348, 126.63432312011719, 203.77743530273438, 106.80813598632812, 25.393630981445312, 162.58128356933594, 14.921891212463379, 8.627720832824707, 20.606435775756836, 112.72429656982422, 124.64614868164062, 41.4304084777832, 10.003510475158691, 157.82508850097656, 14.693841934204102, 77.9563217163086, 152.59848022460938, 143.41891479492188, 46.180233001708984, 97.09619140625, 11.442800521850586, 59.441349029541016, 9.477742195129395, 101.02865600585938, 177.9473114013672, 106.39350891113281, 11.748346328735352, 158.0269012451172, 16.975696563720703, 83.64847564697266, 16.53135871887207, 141.291259765625, 69.32549285888672, 104.69408416748047, 196.14735412597656, 154.09149169921875, 80.64981079101562, 25.05129051208496, 127.47479248046875, 97.20672607421875, 112.94646453857422, 113.84031677246094, 124.83245086669922, 150.58383178710938, 96.0465316772461, 102.66044616699219, 35.87589645385742, 110.63572692871094, 133.5078125, 48.39804458618164, 18.448957443237305, 106.15699768066406, 193.88998413085938, 18.54003143310547, 86.40142822265625, 70.20325469970703, 105.00000762939453, 50.39860534667969, 12.506355285644531, 189.55038452148438, 185.46951293945312, 126.93946838378906, 69.83277130126953, 12.627918243408203, 125.53157043457031, 173.0209503173828, 104.84100341796875, 75.273193359375, 112.26695251464844, 15.851574897766113, 164.79420471191406, 23.61119270324707, 67.3284683227539, 166.00296020507812, 160.67721557617188, 17.66900062561035, 102.33332824707031, 16.23179054260254, 15.776935577392578, 66.17436218261719, 133.20407104492188, 17.41277313232422, 17.067188262939453, 106.38626861572266, 9.959240913391113, 61.719905853271484, 165.45559692382812, 195.44061279296875, 191.30970764160156, 93.296142578125, 128.31820678710938, 228.74801635742188, 12.068827629089355, 16.01406478881836, 14.676328659057617, 15.548248291015625, 114.69596862792969, 87.59892272949219, 14.124972343444824, 97.41960144042969, 42.44149398803711, 10.222301483154297, 58.82914352416992, 151.52088928222656, 113.16020965576172, 9.258536338806152, 165.2306365966797, 11.706689834594727, 84.28306579589844, 159.19400024414062, 172.22499084472656, 8.848220825195312, 171.53419494628906, 145.71908569335938, 78.08350372314453, 151.95692443847656, 60.58991241455078, 20.66131019592285, 14.943643569946289, 20.510517120361328, 169.51934814453125, 206.08897399902344, 15.734320640563965, 182.19151306152344, 162.77015686035156, 20.800424575805664, 156.36036682128906, 103.55366516113281, 11.793094635009766, 133.10223388671875, 16.992048263549805, 12.559657096862793, 187.0831298828125, 152.12388610839844, 124.3761215209961, 13.970128059387207, 121.77887725830078, 22.715356826782227, 152.79010009765625, 114.16455841064453, 87.97624206542969, 183.1950225830078, 202.845947265625, 61.87374496459961, 15.27850341796875, 12.315969467163086, 144.47068786621094, 21.9882755279541, 115.04094696044922, 144.41452026367188, 9.952341079711914, 143.5058135986328, 9.73312759399414, 161.25714111328125, 72.6081771850586, 66.37202453613281, 190.13079833984375, 150.01025390625, 29.523494720458984, 100.69068145751953, 108.4055404663086, 183.20265197753906, 18.281354904174805, 13.498479843139648, 209.43772888183594, 9.733776092529297, 11.668845176696777, 197.71340942382812, 10.328132629394531, 181.58724975585938, 19.18402671813965, 130.57464599609375, 15.473809242248535, 64.65496826171875, 147.3915252685547, 194.9518280029297, 90.73455047607422, 174.69039916992188, 19.741718292236328, 29.985944747924805, 136.2196044921875, 155.68161010742188, 71.39159393310547, 18.89071273803711, 133.00027465820312, 154.30184936523438, 21.39008331298828, 65.59032440185547, 125.58867645263672, 16.902433395385742, 108.59162902832031, 126.76433563232422, 155.48390197753906, 129.9208526611328, 11.830928802490234, 178.3802947998047, 11.673917770385742, 25.047664642333984, 12.031506538391113, 9.182429313659668, 62.34098434448242, 152.0999755859375, 70.70354461669922, 11.39377498626709, 62.662654876708984, 129.0183868408203, 27.682674407958984, 23.179893493652344, 178.90603637695312, 140.33200073242188, 29.726367950439453, 130.2134552001953, 146.14126586914062, 35.03209686279297, 142.7058563232422, 187.23944091796875, 125.1136245727539, 133.33262634277344, 11.38224983215332, 72.24620819091797, 144.25091552734375, 95.52709197998047, 202.76185607910156, 16.856521606445312, 159.23104858398438, 119.32511138916016, 13.711182594299316, 169.9833984375, 14.926656723022461, 145.5907440185547, 22.600126266479492, 188.3982696533203, 71.8697280883789, 78.60047149658203, 135.42242431640625, 79.90042877197266, 156.93267822265625, 113.84173583984375, 169.32310485839844, 186.5045928955078, 14.914841651916504, 151.2598419189453, 105.36935424804688, 47.213687896728516, 146.0546417236328, 212.99510192871094, 13.399896621704102, 8.523550033569336, 148.0786590576172, 15.539811134338379, 144.11074829101562, 154.999755859375, 66.49958038330078, 190.5774383544922, 62.200233459472656, 135.3568878173828, 16.93528938293457, 18.82854652404785, 12.211097717285156, 178.58291625976562, 10.31783390045166, 9.818219184875488, 61.50579071044922, 33.98619842529297, 12.453207969665527, 12.949155807495117, 16.544687271118164, 10.786053657531738, 161.06800842285156, 139.8459014892578, 112.17916870117188, 144.5652618408203, 11.211590766906738, 13.909063339233398, 84.84098052978516, 9.61146354675293, 172.11048889160156, 80.31128692626953, 23.010910034179688, 75.62672424316406, 47.819923400878906, 15.625947952270508, 31.50399398803711, 66.32343292236328, 55.35966110229492, 141.23707580566406, 15.383315086364746, 69.8453369140625, 14.44262409210205, 77.12449645996094, 163.5048370361328, 171.68576049804688, 99.67547607421875, 194.3445281982422, 86.66679382324219, 41.60642623901367, 147.6873016357422, 10.25092601776123, 15.793360710144043, 61.641807556152344, 114.97406768798828, 36.88642883300781, 189.9357147216797, 93.64485168457031, 177.02947998046875, 100.20977020263672, 96.2162857055664, 60.00758361816406, 82.83419036865234, 89.70111083984375, 145.3643798828125, 17.65022850036621, 18.537433624267578, 20.83074188232422, 74.60810852050781, 18.868356704711914, 182.3708038330078, 133.252685546875, 155.5254669189453, 14.080424308776855, 62.780235290527344, 25.50921630859375, 9.960192680358887, 14.176142692565918, 12.544844627380371, 62.865352630615234, 163.38870239257812, 86.33674621582031, 13.933661460876465, 101.05123901367188, 10.627089500427246, 16.664722442626953, 10.963187217712402, 50.528839111328125, 124.59585571289062, 149.6223907470703, 39.45112609863281, 69.06497192382812, 180.7544403076172, 10.616059303283691, 10.380180358886719, 13.577547073364258, 63.51025390625, 10.258966445922852, 66.17906188964844, 62.95256423950195, 63.23569869995117, 110.71443176269531, 52.562217712402344, 156.4932861328125, 128.02374267578125, 157.6731719970703, 201.3677215576172, 164.3556365966797, 101.57173156738281, 20.712100982666016, 143.1547393798828, 17.290660858154297, 54.683834075927734, 134.9859619140625, 163.0277557373047, 10.292919158935547, 28.416255950927734, 10.167339324951172, 16.873096466064453, 180.4378662109375, 136.70108032226562, 126.21417236328125, 102.43230438232422, 77.04849243164062, 162.83056640625, 10.615666389465332, 11.378335952758789, 10.98434829711914, 58.26417541503906, 20.102548599243164, 16.171491622924805, 112.20458984375, 103.88213348388672, 22.480165481567383, 14.225808143615723, 18.082136154174805, 104.22521209716797, 140.06529235839844, 8.118002891540527, 16.051637649536133, 33.96105194091797, 199.65188598632812, 94.6850357055664, 133.83470153808594, 54.837039947509766, 110.17340087890625, 12.593894004821777, 102.83830261230469, 10.229875564575195, 144.015625, 21.544357299804688, 26.948991775512695, 152.35696411132812, 15.210432052612305, 17.516834259033203, 94.34773254394531, 137.84854125976562, 191.95297241210938, 10.905376434326172, 139.64700317382812, 168.3563995361328, 148.758544921875, 89.14010620117188, 100.84453582763672, 125.429443359375, 84.04550170898438, 9.672778129577637, 151.3673553466797, 114.38282775878906, 14.425968170166016, 9.798285484313965, 117.61746215820312, 123.5904541015625, 18.860898971557617, 194.31561279296875, 40.629302978515625, 10.091094017028809, 62.32981491088867, 128.83868408203125, 49.784912109375, 78.2936019897461, 145.40353393554688, 141.6699676513672, 109.72310638427734, 13.797865867614746, 203.2965545654297, 97.00830078125, 10.039666175842285, 76.91405487060547, 116.59016418457031, 34.443538665771484, 201.08633422851562, 61.512908935546875, 12.565670013427734, 13.072193145751953, 77.57633972167969, 131.2535400390625, 19.43256187438965, 134.70074462890625, 24.485107421875, 30.90683937072754, 161.01759338378906, 11.18649673461914, 63.186248779296875, 140.53445434570312, 9.07702922821045, 66.23146057128906, 14.409464836120605, 134.90940856933594, 11.75375747680664, 12.786134719848633, 120.51591491699219, 145.5162353515625, 8.845383644104004, 120.26964569091797, 11.660486221313477, 34.62120819091797, 195.4534149169922, 124.04234313964844, 76.14815521240234, 130.69281005859375, 13.639485359191895, 96.6401596069336, 151.0167694091797, 170.39529418945312, 145.31463623046875, 11.239094734191895, 10.893980026245117, 77.0132064819336, 16.4594783782959, 154.13015747070312, 13.00023078918457, 17.771604537963867, 71.16252899169922, 29.348520278930664, 163.1237030029297, 83.6851806640625, 161.1696319580078, 128.72018432617188, 12.229349136352539, 77.99472045898438, 16.350576400756836, 13.509188652038574, 129.2642059326172, 123.57770538330078, 171.30833435058594, 163.6035919189453, 11.592912673950195, 125.38703918457031, 11.12634563446045, 131.8109130859375, 14.436262130737305, 107.13192749023438, 108.03853607177734, 44.97981643676758, 155.09117126464844, 15.099634170532227, 9.63715648651123, 149.8554229736328, 128.7042999267578, 15.808575630187988, 12.288434028625488, 48.674137115478516, 12.528087615966797, 154.9222869873047, 14.928262710571289, 140.11705017089844, 14.690779685974121, 17.851924896240234, 15.438129425048828, 24.636266708374023, 21.604244232177734, 13.08195972442627, 47.41786575317383, 91.55765533447266, 16.42893409729004, 70.61812591552734, 44.276790618896484, 17.885358810424805, 79.21885681152344, 103.42872619628906, 123.18114471435547, 167.77171325683594, 79.55565643310547, 145.3524169921875, 16.0126895904541, 14.873442649841309, 18.199594497680664, 172.06236267089844, 13.309691429138184, 113.9676513671875, 85.36848449707031, 11.672243118286133, 91.20549774169922, 133.54837036132812, 15.439844131469727, 18.58839988708496, 155.534912109375, 86.51476287841797, 92.96098327636719, 79.4185562133789, 64.18604278564453, 35.12184143066406, 104.0182876586914, 17.978361129760742, 18.25149917602539, 150.20848083496094, 14.563617706298828, 184.50193786621094, 60.9113655090332, 16.071224212646484, 108.7906265258789, 20.5372371673584, 19.108043670654297, 104.49352264404297, 60.271297454833984, 8.30652904510498, 86.09886932373047, 118.97179412841797, 160.171142578125, 44.9646110534668, 179.43963623046875, 145.2594451904297, 114.61762237548828, 12.945830345153809, 174.836669921875, 36.02952194213867, 13.037041664123535, 26.186080932617188, 57.00837326049805, 113.29812622070312, 16.21891975402832, 50.36907196044922, 35.349281311035156, 93.84919738769531, 8.524998664855957, 13.115645408630371, 113.3954849243164, 19.861204147338867, 101.41673278808594, 192.57359313964844, 14.777873039245605, 9.801130294799805, 12.143133163452148, 200.4027099609375, 17.52736473083496, 13.585002899169922, 146.80230712890625, 117.11566925048828, 21.652250289916992, 54.60003662109375, 134.24960327148438, 91.18033599853516, 103.41213989257812, 130.76438903808594, 22.979331970214844, 151.63174438476562, 16.26625633239746, 175.11610412597656, 155.10411071777344, 203.048583984375, 76.78179168701172, 144.3775177001953, 204.64349365234375, 124.18597412109375, 119.4808120727539, 146.205322265625, 152.11561584472656, 176.3859100341797, 130.393798828125, 16.14944076538086, 138.00233459472656, 23.30852699279785, 18.257238388061523, 43.004520416259766, 99.64596557617188, 91.89505004882812, 130.6449432373047, 15.770176887512207, 11.267361640930176, 130.30052185058594, 31.655216217041016, 166.30169677734375, 19.81178855895996, 18.770692825317383, 177.6822967529297, 59.53854751586914, 17.734445571899414, 88.84009552001953, 158.4875030517578, 61.19086837768555, 80.93975067138672, 167.97706604003906, 37.21311950683594, 21.761035919189453, 83.8253173828125, 54.74060821533203, 68.90541076660156, 146.3117218017578, 26.37957763671875, 57.01639175415039, 157.85023498535156, 16.809492111206055, 175.97445678710938, 26.507429122924805, 19.790868759155273, 151.74998474121094, 162.6179962158203, 120.63523864746094, 51.970298767089844, 29.336891174316406, 16.59501075744629, 46.060691833496094, 140.34275817871094, 167.08482360839844, 11.80886459350586, 205.9673309326172, 8.336912155151367, 31.654598236083984, 130.16929626464844, 159.644287109375, 205.8378448486328, 27.254125595092773, 142.95681762695312, 159.96163940429688, 209.81243896484375, 14.756418228149414, 10.014004707336426, 15.81256103515625, 96.1409912109375, 76.75108337402344, 24.41059112548828, 30.503917694091797, 169.9534149169922, 25.37044906616211, 173.35780334472656, 181.54275512695312, 178.3460693359375, 21.983474731445312, 226.96380615234375, 15.261008262634277, 109.5627212524414, 30.870853424072266, 155.56285095214844, 10.815828323364258, 153.78683471679688, 13.283509254455566, 132.1751251220703, 9.778096199035645, 152.11688232421875, 213.47640991210938, 119.26766967773438, 180.62460327148438, 18.58832359313965, 17.502696990966797, 9.310903549194336, 15.084778785705566, 160.2825469970703, 132.88800048828125, 22.75262451171875, 15.884252548217773, 108.8264389038086, 148.10890197753906, 19.30691146850586, 10.892949104309082, 112.67064666748047, 62.24982452392578, 15.733494758605957, 144.4927978515625, 13.905563354492188, 111.71990203857422, 141.851806640625, 15.375541687011719, 164.52365112304688, 62.9893684387207, 79.0274887084961, 200.4366455078125, 115.99307250976562, 107.36909484863281, 11.527928352355957, 106.5663070678711, 72.55065155029297, 20.767072677612305, 180.5218048095703, 31.61899757385254, 185.64938354492188, 13.003815650939941, 12.9978666305542, 11.93730640411377, 65.12049865722656, 83.09111785888672, 15.6470947265625, 121.64500427246094, 29.25568962097168, 17.937049865722656, 137.0712890625, 10.809804916381836, 15.891855239868164, 76.75411224365234, 113.07508087158203, 14.320042610168457, 92.25792694091797, 60.7737922668457, 187.79275512695312, 106.4476318359375, 194.65548706054688, 217.95193481445312, 180.74903869628906, 109.53295135498047, 110.45687103271484, 7.504150390625, 13.69186019897461, 26.747283935546875, 68.45198059082031, 12.189289093017578, 156.57369995117188, 46.357017517089844, 15.868758201599121, 141.97364807128906, 88.22198486328125, 52.1922721862793, 87.83228302001953, 30.219751358032227, 11.110641479492188, 17.061880111694336, 117.91759490966797, 92.9384536743164, 163.4632568359375, 10.160017967224121, 158.1995391845703, 12.625210762023926, 179.6688995361328, 157.66195678710938, 18.88364601135254, 22.023361206054688, 126.22732543945312, 119.912109375, 39.76844787597656, 10.109010696411133, 63.70948791503906, 110.25898742675781, 108.93331909179688, 46.756690979003906, 11.497760772705078, 14.669322967529297, 67.31055450439453, 90.16409301757812, 155.9429168701172, 23.75946807861328, 17.76999855041504, 177.64183044433594, 158.1041259765625, 17.575550079345703, 150.42063903808594, 99.04148864746094, 68.46443939208984, 24.204843521118164, 184.76425170898438, 9.629140853881836, 19.735591888427734, 176.6228485107422, 127.61258697509766, 52.16115951538086, 11.564160346984863, 9.566020011901855, 119.81412506103516, 91.59011840820312, 13.945889472961426, 126.59037780761719, 126.63896179199219, 13.818646430969238, 149.6753387451172, 14.64091968536377, 14.574615478515625, 197.15318298339844, 115.98963928222656, 71.9542236328125, 134.80650329589844, 125.44373321533203, 21.34260368347168, 26.227867126464844, 95.27952575683594, 17.758419036865234, 15.797717094421387, 111.88267517089844, 151.43763732910156, 11.994088172912598, 12.399815559387207, 119.98664093017578, 175.12799072265625, 134.1282196044922, 185.6280517578125, 104.62322235107422, 132.42449951171875, 9.468574523925781, 87.45394897460938, 171.90536499023438, 14.110950469970703, 15.770023345947266, 124.46713256835938, 165.31103515625, 132.350341796875, 179.42034912109375, 10.697297096252441, 15.925236701965332, 20.543092727661133, 16.508033752441406, 18.668907165527344, 147.5474090576172, 94.95703887939453, 20.963951110839844, 169.87997436523438, 90.58061218261719, 111.97708129882812, 121.93229675292969, 121.37751770019531, 108.5255126953125, 148.65565490722656, 173.1803741455078, 14.147581100463867, 9.87724781036377, 28.36585807800293, 11.587423324584961, 31.405372619628906, 15.040091514587402, 130.98484802246094, 119.24276733398438, 113.78154754638672, 169.0730743408203, 25.696104049682617, 41.36908721923828, 151.62001037597656, 132.46812438964844, 9.985818862915039, 151.4727020263672, 37.812984466552734, 53.00136184692383, 22.94548988342285, 85.84632873535156, 16.446617126464844, 137.7181396484375, 179.29119873046875, 142.48391723632812, 76.455810546875, 180.01309204101562, 13.217341423034668, 31.426822662353516, 58.99913024902344, 19.557985305786133, 108.05956268310547, 179.46644592285156, 170.77606201171875, 192.5738067626953, 196.3886260986328, 14.275647163391113, 59.266109466552734, 137.17543029785156, 74.55262756347656, 9.382017135620117, 17.53120994567871, 50.354122161865234, 143.56495666503906, 106.14849090576172, 8.639338493347168, 137.2902069091797, 21.736841201782227, 15.98843002319336, 13.464725494384766, 12.964315414428711, 15.338471412658691, 14.40164852142334, 17.836200714111328, 17.108444213867188, 153.11349487304688, 132.877685546875, 80.53150177001953, 60.357666015625, 194.0069122314453, 20.860862731933594, 167.9213104248047, 113.88583374023438, 130.75111389160156, 17.620651245117188, 57.40154266357422, 138.15321350097656, 186.23797607421875, 66.16590881347656, 54.5262336730957, 32.5455322265625, 74.30274200439453, 159.0896759033203, 106.01335906982422, 75.32064819335938, 114.16614532470703, 112.69522094726562, 194.55999755859375, 76.48271179199219, 23.057842254638672, 13.941015243530273, 7.2052836418151855, 150.2138214111328, 152.5407257080078, 133.4208984375, 129.9375457763672, 43.30405807495117, 162.3185577392578, 98.06726837158203, 67.78667449951172, 116.72999572753906, 11.07763385772705, 36.268306732177734, 55.54182052612305, 11.870635032653809, 122.8713150024414, 166.6213836669922, 13.910392761230469, 182.45875549316406, 196.46530151367188, 37.91278076171875, 50.12751770019531, 141.00758361816406, 57.732566833496094, 145.32154846191406, 36.978302001953125, 41.44472885131836, 155.51332092285156, 123.75618743896484, 18.748327255249023, 19.361204147338867, 183.61732482910156, 16.97493553161621, 13.608110427856445, 152.6053009033203, 95.59220886230469, 45.02246856689453, 179.12002563476562, 11.124988555908203, 9.236678123474121, 94.8404769897461, 104.43627166748047, 86.0843276977539, 20.80471420288086, 190.92953491210938, 108.21070861816406, 16.35803985595703, 13.254878997802734, 14.2416410446167, 104.25140380859375, 134.09262084960938, 23.21966552734375, 158.41236877441406, 162.1274871826172, 127.64204406738281, 142.21890258789062, 107.12224578857422, 219.90841674804688, 112.58549499511719, 101.68975830078125, 26.824443817138672, 9.561174392700195, 132.7032470703125, 17.364957809448242, 17.325193405151367, 59.886070251464844, 147.75271606445312, 14.19208812713623, 14.284228324890137, 85.72594451904297, 123.1177978515625, 10.787973403930664, 76.73746490478516, 179.0508575439453, 11.908129692077637, 14.516870498657227, 193.7141876220703, 21.604658126831055, 65.77607727050781, 94.02241516113281, 84.26754760742188, 121.65848541259766, 16.070152282714844, 119.59701538085938, 13.129109382629395, 10.89859676361084, 137.27719116210938, 59.17903137207031, 70.83135986328125, 11.189879417419434, 180.07313537597656, 19.67140769958496, 15.544549942016602, 74.8245620727539, 7.677462577819824, 143.3739013671875, 90.2540283203125, 16.24430274963379, 22.196455001831055, 215.29373168945312, 49.03402328491211, 48.98939514160156, 49.799530029296875, 88.56607055664062, 17.42641258239746, 37.09512710571289, 150.64031982421875, 202.94741821289062, 107.8250503540039, 18.25078010559082, 95.1244888305664, 122.58966064453125, 165.1141357421875, 140.47854614257812, 107.3162841796875, 16.426454544067383, 136.23765563964844, 79.36090850830078, 125.70944213867188, 19.397296905517578, 14.538850784301758, 72.27411651611328, 164.83950805664062, 18.188987731933594, 180.05384826660156, 66.683837890625, 8.29161262512207, 100.7359390258789, 168.7203826904297, 16.30778694152832, 169.0576629638672, 168.66981506347656, 183.12940979003906, 87.87846374511719, 128.20742797851562, 135.34060668945312, 15.598551750183105, 12.557650566101074, 20.076030731201172, 13.76215934753418, 134.1396484375, 163.2852783203125, 12.839977264404297, 10.238178253173828, 43.157318115234375, 68.4607925415039, 52.279170989990234, 163.523193359375, 119.71678924560547, 34.38709259033203, 27.339527130126953, 93.45999908447266, 12.412818908691406, 152.64694213867188, 101.90458679199219, 93.24681091308594, 30.085193634033203, 13.649500846862793, 112.05500793457031, 16.013294219970703, 152.9829559326172, 66.9421615600586, 16.050533294677734, 61.21084213256836, 28.97772979736328, 146.19775390625, 15.5256929397583, 19.814647674560547, 105.05912017822266, 55.991703033447266, 10.286810874938965, 85.61920928955078, 14.763663291931152, 188.80288696289062, 128.9034881591797, 168.41131591796875, 47.61486053466797, 68.18081665039062, 39.666831970214844, 100.18034362792969, 25.478281021118164, 97.6724624633789, 167.630615234375, 16.984769821166992, 140.06265258789062, 14.107939720153809, 147.4451141357422, 22.017974853515625, 16.204744338989258, 42.864505767822266, 72.63626098632812, 76.75201416015625, 16.95369529724121, 75.54222106933594, 8.90186595916748, 148.9915008544922, 42.977561950683594, 18.85515022277832, 125.11735534667969, 55.82866668701172, 74.27674102783203, 184.1807098388672, 137.97689819335938, 67.52035522460938, 18.135435104370117, 89.61796569824219, 106.27533721923828, 151.94728088378906, 80.0141830444336, 15.221449851989746, 144.91964721679688, 61.560890197753906, 67.48491668701172, 13.543233871459961, 138.18003845214844, 22.310142517089844, 153.23410034179688, 104.21260833740234, 59.229251861572266, 188.8199005126953, 31.761083602905273, 16.427349090576172, 37.976619720458984, 29.170259475708008, 129.90269470214844, 84.39122772216797, 152.7699432373047, 90.8719711303711, 31.70819664001465, 123.48113250732422, 18.52562713623047, 18.047346115112305, 98.44822692871094, 73.6980209350586, 14.647378921508789, 10.47646713256836, 22.384777069091797, 15.459657669067383, 114.47572326660156, 62.392276763916016, 10.054383277893066, 10.589356422424316, 95.28072357177734, 10.907845497131348, 176.04376220703125, 168.24081420898438, 8.82504940032959, 128.32130432128906, 130.61846923828125, 30.58684539794922, 12.982549667358398, 118.6826400756836, 159.6832733154297, 167.8839874267578, 97.95803833007812, 161.52505493164062, 75.88626098632812, 46.70440673828125, 149.3052520751953, 81.36605834960938, 12.957980155944824, 9.632843971252441, 25.530166625976562, 17.90619468688965, 185.96310424804688, 18.28358268737793, 93.31134033203125, 176.10072326660156, 139.44728088378906, 92.57918548583984, 151.06723022460938, 119.58330535888672, 46.06412887573242, 61.43998336791992, 139.62721252441406, 60.395408630371094, 29.891315460205078, 137.538818359375, 97.9585952758789, 16.465620040893555, 11.83182430267334, 96.50444030761719, 15.136606216430664, 156.26828002929688, 134.89305114746094, 37.602909088134766, 22.576929092407227, 17.037023544311523, 20.668508529663086, 35.55656433105469, 22.714670181274414, 14.585634231567383, 176.93496704101562, 136.17396545410156, 58.79977035522461, 77.6116943359375, 133.6187286376953, 20.11614227294922, 14.683992385864258, 12.627888679504395, 111.15399932861328, 104.41924285888672, 18.106428146362305, 133.25462341308594, 12.94161605834961, 168.6318817138672, 172.38726806640625, 21.685449600219727, 124.9759750366211, 39.25144958496094, 35.26066207885742, 30.24193572998047, 14.464495658874512, 151.05967712402344, 76.94004821777344, 140.36395263671875, 162.74118041992188, 131.9822235107422, 172.2338104248047, 168.1171112060547, 83.92090606689453, 16.54475975036621, 13.661887168884277, 193.572021484375, 192.6284942626953, 20.11060905456543, 40.09392166137695, 148.93882751464844, 112.3193359375, 15.520109176635742, 59.027244567871094, 190.7405242919922, 14.342231750488281, 136.1779327392578, 144.16419982910156, 24.51266860961914, 129.92303466796875, 117.24508666992188, 8.59589672088623, 98.93502044677734, 12.653067588806152, 167.6748046875, 85.6385498046875, 17.12144660949707, 23.95390510559082, 12.686529159545898, 18.907115936279297, 102.36611938476562, 13.495201110839844, 15.825777053833008, 17.132667541503906, 98.0928726196289, 12.48572826385498, 61.0112190246582, 90.91007995605469, 48.455482482910156, 9.974201202392578, 108.99588012695312, 116.93778228759766, 19.09393882751465, 176.31390380859375, 124.70680236816406, 107.67501068115234, 173.9832763671875, 30.595521926879883, 24.725786209106445, 40.878395080566406, 45.77047348022461, 129.84156799316406, 13.197834014892578, 54.23939514160156, 11.767572402954102, 98.8572998046875, 27.945314407348633, 221.79026794433594, 67.49922180175781, 52.772705078125, 12.581765174865723, 64.93372344970703, 15.41576862335205, 21.021499633789062, 94.14958190917969, 128.08367919921875, 113.78475952148438, 14.985919952392578, 136.28623962402344, 21.935651779174805, 153.43968200683594, 102.43754577636719, 125.48648834228516, 28.642332077026367]
Cosines similarity random samples
[-0.21924690902233124, -0.1392657458782196, -0.04362817853689194, -0.8375771045684814, 0.37848424911499023, -0.16884489357471466, 0.16984081268310547, 0.6062562465667725, 0.6841342449188232, -0.26575613021850586, 0.23657387495040894, -0.21504831314086914, -0.21456533670425415, 0.20945054292678833, 0.787533164024353, -0.3683251738548279, -0.5788342952728271, -0.6493726968765259, -0.6951311230659485, 0.03641965240240097, 0.1369314193725586, 0.4494718611240387, 0.7757465243339539, -0.44735658168792725, 0.2678701877593994, 0.1844392567873001, -0.8123924136161804, -0.13341987133026123, 0.8185470700263977, -0.6976775527000427, -0.5363544225692749, 0.5069628953933716, -0.4018322825431824, 0.00355345755815506, -0.81322181224823, 0.18637631833553314, -0.17869949340820312, 0.009383875876665115, 0.3365476131439209, -0.2468646764755249, -0.17983129620552063, -0.537765622138977, -0.38445648550987244, 0.02233218029141426, -0.2283347249031067, -0.33864206075668335, 0.56937575340271, 0.14376166462898254, 0.2475493848323822, -0.8270031809806824, 0.35675597190856934, -0.18132376670837402, -0.20076653361320496, 0.09585168957710266, -0.09176803380250931, 0.38672488927841187, 0.3289216160774231, 0.22154128551483154, 0.10893514752388, 0.47030431032180786, 0.47037896513938904, -0.27927514910697937, -0.6873278617858887, 0.2736716568470001, 0.6941533088684082, -0.769128680229187, 0.519366979598999, -0.4299236238002777, 0.2009720504283905, 0.4760468602180481, 0.09383115917444229, -0.5605522990226746, 0.3149087429046631, -0.25677672028541565, -0.24295146763324738, 0.4441603422164917, -0.49466174840927124, 0.04611525312066078, 0.7884587049484253, -0.07377524673938751, 0.20100410282611847, 0.22494179010391235, -0.20784534513950348, 0.608961820602417, -0.2258153259754181, 0.6749595403671265, 0.5906815528869629, -0.5089240074157715, -0.2692188620567322, -0.28546851873397827, 0.7155067324638367, -0.24794583022594452, 0.5236773490905762, -0.6191827654838562, -0.12996263802051544, -0.7042235136032104, -0.0013169050216674805, -0.3463597893714905, -0.3958716094493866, 0.5609758496284485, 0.38954052329063416, 0.5127725601196289, 0.17255428433418274, -0.42682889103889465, 0.33917510509490967, 0.17930513620376587, -0.2250625640153885, 0.7379388809204102, -0.5104994773864746, -0.8359143137931824, -0.31816843152046204, -0.18929460644721985, -0.2354283332824707, 0.7171225547790527, 0.11600184440612793, 0.19493529200553894, -0.17989008128643036, 0.36773109436035156, 0.4813081920146942, -0.024501660838723183, -0.6317397952079773, 0.5615221261978149, 0.7077274918556213, -0.02754034474492073, 0.46858781576156616, 0.6277042627334595, -0.2468695044517517, -0.7921152710914612, 0.2073313593864441, -0.3114900290966034, -0.6682518124580383, 0.06381721794605255, 0.6548806428909302, -0.3031473159790039, -0.5639455318450928, 0.5282585024833679, 0.7273589372634888, 0.3841458261013031, 0.661927342414856, -0.37479352951049805, 0.0597267709672451, -0.7905325889587402, -0.30627524852752686, -0.2870989143848419, 0.4973233640193939, 0.22853195667266846, 0.4264298677444458, 0.7947938442230225, -0.018581315875053406, -0.23465201258659363, -0.19433367252349854, -0.19051791727542877, -0.22927160561084747, -0.6577727794647217, 0.13669049739837646, 0.08760002255439758, -0.19597169756889343, -0.6522183418273926, 0.004936330020427704, -0.632826566696167, 0.4061356484889984, 0.528925895690918, -0.6759798526763916, -0.19515979290008545, -0.09729842841625214, -0.2794654071331024, 0.3946468234062195, 0.7612175941467285, -0.04666857421398163, 0.12974673509597778, 0.42173635959625244, -0.1999799907207489, 0.3340374529361725, 0.4791499674320221, 0.1503371149301529, 0.3301345109939575, -0.360014408826828, -0.14334723353385925, -0.3741171360015869, -0.764000415802002, 0.2721861004829407, 0.3832755982875824, 0.6383594274520874, 0.19061687588691711, -0.2437436878681183, -0.19207686185836792, 0.09451837092638016, -0.11310096085071564, 0.5347222685813904, 0.34744948148727417, 0.8402858972549438, 0.03315914422273636, -0.6311907172203064, -0.23089677095413208, 0.22083483636379242, -0.5009850859642029, 0.5834560990333557, 0.3836756944656372, 0.08411206305027008, 0.6627090573310852, 0.613893449306488, 0.5102463960647583, -0.1297205239534378, 0.6472228169441223, 0.2429317831993103, -0.6220810413360596, -0.0018464922904968262, -0.29688724875450134, 0.1136423796415329, 0.7775183916091919, -0.4227181673049927, 0.576828122138977, -0.42885124683380127, 0.31740546226501465, 0.026251178234815598, -0.5114520788192749, 0.7581437826156616, 0.2539162039756775, -0.11862024664878845, 0.7396352887153625, 0.04633524268865585, 0.5825546383857727, -0.16985493898391724, 0.1827322393655777, -0.05475791171193123, 0.4046420156955719, 0.49319031834602356, 0.028171349316835403, -0.5766815543174744, -0.5223344564437866, -0.017248030751943588, 0.09091827273368835, -0.7299507260322571, 0.09960281848907471, 0.3578091263771057, -0.05426258593797684, 0.4518907368183136, -0.08225264400243759, -0.19484281539916992, -0.371450811624527, 0.1257082223892212, 0.009718071669340134, -0.8184717297554016, -0.30904704332351685, 0.6669226884841919, -0.3563174307346344, -0.2953985333442688, -0.3253600001335144, 0.6085270643234253, -0.07866068184375763, 0.6312875747680664, 0.4586501121520996, 0.24163168668746948, -0.35941654443740845, 0.8413690328598022, 0.11502977460622787, 0.18974515795707703, 0.4258798062801361, 0.6683993935585022, 0.34879162907600403, 0.6091415882110596, -0.6725258231163025, -0.25055521726608276, -0.16841420531272888, -0.2625020146369934, -0.4749504029750824, 0.8336241245269775, 0.4548511505126953, 0.5782450437545776, 0.21806350350379944, 0.6551933288574219, -0.49211055040359497, -0.10763014853000641, 0.622001051902771, 0.10021918267011642, 0.3259510099887848, -0.11567399650812149, 0.7629883289337158, -0.5469492077827454, -0.4670577645301819, -0.13838429749011993, 0.16802841424942017, 0.5153323411941528, 0.0038348250091075897, -0.33230268955230713, 0.12911765277385712, 0.13500231504440308, -0.7099679708480835, -0.6221997737884521, -0.6169305443763733, 0.589819073677063, 0.2619348168373108, 0.18470339477062225, -0.0589660108089447, -0.2886762022972107, -0.5149170160293579, -0.10431399196386337, 0.014441050589084625, -0.7351237535476685, -0.6301554441452026, 0.22645559906959534, 0.46799612045288086, 0.5853186845779419, -0.008056294173002243, -0.34842824935913086, -0.7759354114532471, 0.7872857451438904, -0.5869026184082031, 0.8322367668151855, -0.6924691200256348, 0.43664151430130005, -0.22785888612270355, -0.19511036574840546, -0.3101156949996948, -0.7888356447219849, -0.14424392580986023, 0.7819958925247192, -0.7228864431381226, 0.7798457741737366, 0.5988857746124268, -0.4956004023551941, 0.04123429208993912, 0.8307782411575317, 0.3763450086116791, -0.19225795567035675, 0.5605077147483826, 0.8445987105369568, 0.7990323305130005, 0.41418159008026123, 0.7613829374313354, 0.6560128927230835, 0.3013077974319458, 0.4437764883041382, -0.6570858955383301, 0.12310051172971725, 0.5511267185211182, -0.39674606919288635, 0.28748831152915955, 0.40457838773727417, 0.48286381363868713, -0.27288618683815, -0.4485620856285095, -0.5997315645217896, 0.6885323524475098, -0.1324450820684433, 0.6707139015197754, -0.26987454295158386, -0.7030242681503296, 0.2612825632095337, -0.18549290299415588, -0.5254631042480469, -0.4844265580177307, 0.45359838008880615, 0.3842160105705261, -0.6266384124755859, -0.6771653294563293, 0.23790989816188812, -0.24385997653007507, 0.7048413753509521, -0.42896631360054016, 0.05275242030620575, -0.44727006554603577, 0.7413390278816223, -0.7738120555877686, 0.808780312538147, -0.3740043640136719, -0.5520440340042114, 0.013641029596328735, 0.48560357093811035, 0.6287311315536499, -0.3261958360671997, -0.3595629930496216, -0.35907667875289917, 0.7094694375991821, -0.47347521781921387, -0.6790497303009033, 0.4340515732765198, -0.7928999662399292, -0.25835439562797546, -0.8017416596412659, -0.6401957273483276, 0.6440247297286987, 0.07386068254709244, 0.046313829720020294, 0.2941894233226776, 0.09412078559398651, 0.026274826377630234, -0.5350328087806702, -0.25411903858184814, 0.6351208686828613, -0.8068636655807495, -0.18476641178131104, 0.6526051759719849, 0.25831544399261475, -0.13374078273773193, -0.7772703766822815, -0.570009171962738, -0.4812834858894348, -0.5624274611473083, 0.31986260414123535, -0.7501260042190552, -0.2628032863140106, -0.4122433662414551, 0.2053108811378479, -0.25263479351997375, -0.5095653533935547, -0.266582190990448, 0.31787076592445374, -0.6273890733718872, -0.37624508142471313, -0.007401973009109497, -0.45574772357940674, 0.2620398998260498, -0.2839832305908203, 0.3235437273979187, -0.43479180335998535, -0.20477436482906342, -0.08488593995571136, 0.052667275071144104, -0.4437648057937622, -0.009934809058904648, -0.15478910505771637, -0.5115134716033936, -0.2828212380409241, -0.7204334735870361, -0.32686349749565125, 0.8313692808151245, -0.16782334446907043, 0.7873333692550659, -0.27177292108535767, -0.26764869689941406, -0.5099018812179565, -0.5153896808624268, -0.31898438930511475, 0.4416165351867676, 0.6522250175476074, 0.10010489821434021, 0.8222161531448364, -0.7629636526107788, -0.16061459481716156, 0.36318135261535645, 0.08026598393917084, 0.30262041091918945, -0.12453316152095795, 0.08471601456403732, -0.13960179686546326, -0.17835579812526703, 0.03234677016735077, 0.4479924440383911, 0.8200869560241699, 0.8362479209899902, 0.6666821241378784, -0.19857841730117798, 0.3913971185684204, -0.5405212640762329, 0.42764729261398315, 0.26500657200813293, -0.11364174634218216, 0.012511629611253738, 0.3711482882499695, 0.15288573503494263, 0.567915141582489, 0.1384972631931305, 0.2556053102016449, -0.06926678866147995, 0.32832545042037964, 0.4199645221233368, 0.08844279497861862, 0.3906681537628174, 0.5372080206871033, -0.3137584924697876, -0.6713874340057373, -0.2768692374229431, -0.6835558414459229, -0.5892201662063599, -0.21740205585956573, -0.054412826895713806, -0.06042671203613281, -0.08247566968202591, -0.48934608697891235, -0.37294918298721313, 0.48882511258125305, -0.12632405757904053, -0.6175649762153625, 0.007794305682182312, 0.4587627649307251, -0.18968208134174347, -0.6415700912475586, 0.6865172982215881, 0.47020599246025085, 0.4201398491859436, 0.610919713973999, -0.5667409300804138, -0.583461582660675, 0.5076418519020081, 0.12013690173625946, 0.17163294553756714, 0.7276712656021118, -0.5290443897247314, -0.04938196390867233, -0.16301678121089935, -0.45201361179351807, -0.06655381619930267, -0.15258561074733734, 0.49713221192359924, -0.013353034853935242, 0.38741400837898254, -0.378259539604187, 0.3854098916053772, -0.8369194269180298, -0.6884145140647888, -0.8070505261421204, -0.7152525186538696, -0.4272163510322571, 0.5433663129806519, 0.6276378035545349, 0.007428836077451706, 0.5308998823165894, 0.2919279634952545, 0.5545747876167297, -0.35295650362968445, -0.3052927255630493, 0.7355917692184448, 0.38183969259262085, 0.2905503511428833, -0.3508150577545166, -0.4030532240867615, 0.32042402029037476, -0.21980291604995728, 0.6327182650566101, -0.05048296973109245, -0.40193045139312744, 0.7255200147628784, 0.2707347869873047, 0.6367352604866028, 0.8432116508483887, 0.24676582217216492, -0.44560933113098145, -0.11629840731620789, 0.18832635879516602, -0.000534936785697937, 0.42942357063293457, -0.28582626581192017, 0.6760965585708618, 0.7309463024139404, 0.17444196343421936, 0.3623392581939697, -0.6139219999313354, -0.4128589630126953, 0.8383117914199829, 0.37898319959640503, 0.6729723215103149, -0.21940752863883972, 0.7230476140975952, -0.4234655201435089, 0.5114768147468567, 0.7098714113235474, 0.8032512068748474, -0.2506730258464813, -0.8007831573486328, -0.23811645805835724, 0.749649167060852, -0.4412537217140198, 0.759068489074707, -0.4739546477794647, 0.2938610911369324, -0.5336283445358276, 0.5290491580963135, -0.19232122600078583, -0.6537570357322693, -0.18300333619117737, -0.04491663724184036, 0.7053344249725342, -0.6829761266708374, 0.2744787335395813, -0.13028869032859802, 0.5190655589103699, 0.5240697860717773, -0.18381133675575256, -0.04345831274986267, 0.22722813487052917, -0.40953201055526733, -0.6563259363174438, 0.3470648229122162, -0.28678661584854126, 0.5343382358551025, 0.33749476075172424, 0.7731888294219971, -0.5664693117141724, -0.6124825477600098, 0.368865430355072, 0.2510562539100647, -0.0474703386425972, 0.07261110097169876, -0.1089579313993454, -0.2707534432411194, -0.44654375314712524, -0.7634682655334473, -0.6374010443687439, -0.47967156767845154, 0.15562544763088226, 0.26923608779907227, -0.5970393419265747, 0.015061542391777039, -0.5997902154922485, -0.34877562522888184, 0.46615689992904663, -0.5027101039886475, 0.29786768555641174, -0.6821420192718506, 0.36839571595191956, -0.4849664270877838, 0.7023449540138245, -0.43175432085990906, -0.08777227997779846, -0.42727845907211304, 0.7962709665298462, -0.07117924839258194, -0.3521173596382141, 0.20594722032546997, 0.19394035637378693, -0.1664370596408844, 0.351146936416626, 0.3184477984905243, -0.20529481768608093, 0.5991767048835754, 0.1924695372581482, 0.11585885286331177, 0.04219302535057068, 0.1829805225133896, 0.4283449053764343, 0.4900232255458832, -0.2931739091873169, 0.5322630405426025, 0.3534950911998749, 0.4474306106567383, 0.2909867763519287, -0.047667428851127625, 0.40843653678894043, -0.6507658958435059, -0.12320415675640106, -0.4204438328742981, -0.1901419460773468, -0.17821992933750153, 0.4581755995750427, 0.7129019498825073, -0.45431530475616455, -0.32810622453689575, -0.30446258187294006, 0.4573729634284973, -0.589055061340332, -0.3346339166164398, 0.23135997354984283, 0.5304725170135498, 0.8118211627006531, 0.028999630361795425, 0.6436746716499329, 0.26309633255004883, -0.1600402146577835, 0.13906130194664001, -0.20122575759887695, 0.21007822453975677, -0.053043182939291, 0.10595683008432388, 0.6387434005737305, -0.5883215665817261, 0.5667508244514465, 0.8302386999130249, 0.5540348291397095, 0.19117353856563568, 0.5755981206893921, 0.09702852368354797, 0.3155777156352997, 0.14984306693077087, -0.5410149097442627, -0.632201611995697, 0.6376379132270813, 0.41030240058898926, 0.12775766849517822, 0.5882844924926758, -0.04786624759435654, -0.3722999393939972, -0.21621590852737427, 0.11820577085018158, 0.5766022205352783, -0.4759049117565155, 0.5905270576477051, -0.41808751225471497, -0.14112216234207153, -0.23708681762218475, -0.525221586227417, 0.8274049758911133, 0.44386258721351624, 0.2906349301338196, 0.12238554656505585, -0.3567752540111542, 0.5367873907089233, 0.16484524309635162, -0.47318464517593384, -0.5310754776000977, 0.1676177978515625, -0.3442513346672058, -0.7360764741897583, -0.7464876174926758, -0.20917361974716187, -0.0303848534822464, 0.5391194224357605, -0.6444687247276306, -0.18480750918388367, -0.25907015800476074, 0.28110766410827637, 0.4788546860218048, -0.7180086374282837, 0.3613874614238739, -0.5231136083602905, 0.45892319083213806, 0.503607988357544, 0.5233514904975891, 0.29422762989997864, 0.6272608041763306, 0.021594345569610596, 0.10157366842031479, -0.8370296359062195, -0.16626104712486267, 0.6335919499397278, 0.23315034806728363, -0.7507103085517883, -0.5158606767654419, -0.17877298593521118, -0.7221177220344543, 0.5344212055206299, 0.3931216597557068, 0.7196623086929321, 0.46550098061561584, 0.5210300087928772, -0.37957102060317993, -0.015348169952630997, -0.17791114747524261, -0.037618473172187805, 0.2716672420501709, -0.4023914337158203, -0.5745512247085571, -0.2703913748264313, -0.5122695565223694, -0.2432221621274948, 0.6122109293937683, 0.6060914993286133, 0.7029213905334473, -0.1482802927494049, 0.44857335090637207, 0.15110862255096436, -0.5294755101203918, -0.42120933532714844, 0.11867529898881912, -0.37103766202926636, -0.5391969680786133, 0.04694843664765358, 0.22261254489421844, 0.09285536408424377, 0.464571088552475, 0.5393471121788025, 0.2931082844734192, -0.702678918838501, 0.3403753638267517, 0.6855387687683105, -0.5310255289077759, 0.5493324995040894, 0.10430438816547394, 0.5708760023117065, 0.4898913502693176, -0.8084519505500793, 0.1718934178352356, -0.3327721953392029, -0.636748194694519, -0.19138187170028687, 0.7419675588607788, -0.6195348501205444, -0.5571199655532837, 0.8196978569030762, -0.41162270307540894, -0.1282268911600113, -0.28982239961624146, 0.3835587501525879, 0.28992968797683716, -0.3959957957267761, 0.3569793403148651, 0.2768931984901428, -0.45333024859428406, -0.14801345765590668, -0.2626345455646515, 0.4500623345375061, 0.14205683767795563, 0.8128203749656677, 0.1117168739438057, -0.4765855073928833, -0.43278491497039795, -0.6417969465255737, 0.2522270083427429, -0.09656225144863129, 0.40585857629776, -0.7259386777877808, -0.6360447406768799, -0.02161242812871933, -0.5989474058151245, 0.03338522091507912, 0.4185345470905304, -0.2615531384944916, 0.5984658002853394, 0.06615406274795532, 0.31464892625808716, -0.17313723266124725, 0.0043634772300720215, 0.6742638349533081, -0.28811347484588623, -0.19092753529548645, -0.6386612057685852, -0.18541701138019562, 0.22134660184383392, 0.16780635714530945, 0.5023288726806641, -0.4224328398704529, -0.4403190612792969, -0.38915663957595825, 0.423772394657135, -0.6310116052627563, 0.4473513960838318, 0.5779159069061279, -0.8261480331420898, 0.5421795845031738, 0.027685649693012238, 0.08548244833946228, -0.1368514597415924, 0.3704881966114044, 0.0900658667087555, -0.038341302424669266, -0.7985985279083252, 0.12428943067789078, 0.2414240539073944, 0.09422749280929565, 0.6362917423248291, 0.5364900827407837, -0.6717931032180786, -0.4347543716430664, -0.5593532919883728, -0.617530107498169, 0.17161718010902405, -0.0419279970228672, -0.0015772134065628052, 0.3106060326099396, 0.45869290828704834, 0.7595512866973877, -0.14192281663417816, 0.5031546354293823, -0.22263316810131073, 0.13937290012836456, 0.6818193197250366, -0.7147843837738037, 0.7487609386444092, -0.3566846251487732, 0.08682096004486084, 0.0749473050236702, 0.4754858613014221, 0.4273488223552704, -0.17520150542259216, 0.42771705985069275, -0.5646825432777405, 0.6866955161094666, -0.2974798381328583, -0.5825381875038147, -0.33696773648262024, 0.21330834925174713, 0.6517475843429565, -0.17406725883483887, 0.16473887860774994, -0.3493098020553589, 0.7360607981681824, -0.5612568855285645, -0.030286069959402084, -0.5232808589935303, -0.22074821591377258, -0.5083815455436707, 0.6408928036689758, -0.12785300612449646, -0.39961615204811096, 0.1488392949104309, 0.3493955135345459, -0.26398324966430664, 0.5165984034538269, -0.2674436569213867, 0.19868260622024536, 0.8246557712554932, -0.671318531036377, 0.23407302796840668, 0.06409662961959839, -0.5624610781669617, 0.5357623100280762, -0.23621375858783722, 0.40440672636032104, 0.7666075229644775, 0.13741342723369598, -0.3851860463619232, 0.5450177192687988, 0.40958818793296814, -0.4898657202720642, 0.37555214762687683, 0.47506165504455566, -0.12192928791046143, 0.06536849588155746, 0.42841923236846924, 0.8340046405792236, 0.8168048858642578, 0.6287610530853271, -0.5868127346038818, -0.7477295398712158, -0.45849063992500305, -0.054288074374198914, 0.25532829761505127, 0.17442327737808228, 0.3325407803058624, 0.8057549595832825, 0.06351543217897415, 0.68187415599823, -0.43570467829704285, 0.1793844997882843, 0.618750810623169, -0.20844563841819763, 0.5400452613830566, -0.00980541855096817, 0.587079644203186, -0.02884998545050621, -0.026739180088043213, 0.19549596309661865, -0.552202582359314, 0.3065531253814697, 0.7600612044334412, -0.057276174426078796, 0.7861511707305908, 0.2725520730018616, 0.3213566541671753, -0.7944470643997192, -0.5703188180923462, 0.020789846777915955, 0.5133791565895081, -0.40259242057800293, 0.5683344602584839, 0.09424898773431778, -0.6084781885147095, -0.10177666693925858, -0.4443904757499695, 0.745818555355072, 0.34908318519592285, 0.1665007472038269, 0.15958085656166077, 0.5122954845428467, 0.6160154938697815, -0.15428298711776733, -0.6370879411697388, 0.17675136029720306, 0.6975275278091431, 0.4648449420928955, -0.532875120639801, -0.3966129422187805, -0.447029173374176, -0.8278110027313232, 0.013032644987106323, 0.325612872838974, -0.12023337185382843, -0.2890506386756897, 0.15246255695819855, 0.4995404779911041, 0.5776117444038391, 0.7971707582473755, -0.668249785900116, 0.45218199491500854, -0.47542500495910645, -0.06513333320617676, 0.061387188732624054, 0.6522508263587952, -0.2566782534122467, 0.47195756435394287, 0.58125901222229, 0.8236411809921265, 0.588608980178833, 0.8247559070587158, -0.0753643661737442, 0.5060832500457764, 0.6928640604019165, 0.48460525274276733, -0.22547566890716553, 0.2988067865371704, 0.8203597068786621, -0.6300292015075684, 0.5079300403594971, -0.3891139030456543, 0.18812236189842224, 0.48832061886787415, -0.2309240698814392, 0.17240534722805023, 0.5234787464141846, -0.5289670825004578, 0.7969967722892761, -0.6436412930488586, -0.44280391931533813, -0.34186357259750366, 0.4394136965274811, 0.13565830886363983, 0.17150504887104034, 0.8026859760284424, -0.3743056058883667, -0.1319878250360489, 0.400958389043808, 0.5849189162254333, 0.008995555341243744, 0.24456174671649933, 0.7912797927856445, -0.22215907275676727, 0.7522919178009033, 0.6368386149406433, -0.09684096276760101, -0.10712505877017975, 0.3746233284473419, 0.5828697085380554, -0.7814232110977173, 0.3457545042037964, 0.7028185129165649, 0.687772274017334, 0.4375423491001129, 0.6916354298591614, 0.7989481687545776, -0.50390625, 0.26955878734588623, -0.6549568176269531, -0.027358166873455048, 0.24809786677360535, 0.18630248308181763, -0.11464259773492813, -0.3044254183769226, 0.29041555523872375, 0.5291042327880859, -0.7741575837135315, -0.41245439648628235, -0.36353570222854614, 0.21976953744888306, -0.48246467113494873, 0.5135598182678223, -0.27471107244491577, -0.2284804880619049, -0.28885066509246826, 0.7229528427124023, -0.11509480327367783, 0.1425313800573349, 0.17348505556583405, 0.429170697927475, 0.061583224684000015, 0.07885442674160004, 0.11080369353294373, -0.8053779006004333, -0.2594338059425354, 0.49393725395202637, -0.040135376155376434, 0.3592742681503296, 0.5539518594741821, 0.21359090507030487, 0.36529457569122314, -0.5940843820571899, 0.25487709045410156, -0.3920534551143646, -0.27970755100250244, 0.5612938404083252, 0.02025919035077095, 0.4650239944458008, 0.306535929441452, 0.24593007564544678, 0.29701945185661316, 0.27194496989250183, -0.31442853808403015, -0.09030181914567947, -0.31774261593818665, 0.10952859371900558, 0.15468652546405792, 0.2038421630859375, -0.41775935888290405, -0.5744317770004272, 0.1480746567249298, -0.0663723349571228, 0.8416612148284912, -0.11615003645420074, 0.805492639541626, 0.8310213088989258, -0.3775847554206848, -0.4714982509613037, -0.0924396961927414, -0.15382741391658783, 0.8211114406585693, -0.6481701135635376, -0.6143853664398193, 0.20952242612838745, 0.24495050311088562, -0.396292507648468, -0.5837020874023438, 0.11713194847106934, 0.8043662309646606, 0.4649805426597595, 0.5276192426681519, 0.4133853018283844, 0.20123261213302612, -0.2153339982032776, -0.31439441442489624, -0.4050101339817047, -0.528577446937561, -0.05857992544770241, -0.4745562672615051, 0.049358829855918884, 0.5843220949172974, -0.6387986540794373, -0.44819381833076477, -0.20868906378746033, -0.18242426216602325, 0.6669551134109497, 0.28289318084716797, 0.5838825106620789, -0.3734745383262634, -0.7811722755432129, -0.3865739107131958, -0.4881131649017334, -0.2667788863182068, 0.054597318172454834, 0.7135466933250427, -0.4271497428417206, -0.2880403995513916, -0.7251838445663452, 0.2958126366138458, 0.7294249534606934, 0.028908170759677887, 0.7692843675613403, 0.5700424909591675, -0.37643706798553467, 0.20554718375205994, 0.01769831031560898, -0.7184469699859619, 0.5063043832778931, -0.6712336540222168, -0.27717500925064087, -0.7538542747497559, -0.6867625117301941, 0.08815966546535492, 0.7572345733642578, 0.23049791157245636, -0.46319663524627686, -0.6353746652603149, 0.4439282715320587, -0.3990858793258667, -0.02314658835530281, 0.5656399130821228, 0.13493192195892334, -0.35505518317222595, 0.07657381892204285, 0.13582755625247955, 0.19407634437084198, 0.7984498739242554, 0.35129648447036743, 0.09291854500770569, 0.6126151084899902, -0.12324929237365723, -0.7452594041824341, -0.41759252548217773, -0.392024964094162, 0.21481475234031677, -0.24216872453689575, -0.7195760011672974, 0.7772965431213379, -0.24901165068149567, -0.5808464288711548, 0.7861816883087158, 0.2978760600090027, 0.2176288664340973, 0.5001765489578247, -0.8024998903274536, -0.7428989410400391, -0.7273292541503906, -0.1182209700345993, 0.19659802317619324, 0.7992516160011292, 0.42060986161231995, -0.09793402999639511, 0.01670464500784874, 0.264657586812973, 0.36036086082458496, 0.09445944428443909, -0.25297725200653076, 0.30673491954803467, 0.5145593881607056, 0.3774459958076477, 0.10270936042070389, -0.22343707084655762, -0.6413650512695312, 0.5818307399749756, -0.20210827887058258, 0.15899555385112762, 0.47561389207839966, -0.556699812412262, 0.24144995212554932, 0.1777624487876892, -0.028809338808059692, -0.3565440773963928, -0.2714131474494934, 0.15605124831199646, -0.08989591896533966, -0.3396267592906952, -0.5444384813308716, -0.31551259756088257, 0.32427895069122314, -0.2326965183019638, -0.3179832100868225, -0.06653785705566406, -0.32221823930740356, -0.4724697172641754, -0.5225661396980286, 0.7146767377853394, 0.4301958680152893, 0.4387412965297699, -0.551228404045105, 0.36794787645339966, 0.4436844289302826, -0.24597959220409393, -0.1670207530260086, 0.4191407859325409, -0.15999214351177216, 0.7084407210350037, 0.776371419429779, 0.30120691657066345, 0.26532065868377686, -0.30133506655693054, -0.4663371741771698, -0.838129997253418, 0.7221077680587769, 0.21112120151519775, -0.0338442325592041, 0.499921053647995, -0.06837267428636551, -0.6968305110931396, 0.3167520761489868, 0.24305106699466705, -0.25859546661376953, -0.6194005012512207, 0.5375447273254395, 0.2139197587966919, -0.33226391673088074, 0.42534512281417847, -0.629974365234375, 0.7967557907104492, -0.08651959896087646, 0.6250361204147339, -0.30910927057266235, 0.0861772745847702, 0.6207999587059021, 0.8080323338508606, 0.49922385811805725, 0.2539414167404175, 0.48705345392227173, 0.32531818747520447, 0.25356677174568176, -0.5061516761779785, 0.7462044954299927, -0.5220321416854858, -0.5633905529975891, 0.6139670014381409, -0.16589215397834778, 0.7256167531013489, 0.4612146019935608, -0.7127218246459961, 0.35241371393203735, 0.14671531319618225, 0.3514951467514038, -0.6708389520645142, 0.3570415675640106, -0.24304917454719543, 0.26588958501815796, -0.25704869627952576, -0.3101479411125183, 0.2101653516292572, 0.2919256091117859, 0.12515878677368164, -0.24898488819599152, -0.7861464023590088, 0.40298354625701904, 0.17683148384094238, -0.4662613868713379, -0.6227827072143555, 0.1787429302930832, 0.343485027551651, 0.4322788119316101, -0.8048739433288574, -0.45888751745224, -0.01837710291147232, -0.008672241121530533, 0.8057987689971924, 0.3185204863548279, 0.31428930163383484, 0.17071600258350372, 0.08158759772777557, -0.5497226119041443, -0.31913840770721436, -0.2781524360179901, 0.5002807974815369, -0.42511072754859924, 0.6978718042373657, 0.7284010052680969, -0.14620909094810486, 0.21721339225769043, 0.8191838264465332, -0.06662455946207047, 0.094139963388443, 0.06228259578347206, -0.6695467233657837, 0.09333731979131699, 0.4822128713130951, -0.3443048894405365, -0.010576419532299042, -0.5796670913696289, 0.06569002568721771, 0.7815050482749939, 0.23751896619796753, -0.364177405834198, 0.710003137588501, 0.23069386184215546, 0.013997204601764679, -0.31025636196136475, -0.4001331031322479, 0.4060831665992737, -0.4986529052257538, 0.4815291166305542, -0.18753281235694885, -0.7634404897689819, 0.6768962144851685, -0.3969268798828125, 0.6650474071502686, -0.332655131816864, -0.23417554795742035, 0.48060089349746704, -0.28521668910980225, 0.34426137804985046, 0.2349839061498642, 0.5564197897911072, -0.5587365627288818, -0.6104727387428284, 0.06272228062152863, -0.30710819363594055, -0.15408894419670105, 0.42894214391708374, -0.29392701387405396, 0.01918838918209076, 0.47106683254241943, -0.32325831055641174, 0.23911236226558685, 0.7454952597618103, 0.4495683014392853, 0.08319507539272308, 0.33198821544647217, -0.09042967855930328, 0.18581345677375793, -0.5007052421569824, 0.7794153094291687, -0.5153040885925293, -0.28452110290527344, 0.3856537938117981, -0.7041813135147095, 0.8423422574996948, -0.05005697160959244, 0.5396462678909302, -0.35296791791915894, -0.21610303223133087, -0.06366755068302155, 0.0909496322274208, 0.33620139956474304, 0.5745141506195068, 0.27816447615623474, -0.01581466943025589, -0.23913702368736267, -0.1209525614976883, -0.11020155251026154, 0.22596010565757751, 0.6993151307106018, -0.08222226053476334, -0.27812397480010986, 0.5847877860069275, -0.5352364182472229, 0.45630213618278503, 0.0708872601389885, -0.6675630807876587, 0.3415606617927551, -0.4209596812725067, 0.19428753852844238, -0.46369364857673645, -0.1674022674560547, 0.6402709484100342, -0.4017254412174225, 0.3786510229110718, 0.7295546531677246, 0.11353813111782074, 0.035725776106119156, -0.5295836329460144, -0.24222975969314575, 0.6562069058418274, 0.4809880256652832, 0.5577934980392456, -0.12051817774772644, 0.506181538105011, 0.49745315313339233, -0.25915202498435974, 0.6077120304107666, 0.6155993938446045, -0.3560255765914917, -0.6121016144752502, 0.3725191056728363, -0.5040615797042847, -0.5755612850189209, -0.38637396693229675, -0.473545104265213, 0.7945889830589294, -0.8039866089820862, -0.6893999576568604, 0.026772525161504745, 0.6759687662124634, -0.5363858938217163, 0.09985537081956863, -0.17842592298984528, -0.36973661184310913, -0.2165355235338211, 0.15499477088451385, -0.07010766118764877, 0.5895922780036926, 0.006087463349103928, 0.24516575038433075, -0.3999097943305969, 0.4630162715911865, 0.7041900157928467, 0.6708966493606567, -0.6327501535415649, 0.5574066638946533, -0.5289299488067627, 0.03837669640779495, -0.723233699798584, 0.6437602639198303, 0.5041224956512451, 0.28741228580474854, -0.15465708076953888, -0.3293727934360504, -0.7483501434326172, -0.20020785927772522, -0.23787784576416016, -0.027678895741701126, -0.4136832356452942, -0.6841048002243042, 0.061587851494550705, -0.2669677138328552, 0.15079469978809357, 0.7484139204025269, -0.17137044668197632, 0.054927267134189606, -0.5513156056404114, 0.2476024627685547, -0.23068919777870178, -0.49967658519744873, -0.6032273769378662, 0.040486522018909454, 0.010278366506099701, -0.6069982051849365, -0.5818048715591431, 0.6526361703872681, -0.4581621289253235, -0.5161365866661072, -0.12774501740932465, 0.34643518924713135, 0.6561211347579956, -0.6002815961837769, -0.4641519784927368, 0.4460790157318115, 0.2000822126865387, 0.6404669284820557, 0.036334387958049774, -0.11575698852539062, -0.42097389698028564, -0.35001593828201294, 0.47426092624664307, 0.5276142954826355, 0.8473894000053406, -0.15659670531749725, 0.2631148099899292, -0.27842581272125244, -0.06581290066242218, 0.32403790950775146, -0.37158170342445374, -0.5121557712554932, -0.010952062904834747, -0.4186912178993225, -0.0885903611779213, -0.6654158234596252, -0.42085540294647217, -0.771536111831665, 0.7469344139099121, 0.7819936275482178, 0.43473827838897705, 0.5423083901405334, 0.37436172366142273, -0.6345223188400269, -0.7040305137634277, -0.023098420351743698, -0.6862283945083618, -0.04454721510410309, 0.7640231847763062, -0.7551880478858948, -0.35267603397369385, 0.20839479565620422, -0.6907294988632202, -0.228294238448143, -0.5787381529808044, -0.24984048306941986, 0.5409838557243347, 0.24021047353744507, 0.3718467950820923, -0.06935862451791763, 0.36167284846305847, 0.6740949153900146, 0.5054678320884705, 0.8375828862190247, 0.03289461135864258, 0.28881359100341797, 0.4075031280517578, 0.3933156132698059, -0.48637378215789795, -0.27989423274993896, -0.7033437490463257, -0.6720110177993774, -0.395433634519577, -0.37456366419792175, 0.7240496277809143, 0.4549983739852905, -0.630433201789856, 0.016394510865211487, -0.3862505555152893, -0.500738799571991, 0.04045303910970688, 0.3760332465171814, 0.5106661319732666, 0.7699985504150391, 0.7736542224884033, 0.3851858377456665, 0.5895251631736755, -0.759472668170929, 0.5987116098403931, -0.37157613039016724, -0.6365769505500793, 0.3832677900791168, 0.6758573055267334, 0.37432801723480225, 0.46115243434906006, 0.04755069687962532, 0.19716264307498932, 0.11209551990032196, -0.6265244483947754, -0.6999523639678955, 0.7995079755783081, -0.5622117519378662, 0.7672562599182129, 0.6832674741744995, 0.5824564695358276, -0.33764615654945374, 0.7783620357513428, 0.7524927854537964, 0.5516347885131836, -0.7682326436042786, -0.06200706958770752, -0.5299032330513, -0.49128344655036926, -0.24976468086242676, 0.110751673579216, 0.3191090226173401, -0.5338644981384277, -0.7333371639251709, 0.5677782893180847, 0.3591933846473694, 0.5138770341873169, 0.3058359622955322, -0.029075413942337036, 0.20263364911079407, -0.4455152750015259, -0.5070714950561523, -0.8342745900154114, -0.26958680152893066, -0.25222718715667725, -0.08171585202217102, 0.23437966406345367, 0.15338067710399628, 0.4470204710960388, 0.0400867685675621, 0.6199077367782593, 0.4246000647544861, 0.4165351688861847, -0.34027034044265747, -0.4863319396972656, -0.21537306904792786, 0.006753474473953247, 0.750718355178833, 0.5827518105506897, -0.6560964584350586, -0.19345241785049438, -0.4495718479156494, -0.20084410905838013, 0.04477601870894432, -0.7614098191261292, 0.0133591927587986, -0.5416706204414368, -0.535061776638031, -0.42543596029281616, -0.7567182183265686, 0.4592139720916748, -0.8127142786979675, -0.20929214358329773, 0.5256680250167847, -0.38423579931259155, 0.5935924649238586, 0.8321142196655273, 0.8126809597015381, 0.03500832989811897, -0.6307244896888733, -0.13405007123947144, 0.46937909722328186, -0.44283345341682434, 0.02793395146727562, 0.5033231973648071, 0.5507843494415283, -0.24118104577064514, 0.17684271931648254, 0.5647972822189331, 0.6821107864379883, 0.14290644228458405, 0.4782238006591797, -0.3703913986682892, 0.4705147445201874, -0.649254560470581, 0.14767761528491974, 0.48154035210609436, -0.6937946677207947, -0.8170194625854492, -0.05938959866762161, 0.21216006577014923, -0.14795434474945068, 0.03325384482741356, -0.7422009706497192, -0.13625666499137878, 0.20086275041103363, 0.5186582803726196, 0.26378706097602844, 0.47055190801620483, 0.3023439049720764, -0.34335091710090637, 0.6210262179374695, 0.8088796138763428, -0.32221361994743347, 0.7488083839416504, 0.1920577883720398, -0.5805062055587769, -0.665990948677063, 0.3420411944389343, 0.13496634364128113, -0.027866000309586525, -0.41652700304985046, -0.4139653444290161, 0.45327815413475037, 0.7417196035385132, -0.16602100431919098, -0.11032407730817795, -0.45611485838890076, -0.6327078342437744, -0.07958001643419266, -0.3678636848926544, 0.45041942596435547, -0.8103512525558472, 0.4972684681415558, -0.24686549603939056, -0.16892042756080627, 0.29520300030708313, -0.5512279272079468, -0.25133615732192993, -0.6481245756149292, 0.05462093651294708, 0.5588737726211548, -0.5484705567359924, -0.6882263422012329, 0.6686174273490906, -0.2616591453552246, -0.10769696533679962, 0.36290687322616577, -0.2677823007106781, 0.605440616607666, -0.4400342106819153, -0.2935487627983093, -0.06502842903137207, 0.1973990797996521, 0.7841775417327881, -0.4476071000099182, 0.12199485301971436, 0.699543297290802, 0.09812328219413757, -0.3774139881134033, -0.6504014730453491, -0.5130504965782166, -0.5904034972190857, -0.7724343538284302, -0.38413819670677185, -0.3473427891731262, 0.4257704019546509, -0.530091404914856, 0.5463160276412964, 0.522489607334137, -0.006702087819576263, -0.49782055616378784, 0.21692395210266113, -0.40209561586380005, 0.7525094747543335, 0.5955744981765747, 0.09029179811477661, -0.7897536754608154, 0.6734553575515747, -0.21085602045059204, 0.440495103597641, -0.6072572469711304, -0.706053614616394, -0.6405283808708191, -0.2968478500843048, -0.4284384250640869, -0.005253588780760765, 0.37615257501602173, -0.7875096797943115, 0.6473584175109863, -0.5985174775123596, 0.3365457057952881, 0.525037407875061, -0.28883516788482666, -0.5355340838432312, -0.8356393575668335, 0.34233415126800537, -0.16790589690208435, 0.48039498925209045, 0.2868175208568573, -0.3998989462852478, -0.0082736536860466, -0.4699661135673523, 0.5071097016334534, 0.43288564682006836, -0.6378042697906494, 0.34958145022392273, 0.7672796249389648, 0.5377421379089355, 0.619113564491272, 0.592647135257721, -0.2593885660171509, 0.664395809173584, -0.018968552350997925, -0.583845853805542, 0.30160850286483765, 0.2995806038379669, -0.8166501522064209, -0.7126120328903198, 0.5011816620826721, 0.12291335314512253, 0.1079455241560936, -0.47777119278907776, 0.14634160697460175, 0.7177686095237732, -0.7141745686531067, -0.716059684753418, 0.01686728745698929, -0.33758971095085144, 0.17638064920902252, -0.38957640528678894, -0.4351477026939392, -0.3305489420890808, -0.44749248027801514, 0.6017361879348755, 0.2728850841522217, -0.014169059693813324, -0.2726605534553528, 0.4579086899757385, 0.08514075726270676, 0.6281560659408569, 0.30969884991645813, 0.07200482487678528, 0.28511562943458557, 0.3711383640766144, -0.046509355306625366, -0.7745071649551392, -0.3546103835105896, 0.12629753351211548, 0.4060693681240082, -0.3520532548427582, -0.5846182703971863, 0.621599555015564, 0.09129609912633896, -0.10440906137228012, -0.5273485779762268, 0.17577315866947174, -0.2199946492910385, -0.35602322220802307, 0.7763997316360474, -0.07818737626075745, -0.1550639420747757, 0.6294956803321838, -0.6978261470794678, -0.3662989139556885, -0.3387202024459839, 0.1328173577785492, 0.1957443356513977, -0.8337612152099609, -0.561560332775116, -0.04147858917713165, -0.07110824435949326, 0.8378723859786987, -0.04589560255408287, -0.2289680689573288, -0.0181150883436203, 0.35365554690361023, -0.3603854477405548, -0.7926715612411499, 0.29606935381889343, -0.6463428139686584, -0.6993676424026489, 0.15373419225215912, 0.641979992389679, -0.09768089652061462, 0.11217230558395386, -0.11388576775789261, -0.12001471221446991, -0.1610862761735916, -0.45400652289390564, 0.7454748153686523, 0.09464128315448761, 0.6367853879928589, -0.6682092547416687, -0.327299028635025, 0.0688219666481018, -0.7365701794624329, -0.45983821153640747, -0.5325660109519958, -0.6634716391563416, -0.24312524497509003, 0.6394541263580322, 0.043379876762628555, 0.19038371741771698, 0.5497625470161438, -0.18989405035972595, -0.3446061313152313, -0.2175753116607666, 0.21256133913993835, -0.13101914525032043, -0.2955421209335327, -0.14607547223567963, -0.09845541417598724, -0.37931764125823975, -0.0516715869307518, 0.24755145609378815, -0.6919777393341064, -0.19396421313285828, 0.019707318395376205, 0.47924908995628357, -0.5281192064285278, 0.2825195789337158, 0.6405434012413025, -0.4311099648475647, 0.39830639958381653, -0.5798620581626892, -0.6784737706184387, 0.033990293741226196, -0.050463709980249405, -0.34347090125083923, -0.10080771148204803, -0.011166069656610489, 0.11552808433771133, 0.381413996219635, 0.5715078115463257, -0.8343794345855713, -0.3711320757865906, -0.624849796295166, -0.2712765038013458, -0.17413637042045593, 0.3692156672477722, -0.15259519219398499, -0.05696522444486618, -0.17948365211486816, 0.4712867736816406, -0.8113518953323364, -0.1838456243276596, -0.11264392733573914, 0.3804946839809418, -0.03705109655857086, -0.0005769133567810059, -0.06676112860441208, 0.05326549708843231, -0.6098812818527222]
