sample name: ['Cc1ccc(CCNC(=O)NCCc2csc(N3CCCC3)n2)c(C)c1']
atom_index,distance,cosine_similarity
0,-0.7089990234375,0.04174508668482304
1,-1.806553955078125,0.052080982234328985
2,-0.996844482421875,-0.09683512758463621
3,-3.842969970703125,0.11678131092339754
4,-5.2297412109375,-0.03158645737916231
5,-3.04127197265625,0.07627542927861214
6,0.037684326171875,-0.05165510522201657
7,-1.73163818359375,-0.027515849471092223
8,-1.8441064453125,0.07041154218837618
9,-1.359537353515625,0.03883290592581034
10,-4.51692626953125,0.08742641381919385
11,-2.5647784423828126,0.11382044810801745
12,-1.82318359375,0.17952550489455463
13,-5.432745361328125,0.08179369501769543
14,-2.07590087890625,0.1397635882720351
15,-8.1884765625,0.04971220275387168
16,-8.701148681640625,0.1308438514173031
17,-0.743895263671875,-0.07310908403247594
18,-1.023548583984375,-0.06844934854656458
19,-1.930989990234375,-0.1077169612236321
20,-4.007802734375,0.13285377867519854

Sum of phi values for distance
-61.53337463378905
Sum of phi values for cosine similarity
0.8549988067336382
Average distance random samples:
66.10138417243958
Average cosine similarity random samples:
0.005563947994794164
Distances random samples
[35.18245315551758, 96.82836151123047, 157.54141235351562, 36.311519622802734, 17.834474563598633, 75.82012176513672, 12.81309700012207, 125.86239624023438, 11.918298721313477, 12.760019302368164, 12.65676212310791, 15.591553688049316, 177.46539306640625, 4.985278606414795, 103.08101654052734, 12.717885971069336, 7.345625400543213, 14.72278118133545, 6.35843563079834, 8.553783416748047, 132.3165283203125, 85.08732604980469, 109.6248550415039, 140.745849609375, 32.757442474365234, 14.773221969604492, 173.9861297607422, 23.47006607055664, 6.457054138183594, 8.610879898071289, 126.37669372558594, 95.51004791259766, 47.139469146728516, 164.79454040527344, 43.357398986816406, 80.33174896240234, 24.80771827697754, 17.209726333618164, 11.377300262451172, 74.07649993896484, 175.34292602539062, 154.03619384765625, 177.1724090576172, 12.608981132507324, 108.63514709472656, 15.61890983581543, 13.324701309204102, 9.563190460205078, 11.580790519714355, 137.0147705078125, 33.44332504272461, 13.897862434387207, 198.61375427246094, 10.665002822875977, 143.9342498779297, 148.90333557128906, 7.057498931884766, 145.267822265625, 144.65545654296875, 13.984270095825195, 9.271465301513672, 15.211368560791016, 14.968998908996582, 29.236576080322266, 109.27764129638672, 8.817766189575195, 8.226325035095215, 12.349358558654785, 7.35488224029541, 15.299284934997559, 12.005841255187988, 118.89166259765625, 103.21949005126953, 157.79690551757812, 9.403881072998047, 12.293476104736328, 25.1536922454834, 9.307821273803711, 201.3118133544922, 24.170398712158203, 12.782554626464844, 15.631180763244629, 52.414886474609375, 11.864056587219238, 154.0362548828125, 114.67483520507812, 118.77830505371094, 10.408414840698242, 10.93520736694336, 9.373571395874023, 152.2678985595703, 161.0862579345703, 5.07011604309082, 12.667847633361816, 9.482586860656738, 194.21275329589844, 103.18046569824219, 10.518914222717285, 9.512531280517578, 75.61231994628906, 161.7909698486328, 10.68943977355957, 114.68756103515625, 6.409815311431885, 9.081603050231934, 10.709739685058594, 129.4558563232422, 67.37373352050781, 108.8837890625, 8.435003280639648, 164.56671142578125, 72.97576904296875, 163.79556274414062, 10.26068115234375, 12.188484191894531, 53.31864929199219, 11.883161544799805, 143.6515655517578, 9.932244300842285, 44.92111587524414, 15.43136978149414, 7.85806131362915, 108.75591278076172, 14.651472091674805, 16.916690826416016, 40.151309967041016, 176.52638244628906, 14.30792236328125, 99.52252960205078, 89.51123046875, 107.41761779785156, 10.688754081726074, 9.07408332824707, 163.8585968017578, 84.34637451171875, 210.5019989013672, 155.0353546142578, 15.201415061950684, 9.647955894470215, 198.79798889160156, 12.410066604614258, 80.47228240966797, 59.41331100463867, 90.5099868774414, 12.015414237976074, 80.14221954345703, 16.249984741210938, 54.09917068481445, 127.39685821533203, 136.8458251953125, 8.59583854675293, 141.0426483154297, 73.18125915527344, 86.66500854492188, 18.935396194458008, 14.063602447509766, 9.14055061340332, 66.40523529052734, 13.515031814575195, 84.9913101196289, 11.499914169311523, 9.695055961608887, 80.60231018066406, 137.19674682617188, 13.2475004196167, 138.68321228027344, 14.790886878967285, 119.75311279296875, 11.664311408996582, 6.0276594161987305, 13.837106704711914, 10.92882251739502, 47.73478317260742, 103.01181030273438, 161.67913818359375, 73.06282806396484, 17.027400970458984, 9.560619354248047, 16.29877281188965, 7.718781471252441, 179.21409606933594, 168.20079040527344, 170.2540283203125, 53.08436965942383, 8.848517417907715, 177.058349609375, 72.08114624023438, 37.71884536743164, 10.047863960266113, 13.241466522216797, 25.902225494384766, 100.76211547851562, 13.939913749694824, 164.73646545410156, 137.0496063232422, 65.07515716552734, 124.23106384277344, 70.5609359741211, 11.659515380859375, 111.16165161132812, 93.03491973876953, 110.03419494628906, 9.409107208251953, 100.74352264404297, 11.310888290405273, 82.74742126464844, 51.15107345581055, 63.055511474609375, 98.58558654785156, 88.90727996826172, 192.5087127685547, 17.063289642333984, 12.915753364562988, 53.38258361816406, 120.82147979736328, 8.778857231140137, 104.64231872558594, 73.96246337890625, 13.120293617248535, 91.93309020996094, 31.840803146362305, 71.50918579101562, 157.5428466796875, 157.85800170898438, 139.98623657226562, 8.144448280334473, 10.836055755615234, 12.784758567810059, 207.73406982421875, 117.05964660644531, 124.4631576538086, 40.972991943359375, 106.60962677001953, 64.26063537597656, 92.59953308105469, 164.87863159179688, 7.6230692863464355, 17.295804977416992, 169.53384399414062, 6.935736656188965, 8.758675575256348, 10.482915878295898, 7.307826995849609, 65.72794342041016, 57.093624114990234, 125.43643188476562, 112.61605072021484, 27.260726928710938, 127.22567749023438, 101.80003356933594, 11.866812705993652, 15.726221084594727, 58.47514343261719, 73.09881591796875, 17.095569610595703, 59.51312255859375, 97.16439819335938, 6.5794219970703125, 10.625960350036621, 47.42622375488281, 12.213360786437988, 37.71455383300781, 7.123388767242432, 12.178436279296875, 8.619972229003906, 11.267840385437012, 113.9317626953125, 198.0223388671875, 130.7600860595703, 192.1234893798828, 82.4457015991211, 9.739990234375, 16.361963272094727, 14.24309253692627, 39.41414260864258, 136.33901977539062, 118.62227630615234, 50.74284362792969, 167.2927703857422, 51.54743957519531, 86.64668273925781, 117.78251647949219, 114.29695892333984, 30.033164978027344, 6.58979606628418, 16.97686767578125, 68.5077133178711, 91.4192123413086, 48.373958587646484, 10.236552238464355, 9.718488693237305, 149.70919799804688, 10.026491165161133, 24.519880294799805, 131.7649383544922, 104.04508972167969, 54.62371826171875, 142.33091735839844, 11.366024017333984, 6.718210220336914, 14.234725952148438, 156.78443908691406, 122.76075744628906, 139.5137939453125, 115.22749328613281, 83.34097290039062, 34.953163146972656, 81.3956298828125, 31.100221633911133, 12.04485034942627, 19.63496971130371, 12.250349998474121, 11.444869041442871, 92.5308837890625, 139.1370391845703, 10.014731407165527, 119.67615509033203, 6.710835933685303, 96.88591003417969, 129.612060546875, 190.8821563720703, 47.55478286743164, 120.77191925048828, 18.44687843322754, 15.53499984741211, 50.16485595703125, 14.129722595214844, 10.966029167175293, 90.12716674804688, 86.26802825927734, 137.51490783691406, 166.28268432617188, 68.89616394042969, 8.06077766418457, 12.314047813415527, 9.12353801727295, 137.90599060058594, 8.220695495605469, 200.42686462402344, 12.17604923248291, 12.895017623901367, 8.85195541381836, 187.85104370117188, 139.739501953125, 104.7228775024414, 139.57000732421875, 78.7406005859375, 12.223491668701172, 142.1599884033203, 81.08184814453125, 19.797969818115234, 45.34046173095703, 13.068678855895996, 109.15644836425781, 110.19987487792969, 99.52342224121094, 142.7899627685547, 9.263975143432617, 11.652999877929688, 56.049903869628906, 10.206805229187012, 115.98681640625, 83.99127960205078, 8.3421630859375, 10.936497688293457, 163.55328369140625, 159.9674835205078, 163.1535186767578, 9.331467628479004, 125.3397216796875, 92.27067565917969, 9.096606254577637, 91.96600341796875, 12.824810981750488, 114.02314758300781, 15.026138305664062, 163.86587524414062, 40.06572723388672, 9.399552345275879, 10.119760513305664, 89.7453842163086, 10.023872375488281, 12.119382858276367, 10.204164505004883, 11.584502220153809, 12.789172172546387, 195.6528778076172, 6.129051208496094, 9.805152893066406, 7.922676086425781, 12.185803413391113, 53.42237854003906, 10.841367721557617, 77.39851379394531, 11.033364295959473, 130.14772033691406, 79.47123718261719, 107.28395080566406, 10.44093132019043, 45.056732177734375, 13.100793838500977, 65.55179595947266, 11.864871978759766, 8.981887817382812, 17.645164489746094, 160.67010498046875, 49.970157623291016, 95.46417999267578, 23.84430503845215, 88.17826843261719, 11.320319175720215, 225.31507873535156, 77.90194702148438, 47.1634635925293, 150.9916229248047, 62.22464370727539, 84.34073638916016, 27.650413513183594, 10.232207298278809, 136.27806091308594, 96.51744842529297, 136.53656005859375, 133.5944366455078, 13.531570434570312, 10.586705207824707, 105.95320892333984, 10.560049057006836, 12.423235893249512, 153.81712341308594, 7.161213397979736, 152.91455078125, 180.37722778320312, 22.266658782958984, 33.3421630859375, 16.251026153564453, 6.922911167144775, 65.56007385253906, 9.504891395568848, 38.6848030090332, 9.56214427947998, 11.506208419799805, 10.03013801574707, 97.82415771484375, 16.726377487182617, 18.040245056152344, 96.22327423095703, 28.465957641601562, 87.24977111816406, 9.384539604187012, 12.29870891571045, 48.65618133544922, 10.92316722869873, 7.288299083709717, 159.20741271972656, 100.3439712524414, 64.32791137695312, 12.625310897827148, 179.26583862304688, 8.506854057312012, 153.13623046875, 13.415709495544434, 8.33830451965332, 24.020437240600586, 81.30229187011719, 125.58219146728516, 136.6165771484375, 198.29383850097656, 173.35775756835938, 11.920730590820312, 11.577756881713867, 127.56450653076172, 146.15829467773438, 7.990784168243408, 11.855186462402344, 145.2185821533203, 10.631757736206055, 9.454376220703125, 13.091344833374023, 82.44544219970703, 9.309786796569824, 44.739315032958984, 103.2885513305664, 138.45480346679688, 11.073424339294434, 167.1885986328125, 111.68610382080078, 7.829369068145752, 19.596023559570312, 7.127839088439941, 50.92436599731445, 8.906678199768066, 210.69097900390625, 166.57931518554688, 109.78209686279297, 85.15325164794922, 7.433603286743164, 148.75454711914062, 15.876809120178223, 55.69837188720703, 12.72583293914795, 8.264862060546875, 145.66944885253906, 120.16851043701172, 8.950761795043945, 9.250459671020508, 76.10773468017578, 108.7004165649414, 9.777081489562988, 11.231369018554688, 23.93080711364746, 122.21134948730469, 9.038498878479004, 37.135711669921875, 151.88829040527344, 124.2178726196289, 64.61652374267578, 167.52691650390625, 14.51867961883545, 15.929320335388184, 10.99007797241211, 192.3919219970703, 8.890775680541992, 13.353846549987793, 12.471304893493652, 124.83213806152344, 8.526216506958008, 154.2705841064453, 48.00413513183594, 103.2868881225586, 156.80502319335938, 14.258743286132812, 104.57747650146484, 196.65469360351562, 157.7461395263672, 128.51820373535156, 48.40017318725586, 86.07749938964844, 66.51525115966797, 11.00595474243164, 48.699623107910156, 178.24917602539062, 14.219058990478516, 118.89859008789062, 152.1485137939453, 133.64158630371094, 124.62425994873047, 47.290714263916016, 135.0771484375, 81.99808502197266, 20.108654022216797, 109.50933837890625, 80.46675109863281, 102.05829620361328, 78.58755493164062, 10.090080261230469, 26.902833938598633, 12.153623580932617, 10.542398452758789, 8.41995620727539, 146.75537109375, 7.871685981750488, 111.97157287597656, 10.522197723388672, 114.4020767211914, 16.800243377685547, 17.62125587463379, 174.69329833984375, 31.94223976135254, 14.381558418273926, 76.36540222167969, 115.13605499267578, 173.29510498046875, 11.810677528381348, 11.57332992553711, 183.92681884765625, 14.293426513671875, 118.51139831542969, 12.70145034790039, 88.43907165527344, 14.616085052490234, 6.798433780670166, 122.56661224365234, 12.920136451721191, 7.091465950012207, 84.51282501220703, 85.41986083984375, 13.544160842895508, 167.24476623535156, 131.0853729248047, 12.786432266235352, 111.01924133300781, 59.54317855834961, 149.50991821289062, 93.25695037841797, 15.117774963378906, 143.03834533691406, 78.47050476074219, 123.19490051269531, 13.333555221557617, 22.643030166625977, 64.9677963256836, 40.91856384277344, 186.02378845214844, 68.06450653076172, 6.401944160461426, 113.08651733398438, 17.814903259277344, 12.341742515563965, 129.94204711914062, 8.286091804504395, 122.9297103881836, 190.0795440673828, 12.719588279724121, 50.57400894165039, 12.003747940063477, 74.86275482177734, 112.04074096679688, 145.49449157714844, 8.85593032836914, 18.33019256591797, 74.83088684082031, 155.2704315185547, 12.509004592895508, 41.140106201171875, 21.21783447265625, 32.003578186035156, 85.76600646972656, 43.6753044128418, 15.33975887298584, 16.355609893798828, 12.181551933288574, 10.159161567687988, 137.74522399902344, 156.03199768066406, 55.65550994873047, 13.428094863891602, 24.304340362548828, 9.242960929870605, 179.05128479003906, 16.526803970336914, 153.40965270996094, 137.73033142089844, 65.8843002319336, 8.223790168762207, 17.82486343383789, 22.440771102905273, 14.16772747039795, 182.59124755859375, 6.091625213623047, 65.2382583618164, 6.140467643737793, 24.180021286010742, 110.17993927001953, 15.52961254119873, 99.08671569824219, 7.539231777191162, 83.77967834472656, 30.329025268554688, 163.76609802246094, 7.333639144897461, 11.570666313171387, 159.53924560546875, 14.448927879333496, 11.434438705444336, 8.95267391204834, 65.16059875488281, 8.028603553771973, 55.75584411621094, 19.342308044433594, 71.33145904541016, 12.187178611755371, 204.71176147460938, 217.14463806152344, 7.846438407897949, 41.62779235839844, 9.942351341247559, 121.96116638183594, 52.37904739379883, 10.549089431762695, 102.89359283447266, 70.22061920166016, 9.618189811706543, 127.5791244506836, 104.66146850585938, 162.22938537597656, 174.5150146484375, 98.76585388183594, 146.18275451660156, 11.6029052734375, 11.40842056274414, 88.89767456054688, 9.878003120422363, 12.66739273071289, 54.43778610229492, 87.4912338256836, 8.183289527893066, 9.978669166564941, 52.5402717590332, 12.373144149780273, 44.91975402832031, 107.09434509277344, 147.28643798828125, 7.967312812805176, 91.70443725585938, 158.21157836914062, 184.4412841796875, 95.55406188964844, 74.51200103759766, 112.33106994628906, 117.18390655517578, 16.59954833984375, 158.7615509033203, 175.81582641601562, 97.91194152832031, 185.97019958496094, 17.656057357788086, 8.697891235351562, 129.7901611328125, 11.120274543762207, 49.31272506713867, 9.388043403625488, 160.26242065429688, 188.16323852539062, 12.675890922546387, 20.76578140258789, 43.106449127197266, 173.0073699951172, 29.10852813720703, 87.29647827148438, 55.03870391845703, 47.32874298095703, 65.4390640258789, 13.892309188842773, 139.36141967773438, 162.56541442871094, 14.063253402709961, 9.009156227111816, 175.1549072265625, 10.753247261047363, 125.06051635742188, 76.41796112060547, 78.99737548828125, 104.45822143554688, 130.890380859375, 8.418420791625977, 11.614896774291992, 13.865462303161621, 99.50533294677734, 8.877942085266113, 9.85962200164795, 136.48143005371094, 12.025152206420898, 15.313948631286621, 13.376237869262695, 13.38017463684082, 21.268306732177734, 118.31974029541016, 120.82185363769531, 14.398808479309082, 146.08355712890625, 14.966383934020996, 11.536020278930664, 71.00057220458984, 8.317244529724121, 13.598917007446289, 8.690998077392578, 87.96620178222656, 11.501350402832031, 12.914239883422852, 123.35346984863281, 68.5357437133789, 11.095268249511719, 12.573040962219238, 10.569993019104004, 8.521859169006348, 18.79203987121582, 48.340782165527344, 59.55525588989258, 24.654539108276367, 7.928642749786377, 75.18074035644531, 31.1391658782959, 14.027657508850098, 110.0981216430664, 96.99903106689453, 9.023841857910156, 136.5179443359375, 51.299869537353516, 206.81263732910156, 179.9784698486328, 69.1089859008789, 9.796518325805664, 116.80415344238281, 106.12578582763672, 10.899909019470215, 16.587032318115234, 112.41641235351562, 9.47677230834961, 48.313541412353516, 91.98094177246094, 15.954883575439453, 150.62384033203125, 20.291114807128906, 7.304507732391357, 71.0578842163086, 12.463676452636719, 9.8384428024292, 157.96340942382812, 130.5947723388672, 41.38353729248047, 9.552130699157715, 8.6907320022583, 14.074300765991211, 8.951103210449219, 61.98611068725586, 179.5294189453125, 102.31877899169922, 171.08575439453125, 59.65859603881836, 9.931357383728027, 6.959887504577637, 7.7854437828063965, 152.94874572753906, 178.69166564941406, 7.4536848068237305, 32.50978469848633, 53.551177978515625, 11.894001960754395, 12.721879005432129, 46.460941314697266, 136.42906188964844, 10.775168418884277, 144.3788604736328, 170.30001831054688, 6.605474948883057, 10.482260704040527, 7.775457859039307, 104.172119140625, 94.40845489501953, 13.63463020324707, 13.388690948486328, 12.526683807373047, 12.976289749145508, 162.18235778808594, 13.321367263793945, 95.30171203613281, 149.50599670410156, 71.53743743896484, 11.03735637664795, 11.471653938293457, 11.84035873413086, 12.779693603515625, 12.31008529663086, 12.15185546875, 151.84854125976562, 10.732900619506836, 42.8392333984375, 14.571647644042969, 106.25130462646484, 10.016319274902344, 12.607227325439453, 12.788861274719238, 8.159104347229004, 227.46649169921875, 147.08291625976562, 75.95817565917969, 113.04084777832031, 9.992608070373535, 137.71351623535156, 88.62843322753906, 122.58333587646484, 9.694781303405762, 35.078369140625, 17.412841796875, 8.622614860534668, 41.693756103515625, 110.27482604980469, 144.23573303222656, 6.565333366394043, 92.37337493896484, 57.31614685058594, 139.3555145263672, 14.71014404296875, 21.976333618164062, 171.1413116455078, 8.727558135986328, 148.08969116210938, 139.15245056152344, 7.3683857917785645, 44.2786750793457, 74.41443634033203, 13.442239761352539, 91.50336456298828, 150.7130126953125, 11.113006591796875, 169.13377380371094, 103.23471069335938, 6.422799587249756, 131.93130493164062, 6.746745586395264, 147.6994171142578, 17.363595962524414, 113.47030639648438, 101.04266357421875, 7.242469787597656, 120.6602783203125, 66.2514877319336, 181.5121612548828, 125.876708984375, 59.4703483581543, 11.741196632385254, 8.090740203857422, 218.9250946044922, 47.32199478149414, 201.98715209960938, 11.726445198059082, 72.55854034423828, 112.6377944946289, 9.604741096496582, 87.60110473632812, 68.9600830078125, 10.821403503417969, 11.590235710144043, 11.613710403442383, 9.71309757232666, 6.658310890197754, 140.12152099609375, 83.09075164794922, 12.775362014770508, 14.681886672973633, 38.82624053955078, 10.0360746383667, 189.60948181152344, 64.80362701416016, 132.0871124267578, 14.097060203552246, 66.81040954589844, 63.35123062133789, 92.71742248535156, 62.98418426513672, 9.599431037902832, 14.57106876373291, 19.262685775756836, 95.34793090820312, 9.600218772888184, 7.916131019592285, 7.974177837371826, 90.0323257446289, 27.6549129486084, 153.14552307128906, 156.6422576904297, 9.92029094696045, 10.657051086425781, 70.97184753417969, 23.286157608032227, 174.56178283691406, 183.42138671875, 53.643367767333984, 7.135365962982178, 68.15900421142578, 16.927852630615234, 17.29779815673828, 94.80653381347656, 10.122614860534668, 160.87986755371094, 56.08721923828125, 204.2754669189453, 13.715910911560059, 8.81473159790039, 158.66607666015625, 46.405860900878906, 10.351417541503906, 8.725184440612793, 12.425310134887695, 147.9412841796875, 12.008692741394043, 133.69354248046875, 7.072686195373535, 6.93950891494751, 33.466102600097656, 8.56029987335205, 120.40531921386719, 15.366649627685547, 26.01805877685547, 9.476988792419434, 63.50133514404297, 10.28634262084961, 15.137930870056152, 19.419078826904297, 131.19210815429688, 14.354575157165527, 98.02296447753906, 36.66897964477539, 11.291557312011719, 10.546584129333496, 162.3203582763672, 9.610095977783203, 8.124366760253906, 176.3958740234375, 198.2872772216797, 12.115365028381348, 196.5823974609375, 7.921271800994873, 9.185358047485352, 9.295897483825684, 157.08236694335938, 52.26127243041992, 11.043625831604004, 15.077208518981934, 128.65199279785156, 15.004295349121094, 10.939495086669922, 82.46337127685547, 8.063497543334961, 174.8169708251953, 11.334280014038086, 83.13379669189453, 45.38740158081055, 13.952261924743652, 10.978096961975098, 10.718413352966309, 13.852095603942871, 125.07667541503906, 170.7550048828125, 74.78453826904297, 11.303170204162598, 64.14514923095703, 94.05934143066406, 136.59584045410156, 135.97390747070312, 84.15129089355469, 14.742290496826172, 16.391626358032227, 27.809452056884766, 136.7042236328125, 11.214295387268066, 51.22756576538086, 132.11257934570312, 7.358603477478027, 25.50111961364746, 65.87921142578125, 52.97036361694336, 68.58470916748047, 75.23875427246094, 61.00108337402344, 16.142118453979492, 17.522218704223633, 65.01781463623047, 9.3864107131958, 18.659168243408203, 189.66204833984375, 14.764467239379883, 10.872381210327148, 128.0474395751953, 9.589187622070312, 57.89605712890625, 25.038339614868164, 94.58609771728516, 8.17439079284668, 141.42938232421875, 181.63047790527344, 227.8345489501953, 145.99032592773438, 87.15757751464844, 165.00546264648438, 152.13519287109375, 139.5068817138672, 15.772476196289062, 193.90814208984375, 126.77682495117188, 9.539463996887207, 11.656927108764648, 144.7438201904297, 63.640869140625, 9.69843578338623, 73.24851989746094, 68.56566619873047, 6.140628337860107, 13.322571754455566, 165.39776611328125, 10.144091606140137, 9.51259708404541, 9.031755447387695, 149.113525390625, 14.76636028289795, 67.38880920410156, 130.8158416748047, 144.84237670898438, 65.6409683227539, 148.5803680419922, 204.8196563720703, 68.97357940673828, 15.512128829956055, 123.47628021240234, 100.00727844238281, 128.4680938720703, 32.89649963378906, 91.09840393066406, 99.44493103027344, 12.324939727783203, 146.5654754638672, 6.970191478729248, 14.133970260620117, 146.3497314453125, 114.74243927001953, 53.20447540283203, 21.19084358215332, 10.93053913116455, 11.062435150146484, 10.372893333435059, 56.00422286987305, 37.22935485839844, 173.22084045410156, 8.491191864013672, 29.69048500061035, 130.1739501953125, 164.69618225097656, 19.986000061035156, 65.41417694091797, 20.499563217163086, 114.01325225830078, 14.198278427124023, 29.150188446044922, 13.860888481140137, 180.6708526611328, 6.942056655883789, 130.85133361816406, 116.15309143066406, 9.621889114379883, 88.26985168457031, 131.8329620361328, 10.46256160736084, 6.401936054229736, 11.186930656433105, 9.071244239807129, 112.89940643310547, 11.757023811340332, 121.43302154541016, 20.04222297668457, 80.19415283203125, 8.70958423614502, 151.21804809570312, 123.76026153564453, 126.9309310913086, 174.19403076171875, 13.293015480041504, 17.690425872802734, 8.039765357971191, 124.99539184570312, 66.73262023925781, 52.2401008605957, 5.9658613204956055, 44.35987854003906, 16.946819305419922, 12.166446685791016, 9.359575271606445, 85.08638763427734, 15.702715873718262, 11.602045059204102, 18.19883155822754, 117.67302703857422, 48.82992172241211, 15.217866897583008, 36.51313400268555, 7.666388988494873, 25.37451934814453, 99.95225524902344, 187.9773712158203, 124.03147888183594, 9.168044090270996, 13.809694290161133, 76.0809326171875, 119.00933074951172, 81.03841400146484, 7.963647365570068, 8.61281967163086, 7.9311089515686035, 9.786238670349121, 131.2447052001953, 8.760456085205078, 85.90682983398438, 165.81890869140625, 9.493900299072266, 156.10301208496094, 107.69849395751953, 10.746030807495117, 14.626376152038574, 81.54837799072266, 14.006260871887207, 101.28459930419922, 129.33087158203125, 108.15741729736328, 113.7640609741211, 74.46221923828125, 10.69757080078125, 112.74563598632812, 10.1412353515625, 9.485661506652832, 6.110988140106201, 12.211668968200684, 14.214859962463379, 161.5640411376953, 8.654457092285156, 7.965669631958008, 129.2346954345703, 70.44277954101562, 92.91120147705078, 13.519783973693848, 125.37285614013672, 12.527009010314941, 11.365520477294922, 91.1358642578125, 94.75567626953125, 7.732816219329834, 10.207554817199707, 59.47361755371094, 171.31826782226562, 9.410811424255371, 9.68681526184082, 7.650468826293945, 190.5018768310547, 12.08503246307373, 8.58958625793457, 99.09695434570312, 160.9869842529297, 148.15469360351562, 9.310513496398926, 12.598347663879395, 6.763258934020996, 131.93710327148438, 161.10093688964844, 35.296810150146484, 11.952181816101074, 13.314815521240234, 156.0194854736328, 55.49597930908203, 106.75411987304688, 183.15353393554688, 84.39910125732422, 9.014836311340332, 79.98380279541016, 13.747591972351074, 91.14311218261719, 7.560756683349609, 13.361937522888184, 11.643157005310059, 153.0970001220703, 145.9467315673828, 70.65499877929688, 59.70681381225586, 117.04054260253906, 14.813887596130371, 206.4768524169922, 10.80888557434082, 69.30746459960938, 15.526015281677246, 44.05501937866211, 134.16282653808594, 130.05978393554688, 68.58470916748047, 9.263795852661133, 10.682884216308594, 13.906448364257812, 190.09088134765625, 9.578368186950684, 11.583148002624512, 9.977644920349121, 97.9220962524414, 207.2202911376953, 122.77194213867188, 34.279945373535156, 11.723085403442383, 18.61136245727539, 182.61061096191406, 19.4940242767334, 152.30340576171875, 14.784006118774414, 7.135547161102295, 64.853759765625, 205.06312561035156, 130.19935607910156, 30.353864669799805, 9.627671241760254, 23.7752742767334, 64.31461334228516, 9.743697166442871, 77.01010131835938, 11.541582107543945, 130.3369598388672, 94.66950225830078, 153.2461700439453, 42.70627975463867, 139.65060424804688, 11.145548820495605, 103.80329895019531, 37.56560516357422, 12.467159271240234, 9.86738395690918, 13.065860748291016, 9.945192337036133, 7.442539691925049, 122.41246032714844, 159.5902862548828, 186.27951049804688, 190.8102569580078, 72.83458709716797, 171.14707946777344, 68.25448608398438, 11.299283027648926, 105.69620513916016, 8.9163236618042, 10.409714698791504, 14.248224258422852, 8.61389446258545, 7.796948432922363, 89.14473724365234, 18.745723724365234, 63.12117004394531, 56.32941818237305, 102.6531982421875, 12.069560050964355, 123.12229919433594, 54.410438537597656, 152.7628173828125, 92.39185333251953, 101.14283752441406, 141.11587524414062, 10.651216506958008, 68.2116470336914, 18.541336059570312, 107.23683166503906, 10.947280883789062, 15.249178886413574, 80.20037841796875, 68.46070098876953, 5.56571102142334, 84.62487030029297, 10.750442504882812, 147.45248413085938, 12.162759780883789, 12.190571784973145, 11.344042778015137, 101.72045135498047, 9.990981101989746, 173.41920471191406, 74.78018188476562, 160.80789184570312, 186.99769592285156, 12.985710144042969, 199.6082305908203, 47.419803619384766, 123.16766357421875, 9.840302467346191, 18.560083389282227, 85.61389923095703, 46.002315521240234, 79.78292083740234, 11.771427154541016, 36.579349517822266, 141.60733032226562, 109.03494262695312, 123.54402160644531, 106.18524932861328, 110.65803527832031, 135.15953063964844, 137.23390197753906, 53.158023834228516, 13.785608291625977, 14.336801528930664, 40.154422760009766, 123.52234649658203, 113.80585479736328, 145.6920928955078, 66.68119812011719, 190.316650390625, 181.76353454589844, 6.443098545074463, 18.24981117248535, 18.825559616088867, 15.584769248962402, 16.474029541015625, 172.0193328857422, 20.72494888305664, 11.629284858703613, 92.31340026855469, 18.32893180847168, 14.84437084197998, 88.96939086914062, 6.719188690185547, 158.26036071777344, 67.1502685546875, 71.89234161376953, 149.11131286621094, 77.61524963378906, 11.081695556640625, 126.16666412353516, 7.8969221115112305, 7.536053657531738, 8.536913871765137, 88.93732452392578, 16.577983856201172, 9.063279151916504, 9.9556245803833, 146.60366821289062, 88.35192108154297, 177.7118682861328, 7.611358642578125, 140.7921905517578, 12.595917701721191, 100.57264709472656, 15.009345054626465, 131.01014709472656, 106.0689926147461, 142.80596923828125, 92.13920593261719, 193.1705780029297, 137.2217254638672, 165.03692626953125, 79.76038360595703, 9.47725772857666, 124.54084014892578, 124.1939468383789, 7.357738494873047, 39.90692901611328, 13.387639045715332, 102.3193588256836, 147.02818298339844, 77.27169799804688, 13.243708610534668, 60.03003692626953, 180.17514038085938, 9.71901798248291, 22.33501434326172, 12.290589332580566, 8.310751914978027, 193.99508666992188, 59.04691696166992, 12.390461921691895, 145.0506591796875, 90.51802062988281, 101.56419372558594, 6.650128364562988, 161.45021057128906, 9.114514350891113, 12.684638977050781, 18.988754272460938, 176.13351440429688, 7.038351058959961, 14.787736892700195, 9.5198974609375, 17.957523345947266, 6.52915096282959, 13.5065279006958, 12.680556297302246, 11.440102577209473, 13.236810684204102, 11.325302124023438, 126.56524658203125, 14.954392433166504, 78.7529296875, 52.34219741821289, 10.47144603729248, 17.58955192565918, 155.092041015625, 97.31444549560547, 14.864825248718262, 8.273843765258789, 156.8236541748047, 132.7356719970703, 141.22042846679688, 109.1287841796875, 88.50209045410156, 131.70016479492188, 118.32756042480469, 77.27601623535156, 13.575302124023438, 11.213875770568848, 58.95002746582031, 12.437344551086426, 7.06692361831665, 11.718903541564941, 8.759001731872559, 38.89463424682617, 44.26166534423828, 45.24338912963867, 19.63943862915039, 144.5926513671875, 78.93750762939453, 57.04885482788086, 56.457767486572266, 12.451435089111328, 9.284419059753418, 12.880149841308594, 7.460886478424072, 126.56734466552734, 13.5390043258667, 11.405035018920898, 9.153703689575195, 18.633544921875, 32.928733825683594, 104.58382415771484, 147.9040985107422, 13.11534309387207, 74.3670654296875, 11.52250862121582, 6.319617748260498, 176.60853576660156, 82.726318359375, 17.28055763244629, 15.450085639953613, 38.848384857177734, 7.379441261291504, 125.1839599609375, 11.35147476196289, 10.141653060913086, 10.126585960388184, 159.7332305908203, 13.99711799621582, 9.696500778198242, 9.878010749816895, 73.95514678955078, 79.00056457519531, 152.70620727539062, 13.473610877990723, 127.61412811279297, 12.586783409118652, 73.28043365478516, 141.46163940429688, 82.33808898925781, 51.29938888549805, 8.693779945373535, 179.3043670654297, 10.534034729003906, 177.70880126953125, 139.98362731933594, 185.67234802246094, 10.25764274597168, 10.001955032348633, 167.227294921875, 28.494831085205078, 127.21648406982422, 13.391256332397461, 52.634857177734375, 6.124792098999023, 126.29175567626953, 8.143091201782227, 5.637240409851074, 160.54159545898438, 6.896914482116699, 11.174736022949219, 102.7871322631836, 110.23299407958984, 11.815099716186523, 38.138973236083984, 7.115966320037842, 148.15159606933594, 75.99711608886719, 89.84859466552734, 166.32113647460938, 9.481109619140625, 88.56613159179688, 197.71929931640625, 52.59079360961914, 100.97798919677734, 40.76531982421875, 10.05912971496582, 11.187771797180176, 122.36287689208984, 46.60812759399414, 7.1773858070373535, 94.0161361694336, 113.64134216308594, 193.8180694580078, 55.26041030883789, 12.7094144821167, 56.381866455078125, 11.094894409179688, 9.81619930267334, 146.67041015625, 13.63976001739502, 14.783578872680664, 5.830539226531982, 6.695143222808838, 18.233333587646484, 17.697114944458008, 12.252123832702637, 14.607770919799805, 137.18894958496094, 142.81204223632812, 134.06687927246094, 8.566821098327637, 160.30950927734375, 123.91439819335938, 62.785282135009766, 9.031747817993164, 152.02821350097656, 157.83447265625, 52.84192657470703, 85.4942626953125, 11.355497360229492, 11.962203025817871, 13.428186416625977, 19.990501403808594, 89.9666748046875, 51.14446258544922, 95.02690887451172, 17.882177352905273, 14.358729362487793, 145.25424194335938, 13.167245864868164, 73.39066314697266, 137.86062622070312, 152.1655731201172, 13.90942096710205, 160.27255249023438, 140.59652709960938, 138.8951873779297, 109.47759246826172, 80.72293090820312, 9.322589874267578, 11.612095832824707, 122.49913024902344, 6.0598835945129395, 131.27134704589844, 153.73251342773438, 6.697350978851318, 11.307929039001465, 18.449905395507812, 11.107897758483887, 7.799844741821289, 152.67657470703125, 10.486434936523438, 157.90577697753906, 79.32716369628906, 8.224325180053711, 123.97476959228516, 13.547676086425781, 12.00247573852539, 13.270437240600586, 179.53736877441406, 138.89683532714844, 156.8440399169922, 11.662410736083984, 17.069377899169922, 192.67283630371094, 48.84719467163086, 11.579127311706543, 121.93748474121094, 62.61471939086914, 7.37376070022583, 146.3642578125, 120.65386962890625, 73.24505615234375, 213.36810302734375, 121.48562622070312, 206.01988220214844, 98.31480407714844, 48.887264251708984, 12.994324684143066, 9.664484977722168, 48.54404067993164, 33.760250091552734, 6.934919357299805, 211.14865112304688, 88.47425079345703, 14.905345916748047, 87.62071990966797, 113.42054748535156, 13.560527801513672, 71.94827270507812, 18.637901306152344, 11.44398021697998, 88.93067169189453, 53.65462112426758, 126.03517150878906, 8.865421295166016, 132.80899047851562, 58.860130310058594, 13.914852142333984, 8.236544609069824, 7.939309597015381, 65.83152770996094, 119.43678283691406, 8.145627975463867, 9.164444923400879, 79.42391967773438, 14.50813102722168, 6.616408824920654, 126.2402572631836, 6.753202438354492, 12.065621376037598, 117.31571197509766, 164.38931274414062, 114.89229583740234, 63.46086502075195, 101.9762191772461, 103.29763793945312, 7.676290035247803, 54.62187957763672, 140.08999633789062, 100.98089599609375, 27.740047454833984, 21.125591278076172, 56.389015197753906, 56.352664947509766, 132.85350036621094, 17.825862884521484, 34.1717414855957, 90.71600341796875, 17.0826358795166, 11.1818208694458, 137.75909423828125, 87.76141357421875, 26.223875045776367, 9.303581237792969, 102.94642639160156, 12.024248123168945, 11.635234832763672, 43.2036247253418, 6.599721431732178, 11.880059242248535, 14.662680625915527, 101.95154571533203, 192.23460388183594, 6.734582424163818, 38.71114730834961, 20.722383499145508, 17.820051193237305, 93.53154754638672, 13.630831718444824, 22.498809814453125, 11.021430969238281, 9.608453750610352, 118.02496337890625, 18.94268798828125, 11.36479663848877, 7.069922924041748, 12.766040802001953, 94.4771728515625, 126.4602279663086, 14.864411354064941, 25.366641998291016, 94.38433074951172, 157.6036834716797, 15.360335350036621, 11.866950035095215, 7.625503063201904, 133.63035583496094, 167.53323364257812, 5.788501262664795, 206.3285675048828, 56.21604919433594, 201.08367919921875, 184.32098388671875, 98.39727020263672, 6.870899200439453, 16.35384750366211, 12.578460693359375, 9.613837242126465, 69.02586364746094, 144.52529907226562, 11.812294960021973, 144.73391723632812, 126.60230255126953, 58.30429458618164, 45.47571563720703, 138.06838989257812, 72.16324615478516, 11.623397827148438, 153.7056427001953, 137.09078979492188, 64.26358032226562, 157.62351989746094, 107.64978790283203, 19.578935623168945, 44.444828033447266, 91.11782836914062, 152.1253204345703, 106.64741516113281, 96.72836303710938, 105.58097076416016, 17.339447021484375, 8.876046180725098, 18.840667724609375, 6.469700336456299, 153.89952087402344, 183.1041717529297, 11.479978561401367, 197.4989013671875, 88.53665161132812, 82.861083984375, 8.148776054382324, 12.933411598205566, 86.04252624511719, 122.16978454589844, 15.13463020324707, 70.72393035888672, 10.70863151550293, 12.223071098327637, 9.812186241149902, 83.99993133544922, 13.464831352233887, 13.356173515319824, 7.7203521728515625, 150.619384765625, 91.00143432617188, 14.218624114990234, 120.47300720214844, 25.223594665527344, 129.9322509765625, 161.90411376953125, 146.33901977539062, 155.6834716796875, 120.33295440673828, 14.11244010925293, 136.88841247558594, 193.10873413085938, 90.1004867553711, 108.84923553466797, 111.24533081054688, 101.71424865722656, 107.20399475097656, 16.67560577392578, 12.647967338562012, 12.706619262695312, 58.29460906982422, 11.987031936645508, 110.38876342773438, 31.783037185668945, 8.751678466796875, 159.74545288085938, 14.726646423339844, 29.431320190429688, 14.085864067077637, 169.98104858398438, 10.9025239944458, 112.00797271728516, 46.1129264831543, 10.666412353515625, 10.85511589050293, 9.454699516296387, 30.35957145690918, 91.1242446899414, 14.081944465637207, 151.41790771484375, 86.41577911376953, 11.220538139343262, 128.9805908203125, 7.1097283363342285, 100.0859603881836, 58.3334846496582, 11.29698371887207, 76.11821746826172, 137.46713256835938, 34.84819412231445, 57.740543365478516, 9.152915000915527, 14.684367179870605, 20.03033447265625, 56.28494644165039, 12.894987106323242, 10.64698314666748, 81.51007080078125, 5.402075290679932, 158.56971740722656, 12.936624526977539, 16.53750228881836, 118.1480484008789, 12.946040153503418, 95.18927764892578, 137.13720703125, 10.09374713897705, 7.6546783447265625, 133.52194213867188, 44.99702453613281, 148.68380737304688, 123.37194061279297, 8.799093246459961, 7.10198974609375, 19.793792724609375, 11.685089111328125, 169.02784729003906, 13.136013984680176, 16.1768856048584, 76.5781478881836, 14.319050788879395, 9.678442001342773, 99.42225646972656, 152.2886199951172, 9.135076522827148, 61.09853744506836, 62.027442932128906, 18.48406219482422, 17.509662628173828, 10.389533042907715, 13.994199752807617, 7.373533248901367, 87.22329711914062, 10.04926872253418, 102.15599060058594, 9.089437484741211, 90.00926971435547, 85.549560546875, 66.78267669677734, 13.490073204040527, 106.45344543457031, 120.4072265625, 7.5702385902404785, 39.151100158691406, 12.449247360229492, 170.7007293701172, 152.182861328125, 175.588134765625, 68.39292907714844, 107.39615631103516, 27.89293670654297, 117.95501708984375, 10.628149032592773, 198.4247283935547, 73.57893371582031, 66.17374420166016, 67.65694427490234, 157.10659790039062, 14.73056411743164, 59.09617233276367, 10.984092712402344, 9.984111785888672, 97.71839904785156, 14.161369323730469, 51.07948303222656, 106.14222717285156, 95.28111267089844, 12.296061515808105, 40.97596740722656, 8.845555305480957, 204.38583374023438, 7.253688335418701, 87.81298828125, 10.810973167419434, 9.494335174560547, 52.84866714477539, 11.028068542480469, 127.15582275390625, 14.704111099243164, 82.52657318115234, 123.03669738769531, 139.75357055664062, 178.64027404785156, 58.37706756591797, 167.6432647705078, 12.134675979614258, 49.73448181152344, 141.57777404785156, 130.0149688720703, 116.00537109375, 14.452226638793945, 15.641758918762207, 8.216093063354492, 9.155412673950195, 29.608091354370117, 45.26884841918945, 53.67945861816406, 8.04461669921875, 9.19779109954834, 180.8505401611328, 61.946285247802734, 32.525390625, 8.073410987854004, 102.18247985839844, 35.27267074584961, 8.576150894165039, 140.1360321044922, 83.0267562866211, 11.137284278869629, 84.52519226074219, 91.33003997802734, 10.17071533203125, 9.88554573059082, 145.68032836914062, 13.150832176208496, 50.95209884643555, 124.3426284790039, 131.77064514160156, 97.3976058959961, 12.769583702087402, 137.06231689453125, 19.46112060546875, 13.196791648864746, 174.10635375976562, 9.260493278503418, 6.729832649230957, 120.90917205810547, 13.22657299041748, 155.46287536621094, 13.641888618469238, 107.76428985595703, 11.250154495239258, 15.77306842803955, 12.145430564880371, 107.10726928710938, 180.52821350097656, 10.036066055297852, 20.832765579223633, 14.969873428344727, 173.13894653320312, 25.692291259765625, 187.95278930664062, 36.60519027709961, 60.233665466308594, 95.89624786376953, 10.119650840759277, 86.43041229248047, 9.239375114440918, 17.644290924072266, 69.74927520751953, 145.90943908691406, 9.766910552978516, 7.916595935821533, 28.613727569580078, 87.58129119873047, 118.32418823242188, 16.341785430908203, 17.3529109954834, 34.053810119628906, 75.4575424194336, 103.84089660644531, 29.512014389038086, 7.159937381744385, 135.6209259033203, 162.48988342285156, 136.8252410888672, 11.55841064453125, 65.7833023071289, 8.257641792297363, 6.3856048583984375, 11.739571571350098, 42.894371032714844, 127.15885162353516, 8.91810417175293, 16.342737197875977, 8.055885314941406, 96.46846771240234, 144.02740478515625, 10.11816692352295, 77.83882904052734, 191.66012573242188, 149.5265655517578, 124.46271514892578, 69.49186706542969, 8.556498527526855, 12.954757690429688, 14.717690467834473, 180.8695831298828, 132.54246520996094, 11.854443550109863, 10.057669639587402, 17.753131866455078, 13.679174423217773, 8.850253105163574, 125.17679595947266, 128.60086059570312, 106.29215240478516, 7.619645595550537, 8.270295143127441, 6.099221229553223, 217.1480255126953, 145.11207580566406, 70.63906860351562, 8.839753150939941, 36.418067932128906, 119.23868560791016, 8.311747550964355, 34.17688751220703, 118.74869537353516, 53.257362365722656, 9.895654678344727, 76.51600646972656, 131.13473510742188, 36.65874481201172, 14.425885200500488, 10.818710327148438, 14.738011360168457, 116.20061492919922, 9.045289039611816, 135.0385284423828, 13.366195678710938, 11.522069931030273, 73.7572021484375, 6.949764728546143, 73.67683410644531, 17.747800827026367, 137.45657348632812, 67.06884002685547, 30.076309204101562, 8.330625534057617, 133.52952575683594, 157.10768127441406, 14.131916046142578, 34.153099060058594, 11.38884449005127]
Cosines similarity random samples
[0.28199970722198486, 0.5310245156288147, 0.4303712248802185, 0.651077926158905, 0.03218213841319084, 0.0016556903719902039, -0.2909800112247467, -0.20795288681983948, 0.09469182789325714, -0.4140018820762634, 0.03633657842874527, -0.3608406186103821, -0.8214341402053833, 0.8252602815628052, 0.5775607824325562, 0.08896757662296295, 0.5974628329277039, 0.16083155572414398, 0.701731264591217, 0.4188482165336609, 0.2959980368614197, -0.645685613155365, 0.7770592570304871, -0.40818095207214355, -0.3859274387359619, -0.6292427182197571, -0.2965741753578186, -0.22801707684993744, 0.6822401285171509, 0.36416006088256836, -0.3537471890449524, 0.7043452262878418, 0.47186028957366943, 0.3817494511604309, 0.32040688395500183, -0.13736869394779205, -0.342500776052475, -0.48175883293151855, -0.12926934659481049, -0.5802911520004272, 0.8238301277160645, -0.659925103187561, 0.28781747817993164, -0.19701823592185974, -0.24672195315361023, 0.6931343078613281, -0.20129767060279846, 0.0981464684009552, -0.018685460090637207, 0.1493724286556244, -0.6936001777648926, -0.22148464620113373, -0.8755207061767578, -0.09041371941566467, 0.10281674563884735, 0.7750996351242065, 0.7371986508369446, -0.0015977509319782257, 0.8116590976715088, -0.43019187450408936, 0.18722206354141235, 0.04110298678278923, -0.517731249332428, 0.5677276849746704, 0.5096108317375183, 0.35435426235198975, 0.3951365351676941, -0.2195737659931183, 0.5650261044502258, -0.34411805868148804, 0.516852617263794, 0.06812653690576553, 0.6353376507759094, 0.7125328183174133, 0.5672399997711182, -0.20694974064826965, -0.12642867863178253, 0.18831884860992432, -0.6145415306091309, -0.8066775798797607, 0.3270877003669739, -0.3120456635951996, -0.764135479927063, 0.27130264043807983, -0.7830621004104614, 0.7912175059318542, -0.042606815695762634, 0.12602461874485016, -0.17457017302513123, 0.4431074261665344, -0.5192784070968628, -0.19589191675186157, 0.8205559849739075, -0.39467692375183105, 0.3883453607559204, -0.023434892296791077, 0.6874814033508301, -0.1372462511062622, 0.1931326687335968, 0.5031695365905762, -0.8415516018867493, -0.05625689774751663, 0.14030686020851135, 0.6879017949104309, 0.5530639886856079, -0.015018254518508911, -0.16848833858966827, 0.5828202366828918, 0.735763669013977, 0.47079694271087646, 0.09682311862707138, -0.798713207244873, 0.15155385434627533, 0.012013401836156845, -0.07099749147891998, 0.16394251585006714, 0.2594794034957886, -0.6792951822280884, 0.17713186144828796, -0.5091270208358765, 0.15647238492965698, 0.48731350898742676, 0.4884859621524811, -0.41909146308898926, -0.4342840611934662, 0.258200079202652, -0.26123547554016113, 0.11807360500097275, -0.4391634464263916, -0.13096153736114502, -0.4778098165988922, 0.07933114469051361, 0.1890413463115692, 0.21480758488178253, -0.09815401583909988, 0.4235072135925293, -0.4463280439376831, -0.5617411136627197, 0.27976977825164795, -0.02830365300178528, -0.13730309903621674, -0.8176255226135254, 0.7094817161560059, 0.7750350832939148, -0.35887718200683594, 0.8058547973632812, -0.6379053592681885, -0.2284817099571228, -0.7008075714111328, 0.5957175493240356, 0.5166041851043701, -0.5295125246047974, -0.12753820419311523, 0.7400263547897339, -0.17794713377952576, -0.4816747307777405, 0.432811975479126, -0.5064663887023926, -0.2849198579788208, -0.3947609066963196, 0.09381881356239319, 0.49601250886917114, 0.43825647234916687, -0.3313557803630829, -0.3140471279621124, 0.7436337471008301, -0.670974612236023, 0.013245455920696259, 0.37991154193878174, 0.7391191124916077, -0.008562251925468445, -0.242887943983078, -0.5916134715080261, -0.55857914686203, 0.750160276889801, 0.3424184322357178, 0.2610819935798645, 0.0719953179359436, -0.44012555480003357, 0.4934859275817871, 0.8457801342010498, -0.4165900647640228, 0.1139916181564331, -0.08880216628313065, 0.4047134816646576, -0.7732391953468323, 0.21219569444656372, -0.34557396173477173, 0.18763044476509094, 0.04185012727975845, 0.05857376009225845, 0.43595829606056213, -0.4908319115638733, 0.8697780966758728, 0.34950941801071167, 0.2242196649312973, -0.14253920316696167, -0.5531874895095825, -0.1894947588443756, -0.2513881027698517, -0.634487509727478, -0.3180108666419983, 0.2191418707370758, -0.16011783480644226, -0.17340432107448578, -0.2105141431093216, 0.21635282039642334, 0.8850768804550171, 0.03585788607597351, 0.5500027537345886, 0.4807858467102051, -0.4422746002674103, -0.5318280458450317, -0.5509905815124512, -0.35289275646209717, 0.3833399713039398, -0.31391414999961853, 0.5868076086044312, -0.4953469932079315, 0.1832045018672943, -0.41363921761512756, -0.31874799728393555, -0.6194429397583008, -0.3330954313278198, -0.4213521480560303, 0.4887051582336426, -0.0722714513540268, -0.48817551136016846, -0.5847779512405396, 0.5522595047950745, -0.7039270997047424, 0.28473523259162903, 0.8432036638259888, -0.1484464854001999, -0.1064913347363472, -0.6512547135353088, 0.5289046764373779, -0.2444508969783783, -0.5696409940719604, 0.6184061765670776, 0.29357829689979553, -0.05064815282821655, 0.5647349953651428, -0.7914465069770813, 0.1966778188943863, -0.131719172000885, -0.7371079325675964, 0.8563711047172546, 0.270702600479126, -0.5396562814712524, -0.1545201539993286, -0.29211506247520447, -0.086050845682621, -0.30740997195243835, 0.5328078269958496, -0.4600992798805237, 0.5055806636810303, 0.6694930791854858, -0.2049720287322998, 0.06033170223236084, 0.4605984687805176, 0.6679747700691223, 0.738016664981842, -0.047109052538871765, 0.4627114534378052, -0.18084412813186646, 0.5233933925628662, -0.5651847124099731, -0.6535592079162598, -0.6735575199127197, -0.3193427324295044, 0.13070300221443176, -0.43643414974212646, 0.41241347789764404, -0.8088083863258362, -0.1896979659795761, 0.06637321412563324, 0.29595473408699036, 0.7088467478752136, -0.6220650672912598, 0.07978837937116623, -0.16949984431266785, -0.8879799842834473, -0.03622220456600189, 0.7973424196243286, -0.43068599700927734, -0.10473203659057617, -0.5335268974304199, 0.2985353469848633, 0.08615700155496597, 0.16097253561019897, -0.2148732841014862, 0.07024668157100677, -0.33686211705207825, 0.3742745816707611, 0.6319695711135864, 0.640553891658783, 0.2513246238231659, 0.17946892976760864, 0.6500824093818665, -0.23080286383628845, 0.41959184408187866, 0.08910408616065979, 0.1956045925617218, -0.7198125720024109, -0.18491119146347046, -0.22507712244987488, -0.3872217535972595, 0.49598824977874756, -0.3711000084877014, 0.2880361080169678, -0.4313822388648987, -0.27610981464385986, 0.5797502994537354, 0.16505025327205658, -0.004587486386299133, -0.3493722081184387, 0.6518185138702393, 0.7653435468673706, -0.347695529460907, 0.7222395539283752, 0.7690194845199585, -0.21665571630001068, -0.37713390588760376, -0.6276137828826904, -0.6174647212028503, -0.16626717150211334, 0.19228962063789368, -0.1386202871799469, -0.03761725500226021, -0.8383201360702515, -0.6734065413475037, -0.5875168442726135, 0.4323548376560211, 0.5909831523895264, 0.1487586796283722, 0.37461450695991516, 0.4257316589355469, -0.8192312717437744, -0.2635185718536377, 0.12922419607639313, 0.271844744682312, -0.2435971200466156, -0.68915855884552, -0.12653885781764984, -0.22571882605552673, -0.1851724535226822, -0.28688594698905945, -0.14572888612747192, -0.26713600754737854, -0.3214154541492462, -0.1200408786535263, -0.19333486258983612, 0.3754335045814514, 0.5582611560821533, 0.7503259181976318, 0.8091781139373779, 0.3974705636501312, -0.19699805974960327, -0.7929099798202515, 0.05887845158576965, 0.7232973575592041, -0.3230201303958893, 0.3999674916267395, -0.035262331366539, 0.7367324829101562, 0.09533090144395828, 0.7949048280715942, 0.10702367126941681, 0.3159138560295105, 0.40553683042526245, 0.2126927226781845, 0.4128066897392273, 0.1014537513256073, 0.19265124201774597, -0.5089455842971802, -0.35190755128860474, 0.8740206360816956, 0.32422852516174316, 0.20485422015190125, -0.33382463455200195, -0.004942484200000763, -0.4335913360118866, 0.0437094047665596, 0.20843836665153503, -0.4632765054702759, 0.800021767616272, 0.719761848449707, 0.45184728503227234, 0.5187349319458008, -0.3662087917327881, -0.34443607926368713, -0.0613064169883728, 0.38891902565956116, -0.21283778548240662, 0.41899573802948, -0.6258443593978882, 0.4601477384567261, -0.12311036139726639, -0.25973695516586304, 0.31176522374153137, -0.3797856271266937, -0.217375710606575, 0.31183162331581116, 0.34393632411956787, 0.8546201586723328, -0.028791405260562897, 0.5980691909790039, -0.47925567626953125, 0.2255583107471466, -0.30634111166000366, -0.021947961300611496, -0.8663282990455627, -0.07869356870651245, 0.4781675338745117, 0.05655618757009506, -0.539034366607666, 0.40827295184135437, 0.20710431039333344, -0.5899941921234131, 0.5460231304168701, -0.11921261250972748, 0.6766359806060791, -0.5219177007675171, 0.0392468236386776, 0.5999920964241028, -0.10805225372314453, -0.4199201464653015, -0.5058904886245728, 0.5853430032730103, -0.577090859413147, -0.03563445061445236, -0.7326178550720215, -0.7976548671722412, -0.6148873567581177, 0.6265797019004822, -0.4198633134365082, 0.21833178400993347, -0.6381282806396484, 0.3164536952972412, -0.03763581067323685, 0.1748209148645401, 0.40699028968811035, -0.46346360445022583, 0.1400042176246643, -0.49199870228767395, 0.5260512232780457, -0.5527481436729431, 0.0915115475654602, -0.047131601721048355, 0.7516686916351318, -0.0592130571603775, 0.5745834708213806, -0.5875670909881592, -0.22915726900100708, -0.8164400458335876, -0.5520669221878052, -0.12996265292167664, 0.3761100769042969, -0.24666157364845276, -0.4439699947834015, 0.36280345916748047, 0.7091535329818726, 0.39954710006713867, -0.8651472926139832, 0.8493313193321228, -0.3577244281768799, 0.11589808762073517, -0.25845906138420105, -0.22216609120368958, 0.3978441059589386, -0.6748175621032715, 0.43391507863998413, -0.08719290792942047, 0.8072365522384644, 0.08458833396434784, 0.4879666566848755, -0.16617611050605774, 0.37022197246551514, 0.22012168169021606, 0.03315717726945877, 0.7326123714447021, -0.31329959630966187, -0.05145534127950668, 0.5999910831451416, -0.833653450012207, 0.545753002166748, -0.41440173983573914, 0.5901626348495483, -0.2996460199356079, 0.42609748244285583, 0.3202532231807709, -0.8034652471542358, -0.3956281244754791, 0.21257051825523376, 0.5390709042549133, -0.7908608317375183, -0.34095871448516846, -0.3037174344062805, -0.3935191035270691, 0.4604875147342682, -0.027913369238376617, -0.7285168766975403, 0.3458757996559143, 0.329764187335968, 0.3972376883029938, 0.27302563190460205, 0.14994113147258759, 0.35981348156929016, 0.6609476804733276, -0.006180431693792343, 0.3391241431236267, -0.4327050447463989, 0.5152655839920044, 0.8595170974731445, 0.6470970511436462, 0.4294035732746124, -0.5579831004142761, 0.1290019005537033, 0.006490001454949379, -0.6796344518661499, 0.2826540470123291, -0.2487330138683319, -0.09809881448745728, -0.1258934736251831, 0.34410473704338074, 0.7434711456298828, 0.4241958260536194, 0.26766249537467957, -0.48755282163619995, -0.6288188099861145, -0.8829589486122131, -0.6665352582931519, 0.2825835347175598, -0.5600563883781433, 0.20771019160747528, 0.7242109775543213, -0.8451710343360901, 0.4653589725494385, 0.6223804950714111, -0.2803995907306671, -0.05599376559257507, -0.5515933036804199, -0.842760443687439, 0.23824116587638855, 0.5137874484062195, -0.1249317079782486, 0.8285142183303833, -0.6680190563201904, -0.41467347741127014, 0.6961404085159302, 0.27870094776153564, 0.34454554319381714, 0.04287838563323021, 0.19861386716365814, 0.5134861469268799, -0.3703262209892273, 0.4349275529384613, 0.3680264949798584, 0.17080266773700714, 0.4610958397388458, -0.407329261302948, 0.09505483508110046, -0.876306414604187, -0.0783328264951706, -0.17960543930530548, 0.17249588668346405, 0.33096471428871155, -0.5210328698158264, -0.6972719430923462, 0.35113421082496643, -0.12182284891605377, -0.3291035294532776, 0.05977627635002136, -0.8133823871612549, -0.5646510720252991, -0.32439887523651123, -0.5516908168792725, 0.3810341954231262, -0.11121749877929688, 0.6628503799438477, 0.6822484731674194, -0.2017657458782196, 0.6216659545898438, -0.6706870794296265, 0.6162550449371338, -0.40903621912002563, 0.5149209499359131, 0.3584505319595337, -0.26033592224121094, -0.30838534235954285, -0.8743429183959961, -0.11370206624269485, -0.5835235118865967, -0.37472596764564514, -0.7065600156784058, -0.5581349730491638, -0.7913782596588135, -0.34372085332870483, -0.30430975556373596, -0.6922573447227478, -0.8378503322601318, -0.298809289932251, -0.09668178856372833, 0.6940752863883972, 0.15041984617710114, -0.6976091861724854, 0.006101321429014206, 0.4757367968559265, 0.5395604372024536, -0.32142511010169983, 0.6304934024810791, -0.0002632923424243927, 0.03148586302995682, 0.7046434879302979, 0.7823127508163452, 0.7993365526199341, -0.6125427484512329, 0.31949329376220703, -0.3038254380226135, -0.3653164505958557, 0.1167760044336319, -0.4070459008216858, 0.7792235612869263, -0.6009901165962219, 0.2280566543340683, 0.8721568584442139, -0.36577826738357544, -0.3684256076812744, -0.31504449248313904, 0.15702217817306519, 0.047734618186950684, -0.8362592458724976, -0.5328856706619263, 0.715962290763855, 0.5553032159805298, -0.3186575770378113, 0.2231462150812149, -0.253147155046463, -0.5185492634773254, 0.5853943824768066, 0.6347246170043945, 0.44426795840263367, 0.41863080859184265, -0.7119544744491577, -0.33816230297088623, -0.4528672695159912, -0.8351585865020752, 0.7275592088699341, 0.5842016339302063, 0.8087076544761658, 0.16500824689865112, 0.15063683688640594, -0.48108813166618347, -0.59079509973526, 0.523303747177124, -0.20623385906219482, 0.7435877323150635, 0.43155041337013245, 0.5698216557502747, -0.10873345285654068, -0.575499951839447, -0.5767594575881958, -0.35650724172592163, 0.3891955614089966, 0.8145900368690491, 0.6002689003944397, 0.8540017604827881, 0.7950336933135986, 0.4034515917301178, -0.3541151285171509, 0.22545461356639862, -0.840401828289032, 0.4603329002857208, 0.2597256004810333, 0.11952787637710571, 0.6879855990409851, 0.23666630685329437, -0.047810763120651245, 0.6360661387443542, -0.6988900899887085, 0.19937928020954132, 0.7070646286010742, 0.3563394546508789, 0.570542573928833, 0.24830025434494019, 0.05942372977733612, -0.15380917489528656, 0.03569857403635979, -0.3108285963535309, -0.8835515379905701, 0.20204056799411774, -0.31543081998825073, -0.6699478626251221, -0.3369518518447876, 0.415302574634552, -0.03720685839653015, -0.6204744577407837, -0.4552937150001526, -0.65581214427948, 0.44078850746154785, 0.5824534893035889, 0.5188274383544922, 0.10498498380184174, -0.7643764019012451, 0.3919305205345154, 0.2965456247329712, -0.3805394172668457, 0.6828646063804626, -0.2758924961090088, 0.03954506665468216, -0.7557013034820557, -0.5018506646156311, 0.29456257820129395, -0.6840506196022034, -0.7139689922332764, 0.33154433965682983, -0.2404531091451645, 0.10617727786302567, 0.05449936166405678, 0.21512998640537262, -0.24670836329460144, -0.3693498373031616, -0.33468663692474365, 0.8435243368148804, 0.21734680235385895, -0.601800262928009, 0.7423589825630188, 0.28974708914756775, -0.5011531114578247, -0.5885253548622131, -0.3173476457595825, -0.5805439949035645, -0.37074771523475647, 0.10440608859062195, -0.6650471687316895, 0.37984079122543335, -0.603233814239502, -0.08157362043857574, 0.09718654304742813, 0.20386521518230438, 0.14919432997703552, -0.8417657613754272, 0.6605910062789917, 0.3789457678794861, 0.04469600319862366, -0.32302767038345337, -0.3224608600139618, 0.22878187894821167, 0.015775583684444427, 0.7788412570953369, -0.3355887830257416, -0.4577900767326355, -0.19222241640090942, -0.45913735032081604, -0.7269737124443054, -0.379741907119751, -0.09540276974439621, -0.7132638692855835, -0.1644703447818756, -0.7054733633995056, 0.049555882811546326, 0.4785594940185547, 0.5153272747993469, -0.5633719563484192, 0.31701913475990295, 0.5798751711845398, -0.15803870558738708, -0.2391415387392044, 0.5170278549194336, -0.7712037563323975, 0.04362720996141434, -0.45651179552078247, -0.12440074235200882, 0.37214815616607666, 0.3110184669494629, 0.8006104230880737, 0.5979745388031006, 0.4593021273612976, 0.4700278639793396, 0.43527019023895264, 0.8995682597160339, -0.5218898057937622, 0.8499544262886047, -0.8440290093421936, 0.37780261039733887, 0.7107376456260681, -0.4859345853328705, 0.47148799896240234, -0.7044272422790527, 0.7677575349807739, 0.011812090873718262, 0.8567883372306824, 0.5255227088928223, -0.004074543714523315, -0.7703543305397034, 0.19311971962451935, 0.1823325902223587, 0.21336579322814941, -0.5590945482254028, -0.2125055491924286, -0.6364349126815796, -0.795451283454895, 0.5612804889678955, -0.7046464085578918, -0.4873415231704712, 0.6246223449707031, 0.7337599992752075, 0.003342069685459137, 0.04264462739229202, 0.06172850728034973, 0.5127657055854797, -0.6437121629714966, 0.40166157484054565, 0.5562874674797058, -0.8516204357147217, -0.6267557144165039, -0.7155309915542603, -0.07423166930675507, 0.48008424043655396, 0.6284855604171753, 0.49502983689308167, 0.042099401354789734, 0.019130028784275055, 0.5356037616729736, 0.21493710577487946, 0.8183685541152954, 0.5466992259025574, 0.2508607506752014, -0.015201684087514877, 0.5637183785438538, -0.17933113873004913, -0.7140829563140869, 0.7398444414138794, 0.6633516550064087, 0.09869332611560822, 0.49050581455230713, 0.13717259466648102, -0.8419902920722961, -0.3941895663738251, -0.5393555164337158, -0.38339030742645264, -0.5081114172935486, -0.5151920318603516, -0.34221571683883667, 0.5597373247146606, -0.11690071225166321, -0.5362745523452759, -0.09891048073768616, -0.11204846948385239, 0.08255203813314438, -0.45817577838897705, -0.40102508664131165, -0.34602418541908264, -0.22702273726463318, -0.0035291314125061035, 0.26835939288139343, -0.5065847635269165, 0.23155295848846436, 0.10768915712833405, -0.4676991403102875, 0.33269697427749634, 0.463310182094574, -0.8092312216758728, -0.7524269223213196, 0.05039742588996887, 0.3593063950538635, 0.20533452928066254, 0.4882672131061554, -0.424198716878891, -0.36319559812545776, 0.2589552402496338, 0.5037198066711426, -0.5700443387031555, 0.3626710772514343, 0.16486698389053345, -0.5707303881645203, 0.526521623134613, 0.669151782989502, 0.7682894468307495, 0.7819534540176392, 0.18707183003425598, -0.5974709391593933, 0.07258646190166473, -0.3934144973754883, 0.26269274950027466, -0.1716986894607544, 0.28961825370788574, 0.6018902063369751, 0.8101560473442078, 0.2838500142097473, -0.311615526676178, -0.39785128831863403, -0.3335779309272766, -0.19230136275291443, 0.6004241704940796, 0.22914594411849976, 0.6873996257781982, -0.5048074126243591, 0.644687294960022, 0.23667913675308228, -0.30870941281318665, 0.8138706088066101, -0.8686065673828125, 0.6307131052017212, 0.17718760669231415, -0.8584221005439758, -0.11675138771533966, -0.09971639513969421, -0.23602934181690216, -0.34151938557624817, 0.42810899019241333, -0.6138766407966614, 0.19787219166755676, -0.4358126223087311, 0.24249069392681122, 0.4762435555458069, 0.8876906633377075, 0.104681596159935, -0.8639187812805176, 0.6400488018989563, -0.14742064476013184, -0.147894948720932, -0.015821672976017, 0.13723471760749817, 0.6577355265617371, -0.5475198030471802, -0.4600369334220886, -0.37074631452560425, -0.31091830134391785, 0.18150198459625244, 0.1485171914100647, -0.28749799728393555, -0.23920269310474396, -0.4261571168899536, -0.005536824464797974, 0.5258520841598511, 0.7463285326957703, -0.36846980452537537, 0.010587058961391449, 0.11278492212295532, -0.18953409790992737, -0.51982581615448, -0.2237759828567505, 0.1359933614730835, 0.5136414170265198, 0.5093207955360413, 0.13190734386444092, 0.6122729778289795, -0.45521777868270874, 0.15921102464199066, 0.6282511353492737, -0.06268661469221115, -0.462337851524353, 0.44958990812301636, 0.6384321451187134, -0.6780192255973816, 0.11110834777355194, 0.5971174240112305, 0.6694447994232178, -0.04961216449737549, -0.29410320520401, -0.5080666542053223, 0.03362583369016647, 0.10959991812705994, 0.010862275958061218, -0.549856424331665, -0.48211416602134705, 0.3227998912334442, 0.13646864891052246, -0.8616933822631836, -0.07528632879257202, 0.36352550983428955, -0.4269583523273468, -0.8478438854217529, -0.265649676322937, -0.6938172578811646, 0.6464973092079163, 0.6624242067337036, -0.0677863135933876, 0.3935079872608185, -0.46284759044647217, -0.6650205254554749, 0.3674706220626831, 0.12634502351284027, -0.7951485514640808, -0.029886722564697266, -0.631366491317749, -0.6503862142562866, 0.3834633231163025, -0.5968000888824463, 0.7644411325454712, 0.6176460981369019, -0.015567868947982788, 0.14061300456523895, 0.3082966208457947, 0.21896882355213165, 0.47514933347702026, 0.07370556890964508, -0.4259146451950073, -0.20788389444351196, 0.88175368309021, 0.5054943561553955, 0.3566548526287079, 0.1960456669330597, -0.003866225481033325, -0.025982990860939026, -0.19727103412151337, -0.6307046413421631, -0.5224229693412781, -0.14073458313941956, -0.07660707086324692, -0.48095154762268066, 0.41538405418395996, 0.3985820710659027, -0.341004341840744, 0.6500890254974365, -0.8078559637069702, 0.3981275260448456, 0.37915563583374023, 0.0704771876335144, -0.398813396692276, 0.7157118320465088, 0.18854041397571564, 0.7609000205993652, 0.07209280133247375, 0.633882999420166, 0.3530469834804535, -0.623461902141571, 0.6553776264190674, -0.2432137429714203, -0.6342734098434448, -0.27633291482925415, -0.8309453129768372, 0.17133578658103943, 0.12229432910680771, -0.8665900826454163, 0.15874050557613373, 0.5746713876724243, 0.009209699928760529, 0.08222398906946182, -0.16844262182712555, 0.8220992684364319, -0.47601115703582764, -0.3582378029823303, -0.5563241839408875, -0.3043297827243805, -0.30088096857070923, 0.2632825970649719, 0.6610714793205261, 0.567001223564148, -0.07562291622161865, -0.09365799278020859, 0.7574533820152283, 0.6059548258781433, -0.07128599286079407, 0.8403605222702026, -0.8367905616760254, 0.5173190832138062, 0.22629207372665405, 0.5274156332015991, -0.24150151014328003, 0.31891608238220215, 0.08093271404504776, -0.4261781573295593, -0.640527069568634, 0.386931836605072, -0.008959878236055374, -0.806165337562561, 0.46083706617355347, 0.37612611055374146, -0.19020774960517883, 0.4156123995780945, -0.7111437320709229, 0.5070502758026123, 0.48425349593162537, 0.33363404870033264, 0.7182655930519104, -0.2280385047197342, 0.7227988243103027, 0.07283951342105865, 0.10250255465507507, 0.26093176007270813, 0.03459077328443527, -0.3755605220794678, -0.08831244707107544, 0.3253546953201294, -0.6119824647903442, -0.5133843421936035, -0.5356415510177612, -0.7524968385696411, 0.024760685861110687, -0.6308849453926086, -0.2920396029949188, 0.03860916942358017, 0.13286884129047394, -0.6579427719116211, -0.638482928276062, 0.6879095435142517, -0.31219482421875, -0.8904793858528137, 0.6436214447021484, -0.47874242067337036, 0.06462029367685318, -0.6951698064804077, 0.6923059225082397, -0.32022640109062195, -0.07621326297521591, -0.06922835856676102, -0.1373598426580429, 0.3289371728897095, -0.6509653925895691, -0.6256787776947021, 0.38541778922080994, 0.6555243730545044, 0.2813733220100403, 0.6339719891548157, -0.3682090640068054, 0.776618480682373, 0.2590475380420685, -0.7344529628753662, -0.44969266653060913, -0.09683437645435333, -0.6657055020332336, -0.3314286470413208, 0.7733614444732666, -0.6383278965950012, 0.17011114954948425, 0.21423858404159546, -0.35032254457473755, -0.7770227789878845, -0.07317258417606354, 0.6918174028396606, -0.12865188717842102, 0.3648051619529724, 0.11133057624101639, 0.3423275351524353, -0.3258770704269409, -0.4207794666290283, 0.7881544828414917, 0.6073013544082642, 0.199872225522995, 0.7353686690330505, 0.7325037717819214, -0.008949235081672668, -0.5705407857894897, -0.7327179312705994, 0.44612935185432434, -0.3657178580760956, 0.19963338971138, -0.6698918342590332, 0.7381817102432251, -0.7988900542259216, -0.47324472665786743, -0.24303075671195984, 0.21904276311397552, -0.06105322018265724, -0.5477029085159302, 0.08011311292648315, -0.7179884910583496, -0.5091620683670044, 0.6031423211097717, 0.38764679431915283, 0.7735354900360107, 0.5518365502357483, 0.803702712059021, -0.8451071381568909, -0.2626490890979767, -0.32727494835853577, 0.7299914360046387, -0.562579870223999, 0.598567008972168, -0.6195662617683411, 0.8561970591545105, 0.5161696672439575, 0.362493097782135, 0.4940670132637024, 0.1555584967136383, 0.11919986456632614, 0.2937978208065033, -0.03319735825061798, -0.7566957473754883, 0.5743318796157837, 0.3411870002746582, -0.8174436092376709, -0.17148645222187042, 0.2507457733154297, -0.7590392827987671, -0.31449899077415466, 0.6432641744613647, 0.8869687914848328, 0.4125874638557434, -0.2788313031196594, 0.8155217170715332, -0.0914124846458435, -0.5435771942138672, 0.0810418576002121, 0.2656767964363098, 0.739678144454956, -0.015297561883926392, -0.49142882227897644, -0.5323179364204407, 0.3710523843765259, 0.4487016797065735, -0.44587939977645874, 0.7203196287155151, 0.5761717557907104, -0.48602625727653503, -0.14689184725284576, -0.49519750475883484, -0.31722021102905273, 0.13466951251029968, 0.6560311913490295, 0.49536216259002686, 0.2682710886001587, 0.32228124141693115, -0.4572314918041229, 0.06593900173902512, 0.33953869342803955, 0.4993346333503723, 0.6567007899284363, -0.3024747967720032, 0.3323456645011902, 0.10159485787153244, -0.5414230823516846, -0.8167887926101685, 0.231654092669487, -0.3103253245353699, 0.6440865993499756, 0.8142948150634766, -0.7724120616912842, -0.42765095829963684, -0.18835382163524628, -0.34980565309524536, 0.7573602199554443, 0.35356107354164124, -0.3046771287918091, -0.15421424806118011, 0.8050190210342407, 0.3374565839767456, -0.38915905356407166, -0.4346151649951935, -0.5395812392234802, 0.7053284645080566, -0.4938690662384033, 0.2878446578979492, -0.09898701310157776, 0.7860751152038574, -0.26483845710754395, -0.19340384006500244, -0.09409669786691666, -0.6671407222747803, -0.47848761081695557, -0.15584444999694824, 0.027355562895536423, -0.039491817355155945, 0.43697959184646606, 0.17133206129074097, 0.8531889915466309, -0.8091220855712891, 0.3526514768600464, 0.07587657123804092, 0.2032138556241989, -0.8257232904434204, 0.2978453040122986, -0.14845547080039978, 0.11155997216701508, -0.7304577827453613, 0.5086345076560974, 0.3220972716808319, -0.4369652569293976, 0.21530461311340332, -0.36344945430755615, -0.7921743988990784, -0.6596347093582153, 0.5035550594329834, -0.6069680452346802, 0.6592141389846802, 0.8448687195777893, -0.6882051229476929, -0.2880345582962036, -0.2354191392660141, 0.028226524591445923, -0.01795819401741028, -0.6155316829681396, 0.1628071814775467, 0.744408905506134, -0.3689369261264801, 0.5613482594490051, -0.03935513645410538, 0.41626787185668945, -0.666356086730957, 0.10099773108959198, -0.0799442008137703, 0.40409862995147705, 0.7159839868545532, -0.5224120616912842, 0.047109656035900116, -0.4312956929206848, 0.5277025103569031, 0.7561862468719482, 0.8574988842010498, -0.5606789588928223, -0.6265721917152405, -0.4913070797920227, 0.05378379300236702, -0.38724756240844727, -0.7217981815338135, -0.31807899475097656, -0.08774112164974213, 0.38551855087280273, -0.1352241337299347, -0.5279442071914673, 0.6030128002166748, 0.49070221185684204, -0.8543572425842285, -0.5788504481315613, -0.8895487785339355, 0.43430769443511963, -0.05231351777911186, -0.22653113305568695, -0.17463409900665283, 0.20011083781719208, -0.22174207866191864, 0.5038022398948669, 0.56447434425354, -0.5363106727600098, 0.011171996593475342, -0.15270861983299255, 0.6425670981407166, -0.3397943377494812, 0.18170779943466187, -0.3588956594467163, 0.6738250255584717, -0.0770990252494812, 0.7761059999465942, -0.1770569384098053, 0.09551709145307541, -0.2775326371192932, 0.034005001187324524, -0.302650511264801, -0.02144433557987213, -0.2811456620693207, 0.1526058465242386, 0.16756539046764374, 0.7887023687362671, 0.004991129040718079, -0.5010960102081299, -0.5321786403656006, 0.24054676294326782, -0.7936664819717407, -0.35716915130615234, 0.036239176988601685, -0.6482322216033936, 0.2576885223388672, -0.23659323155879974, 0.19256411492824554, -0.22928401827812195, -0.23255230486392975, -0.8879010677337646, 0.8167064189910889, 0.6002793312072754, -0.4932268261909485, 0.10116057097911835, -0.7248029708862305, -0.8364828824996948, -0.6707218289375305, -0.6477997303009033, -0.5462780594825745, -0.15913061797618866, 0.5027422904968262, -0.19025494158267975, 0.8079845905303955, 0.6307950615882874, -0.8336225748062134, -0.8695217967033386, 0.6865832805633545, -0.5927165150642395, 0.6033104658126831, 0.3364015519618988, -0.4158983826637268, -0.7506500482559204, 0.06935068964958191, -0.07550676167011261, 0.7945269346237183, 0.6507511138916016, -0.1948150396347046, 0.20911815762519836, 0.648654580116272, -0.6911585330963135, 0.6880249977111816, 0.2947889566421509, -0.3773810565471649, 0.4592946171760559, -0.2696593403816223, -0.7413862943649292, 0.4738675355911255, 0.5416186451911926, 0.4583050608634949, -0.6291991472244263, 0.08424405008554459, 0.1987023949623108, 0.3428329527378082, -0.7253559231758118, -0.1678880751132965, -0.5812268257141113, 0.5373062491416931, 0.2703191637992859, -0.33064818382263184, -0.19844454526901245, -0.4996351897716522, 0.4216446876525879, 0.8768538236618042, 0.611392080783844, -0.2535230219364166, -0.3925475776195526, -0.5233877897262573, 0.03516380488872528, 0.27204328775405884, 0.16783873736858368, -0.5815665125846863, -0.8228949904441833, 0.5620929002761841, 0.3967452645301819, -0.4860779047012329, 0.030708350241184235, -0.33511608839035034, -0.316410630941391, -0.247274249792099, 0.009920507669448853, -0.501207709312439, 0.15692155063152313, -0.8313837647438049, -0.27004820108413696, 0.3834991753101349, 0.8593736886978149, 0.8506349921226501, -0.36481279134750366, 0.0566273033618927, -0.8476337194442749, -0.8512715101242065, 0.6632009148597717, 0.6868366003036499, 0.19161441922187805, -0.35006141662597656, -0.1211620420217514, -0.3605586588382721, 0.6033362746238708, -0.3068140149116516, 0.18235249817371368, -0.674822211265564, 0.6762369871139526, -0.2921832203865051, -0.2680869698524475, -0.2927824556827545, -0.49795714020729065, -0.29495635628700256, 0.14905032515525818, -0.2595455050468445, -0.6281948685646057, -0.2406790852546692, -0.058011993765830994, -0.138703390955925, 0.5343742966651917, 0.039206646382808685, 0.17239201068878174, 0.4435328245162964, -0.4742371737957001, -0.1675804853439331, -0.5706822872161865, -0.11157388240098953, -0.5666828751564026, -0.2519657015800476, 0.4060172736644745, -0.04601418972015381, -0.3020298480987549, -0.04112573713064194, -0.36794835329055786, -0.009513095021247864, 0.6302731037139893, 0.3154067397117615, 0.30429762601852417, 0.8038580417633057, -0.8314725756645203, 0.10971197485923767, -0.16305793821811676, -0.8293178677558899, -0.6069503426551819, 0.03562881052494049, -0.26073288917541504, -0.5024430751800537, 0.23163726925849915, -0.49454987049102783, 0.5431821346282959, 0.20205183327198029, 0.10108263045549393, 0.5229824781417847, 0.20496350526809692, -0.3112547993659973, -0.22852887213230133, 0.3469238877296448, -0.6209916472434998, -0.4471914768218994, -0.16268295049667358, -0.039128728210926056, 0.7097504734992981, 0.6819000244140625, -0.08286123722791672, -0.5957955121994019, -0.5106773376464844, -0.8030474781990051, 0.5642983317375183, -0.1427687257528305, -0.21664570271968842, 0.5446456670761108, 0.03432750701904297, -0.7063793540000916, -0.5208866596221924, 0.10723024606704712, 0.14488890767097473, 0.09288817644119263, 0.5839698314666748, -0.5266189575195312, -0.520558774471283, -0.7241382598876953, -0.33055686950683594, 0.7868353724479675, -0.549881100654602, 0.10706662386655807, 0.8222743272781372, 0.3063421845436096, 0.5876289010047913, 0.024472713470458984, -0.06278809905052185, -0.7918678522109985, 0.7084313631057739, 0.004886306822299957, 0.1186523288488388, 0.3132343888282776, 0.5392066836357117, 0.13290318846702576, -0.1783454269170761, 0.033773273229599, 0.7719265222549438, 0.897029459476471, 0.44522756338119507, 0.8168189525604248, -0.2960204780101776, 0.6307668685913086, -0.17615240812301636, 0.22588638961315155, 0.7996914386749268, -0.07421249151229858, 0.3054286241531372, 0.7170389890670776, -0.42929697036743164, 0.2714203894138336, -0.5209072828292847, -0.3903973698616028, 0.26179036498069763, -0.28762730956077576, 0.8625720739364624, -0.04041367769241333, -0.5997938513755798, 0.06275869905948639, -0.04447828233242035, -0.0254592914134264, -0.0018173083662986755, 0.5618923902511597, 0.7383359670639038, 0.35278943181037903, 0.8766385316848755, 0.5088387131690979, -0.4910162687301636, -0.5382805466651917, -0.0428624153137207, 0.025456152856349945, 0.09856369346380234, -0.30862846970558167, -0.5157243013381958, -0.6034327745437622, 0.7545081377029419, 0.6571296453475952, 0.63737952709198, -0.12306986004114151, -0.3580835163593292, -0.16784334182739258, -0.13043361902236938, -0.35918623208999634, -0.2867303490638733, 0.4496021270751953, -0.5324201583862305, 0.18275359272956848, 0.35168784856796265, 0.27974462509155273, -0.2643275856971741, 0.7587237358093262, -0.49455684423446655, -0.04945789650082588, 0.018292397260665894, -0.2741415500640869, -0.3693764805793762, 0.20474408566951752, 0.5049352645874023, 0.07815225422382355, -0.7435722947120667, -0.6829363107681274, -0.5824143886566162, -0.6425327658653259, 0.025149546563625336, -0.7315464019775391, -0.4868420362472534, -0.28202739357948303, -0.593127965927124, 0.786133885383606, -0.7244524359703064, -0.6439064741134644, -0.0494002103805542, 0.2810260057449341, 0.5510481595993042, -0.3223859965801239, 0.4332118630409241, 0.7323816418647766, 0.6257216930389404, 0.42649781703948975, 0.6695812940597534, -0.18160715699195862, 0.35235595703125, -0.269538938999176, 0.4718416631221771, 0.4764668047428131, -0.08742078393697739, -0.4424172043800354, 0.2471088021993637, 0.3730615973472595, 0.2982303202152252, -0.40082329511642456, -0.3787462115287781, -0.5259239673614502, 0.4368731379508972, 0.5832371711730957, -0.3261326253414154, -0.22102336585521698, -0.4688543975353241, 0.5281664133071899, -0.6979202628135681, -0.19892345368862152, 0.8353936672210693, 0.6781101226806641, 0.5853434801101685, -0.5416711568832397, 0.2479294389486313, 0.4316718280315399, -0.6637400984764099, -0.6124061942100525, 0.13459955155849457, 0.5777247548103333, 0.16465920209884644, -0.5322657227516174, 0.07235100120306015, 0.24897193908691406, -0.057012781500816345, 0.6301767826080322, 0.7550404071807861, 0.5220695734024048, 0.6878151297569275, -0.3767896294593811, -0.19237209856510162, -0.45730865001678467, 0.5953549146652222, -0.048103123903274536, -0.09901829808950424, -0.4604719877243042, -0.8069249391555786, -0.10546480864286423, 0.3459017872810364, -0.11380981653928757, -0.23196721076965332, -0.6140363812446594, 0.3861760199069977, 0.49993494153022766, -0.6222482919692993, 0.7067033052444458, 0.4419271945953369, 0.17780545353889465, 0.37928852438926697, -0.4518301486968994, 0.6626213788986206, 0.13317209482192993, 0.7292866110801697, -0.21601496636867523, 0.5324116945266724, -0.0082087442278862, -0.4134661555290222, -0.661283552646637, -0.7329655885696411, -0.258318156003952, 0.5477124452590942, 0.4295598864555359, -0.7350651621818542, 0.20923633873462677, 0.06218324601650238, -0.435272216796875, 0.6514245271682739, -0.7613928318023682, -0.4254654049873352, -0.642501950263977, 0.36764228343963623, 0.4896080493927002, -0.7307872772216797, 0.24199248850345612, -0.17272476851940155, -0.08382640033960342, -0.24611273407936096, 0.2319614589214325, -0.7177884578704834, 0.023091718554496765, -0.41589322686195374, 0.156974658370018, 0.6642346382141113, -0.3170590400695801, -0.5523358583450317, -0.07584525644779205, 0.6372684240341187, 0.6497704386711121, -0.5201218128204346, -0.21217697858810425, -0.6125863790512085, -0.16032250225543976, -0.4361668527126312, -0.35918062925338745, 0.4349113702774048, 0.1112804263830185, 0.4992867410182953, 0.6145471930503845, 0.10943679511547089, 0.6372518539428711, -0.025543563067913055, -0.20999497175216675, -0.02151511237025261, -0.5569145083427429, -0.04567308723926544, 0.26659145951271057, -0.02506856620311737, -0.5006460547447205, 0.01220683753490448, 0.5095236301422119, 0.18959994614124298, -0.6055898070335388, 0.7566481828689575, 0.03205309063196182, 0.6367419958114624, -0.6897313594818115, 0.12853068113327026, 0.10447855293750763, 0.6722798347473145, -0.5059425830841064, -0.4907515048980713, 0.012632600963115692, -0.04443569481372833, -0.44607385993003845, -0.31222158670425415, -0.5003340244293213, -0.28646957874298096, 0.5912076830863953, -0.536565363407135, 0.226508229970932, 0.36696431040763855, -0.03783615678548813, 0.009054228663444519, 0.09625609964132309, 0.2720830738544464, 0.6458624005317688, 0.19974207878112793, -0.43113529682159424, 0.8505465388298035, -0.108255535364151, -0.8113174438476562, -0.3457314968109131, 0.4899251461029053, 0.2637760043144226, -0.4130045771598816, 0.4150024652481079, -0.4127523899078369, 0.6910227537155151, 0.5760093927383423, -0.5230492949485779, 0.3833153247833252, -0.008260846138000488, 0.8173980116844177, 0.4334491491317749, 0.40450382232666016, -0.2726261615753174, 0.8606603145599365, 0.6627206802368164, -0.3998648524284363, 0.15704263746738434, 0.006096333265304565, -0.1476692259311676, 0.22145318984985352, 0.7788564562797546, -0.21401043236255646, -0.44102779030799866, 0.48720747232437134, -0.7691949009895325, -0.723098635673523, -0.4937497675418854, 0.03455330431461334, -0.7077388763427734, -0.8792853355407715, 0.047426026314496994, 0.22774168848991394, 0.23499765992164612, 0.023533783853054047, -0.16405336558818817, 0.7772536277770996, -0.46699288487434387, 0.16109058260917664, 0.0607403926551342, -0.6156013607978821, -0.6383074522018433, -0.1987537145614624, 0.4652096629142761, -0.3144214451313019, 0.11997953802347183, -0.22443753480911255, -0.24381400644779205, 0.16711752116680145, 0.07618589699268341, 0.7613599300384521, 0.13984984159469604, 0.34633609652519226, 0.3020927906036377, -0.5104957818984985, -0.16377514600753784, -0.16934430599212646, -0.48018306493759155, -0.7304266095161438, -0.10430827736854553, 0.07900189608335495, 0.2781052589416504, -0.4384176731109619, 0.49915242195129395, -0.5442373752593994, -0.7579840421676636, 0.11304155737161636, -0.2407301366329193, 0.7269915342330933, 0.5934494733810425, -0.5893702507019043, -0.31306368112564087, 0.026163682341575623, 0.6839599609375, 0.14994093775749207, 0.8297566175460815, -0.38057929277420044, 0.7140591740608215, -0.6799378395080566, -0.7609527707099915, -0.8659244775772095, -0.5030791759490967, -0.13854242861270905, 0.5365403890609741, 0.7982927560806274, 0.40334299206733704, -0.07736623287200928, -0.7410032749176025, -0.6921218633651733, -0.3275601863861084, -0.7823245525360107, -0.4677157998085022, 0.2551564574241638, 0.6194974184036255, 0.1807321459054947, -0.8014411330223083, 0.4961909055709839, -0.6428146958351135, 0.37185484170913696, 0.6222379207611084, -0.7459492683410645, -0.15621954202651978, 0.05723894014954567, -0.6018074750900269, -0.13993316888809204, -0.4355836808681488, -0.554919958114624, 0.048389993607997894, 0.22178269922733307, 0.4681798815727234, 0.26655349135398865, 0.4750860631465912, -0.7136693000793457, -0.7291672825813293, -0.745797872543335, -0.11180634796619415, -0.12150315195322037, 0.5741652250289917, 0.46941637992858887, 0.08034740388393402, 0.7431348562240601, 0.1798703372478485, -0.592133641242981, -0.5735329389572144, -0.49898210167884827, -0.4560188055038452, 0.5618696212768555, 0.5726041793823242, 0.5305230021476746, 0.590410590171814, -0.28075921535491943, -0.2343185544013977, 0.5182201266288757, 0.8840119242668152, -0.6420830488204956, 0.28450721502304077, -0.8050806522369385, -0.6188517808914185, -0.2621431350708008, -0.5234664678573608, -0.6197869777679443, 0.5007551908493042, -0.7490331530570984, 0.03705490380525589, -0.5140255689620972, -0.27840501070022583, -0.06601765006780624, 0.3413206934928894, 0.106215700507164, 0.08020404726266861, -0.0380646213889122, -0.855525016784668, -0.6631770133972168, -0.4169703722000122, -0.5741994380950928, 0.27511316537857056, 0.791290819644928, 0.5930852890014648, 0.5079237818717957, 0.39017874002456665, 0.2530214190483093, -0.11381439864635468, -0.2323204129934311, 0.8042956590652466, -0.5069044828414917, 0.815647542476654, 0.6470613479614258, -0.5513765215873718, -0.3996434211730957, -0.44880980253219604, -0.23245087265968323, -0.2011052370071411, 0.34746062755584717, -0.10474850237369537, 0.41538307070732117, -0.4147025942802429, -0.6151516437530518, -0.40925925970077515, 0.5066070556640625, 0.48538365960121155, -0.7483769059181213, 0.0872839093208313, 0.49479132890701294, 0.4733890891075134, 0.17748716473579407, 0.6938926577568054, 0.3453620672225952, 0.5074509382247925, 0.46815478801727295, -0.5326080322265625, -0.2583743929862976, 0.3803647756576538, -0.8693732023239136, 0.2784964442253113, 0.05944418907165527, 0.8747881054878235, 0.8289088010787964, -0.08255147188901901, 0.03788025677204132, -0.685373067855835, -0.3098226487636566, -0.10182523727416992, -0.5134490728378296, 0.23055225610733032, -0.10012402385473251, 0.5541130304336548, -0.38611099123954773, -0.16060927510261536, -0.3197959363460541, -0.3343856632709503, 0.16658735275268555, 0.6475272178649902, -0.21247823536396027, -0.18866723775863647, -0.597178041934967, -0.4735099673271179, 0.7796845436096191, 0.1984742134809494, 0.48524010181427, -0.2411816120147705, -0.12338495254516602, -0.37737423181533813, -0.049637384712696075, 0.0009123831987380981, -0.5962530374526978, 0.8510315418243408, -0.07872528582811356, 0.5792111158370972, -0.36712831258773804, 0.56197190284729, -0.8794334530830383, 0.159251406788826, 0.3483971953392029, 0.5640565156936646, -0.1978147178888321, 0.6260126829147339, 0.34227100014686584, 0.23831391334533691, 0.5083417296409607, 0.46512269973754883, -0.2857457995414734, 0.6240196228027344, 0.6595996022224426, -0.602078378200531, -0.7777731418609619, 0.4294965863227844, -0.5432586073875427, 0.6759395599365234, 0.6041025519371033, -0.3103308081626892, -0.8470575213432312, 0.27099743485450745, 0.3543931841850281, -0.5378469824790955, 0.5420650243759155, 0.7683722972869873, 0.1573641002178192, -0.2379228174686432, -0.12890832126140594, 0.27734750509262085, -0.2423754334449768, 0.4869004786014557, -0.18540142476558685, -0.32147711515426636, 0.4654904007911682, 0.10481441766023636, -0.28120869398117065, 0.5186107158660889, -0.15824566781520844, 0.4018748104572296, 0.3740358054637909, -0.25390541553497314, -0.32773321866989136, -0.39270126819610596, 0.2795589566230774, -0.34254443645477295, 0.09453117847442627, -0.7310983538627625, -0.4581916034221649, 0.46916913986206055, 0.7221996188163757, 0.5749316215515137, -0.23141813278198242, 0.5110325217247009, 0.36746498942375183, 0.7250051498413086, 0.03198623284697533, 0.04292939603328705, -0.03935527056455612, 0.23597632348537445, 0.370431125164032, -0.14235036075115204, 0.3718140423297882, 0.49108612537384033, -0.33420678973197937, -0.16239887475967407, -0.00594889372587204, 0.012298129498958588, 0.3211636543273926, -0.7731223106384277, -0.4489232003688812, -0.007044196128845215, -0.2832166850566864, 0.3702230453491211, 0.19993135333061218, 0.15084922313690186, -0.40961796045303345, -0.13389557600021362, -0.3489838242530823, 0.6163862347602844, 0.14962467551231384, -0.7536762952804565, -0.24112464487552643, -0.42859506607055664, -0.24629655480384827, 0.5052847862243652, -0.662499189376831, -0.5304204225540161, -0.29619672894477844, 0.794988751411438, 0.490688681602478]
