sample name: ['Cc1ccc(CCNC(=O)NCCc2csc(N3CCCC3)n2)c(C)c1']
atom_index,distance,cosine_similarity
0,-0.1056500244140625,0.0001408024877309799
1,-0.301689453125,0.02942263714969158
2,0.0399267578125,0.015917752310633658
3,-0.3307281494140625,0.02689997471868992
4,-0.8370855712890625,0.07197849553078413
5,-0.074249267578125,0.009310900513082743
6,0.92680908203125,-0.07141711726784707
7,0.4113525390625,-0.03446213375777006
8,0.0428167724609375,-0.01909207260236144
9,0.263297119140625,-0.025082373432815074
10,-0.161009521484375,0.022301077004522087
11,0.0787451171875,-0.01585287891328335
12,-0.4346514892578125,0.024224374182522296
13,0.5649603271484375,-0.054630028791725634
14,0.124981689453125,-0.009078609049320221
15,-0.0666448974609375,0.013373207375407219
16,-0.5980078125,0.04545755658298731
17,-0.136883544921875,-0.0014777513593435287
18,-0.2565582275390625,0.03153926867991686

Sum of phi values for distance
-0.8502685546875002
Sum of phi values for cosine similarity
0.05947308136150241
Average distance random samples:
10.432122285240576
Average cosine similarity random samples:
0.546039470763583
Distances random samples
[9.959606170654297, 6.360656261444092, 8.708250999450684, 9.133808135986328, 9.945295333862305, 6.100295066833496, 15.95859432220459, 13.848750114440918, 17.560579299926758, 9.334539413452148, 8.006307601928711, 15.437382698059082, 10.968432426452637, 8.583259582519531, 6.948268413543701, 7.031842231750488, 14.113707542419434, 9.636821746826172, 17.94647216796875, 12.050275802612305, 16.608985900878906, 15.924468040466309, 9.93043327331543, 9.405821800231934, 9.10954475402832, 8.02739143371582, 15.91887378692627, 10.577835083007812, 11.806193351745605, 9.340386390686035, 8.52437686920166, 21.3043212890625, 13.651403427124023, 9.924062728881836, 10.456233978271484, 10.179859161376953, 9.47721004486084, 7.956821441650391, 8.681534767150879, 12.027321815490723, 17.807891845703125, 14.387372016906738, 8.801019668579102, 4.753766059875488, 19.501813888549805, 7.864359378814697, 7.212285041809082, 8.1126127243042, 7.08250093460083, 10.14285659790039, 17.066904067993164, 10.667597770690918, 13.707738876342773, 16.22153663635254, 7.727344036102295, 14.531280517578125, 6.796510219573975, 8.570098876953125, 10.329117774963379, 13.10453987121582, 7.527130603790283, 9.4794282913208, 18.07141876220703, 9.550597190856934, 9.76203441619873, 9.575510025024414, 12.53081226348877, 9.900863647460938, 8.065741539001465, 8.546629905700684, 8.347033500671387, 8.863709449768066, 8.563785552978516, 9.865697860717773, 10.31799030303955, 10.84053897857666, 16.593433380126953, 8.591826438903809, 11.014444351196289, 9.642465591430664, 7.898803234100342, 9.573127746582031, 7.980689525604248, 10.174713134765625, 13.475695610046387, 8.807924270629883, 9.518259048461914, 11.543258666992188, 7.91633939743042, 8.507408142089844, 8.445646286010742, 9.901793479919434, 14.493992805480957, 7.801741600036621, 9.54958438873291, 7.383251667022705, 15.276473045349121, 13.38963794708252, 7.829412460327148, 8.237780570983887, 7.09030294418335, 7.780189037322998, 17.1160831451416, 7.561776161193848, 21.834701538085938, 8.036720275878906, 8.397924423217773, 8.145663261413574, 23.415712356567383, 9.152595520019531, 8.68974494934082, 9.18289566040039, 9.565539360046387, 8.812891960144043, 13.885845184326172, 8.781656265258789, 6.498573303222656, 7.968705177307129, 9.606890678405762, 9.29318618774414, 8.721383094787598, 9.985450744628906, 11.714584350585938, 9.07070541381836, 16.470735549926758, 10.043416023254395, 9.607118606567383, 9.463921546936035, 7.713932991027832, 7.707754135131836, 8.072245597839355, 10.022401809692383, 9.694112777709961, 7.69265079498291, 5.85909366607666, 7.882762908935547, 9.431055068969727, 17.254417419433594, 11.646541595458984, 9.608177185058594, 7.83625602722168, 10.183960914611816, 9.084943771362305, 8.913932800292969, 6.888338565826416, 7.439280033111572, 16.006845474243164, 8.260998725891113, 8.224721908569336, 6.126607894897461, 14.265280723571777, 17.898584365844727, 19.31909942626953, 9.287656784057617, 7.457784175872803, 9.038989067077637, 9.314874649047852, 8.192479133605957, 10.266517639160156, 9.612994194030762, 10.40844440460205, 9.178600311279297, 10.027655601501465, 8.595458030700684, 9.768120765686035, 7.257508754730225, 8.290602684020996, 5.51377010345459, 16.996570587158203, 10.385591506958008, 16.113786697387695, 14.994316101074219, 11.71133804321289, 9.677639961242676, 9.69708251953125, 6.4511799812316895, 8.926926612854004, 17.231172561645508, 9.664274215698242, 8.790241241455078, 15.89945125579834, 14.51600170135498, 9.722599029541016, 7.615686893463135, 16.146053314208984, 9.777316093444824, 9.555012702941895, 11.955489158630371, 13.732065200805664, 7.677134037017822, 7.317586898803711, 7.896836280822754, 10.349133491516113, 8.57767105102539, 10.319990158081055, 7.4931640625, 9.823731422424316, 18.443889617919922, 13.670835494995117, 6.103670120239258, 10.952083587646484, 7.250838756561279, 8.9657621383667, 9.460915565490723, 21.549156188964844, 17.27757453918457, 8.949433326721191, 11.156412124633789, 13.48011589050293, 10.365864753723145, 9.764595985412598, 10.308133125305176, 11.086259841918945, 6.141396999359131, 10.012280464172363, 8.488972663879395, 7.639992713928223, 9.106586456298828, 9.073667526245117, 8.847800254821777, 7.851512908935547, 8.799742698669434, 9.884499549865723, 6.348127841949463, 11.128643989562988, 16.705827713012695, 9.792977333068848, 14.00196361541748, 7.952083110809326, 10.072212219238281, 17.615610122680664, 7.140629291534424, 8.302800178527832, 8.595634460449219, 8.179230690002441, 9.152063369750977, 10.975099563598633, 7.4717864990234375, 10.878835678100586, 9.82437801361084, 4.109448432922363, 7.894725799560547, 7.245471954345703, 10.626530647277832, 11.692673683166504, 9.830842971801758, 9.036579132080078, 9.874774932861328, 20.879074096679688, 6.800426006317139, 13.154352188110352, 21.58075523376465, 8.09893798828125, 8.887432098388672, 8.679215431213379, 5.969890117645264, 8.566415786743164, 8.88184928894043, 9.280769348144531, 6.870075225830078, 9.272212028503418, 10.52375316619873, 13.675185203552246, 8.757837295532227, 10.032418251037598, 8.586281776428223, 6.987667560577393, 9.555944442749023, 8.725019454956055, 12.733124732971191, 6.379960060119629, 15.249431610107422, 14.442662239074707, 8.946730613708496, 10.674774169921875, 8.520711898803711, 9.238280296325684, 16.338666915893555, 7.827579021453857, 14.452967643737793, 7.811347484588623, 9.413065910339355, 8.344015121459961, 10.741390228271484, 8.082721710205078, 11.488221168518066, 15.903416633605957, 11.038107872009277, 9.33863639831543, 8.71330738067627, 16.64872169494629, 18.281435012817383, 16.01525115966797, 15.98677921295166, 6.838231086730957, 8.105090141296387, 8.492563247680664, 7.783951759338379, 6.76254415512085, 8.450531959533691, 8.908881187438965, 6.545891284942627, 11.101393699645996, 11.081646919250488, 6.1985392570495605, 9.43059253692627, 9.734748840332031, 9.190970420837402, 6.959036350250244, 9.642180442810059, 10.351072311401367, 13.294938087463379, 20.319704055786133, 9.279078483581543, 7.169478893280029, 5.085314750671387, 9.919111251831055, 10.054532051086426, 10.12336254119873, 17.51751708984375, 8.814911842346191, 11.038320541381836, 14.752137184143066, 10.910188674926758, 8.125301361083984, 6.701833248138428, 7.676473617553711, 5.768938064575195, 7.412994384765625, 18.849185943603516, 17.716703414916992, 6.849919319152832, 10.097763061523438, 9.343364715576172, 8.343564987182617, 7.27730131149292, 7.673739910125732, 8.321261405944824, 8.55690860748291, 9.390101432800293, 11.743048667907715, 16.389772415161133, 6.808746814727783, 9.837516784667969, 9.115300178527832, 9.13615608215332, 9.565977096557617, 5.886218547821045, 9.616242408752441, 9.187167167663574, 9.317583084106445, 7.792054176330566, 19.374162673950195, 7.417965888977051, 8.885297775268555, 12.523528099060059, 14.433686256408691, 7.695819854736328, 11.823060989379883, 7.53064489364624, 20.13677978515625, 9.246658325195312, 14.424811363220215, 12.42245101928711, 9.217425346374512, 8.96438980102539, 8.00887393951416, 16.6337833404541, 8.999714851379395, 15.896828651428223, 15.384757041931152, 14.712310791015625, 5.5666985511779785, 8.261200904846191, 14.494401931762695, 7.364369869232178, 16.07893180847168, 9.588375091552734, 5.714434623718262, 13.837054252624512, 8.22458553314209, 15.629776000976562, 9.607527732849121, 14.116151809692383, 6.782527446746826, 7.107937335968018, 14.170154571533203, 14.490105628967285, 15.031083106994629, 9.191895484924316, 8.766366958618164, 15.319541931152344, 9.851700782775879, 9.725098609924316, 9.110625267028809, 8.97431468963623, 11.052140235900879, 9.605681419372559, 11.669783592224121, 9.145550727844238, 9.574288368225098, 10.332382202148438, 9.693777084350586, 7.531299591064453, 10.902103424072266, 6.794150352478027, 8.126100540161133, 16.960783004760742, 10.036017417907715, 7.009979724884033, 13.66916561126709, 7.802314758300781, 9.549269676208496, 7.0959272384643555, 7.771139621734619, 10.612344741821289, 9.385929107666016, 7.437346935272217, 13.787932395935059, 13.029940605163574, 8.67201042175293, 9.125322341918945, 17.426856994628906, 8.76144027709961, 20.68777847290039, 17.125764846801758, 16.90283203125, 13.716418266296387, 7.38437557220459, 13.536720275878906, 5.211238384246826, 10.905888557434082, 7.453804969787598, 14.414691925048828, 8.8457612991333, 12.05895709991455, 7.069796562194824, 7.523446083068848, 10.884203910827637, 16.589340209960938, 16.209003448486328, 7.822686672210693, 14.06197738647461, 10.764152526855469, 18.698305130004883, 10.433971405029297, 8.207868576049805, 9.835379600524902, 14.123162269592285, 20.731157302856445, 9.809574127197266, 9.375754356384277, 5.043614387512207, 7.760560035705566, 5.90186882019043, 7.227982997894287, 14.81082820892334, 8.66234302520752, 6.940318584442139, 7.999947547912598, 6.54182767868042, 14.40819263458252, 8.004491806030273, 16.490718841552734, 10.773223876953125, 7.05004358291626, 14.100173950195312, 8.878005027770996, 7.829659461975098, 9.428200721740723, 7.749617576599121, 8.149105072021484, 8.916635513305664, 11.2772798538208, 9.274508476257324, 11.598227500915527, 9.791836738586426, 7.295573711395264, 10.522571563720703, 9.356121063232422, 10.321290969848633, 8.318460464477539, 9.718818664550781, 8.429106712341309, 5.834280014038086, 11.224442481994629, 14.90108871459961, 8.345977783203125, 6.998307704925537, 8.344866752624512, 9.547857284545898, 9.07308578491211, 8.542984008789062, 11.209502220153809, 7.1831464767456055, 12.89357852935791, 8.531622886657715, 7.674839973449707, 19.225996017456055, 16.672992706298828, 8.43043327331543, 17.05449676513672, 8.107123374938965, 14.86966609954834, 7.080116271972656, 6.960495471954346, 14.655878067016602, 8.148477554321289, 15.662836074829102, 9.109153747558594, 9.29576587677002, 9.730768203735352, 9.574324607849121, 9.081108093261719, 5.89072322845459, 9.644464492797852, 7.4711785316467285, 18.285429000854492, 9.113835334777832, 8.586267471313477, 8.299120903015137, 11.02844524383545, 9.861044883728027, 10.100799560546875, 8.171189308166504, 17.560094833374023, 10.122536659240723, 14.562542915344238, 8.105244636535645, 11.621272087097168, 10.33028793334961, 9.46082592010498, 13.286979675292969, 17.527631759643555, 13.133217811584473, 9.7168550491333, 10.055561065673828, 7.694853782653809, 7.051229953765869, 11.325087547302246, 10.872233390808105, 8.122221946716309, 22.878664016723633, 13.974700927734375, 11.404611587524414, 9.85629653930664, 8.12977409362793, 8.413047790527344, 7.781365871429443, 6.51969575881958, 12.457752227783203, 8.860694885253906, 11.0199613571167, 8.847822189331055, 10.634536743164062, 10.796545028686523, 7.4620795249938965, 16.886247634887695, 13.187138557434082, 11.383780479431152, 9.101569175720215, 8.963295936584473, 6.899355888366699, 8.758729934692383, 21.352136611938477, 7.456444263458252, 8.993012428283691, 9.182478904724121, 9.363553047180176, 12.73818302154541, 6.918355941772461, 9.25556755065918, 8.961649894714355, 12.245001792907715, 7.719330787658691, 7.831962585449219, 9.887117385864258, 16.771272659301758, 7.684515953063965, 9.318215370178223, 14.093417167663574, 10.240585327148438, 19.762981414794922, 14.702592849731445, 9.606603622436523, 12.467466354370117, 8.133668899536133, 7.950909614562988, 6.823888301849365, 10.154708862304688, 9.288710594177246, 15.200563430786133, 7.589315414428711, 8.822135925292969, 10.030129432678223, 9.84661865234375, 6.160429954528809, 8.132792472839355, 8.44861888885498, 15.9201021194458, 8.664079666137695, 9.549001693725586, 10.021242141723633, 10.024758338928223, 15.4417142868042, 12.770072937011719, 19.630109786987305, 8.566991806030273, 16.521528244018555, 15.67223072052002, 9.858245849609375, 14.493006706237793, 15.41651439666748, 7.009109020233154, 10.063960075378418, 7.183622360229492, 6.84145975112915, 9.073667526245117, 21.591022491455078, 7.882691860198975, 8.842156410217285, 10.65921688079834, 8.216330528259277, 8.781700134277344, 7.851519584655762, 7.495773792266846, 16.577716827392578, 8.001547813415527, 7.240313529968262, 7.684624195098877, 15.149951934814453, 12.521255493164062, 12.037553787231445, 8.873746871948242, 9.392071723937988, 20.58387565612793, 8.18171501159668, 7.527205467224121, 11.195207595825195, 15.26659870147705, 7.285918235778809, 7.888949871063232, 7.08041524887085, 12.92164134979248, 9.885160446166992, 8.251059532165527, 19.634294509887695, 10.096366882324219, 7.55167293548584, 14.726327896118164, 19.834674835205078, 10.027497291564941, 7.4257354736328125, 11.695575714111328, 7.4287896156311035, 7.735283374786377, 8.902838706970215, 8.297761917114258, 6.464620113372803, 8.766255378723145, 7.812071323394775, 17.406204223632812, 15.910904884338379, 12.364954948425293, 6.175307750701904, 17.794815063476562, 9.726507186889648, 9.560750961303711, 6.205172061920166, 9.279643058776855, 14.896306037902832, 10.29934310913086, 10.622383117675781, 9.780009269714355, 14.27889347076416, 12.00675106048584, 4.95991849899292, 9.598877906799316, 8.828855514526367, 16.582788467407227, 8.157105445861816, 8.15145206451416, 8.409528732299805, 6.801934242248535, 9.440624237060547, 7.963255882263184, 6.160725116729736, 16.15608787536621, 9.07918930053711, 8.254273414611816, 9.793395042419434, 10.474641799926758, 8.7501859664917, 21.635927200317383, 7.75633430480957, 11.371220588684082, 16.3353328704834, 7.448258876800537, 10.75495433807373, 7.671354293823242, 6.151945114135742, 10.11555290222168, 8.517105102539062, 11.918933868408203, 9.687043190002441, 9.18063735961914, 10.509373664855957, 7.188312530517578, 9.657218933105469, 13.036408424377441, 8.55368709564209, 10.123137474060059, 20.838062286376953, 7.4519548416137695, 12.66985034942627, 6.811238765716553, 9.56203842163086, 6.693516254425049, 14.27745246887207, 7.378934383392334, 6.232504844665527, 9.396810531616211, 7.688326835632324, 10.717635154724121, 9.880660057067871, 8.01193618774414, 8.160594940185547, 8.633800506591797, 10.385283470153809, 15.66544246673584, 13.335585594177246, 10.921521186828613, 8.38233757019043, 8.897176742553711, 11.520211219787598, 21.146570205688477, 8.717178344726562, 15.42531967163086, 8.23494815826416, 9.017842292785645, 10.564982414245605, 7.127633094787598, 17.870594024658203, 21.73976707458496, 7.2996506690979, 10.409823417663574, 7.292234420776367, 11.088958740234375, 15.171998977661133, 9.063410758972168, 8.158050537109375, 11.293310165405273, 7.731926918029785, 7.884337425231934, 5.755114555358887, 7.62052059173584, 7.060234546661377, 10.395577430725098, 15.022421836853027, 7.658961772918701, 8.313339233398438, 14.959122657775879, 15.400379180908203, 9.339317321777344, 12.699308395385742, 9.160334587097168, 10.236638069152832, 11.814023971557617, 7.748922348022461, 10.109280586242676, 9.495959281921387, 6.121462345123291, 9.546887397766113, 8.558928489685059, 8.96733570098877, 7.81834077835083, 8.162199974060059, 8.796808242797852, 9.357499122619629, 7.882413387298584, 9.984537124633789, 9.768054008483887, 7.326168537139893, 8.764483451843262, 6.684968948364258, 8.527934074401855, 8.535909652709961, 14.958467483520508, 10.551480293273926, 9.438135147094727, 8.150891304016113, 7.77871036529541, 10.248255729675293, 9.7256441116333, 17.68954086303711, 7.432796955108643, 18.26520347595215, 10.2358980178833, 9.814593315124512, 7.0180535316467285, 7.027063846588135, 9.423364639282227, 11.390499114990234, 6.21187162399292, 21.45098304748535, 10.151721000671387, 9.507068634033203, 10.574095726013184, 7.985143661499023, 13.066306114196777, 11.870597839355469, 10.257197380065918, 15.780195236206055, 10.780816078186035, 8.553997993469238, 10.104205131530762, 8.188996315002441, 17.2021541595459, 5.809553623199463, 14.387446403503418, 9.272356033325195, 7.481448650360107, 6.508401870727539, 7.022402286529541, 19.010658264160156, 7.875636577606201, 9.46406078338623, 8.55055046081543, 9.343409538269043, 7.851921081542969, 6.392928123474121, 7.1222004890441895, 9.741013526916504, 12.016263008117676, 17.929800033569336, 12.199234008789062, 9.944500923156738, 7.475650310516357, 10.152891159057617, 8.495218276977539, 17.65937042236328, 7.871484756469727, 6.166426181793213, 15.930533409118652, 8.170713424682617, 9.212932586669922, 8.480548858642578, 5.461241245269775, 7.120091438293457, 12.348917007446289, 11.894011497497559, 10.717491149902344, 16.556217193603516, 7.011984348297119, 9.532196044921875, 7.792178630828857, 10.76165771484375, 6.270825386047363, 15.470988273620605, 8.121002197265625, 7.141509056091309, 8.842572212219238, 8.509805679321289, 7.698387622833252, 16.530534744262695, 6.357436180114746, 8.813837051391602, 10.626694679260254, 5.977146625518799, 10.407207489013672, 9.004488945007324, 7.005878925323486, 6.2299652099609375, 9.088388442993164, 10.17933177947998, 9.054208755493164, 13.61068344116211, 8.475443840026855, 16.057418823242188, 6.988116264343262, 13.528033256530762, 15.813262939453125, 9.244516372680664, 6.901901721954346, 20.649126052856445, 8.57701587677002, 7.75010347366333, 8.901888847351074, 14.683027267456055, 9.407803535461426, 7.420912265777588, 9.090370178222656, 9.602554321289062, 9.7824068069458, 7.151144504547119, 7.747696399688721, 16.218835830688477, 6.378382682800293, 9.175745964050293, 14.486587524414062, 7.965024471282959, 16.29950714111328, 11.944801330566406, 9.400177001953125, 8.930373191833496, 17.431631088256836, 9.299568176269531, 10.577531814575195, 9.94546890258789, 10.830257415771484, 14.948223114013672, 9.16491413116455, 15.698671340942383, 9.276904106140137, 9.712868690490723, 9.741021156311035, 10.193132400512695, 10.802611351013184, 5.756718158721924, 11.524555206298828, 9.75979995727539, 7.417404651641846, 10.71473217010498, 8.330231666564941, 9.35595703125, 8.229325294494629, 7.395655155181885, 9.088671684265137, 11.593179702758789, 10.548693656921387, 7.954698085784912, 9.551844596862793, 8.062698364257812, 8.689637184143066, 8.379267692565918, 13.631970405578613, 7.697760105133057, 8.466123580932617, 7.497986316680908, 7.568987846374512, 12.789285659790039, 8.194131851196289, 10.103973388671875, 15.577446937561035, 16.454959869384766, 10.25100040435791, 7.283963680267334, 6.92020320892334, 8.22010612487793, 11.494769096374512, 19.764259338378906, 11.456311225891113, 6.566157341003418, 9.814637184143066, 9.923890113830566, 9.16307258605957, 8.93763256072998, 7.520802974700928, 7.254695892333984, 8.207788467407227, 8.523456573486328, 5.660933017730713, 14.934364318847656, 9.61617374420166, 11.978495597839355, 9.544323921203613, 13.590147972106934, 7.229640960693359, 9.994959831237793, 13.56342887878418, 16.898488998413086, 9.62826156616211, 9.535989761352539, 8.182866096496582, 8.9971284866333, 9.28950309753418, 8.474311828613281, 16.646451950073242, 12.183870315551758, 8.69188404083252, 8.102067947387695, 7.040475368499756, 11.784415245056152, 8.975555419921875, 7.95681095123291, 16.17323875427246, 7.6543354988098145, 8.302103996276855, 9.722074508666992, 14.996304512023926, 11.26033878326416, 14.755688667297363, 7.885073184967041, 9.441832542419434, 6.706113815307617, 7.294325828552246, 14.634379386901855, 9.471901893615723, 8.035543441772461, 15.564414024353027, 10.096508026123047, 9.216949462890625, 6.312652587890625, 18.379714965820312, 6.903961658477783, 9.79468059539795, 16.092079162597656, 16.21569061279297, 8.75849437713623, 9.699505805969238, 10.58679485321045, 13.19996452331543, 9.34055233001709, 8.43869400024414, 8.431612014770508, 15.016899108886719, 7.500156879425049, 6.643840789794922, 9.254742622375488, 16.170398712158203, 8.187350273132324, 6.1347455978393555, 10.740986824035645, 10.618803024291992, 9.716876029968262, 6.6944732666015625, 7.527193069458008, 15.26729679107666, 8.02735710144043, 8.97731876373291, 9.131124496459961, 11.745658874511719, 7.50464391708374, 10.981033325195312, 10.204354286193848, 9.234598159790039, 8.876582145690918, 7.426517963409424, 12.748021125793457, 17.781208038330078, 8.231670379638672, 15.181687355041504, 9.184329986572266, 6.359775066375732, 9.604395866394043, 19.36252212524414, 8.054947853088379, 13.315446853637695, 11.629607200622559, 17.6789493560791, 8.816740036010742, 8.346189498901367, 9.460111618041992, 9.55773639678955, 10.421388626098633, 14.724515914916992, 7.646638870239258, 13.819103240966797, 11.86656665802002, 11.561744689941406, 7.146836757659912, 12.66916275024414, 9.834160804748535, 11.499543190002441, 6.6123247146606445, 8.17172622680664, 11.381729125976562, 7.450533390045166, 14.250343322753906, 9.156360626220703, 12.20711898803711, 8.689455032348633, 11.518314361572266, 11.556703567504883, 10.023110389709473, 6.458914279937744, 8.299406051635742, 13.617857933044434, 7.119974136352539, 6.608636379241943, 6.821345806121826, 8.649803161621094, 16.035619735717773, 8.457297325134277, 10.386961936950684, 19.574813842773438, 14.8519926071167, 10.085075378417969, 17.818754196166992, 8.386816024780273, 14.785296440124512, 8.769149780273438, 17.265457153320312, 9.130191802978516, 7.111161231994629, 14.941368103027344, 13.704069137573242, 7.555912494659424, 8.528596878051758, 8.096566200256348, 9.219136238098145, 14.075102806091309, 18.90352439880371, 9.433694839477539, 9.689105987548828, 15.66460132598877, 10.364151954650879, 7.305321216583252, 7.271819591522217, 7.259720802307129, 12.870731353759766, 7.240097999572754, 16.251760482788086, 8.895153045654297, 14.347755432128906, 9.244769096374512, 6.233525276184082, 8.225226402282715, 7.583739757537842, 9.939929008483887, 7.823134422302246, 9.389162063598633, 9.385167121887207, 8.945538520812988, 6.498114109039307, 8.907031059265137, 8.403326034545898, 10.18358039855957, 7.438414096832275, 11.05087661743164, 4.208649158477783, 6.596296310424805, 13.095569610595703, 6.591379165649414, 8.316924095153809, 9.652637481689453, 7.503695964813232, 10.269187927246094, 10.976953506469727, 8.528302192687988, 11.901127815246582, 9.986912727355957, 7.8627729415893555, 7.809768199920654, 8.281450271606445, 21.29766845703125, 7.274241924285889, 6.652228355407715, 7.260917663574219, 14.192474365234375, 8.367691040039062, 8.320629119873047, 8.313878059387207, 21.83304214477539, 7.710384368896484, 7.147237300872803, 13.536200523376465, 7.168008804321289, 16.551246643066406, 12.32522201538086, 10.151775360107422, 7.342573165893555, 4.149355411529541, 10.4093599319458, 13.919963836669922, 10.469149589538574, 16.132713317871094, 6.9308905601501465, 8.90648365020752, 14.940020561218262, 9.913835525512695, 17.100231170654297, 7.815485954284668, 7.808665752410889, 10.705215454101562, 8.410173416137695, 8.46391487121582, 7.062088966369629, 9.573626518249512, 9.351150512695312, 8.392359733581543, 7.195265769958496, 10.912515640258789, 11.42789077758789, 9.232227325439453, 6.559444904327393, 9.97855281829834, 11.062982559204102, 8.57952880859375, 8.095353126525879, 7.205316543579102, 7.918734550476074, 6.764203071594238, 10.349987030029297, 10.615995407104492, 16.400253295898438, 18.934303283691406, 11.755085945129395, 7.735030174255371, 12.701410293579102, 9.907363891601562, 10.712687492370605, 7.908370494842529, 20.042997360229492, 15.494650840759277, 17.860321044921875, 12.442037582397461, 6.658674716949463, 7.878421783447266, 7.995419025421143, 9.056183815002441, 9.658609390258789, 8.255369186401367, 16.77392578125, 18.10587501525879, 11.282272338867188, 7.573754787445068, 8.88573169708252, 15.069310188293457, 8.716657638549805, 8.491754531860352, 8.711211204528809, 22.540616989135742, 9.304296493530273, 9.340288162231445, 9.51952838897705, 9.181459426879883, 18.558881759643555, 8.528226852416992, 17.11742401123047, 18.18144416809082, 15.64844036102295, 12.10949993133545, 17.018810272216797, 8.552947998046875, 7.322600364685059, 8.684490203857422, 12.09619426727295, 13.441238403320312, 7.197266101837158, 5.06684684753418, 6.074315547943115, 7.132813930511475, 7.360915660858154, 7.597333908081055, 16.282682418823242, 5.5822343826293945, 8.676021575927734, 11.824137687683105, 8.744369506835938, 9.465752601623535, 10.375188827514648, 8.16777229309082, 11.996561050415039, 8.062545776367188, 9.518208503723145, 7.622964859008789, 8.49478816986084, 12.029571533203125, 7.453757286071777, 8.198472023010254, 6.355414867401123, 8.941672325134277, 10.446645736694336, 16.508508682250977, 7.292629241943359, 8.910835266113281, 11.37049388885498, 9.643569946289062, 9.275705337524414, 10.352803230285645, 8.48261547088623, 7.955650806427002, 9.176789283752441, 8.413506507873535, 7.835704803466797, 9.535354614257812, 9.349332809448242, 8.478534698486328, 9.36199951171875, 11.092122077941895, 8.50257682800293, 8.2356538772583, 11.037983894348145, 9.272408485412598, 8.74156379699707, 10.099284172058105, 8.205397605895996, 15.339431762695312, 5.791275978088379, 9.568714141845703, 17.35032081604004, 14.95102596282959, 12.690482139587402, 5.683631896972656, 7.93281364440918, 8.8886079788208, 8.816917419433594, 10.457600593566895, 9.434803009033203, 12.755941390991211, 7.710236549377441, 8.71882438659668, 7.713662624359131, 17.22719383239746, 14.5720796585083, 15.921483039855957, 17.37533187866211, 5.834414482116699, 11.027884483337402, 9.383371353149414, 9.662705421447754, 8.907671928405762, 7.61017370223999, 12.532464981079102, 13.600977897644043, 9.842659950256348, 6.610053539276123, 19.036575317382812, 9.16059684753418, 6.5585432052612305, 8.314626693725586, 9.858628273010254, 8.060331344604492, 19.39017105102539, 7.617011070251465, 6.423531532287598, 22.016080856323242, 10.964881896972656, 22.074260711669922, 8.350573539733887, 8.712037086486816, 14.354199409484863, 16.21369171142578, 8.204957962036133, 15.571517944335938, 7.0747294425964355, 8.535538673400879, 7.498911380767822, 12.13039779663086, 17.029869079589844, 7.34595251083374, 8.559314727783203, 9.581974029541016, 8.502938270568848, 6.551076889038086, 8.00277042388916, 9.098669052124023, 7.7608184814453125, 14.59852123260498, 7.596229553222656, 11.76056957244873, 21.288557052612305, 8.393559455871582, 6.102123737335205, 11.875748634338379, 11.022987365722656, 18.538808822631836, 8.126145362854004, 9.692679405212402, 13.56946086883545, 6.729482650756836, 21.915559768676758, 5.986855983734131, 10.117156982421875, 9.380033493041992, 9.585766792297363, 8.8076753616333, 7.259904861450195, 7.50246000289917, 9.207561492919922, 14.680110931396484, 14.46506404876709, 8.257708549499512, 7.91998815536499, 5.95458459854126, 9.697317123413086, 9.434562683105469, 8.462023735046387, 8.232967376708984, 6.613515853881836, 6.359886646270752, 10.00450325012207, 8.837287902832031, 8.439929962158203, 13.182657241821289, 6.089149475097656, 6.191726207733154, 8.867619514465332, 11.640904426574707, 12.242521286010742, 12.124896049499512, 7.004483222961426, 19.561077117919922, 12.091976165771484, 9.897244453430176, 5.497322082519531, 8.3163423538208, 16.060455322265625, 12.18384838104248, 20.18646812438965, 19.300703048706055, 8.092672348022461, 12.654407501220703, 11.625164985656738, 10.016403198242188, 12.284401893615723, 8.621039390563965, 13.774242401123047, 9.7285737991333, 11.203958511352539, 13.731341361999512, 10.050718307495117, 8.985677719116211, 9.540838241577148, 6.338011741638184, 10.032624244689941, 10.181109428405762, 12.256847381591797, 9.807745933532715, 7.124881744384766, 7.377632141113281, 8.668375968933105, 8.928579330444336, 14.539512634277344, 11.711230278015137, 15.758110046386719, 12.016873359680176, 14.832884788513184, 9.200910568237305, 9.201478958129883, 8.677715301513672, 10.301314353942871, 7.076136112213135, 5.309861660003662, 8.995573043823242, 8.417448997497559, 15.068558692932129, 6.68459415435791, 6.977911949157715, 10.668427467346191, 8.281756401062012, 9.297026634216309, 6.30802059173584, 7.323775291442871, 9.289802551269531, 16.771215438842773, 8.570423126220703, 6.304989337921143, 7.046115875244141, 7.948871612548828, 8.45811939239502, 10.193977355957031, 8.525918960571289, 9.879302024841309, 10.091043472290039, 7.4551520347595215, 14.00393009185791, 11.95410442352295, 9.07894229888916, 14.581390380859375, 5.587446212768555, 15.371074676513672, 9.451536178588867, 9.687300682067871, 16.227466583251953, 7.226587772369385, 9.33206558227539, 8.139413833618164, 8.104902267456055, 9.590309143066406, 8.699350357055664, 17.401630401611328, 9.023916244506836, 11.408355712890625, 10.192358016967773, 13.913491249084473, 9.108833312988281, 19.383256912231445, 11.494112968444824, 10.193560600280762, 7.987957954406738, 10.845830917358398, 6.8133955001831055, 9.641744613647461, 11.406888008117676, 9.047922134399414, 10.876435279846191, 11.295126914978027, 7.371891498565674, 14.20565414428711, 10.921844482421875, 7.167685031890869, 10.185490608215332, 8.628572463989258, 11.419381141662598, 20.75591278076172, 9.582605361938477, 6.564344882965088, 9.958074569702148, 14.062063217163086, 12.24958610534668, 9.20191478729248, 9.76741886138916, 8.734737396240234, 9.449304580688477, 8.694974899291992, 19.91012191772461, 9.267651557922363, 9.029326438903809, 9.729021072387695, 9.990437507629395, 12.15970516204834, 9.447378158569336, 7.217432022094727, 8.200082778930664, 17.410158157348633, 9.844535827636719, 10.021946907043457, 8.65382194519043, 16.69408416748047, 9.319646835327148, 8.476646423339844, 7.060109615325928, 9.225518226623535, 8.633662223815918, 5.4863200187683105, 7.599065780639648, 14.341268539428711, 13.514917373657227, 6.89067268371582, 12.550457000732422, 9.340110778808594, 9.698972702026367, 13.74259090423584, 16.390878677368164, 9.602249145507812, 18.70958709716797, 8.931480407714844, 9.777474403381348, 8.56386661529541, 7.238720417022705, 9.131301879882812, 11.527639389038086, 13.634096145629883, 10.831117630004883, 9.006021499633789, 16.127479553222656, 11.564586639404297, 10.40203857421875, 7.638073921203613, 21.847387313842773, 9.639315605163574, 7.766715049743652, 15.219087600708008, 8.890363693237305, 12.577245712280273, 6.5788397789001465, 9.128933906555176, 8.653400421142578, 18.235755920410156, 16.438451766967773, 7.411746025085449, 6.259147644042969, 8.506010055541992, 16.11872100830078, 11.328470230102539, 7.460521221160889, 19.939481735229492, 11.936245918273926, 7.500808238983154, 9.936416625976562, 6.630013942718506, 9.898693084716797, 10.208313941955566, 7.60231351852417, 6.85810661315918, 9.221024513244629, 14.947550773620605, 7.537971019744873, 16.049585342407227, 18.690654754638672, 15.570660591125488, 8.682828903198242, 10.623456954956055, 12.02584171295166, 8.993659019470215, 12.04932689666748, 14.986329078674316, 13.03054428100586, 9.40578556060791, 10.117491722106934, 7.451582908630371, 8.020864486694336, 11.46055793762207, 7.570562839508057, 7.147989273071289, 7.740054130554199, 8.66034984588623, 7.0947675704956055, 7.522078514099121, 9.228499412536621, 10.817142486572266, 5.949558734893799, 11.924225807189941, 7.935764312744141, 11.440975189208984, 5.651825904846191, 15.581933975219727, 6.859935760498047, 9.52142333984375, 11.29452896118164, 18.093143463134766, 9.675877571105957, 10.219350814819336, 10.6991548538208, 10.288979530334473, 10.338826179504395, 8.741148948669434, 14.534204483032227, 15.124716758728027, 9.83163070678711, 7.151069641113281, 15.03018856048584, 5.881902694702148, 7.692866325378418, 9.706803321838379, 13.147266387939453, 7.3392181396484375, 9.104520797729492, 9.214505195617676, 8.771429061889648, 9.112068176269531, 11.769830703735352, 8.827537536621094, 10.320505142211914, 9.264945983886719, 14.35094165802002, 15.949224472045898, 7.205714702606201, 20.17470932006836, 7.6714911460876465, 8.514050483703613, 9.190686225891113, 8.220780372619629, 10.880854606628418, 15.220409393310547, 7.988902568817139, 10.587383270263672, 17.484411239624023, 9.696019172668457, 9.094223976135254, 8.12346363067627, 7.20193338394165, 6.797192096710205, 16.67951202392578, 19.63447380065918, 9.133077621459961, 5.483859539031982, 12.009012222290039, 21.50579833984375, 8.387063026428223, 10.048625946044922, 6.2299981117248535, 12.555575370788574, 11.798418045043945, 8.859766006469727, 8.331777572631836, 9.412079811096191, 8.915970802307129, 8.670504570007324, 10.764893531799316, 6.529905319213867, 11.621570587158203, 8.891858100891113, 7.260149955749512, 17.856840133666992, 15.701322555541992, 9.999970436096191, 8.454874038696289, 15.359743118286133, 8.124900817871094, 5.81389045715332, 9.053847312927246, 16.32402229309082, 8.30729866027832, 8.586211204528809, 7.988476753234863, 6.423288822174072, 10.714262962341309, 8.670681953430176, 8.010319709777832, 7.1424150466918945, 9.989335060119629, 10.332440376281738, 17.120256423950195, 9.184638977050781, 14.790556907653809, 7.6078619956970215, 9.054455757141113, 12.165030479431152, 7.443390369415283, 9.275103569030762, 10.66795825958252, 14.432963371276855, 7.6134467124938965, 8.435638427734375, 9.762879371643066, 8.598214149475098, 8.765068054199219, 6.908330917358398, 10.353816032409668, 7.970941543579102, 10.448834419250488, 6.907159328460693, 8.1299467086792, 17.053512573242188, 8.760891914367676, 6.596552848815918, 20.38549041748047, 10.271140098571777, 11.096328735351562, 8.501242637634277, 7.985362529754639, 6.400002956390381, 8.648155212402344, 6.240036487579346, 15.473061561584473, 8.465605735778809, 11.424187660217285, 8.219306945800781, 16.795597076416016, 10.186116218566895, 16.071317672729492, 9.000810623168945, 5.060471534729004, 9.204566955566406, 6.723660945892334, 8.046900749206543, 13.035584449768066, 10.00147533416748, 13.734349250793457, 8.916158676147461, 8.629878044128418, 6.4973835945129395, 8.18193531036377, 8.404424667358398, 6.392932415008545, 9.494953155517578, 8.412700653076172, 9.077710151672363, 20.587642669677734, 8.418599128723145, 11.290943145751953, 15.550472259521484, 9.22585391998291, 9.351921081542969, 8.92102336883545, 8.420162200927734, 18.82394027709961, 11.85703182220459, 9.295330047607422, 9.399609565734863, 8.002737998962402, 7.253841876983643, 9.845381736755371, 4.925684928894043, 20.33205795288086, 17.645845413208008, 6.6248674392700195, 9.103400230407715, 15.300909996032715, 10.645596504211426, 10.230955123901367, 9.684087753295898, 17.5997314453125, 12.184471130371094, 9.073444366455078, 12.23701000213623, 7.927839756011963, 14.467290878295898, 8.629924774169922, 10.031203269958496, 15.29757308959961, 8.664539337158203, 9.129114151000977, 9.387351989746094, 7.011599540710449, 6.0772552490234375, 6.342807292938232, 11.694305419921875, 9.101495742797852, 17.329416275024414, 6.915848255157471, 8.5205659866333, 6.5858354568481445, 10.259839057922363, 17.459138870239258, 16.9691219329834, 7.223860263824463, 16.999427795410156, 11.399983406066895, 7.595692157745361, 9.569381713867188, 12.467501640319824, 9.662160873413086, 14.467684745788574, 8.839055061340332, 8.15284252166748, 9.433194160461426, 9.419404029846191, 16.974742889404297, 8.736756324768066, 8.452606201171875, 11.548707962036133, 6.01762580871582, 8.487862586975098, 8.017660140991211, 12.074361801147461, 7.232878684997559, 5.562076568603516, 11.805438041687012, 7.859889984130859, 11.566689491271973, 10.825127601623535, 11.179161071777344, 10.648591041564941, 8.064504623413086, 14.738847732543945, 6.991344928741455, 12.600384712219238, 8.4430570602417, 10.2792329788208, 8.258309364318848, 11.65578556060791, 6.0210442543029785, 9.923360824584961, 10.034772872924805, 10.576457023620605, 9.553837776184082, 10.199329376220703, 12.891830444335938, 17.00979232788086, 8.519344329833984, 16.333412170410156, 10.168207168579102, 9.04533863067627, 10.319864273071289, 7.257927894592285, 9.554694175720215, 10.031807899475098, 22.991361618041992, 15.095383644104004, 13.24616527557373, 12.702320098876953, 7.893457889556885, 9.557114601135254, 14.786844253540039, 6.696617126464844, 9.256598472595215, 21.13650894165039, 8.362199783325195, 5.278912544250488, 7.34721565246582, 9.593629837036133, 19.895832061767578, 9.679383277893066, 14.245298385620117, 12.015353202819824, 8.043600082397461, 10.368705749511719, 9.102664947509766, 9.668992042541504, 8.61904239654541, 10.313904762268066, 11.771703720092773, 7.641582489013672, 9.053128242492676, 8.59445858001709, 7.108163833618164, 10.06115436553955, 7.75413179397583, 7.916483402252197, 9.875140190124512, 7.349638938903809, 9.000429153442383, 15.612737655639648, 8.290142059326172, 10.543854713439941, 6.105859756469727, 10.68174934387207, 6.89156436920166, 10.286428451538086, 19.237232208251953, 6.12591552734375, 5.188738822937012, 14.263631820678711, 14.212947845458984, 9.924736022949219, 6.718621730804443]
Cosines similarity random samples
[0.5757454633712769, 0.84181147813797, 0.7041139602661133, 0.672152042388916, 0.5999261736869812, 0.845209538936615, 0.03642776608467102, 0.12540659308433533, -0.21801941096782684, 0.6660161018371582, 0.745529294013977, 0.04455745965242386, 0.5496207475662231, 0.6868556141853333, 0.8105586171150208, 0.8070698380470276, 0.22634395956993103, 0.6196995377540588, -0.08146465569734573, 0.4392639696598053, 0.09684604406356812, 0.2809513211250305, 0.6194779872894287, 0.6683005094528198, 0.649086594581604, 0.7425838112831116, 0.16374647617340088, 0.5746605396270752, 0.4403659999370575, 0.6620824337005615, 0.7178613543510437, -0.7002699375152588, 0.3669496774673462, 0.6355613470077515, 0.5916560888290405, 0.6075277924537659, 0.6540240049362183, 0.7574220895767212, 0.6916325092315674, 0.47103673219680786, -0.11920520663261414, 0.2793564200401306, 0.6659283638000488, 0.9145802855491638, -0.6165497899055481, 0.7394030690193176, 0.7886688709259033, 0.7244638204574585, 0.798264741897583, 0.6139830946922302, -0.050508443266153336, 0.585917055606842, 0.2902076542377472, -0.037267111241817474, 0.7896050214767456, 0.347365140914917, 0.7985129356384277, 0.7223418354988098, 0.5840511322021484, 0.35795021057128906, 0.7913925647735596, 0.6691223382949829, -0.2848852872848511, 0.6693102121353149, 0.6319178342819214, 0.6545619964599609, 0.31668758392333984, 0.584850549697876, 0.7321956157684326, 0.7222647666931152, 0.7251520752906799, 0.6967620253562927, 0.71788489818573, 0.6406069993972778, 0.6080728769302368, 0.5288407206535339, 0.00033111870288848877, 0.7218260765075684, 0.5374438762664795, 0.6523134112358093, 0.7563165426254272, 0.6259155869483948, 0.7600765228271484, 0.6113388538360596, 0.27803534269332886, 0.6908494234085083, 0.6273033022880554, 0.49479371309280396, 0.7608389854431152, 0.69393390417099, 0.7398418188095093, 0.6065001487731934, 0.09502168744802475, 0.7645094394683838, 0.6816827058792114, 0.7923447489738464, 0.04724273085594177, 0.3129739463329315, 0.7395676374435425, 0.739962637424469, 0.8067612648010254, 0.7636642456054688, -0.0868184044957161, 0.7970249652862549, -0.7387223243713379, 0.7588773369789124, 0.7434203624725342, 0.6859750747680664, -0.76088547706604, 0.6721486449241638, 0.7205178737640381, 0.6887156963348389, 0.6159302592277527, 0.7124041318893433, 0.2597215175628662, 0.710468590259552, 0.8400599956512451, 0.7270132303237915, 0.6503393650054932, 0.6920614242553711, 0.724807620048523, 0.6079112887382507, 0.4990275800228119, 0.6985144019126892, -0.16090364754199982, 0.6037824153900146, 0.611628532409668, 0.6541440486907959, 0.7620248794555664, 0.7625948786735535, 0.737587571144104, 0.5289968252182007, 0.6186045408248901, 0.7779182195663452, 0.879997730255127, 0.7909497618675232, 0.6385122537612915, -0.1869766265153885, 0.4548147916793823, 0.6460137367248535, 0.7735515832901001, 0.5678271055221558, 0.6659496426582336, 0.6970541477203369, 0.8162788152694702, 0.7965351343154907, 0.06482519954442978, 0.7406759262084961, 0.7366477847099304, 0.8608184456825256, 0.35424721240997314, -0.22051917016506195, -0.44473403692245483, 0.6629670858383179, 0.7924227118492126, 0.6928277015686035, 0.6212565302848816, 0.7592107057571411, 0.611060380935669, 0.6423745155334473, 0.6334692239761353, 0.6783773303031921, 0.5951988697052002, 0.7084976434707642, 0.6423748731613159, 0.8078063130378723, 0.7320732474327087, 0.879222571849823, -0.1573026478290558, 0.602179229259491, 0.14378638565540314, 0.2561320662498474, 0.4681457281112671, 0.597006618976593, 0.6668201684951782, 0.8463796377182007, 0.7064546942710876, -0.08405792713165283, 0.634039044380188, 0.7017717361450195, 0.18702968955039978, 0.3031848669052124, 0.6218729019165039, 0.7754275798797607, 0.11168856918811798, 0.6270051002502441, 0.6558684706687927, 0.3956448435783386, 0.2740873694419861, 0.7740473747253418, 0.7975795865058899, 0.7771005630493164, 0.5827290415763855, 0.7217051386833191, 0.5877783894538879, 0.7849118709564209, 0.5939340591430664, -0.20703232288360596, 0.2605360150337219, 0.8441015481948853, 0.5205898284912109, 0.7732158303260803, 0.6762933731079102, 0.6588297486305237, -0.5806007385253906, -0.11622858047485352, 0.6883174180984497, 0.5260241031646729, 0.395641565322876, 0.5920450687408447, 0.6398937702178955, 0.5579783916473389, 0.5104203224182129, 0.8567346334457397, 0.6216318011283875, 0.7198426127433777, 0.7689651846885681, 0.6786391735076904, 0.6880990266799927, 0.6702746152877808, 0.7619807720184326, 0.7344955801963806, 0.6098198890686035, 0.843277633190155, 0.5609903931617737, -0.07786080241203308, 0.6522148847579956, 0.2170860767364502, 0.7542856335639954, 0.6194939017295837, -0.17831933498382568, 0.7846131324768066, 0.7348852157592773, 0.7403746247291565, 0.7106097936630249, 0.6571825742721558, 0.6080100536346436, 0.7916321754455566, 0.5649452209472656, 0.6549391746520996, 0.9356633424758911, 0.7565853595733643, 0.7876062393188477, 0.5790649652481079, 0.5481127500534058, 0.6368147730827332, 0.705070972442627, 0.6343258023262024, -0.7346194982528687, 0.8126322031021118, 0.3569895625114441, -0.7428919076919556, 0.7501422762870789, 0.7018312215805054, 0.720281720161438, 0.8773175477981567, 0.7149593234062195, 0.6822107434272766, 0.655243456363678, 0.8071684241294861, 0.6806421279907227, 0.5732306241989136, 0.2761954665184021, 0.7238771319389343, 0.6285626292228699, 0.7231062054634094, 0.8059033155441284, 0.6183823943138123, 0.7359585762023926, 0.3923468589782715, 0.858703076839447, 0.2652187943458557, 0.284823477268219, 0.6636210083961487, 0.5959486961364746, 0.7050395011901855, 0.6715520620346069, 0.24762584269046783, 0.7686551809310913, 0.3412908613681793, 0.7769066095352173, 0.6153583526611328, 0.7429100871086121, 0.5528308153152466, 0.7434200048446655, 0.44794905185699463, 0.12389349192380905, 0.5536772608757019, 0.6748059988021851, 0.7273058891296387, 0.07730717211961746, -0.08975303173065186, 0.18346644937992096, 0.28720760345458984, 0.7962065935134888, 0.7738125324249268, 0.7487252950668335, 0.7803659439086914, 0.8244795799255371, 0.727500855922699, 0.6861701011657715, 0.8416233658790588, 0.4796251952648163, 0.5065053105354309, 0.8370795845985413, 0.6447917222976685, 0.641531229019165, 0.6435099840164185, 0.8145396709442139, 0.6732010245323181, 0.5714178085327148, 0.3797488510608673, -0.5678251385688782, 0.6814092397689819, 0.8123522400856018, 0.9200551509857178, 0.6222459077835083, 0.5973491668701172, 0.6077066659927368, -0.07661242038011551, 0.7100495100021362, 0.5129321217536926, 0.22730514407157898, 0.5091900825500488, 0.7570123672485352, 0.8279744386672974, 0.7671835422515869, 0.8580055236816406, 0.7924433946609497, -0.2241772711277008, -0.0867157131433487, 0.7950685024261475, 0.600157618522644, 0.6706671118736267, 0.731188178062439, 0.7995215654373169, 0.7770612835884094, 0.7309516668319702, 0.7018145322799683, 0.6546635627746582, 0.5024356842041016, 0.02357015758752823, 0.8174607753753662, 0.6187653541564941, 0.6936451196670532, 0.6874836683273315, 0.6975116729736328, 0.8628508448600769, 0.6381441950798035, 0.6491596698760986, 0.6746361255645752, 0.7433364987373352, -0.1342906504869461, 0.7896471619606018, 0.6987128853797913, 0.3703586757183075, 0.1766916811466217, 0.7730556726455688, 0.43406248092651367, 0.7622039318084717, -0.6880823373794556, 0.6588570475578308, 0.26897794008255005, 0.4125309884548187, 0.6529781222343445, 0.6997606754302979, 0.771655261516571, 0.09856819361448288, 0.7011666297912598, -0.04513872414827347, 0.2373436540365219, 0.22432522475719452, 0.8878514170646667, 0.7467547655105591, 0.2380181849002838, 0.7887532711029053, 0.16091343760490417, 0.6208692789077759, 0.8893222212791443, 0.21815179288387299, 0.7262029647827148, 0.15505263209342957, 0.6347498893737793, 0.3185262084007263, 0.8165855407714844, 0.8033244609832764, 0.2717692255973816, 0.3149551451206207, 0.2912139296531677, 0.6817518472671509, 0.6924926042556763, 0.09015549719333649, 0.6080571413040161, 0.6159006953239441, 0.6302547454833984, 0.6670328378677368, 0.5185406804084778, 0.6457309722900391, 0.48098045587539673, 0.6747006177902222, 0.6669347286224365, 0.5701084136962891, 0.6539570689201355, 0.7694908380508423, 0.5087664127349854, 0.8156073093414307, 0.7517498731613159, -0.15108683705329895, 0.5795519351959229, 0.8086076378822327, 0.3819274306297302, 0.7734291553497314, 0.6622350215911865, 0.812419056892395, 0.7746875286102295, 0.5647521615028381, 0.65840083360672, 0.8135409951210022, 0.19488102197647095, 0.4049875736236572, 0.6793801784515381, 0.6478124856948853, -0.12630794942378998, 0.6713711619377136, -0.5867565870285034, -0.2516133785247803, 0.13195490837097168, 0.19263668358325958, 0.7959333062171936, 0.2562428116798401, 0.8912534713745117, 0.5718940496444702, 0.7852877378463745, 0.30004772543907166, 0.6693885922431946, 0.43652772903442383, 0.8138424158096313, 0.800826907157898, 0.5364909172058105, -0.15643613040447235, 0.13160601258277893, 0.7595765590667725, 0.2733438014984131, 0.5554802417755127, -0.426780104637146, 0.5999735593795776, 0.7042683362960815, 0.6306711435317993, 0.2386210858821869, -0.5318414568901062, 0.6379035115242004, 0.6675023436546326, 0.9005886316299438, 0.7707676887512207, 0.8596060276031494, 0.803284764289856, 0.2991965413093567, 0.7001283168792725, 0.8055752515792847, 0.7295976877212524, 0.8400592803955078, 0.286895215511322, 0.7562134265899658, -0.03782302141189575, 0.5254765152931213, 0.8135505318641663, 0.2693662643432617, 0.7024887204170227, 0.7530938386917114, 0.6522876620292664, 0.7431014180183411, 0.7418970465660095, 0.6879227757453918, 0.47428643703460693, 0.6897042989730835, 0.503328800201416, 0.572217583656311, 0.7956427931785583, 0.5828053951263428, 0.658305287361145, 0.6406055688858032, 0.7284042239189148, 0.6125134825706482, 0.7332054972648621, 0.8654619455337524, 0.45668309926986694, 0.297604501247406, 0.7304165363311768, 0.7996551990509033, 0.712371289730072, 0.6609461903572083, 0.6832799315452576, 0.7502830624580383, 0.4884082078933716, 0.800765335559845, 0.3584168255329132, 0.6816786527633667, 0.7650395631790161, -0.5349354147911072, 0.047606341540813446, 0.7227581143379211, -0.13856875896453857, 0.7042504549026489, 0.15070778131484985, 0.7954103946685791, 0.8181192278862, 0.2558595538139343, 0.7295883297920227, 0.16290970146656036, 0.6284977793693542, 0.6352986693382263, 0.6354297995567322, 0.6477916240692139, 0.6767252087593079, 0.8751811981201172, 0.6575115919113159, 0.7872934341430664, -0.2942277193069458, 0.7080747485160828, 0.7168402671813965, 0.7176547050476074, 0.5435298085212708, 0.6446285247802734, 0.6289675831794739, 0.7628307342529297, -0.019972018897533417, 0.6417723298072815, 0.23744697868824005, 0.7427646517753601, 0.40883368253707886, 0.5968598127365112, 0.6309890151023865, 0.37183475494384766, -0.07460929453372955, 0.3268921971321106, 0.6208654642105103, 0.6389338374137878, 0.7977666854858398, 0.8211110830307007, 0.43985483050346375, 0.5445419549942017, 0.7740025520324707, -0.7446019649505615, 0.33705973625183105, 0.5028281807899475, 0.6112778782844543, 0.7256090641021729, 0.7493840456008911, 0.7841618657112122, 0.8283172845840454, 0.40790969133377075, 0.6721286773681641, 0.528854489326477, 0.6984307169914246, 0.5149253606796265, 0.5416550636291504, 0.7843018770217896, 0.06325742602348328, 0.3699035942554474, 0.4951851963996887, 0.6689634919166565, 0.7183024883270264, 0.8035945296287537, 0.6863293647766113, -0.6801847219467163, 0.795536994934082, 0.7107881903648376, 0.6344658136367798, 0.6693975925445557, 0.37000030279159546, 0.8039145469665527, 0.6725335121154785, 0.6844914555549622, 0.4869256913661957, 0.7696287631988525, 0.7474231123924255, 0.5233278274536133, -0.09919484704732895, 0.7556071877479553, 0.650793194770813, 0.23321928083896637, 0.5974153876304626, -0.42088568210601807, 0.28875547647476196, 0.6619701981544495, 0.3782230019569397, 0.7378406524658203, 0.7624378800392151, 0.8214467763900757, 0.5984857082366943, 0.6605149507522583, 0.22264507412910461, 0.770531415939331, 0.6980928182601929, 0.5837194919586182, 0.6515929102897644, 0.8661061525344849, 0.7389345765113831, 0.7270727157592773, 0.032169826328754425, 0.6996645927429199, 0.6454626321792603, 0.6353093385696411, 0.6090724468231201, 0.19366036355495453, 0.4253596067428589, -0.6123095750808716, 0.7174753546714783, 0.1236901730298996, 0.1058935672044754, 0.6260458827018738, 0.28431323170661926, 0.053189441561698914, 0.8244706392288208, 0.5558657050132751, 0.8117753267288208, 0.8170050382614136, 0.6876590251922607, -0.6484033465385437, 0.7480752468109131, 0.7069206237792969, 0.5352157950401306, 0.733986496925354, 0.6922208070755005, 0.798053503036499, 0.7821468114852905, 0.08918476104736328, 0.775156557559967, 0.8053486943244934, 0.7744659185409546, 0.2307337522506714, 0.3802405595779419, 0.4283981919288635, 0.6856580972671509, 0.6359649896621704, -0.6747384667396545, 0.7492139339447021, 0.7848291397094727, 0.4984146058559418, 0.08801041543483734, 0.8268267512321472, 0.7550610303878784, 0.8077646493911743, 0.3668231964111328, 0.6193352341651917, 0.7278902530670166, -0.5781968832015991, 0.6004239320755005, 0.795801043510437, 0.26814159750938416, -0.17205022275447845, 0.6421019434928894, 0.7839897871017456, 0.4874659776687622, 0.8028233647346497, 0.7807244062423706, 0.7026453018188477, 0.7335572838783264, 0.8431617021560669, 0.7000560164451599, 0.771257758140564, -0.14722931385040283, 0.11624899506568909, 0.45409560203552246, 0.8490579724311829, -0.05839955061674118, 0.6126947402954102, 0.6747473478317261, 0.858832597732544, 0.6727691292762756, 0.30292609333992004, 0.6445000171661377, 0.5724641680717468, 0.6286309957504272, 0.2031051218509674, 0.4555978775024414, 0.9135020971298218, 0.6568967700004578, 0.6968030333518982, -0.03443354368209839, 0.7396464347839355, 0.7456369400024414, 0.7355740666389465, 0.8334319591522217, 0.6562947630882263, 0.7470533847808838, 0.841509222984314, 0.11665595322847366, 0.6919945478439331, 0.7324161529541016, 0.6753460764884949, 0.5792901515960693, 0.6999915242195129, -0.688607931137085, 0.7747094631195068, 0.5258417129516602, 0.19386424124240875, 0.8003531694412231, 0.5268493890762329, 0.7766616344451904, 0.8626475930213928, 0.6353309154510498, 0.706313967704773, 0.41986045241355896, 0.6526997685432434, 0.6680870652198792, 0.49590080976486206, 0.7835624814033508, 0.6481612920761108, 0.37420040369033813, 0.7301098108291626, 0.6124966144561768, -0.5736297369003296, 0.8056542873382568, 0.45505285263061523, 0.8222126364707947, 0.6457237005233765, 0.8232297897338867, 0.2972949743270874, 0.7992919683456421, 0.8584832549095154, 0.6354098320007324, 0.8038879632949829, 0.5376227498054504, 0.5995775461196899, 0.7447155714035034, 0.733557939529419, 0.7275400161743164, 0.5879827737808228, 0.17813172936439514, 0.3632039427757263, 0.5096324682235718, 0.7070202231407166, 0.7116461992263794, 0.4373495578765869, -0.6191136837005615, 0.7159094214439392, 0.12321649491786957, 0.7566598057746887, 0.6757163405418396, 0.5812379121780396, 0.8161298632621765, -0.20418201386928558, -0.6830313801765442, 0.7860057353973389, 0.6398131847381592, 0.8181391954421997, 0.4656158685684204, 0.26746633648872375, 0.6896737813949585, 0.7195217609405518, 0.5062121748924255, 0.7644295692443848, 0.7660962343215942, 0.8713858723640442, 0.7463275194168091, 0.788124680519104, 0.6068294048309326, 0.03825629875063896, 0.7858750820159912, 0.7012580037117004, 0.22131893038749695, 0.29144957661628723, 0.6783393621444702, 0.45189788937568665, 0.6937863826751709, 0.603966236114502, 0.46356382966041565, 0.7524101734161377, 0.5716740489006042, 0.6568643450737, 0.8556435704231262, 0.6361932158470154, 0.7100834846496582, 0.6982448101043701, 0.7801900506019592, 0.7724324464797974, 0.6898702383041382, 0.6656551361083984, 0.760507345199585, 0.6465979814529419, 0.6256752610206604, 0.7725217342376709, 0.704145073890686, 0.8341633081436157, 0.7156005501747131, 0.7307649254798889, 0.21111977100372314, 0.570441484451294, 0.6654561758041382, 0.7677847146987915, 0.7798064947128296, 0.5929220914840698, 0.6375842690467834, -0.20636123418807983, 0.7917332649230957, -0.2690161168575287, 0.5683531761169434, 0.6313496232032776, 0.802320122718811, 0.8121750354766846, 0.6570397019386292, 0.5391616821289062, 0.8480761647224426, -0.6701551675796509, 0.6329795122146606, 0.6646453738212585, 0.6001462936401367, 0.7581163048744202, 0.39867815375328064, 0.44103139638900757, 0.5949552059173584, 0.035750798881053925, 0.5154092311859131, 0.720813512802124, 0.5869861841201782, 0.7437654137611389, -0.002552911639213562, 0.8595683574676514, 0.1335592120885849, 0.6731985211372375, 0.767894983291626, 0.8312904834747314, 0.8144868016242981, -0.20415784418582916, 0.763660192489624, 0.6520101428031921, 0.6827496290206909, 0.6730474233627319, 0.7712702751159668, 0.8540023565292358, 0.7986443042755127, 0.6273020505905151, 0.47402846813201904, -0.47683268785476685, 0.4341757297515869, 0.6256303191184998, 0.7647682428359985, 0.6063182353973389, 0.7452433705329895, -0.09668949246406555, 0.727873682975769, 0.8531423211097717, 0.05705125629901886, 0.7495293021202087, 0.6754633188247681, 0.702579140663147, 0.8771906495094299, 0.7980553507804871, 0.4093225598335266, 0.4066011309623718, 0.4856274724006653, -0.0028789788484573364, 0.8177101016044617, 0.6536027789115906, 0.7502371072769165, 0.5536689758300781, 0.8576093912124634, 0.02009601891040802, 0.732804000377655, 0.8140626549720764, 0.714981198310852, 0.719953715801239, 0.7642701864242554, 0.10820942372083664, 0.8539555072784424, 0.7016900777816772, 0.5371948480606079, 0.8631357550621033, 0.6242351531982422, 0.6805193424224854, 0.8099412322044373, 0.8433361649513245, 0.7037284970283508, 0.5989993810653687, 0.7079646587371826, 0.3848310112953186, 0.7275209426879883, 0.06594027578830719, 0.8219536542892456, 0.30697131156921387, 0.16290411353111267, 0.6617052555084229, 0.8232905864715576, -0.32580041885375977, 0.7441697120666504, 0.7795034646987915, 0.6691851615905762, 0.2694358229637146, 0.6852467060089111, 0.7757472991943359, 0.6779078245162964, 0.6684274077415466, 0.5857067108154297, 0.7799773812294006, 0.7818858623504639, 0.12843206524848938, 0.8307269811630249, 0.6640795469284058, 0.176128089427948, 0.717727541923523, -0.04563051089644432, 0.4254881739616394, 0.6326231956481934, 0.7181175947189331, -0.014094393700361252, 0.6740759015083313, 0.5918245315551758, 0.6361146569252014, 0.5077522993087769, 0.2710726261138916, 0.709060549736023, 0.1971234828233719, 0.6877083778381348, 0.5893288850784302, 0.6515176296234131, 0.6246902346611023, 0.5732887387275696, 0.8634154796600342, 0.4861951768398285, 0.6533413529396057, 0.7936798930168152, 0.6034256219863892, 0.7569133043289185, 0.6809834241867065, 0.7384719848632812, 0.7958776950836182, 0.6334428787231445, 0.4640859365463257, 0.6003068685531616, 0.7645498514175415, 0.6512888669967651, 0.7758702039718628, 0.6990034580230713, 0.7227546572685242, 0.4226536750793457, 0.7773099541664124, 0.7209569215774536, 0.7797902822494507, 0.7679728269577026, 0.41383111476898193, 0.7123584747314453, 0.5793839693069458, 0.11811083555221558, 0.15217405557632446, 0.6273297071456909, 0.7896485924720764, 0.7961710691452026, 0.7726091146469116, 0.3742825388908386, -0.4435248374938965, 0.4406730830669403, 0.8416317105293274, 0.6693035364151001, 0.6130475997924805, 0.631327211856842, 0.6257345676422119, 0.8054723739624023, 0.8054105043411255, 0.7285981178283691, 0.7323223352432251, 0.8703805208206177, 0.248590350151062, 0.6680929660797119, 0.40842872858047485, 0.6371195316314697, 0.3361881971359253, 0.8021946549415588, 0.6068785786628723, 0.2595703601837158, 0.05600907653570175, 0.6292617917060852, 0.6541855931282043, 0.7253164052963257, 0.6914425492286682, 0.6654462814331055, 0.7294613122940063, 0.09383179992437363, 0.4422956705093384, 0.7439749836921692, 0.7326502799987793, 0.8030258417129517, 0.47555115818977356, 0.6921128034591675, 0.7636189460754395, 0.19994959235191345, 0.7614209651947021, 0.7372682690620422, 0.6380050182342529, 0.2013884037733078, 0.5216822624206543, 0.2546416223049164, 0.752377986907959, 0.6875870823860168, 0.8150930404663086, 0.7731834053993225, 0.12324288487434387, 0.6498216986656189, 0.7504842877388, 0.10922946035861969, 0.5960177183151245, 0.6634546518325806, 0.8494268655776978, -0.17170560359954834, 0.8058387637138367, 0.627637505531311, 0.12463635951280594, 0.11885048449039459, 0.700300931930542, 0.6487330794334412, 0.6306868195533752, 0.3863672614097595, 0.691786527633667, 0.7399964332580566, 0.7189592123031616, 0.24649839103221893, 0.7754384279251099, 0.8328664302825928, 0.6943134069442749, 0.07618749886751175, 0.7363646030426025, 0.8543493747711182, 0.5249832272529602, 0.5034433007240295, 0.6248931288719177, 0.8245083093643188, 0.7798041105270386, 0.22084176540374756, 0.7508711814880371, 0.646025538444519, 0.7088114023208618, 0.481745183467865, 0.7934232354164124, 0.5833240747451782, 0.628470242023468, 0.6997666954994202, 0.705052375793457, 0.7816042304039001, 0.4272000193595886, -0.10655492544174194, 0.7390884757041931, 0.1576794981956482, 0.6988657712936401, 0.8292516469955444, 0.6187065243721008, -0.2642812728881836, 0.7563567161560059, 0.31003624200820923, 0.48216599225997925, -0.14514915645122528, 0.6460398435592651, 0.7620354890823364, 0.6777209043502808, 0.6865977048873901, 0.5855543613433838, 0.35685598850250244, 0.7795189619064331, 0.3143634796142578, 0.4202122688293457, 0.5040741562843323, 0.8097462058067322, 0.4422488212585449, 0.6309720277786255, 0.4634769558906555, 0.8278419971466064, 0.7164521813392639, 0.47363248467445374, 0.8066569566726685, 0.3047841489315033, 0.6375839114189148, 0.43437284231185913, 0.7372656464576721, 0.47600850462913513, 0.5103728771209717, 0.6085958480834961, 0.8452397584915161, 0.7080654501914978, 0.3111729621887207, 0.7732517719268799, 0.8088207244873047, 0.8093596696853638, 0.7162700891494751, 0.06514868140220642, 0.7408656477928162, 0.5520353317260742, -0.520866870880127, 0.4904977083206177, 0.5911539793014526, -0.08508414775133133, 0.7197721004486084, 0.23105113208293915, 0.699508547782898, -0.15195930004119873, 0.6985333561897278, 0.7951881885528564, 0.09552136063575745, 0.37324532866477966, 0.7800788283348083, 0.7076932191848755, 0.7460148930549622, 0.6770731806755066, 0.299410879611969, -0.23180946707725525, 0.6407024264335632, 0.6600764989852905, 0.21408122777938843, 0.6398254036903381, 0.7907387614250183, 0.796464741230011, 0.7794786691665649, 0.3267260789871216, 0.8046168088912964, -0.0062636807560920715, 0.6730709671974182, 0.2997332513332367, 0.6919351816177368, 0.8437366485595703, 0.7425035238265991, 0.7739498615264893, 0.6572721600532532, 0.7611091136932373, 0.6743096113204956, 0.6544008851051331, 0.6951270699501038, 0.8377169370651245, 0.6856088638305664, 0.7353914380073547, 0.6136288642883301, 0.7857942581176758, 0.5312478542327881, 0.9303306937217712, 0.8287018537521362, 0.4001455307006836, 0.8276861906051636, 0.7440365552902222, 0.6254335641860962, 0.7792357206344604, 0.6502971649169922, 0.5381671190261841, 0.7061532735824585, 0.48845189809799194, 0.6034232378005981, 0.7776221036911011, 0.7657031416893005, 0.7354053258895874, -0.7032532691955566, 0.7963967323303223, 0.8600157499313354, 0.8130746483802795, 0.20214125514030457, 0.7169998288154602, 0.7376844882965088, 0.7353551983833313, -0.2437293976545334, 0.7786970138549805, 0.8016189932823181, 0.3465316891670227, 0.783212423324585, 0.07262488454580307, 0.456073522567749, 0.5600396990776062, 0.799017071723938, 0.9310942888259888, 0.5802645683288574, 0.343807578086853, 0.5699867606163025, 0.00854366272687912, 0.8217126131057739, 0.6776124835014343, 0.15147706866264343, 0.6345474720001221, -0.12955930829048157, 0.7414804697036743, 0.7668365240097046, 0.49397847056388855, 0.7300261855125427, 0.7341843843460083, 0.805824875831604, 0.6672177314758301, 0.6801766157150269, 0.7266077995300293, 0.8156331777572632, 0.5423344373703003, 0.44044721126556396, 0.6639736294746399, 0.8445667028427124, 0.6294731497764587, 0.5144380331039429, 0.7438199520111084, 0.7384752631187439, 0.7952651977539062, 0.7558034658432007, 0.8360065817832947, 0.6004965305328369, 0.5218721032142639, 0.12568005919456482, -0.5832106471061707, 0.49922412633895874, 0.7723929286003113, 0.39882534742355347, 0.5921833515167236, 0.4579310417175293, 0.7529946565628052, -0.592938244342804, 0.23976171016693115, -0.09112580865621567, 0.3731374144554138, 0.8370816707611084, 0.7758708596229553, 0.7262265086174011, 0.666083812713623, 0.6246051788330078, 0.7079572081565857, -0.05975203961133957, -0.014876827597618103, 0.522521436214447, 0.7630218267440796, 0.709969162940979, 0.029362604022026062, 0.6969186663627625, 0.7343955039978027, 0.6849714517593384, -0.6582885980606079, 0.6675857305526733, 0.6552975177764893, 0.6618474125862122, 0.6893815994262695, -0.2836839258670807, 0.7194074988365173, 0.05547575652599335, -0.04567904770374298, 0.15035474300384521, 0.43523135781288147, -0.05792213976383209, 0.7130141258239746, 0.7926146984100342, 0.7184164524078369, 0.45267415046691895, 0.2752167582511902, 0.8133600354194641, 0.9014471769332886, 0.8740723133087158, 0.8113495707511902, 0.7994348406791687, 0.7767028212547302, 0.18641658127307892, 0.8829964399337769, 0.7209883332252502, 0.4458513557910919, 0.7074815034866333, 0.5703869462013245, 0.5614667534828186, 0.7534900903701782, 0.4131133258342743, 0.7578817009925842, 0.6465228796005249, 0.7752913236618042, 0.7321156859397888, 0.3898075819015503, 0.7769273519515991, 0.737440824508667, 0.8465737104415894, 0.6844010353088379, 0.5604752898216248, -0.027759477496147156, 0.774107813835144, 0.6798911094665527, 0.46573254466056824, 0.6816585659980774, 0.6758211851119995, 0.5860075354576111, 0.7012500166893005, 0.7468980550765991, 0.6421492099761963, 0.7374805212020874, 0.7595444321632385, 0.6629573106765747, 0.6504648923873901, 0.737163245677948, 0.6714803576469421, 0.5034832954406738, 0.7005553245544434, 0.7471156120300293, 0.5277109146118164, 0.6674985289573669, 0.7100241780281067, 0.5520229339599609, 0.735370934009552, 0.16544246673583984, 0.8723410367965698, 0.6405837535858154, -0.16049154102802277, 0.1542307585477829, 0.4659913182258606, 0.887805163860321, 0.7728890776634216, 0.695877194404602, 0.7305862903594971, 0.5705767273902893, 0.6315046548843384, 0.465080201625824, 0.8014286160469055, 0.7093721628189087, 0.7664345502853394, -0.10880665481090546, 0.28153055906295776, 0.28238368034362793, -0.09600650519132614, 0.8696458339691162, 0.5342627763748169, 0.685727596282959, 0.6181435585021973, 0.6910899877548218, 0.7683393955230713, 0.42293572425842285, 0.3330141305923462, 0.6127318143844604, 0.8427063822746277, -0.46793073415756226, 0.6867958307266235, 0.8536798357963562, 0.7534177899360657, 0.605201780796051, 0.7581629753112793, -0.4773310720920563, 0.7880034446716309, 0.8352487087249756, -0.38829052448272705, 0.4780200719833374, -0.6864719390869141, 0.6972432136535645, 0.7069311141967773, 0.23038335144519806, -0.0220140740275383, 0.7660701274871826, 0.05874720215797424, 0.7826727628707886, 0.714690625667572, 0.7974445223808289, 0.4807901382446289, -0.2045304775238037, 0.7722127437591553, 0.6978857517242432, 0.593939483165741, 0.7139474749565125, 0.8453198671340942, 0.7362613677978516, 0.6787509918212891, 0.752147376537323, 0.2913898229598999, 0.776979386806488, 0.48556503653526306, -0.6047132611274719, 0.7378178834915161, 0.8431731462478638, 0.4643689692020416, 0.5496248006820679, -0.4937689006328583, 0.7489784359931946, 0.6268362402915955, 0.29537415504455566, 0.798782229423523, -0.7228208780288696, 0.8633981943130493, 0.624355673789978, 0.6649813055992126, 0.6152777671813965, 0.6945598721504211, 0.7999323010444641, 0.7897056341171265, 0.7016093134880066, 0.16191449761390686, 0.3374708592891693, 0.730938196182251, 0.7549301385879517, 0.8693082332611084, 0.6587696075439453, 0.57682204246521, 0.7180359959602356, 0.711384654045105, 0.8392124176025391, 0.8451575040817261, 0.5812294483184814, 0.7068872451782227, 0.725103497505188, 0.33972907066345215, 0.8666452169418335, 0.8498089909553528, 0.6774474382400513, 0.4716212749481201, 0.48534101247787476, 0.43446534872055054, 0.8060941100120544, -0.46403202414512634, 0.4316132366657257, 0.6363412141799927, 0.8923134207725525, 0.718332052230835, 0.24707089364528656, 0.45070573687553406, -0.6106752157211304, -0.5454808473587036, 0.7417522668838501, 0.3599645793437958, 0.5323398113250732, 0.6105247139930725, 0.382541686296463, 0.7206965088844299, 0.3848409056663513, 0.6382973790168762, 0.48782917857170105, 0.3771411180496216, 0.6490854024887085, 0.6919316053390503, 0.6761987209320068, 0.8454176783561707, 0.6061784029006958, 0.5966887474060059, 0.4286978542804718, 0.6132373809814453, 0.8047093152999878, 0.773966908454895, 0.6793338060379028, 0.6864237785339355, 0.4358750581741333, 0.4381064176559448, 0.16587217152118683, 0.4444425702095032, 0.1915733367204666, 0.6850943565368652, 0.6860158443450928, 0.7101083397865295, 0.5831441879272461, 0.8149504065513611, 0.8960543870925903, 0.6886918544769287, 0.738953173160553, 0.32295912504196167, 0.8091773986816406, 0.8054020404815674, 0.48449307680130005, 0.7452859878540039, 0.6643056273460388, 0.8573328256607056, 0.8090341091156006, 0.67824387550354, -0.07074456661939621, 0.7051587700843811, 0.8350613117218018, 0.8057889342308044, 0.7855557203292847, 0.6974822282791138, 0.5678725242614746, 0.7288433313369751, 0.6298613548278809, 0.579948902130127, 0.7897882461547852, 0.23596283793449402, 0.4684258699417114, 0.6521832346916199, 0.28303009271621704, 0.8748460412025452, 0.22856681048870087, 0.6444165706634521, 0.6434025764465332, -0.13345061242580414, 0.79664146900177, 0.6981211304664612, 0.7554066181182861, 0.7654930353164673, 0.6344625949859619, 0.7107391953468323, -0.14266473054885864, 0.6573545336723328, 0.5343175530433655, 0.6036615371704102, 0.34193286299705505, 0.6921746730804443, -0.23574160039424896, 0.46347957849502563, 0.5983030796051025, 0.7258522510528564, 0.5826165080070496, 0.8239712715148926, 0.6188412308692932, 0.4439176917076111, 0.6350804567337036, 0.47343316674232483, 0.4970373511314392, 0.7979521751403809, 0.28276073932647705, 0.530404806137085, 0.801233172416687, 0.619810163974762, 0.7005176544189453, 0.47243472933769226, -0.6360568404197693, 0.6592943668365479, 0.8369398713111877, 0.605559766292572, 0.12019941210746765, 0.45142048597335815, 0.6826672554016113, 0.6134831309318542, 0.7425891160964966, 0.6543179154396057, 0.7103801369667053, -0.5500267744064331, 0.6727508306503296, 0.7236595153808594, 0.6627232432365417, 0.6259505152702332, 0.39403361082077026, 0.656173825263977, 0.792778730392456, 0.7677311897277832, -0.21888628602027893, 0.6119682788848877, 0.6590889692306519, 0.6803568601608276, -0.12338511645793915, 0.6940963864326477, 0.710397481918335, 0.8075460195541382, 0.6737051010131836, 0.7163693308830261, 0.8950091600418091, 0.7612011432647705, 0.30362123250961304, 0.197556734085083, 0.8210514783859253, 0.36343544721603394, 0.6231882572174072, 0.6445143222808838, 0.2683824896812439, -0.017818259075284004, 0.6222771406173706, -0.46081387996673584, 0.721391499042511, 0.6172884702682495, 0.7248295545578003, 0.787582516670227, 0.6775031089782715, 0.538298487663269, 0.38332608342170715, 0.514191210269928, 0.7515356540679932, 0.00966382771730423, 0.49776822328567505, 0.6031919717788696, 0.7528351545333862, -0.7160285711288452, 0.6264173984527588, 0.7655901908874512, 0.0319945402443409, 0.6869891881942749, 0.42710545659065247, 0.8432564735412598, 0.6873619556427002, 0.7192237377166748, -0.2126973271369934, 0.07308819890022278, 0.7816951274871826, 0.8529213070869446, 0.7002075910568237, -0.08757421374320984, 0.49824485182762146, 0.7884602546691895, -0.49253299832344055, 0.4751681685447693, 0.8020724058151245, 0.6091552972793579, 0.8152990341186523, 0.6490724086761475, 0.5935306549072266, 0.7854526042938232, 0.8193469047546387, 0.7048896551132202, 0.21895605325698853, 0.7807519435882568, 0.03718787431716919, -0.17747707664966583, 0.081041619181633, 0.6940261125564575, 0.5502927303314209, 0.4885109066963196, 0.7097262144088745, 0.49186694622039795, 0.09903305768966675, 0.40212303400039673, 0.6601935625076294, 0.6078006029129028, 0.790031909942627, 0.7432640790939331, 0.5025246143341064, 0.7963177561759949, 0.8114534616470337, 0.7718876600265503, 0.7114535570144653, 0.7937129139900208, 0.7868558168411255, 0.6489862203598022, 0.5186971426010132, 0.8555885553359985, 0.47818735241889954, 0.7554296851158142, 0.45116376876831055, 0.8839555382728577, 0.10181744396686554, 0.8167242407798767, 0.615814208984375, 0.47203412652015686, -0.6022084355354309, 0.627152681350708, 0.5717974901199341, 0.5466213822364807, 0.6000239253044128, 0.6020326614379883, 0.712051272392273, 0.32484301924705505, 0.2669510543346405, 0.6070150136947632, 0.7861423492431641, 0.21413180232048035, 0.8764955997467041, 0.7906283140182495, 0.6381180286407471, 0.3648446798324585, 0.7882075309753418, 0.675856351852417, 0.68336021900177, 0.7270615100860596, 0.6064095497131348, 0.4540412127971649, 0.7050971984863281, 0.5159870982170105, 0.676404595375061, 0.2675742506980896, 0.21504981815814972, 0.8266491889953613, -0.614181399345398, 0.7845232486724854, 0.7185854911804199, 0.6337107419967651, 0.7463169097900391, 0.5141011476516724, 0.1251274198293686, 0.7532092332839966, 0.5783544778823853, -0.038970232009887695, 0.6760613322257996, 0.6852773427963257, 0.7476205229759216, 0.8106011748313904, 0.8145047426223755, -0.013397380709648132, -0.507258951663971, 0.7046559453010559, 0.8947744369506836, 0.3766062557697296, -0.6012736558914185, 0.7268592119216919, 0.6382984519004822, 0.8451820015907288, 0.33588457107543945, 0.5023435354232788, 0.6952335834503174, 0.7236430644989014, 0.6647288799285889, 0.6883412599563599, 0.7110647559165955, 0.5460275411605835, 0.8348512649536133, 0.4587197005748749, 0.6819976568222046, 0.8039864301681519, -0.13058413565158844, 0.10708106309175491, 0.6295038461685181, 0.7133186459541321, 0.051087796688079834, 0.76091468334198, 0.8710014820098877, 0.7078127861022949, 0.019047439098358154, 0.7318827509880066, 0.7128112316131592, 0.7535360455513, 0.8300912976264954, 0.5549873113632202, 0.6857644319534302, 0.7644443511962891, 0.8114286661148071, 0.6060817241668701, 0.573883593082428, 0.0563945397734642, 0.6621081233024597, 0.15219394862651825, 0.7761273980140686, 0.7106952667236328, 0.5130676627159119, 0.7915068864822388, 0.6814171075820923, 0.5602225065231323, 0.2882026731967926, 0.7699657678604126, 0.7474089860916138, 0.6465930938720703, 0.7117851972579956, 0.6932574510574341, 0.8122502565383911, 0.5574789047241211, 0.7706430554389954, 0.5447691679000854, 0.8145101070404053, 0.7473257184028625, -0.04456975311040878, 0.7189444899559021, 0.8338270783424377, -0.6361243724822998, 0.6229351758956909, 0.5095728635787964, 0.7485979199409485, 0.7557289600372314, 0.8463138341903687, 0.741405725479126, 0.8425707817077637, 0.1992129236459732, 0.7182697653770447, 0.46943801641464233, 0.7457882165908813, 0.05338951572775841, 0.5852698087692261, 0.14155560731887817, 0.6554552912712097, 0.9045552015304565, 0.674071192741394, 0.8087590932846069, 0.7453961372375488, 0.33169543743133545, 0.6041989922523499, 0.2927379012107849, 0.7159340381622314, 0.7257687449455261, 0.8459040522575378, 0.7622721195220947, 0.7354675531387329, 0.8362653255462646, 0.6476308107376099, 0.7003411054611206, 0.689603328704834, -0.26207324862480164, 0.7191832065582275, 0.5022046566009521, 0.0012168735265731812, 0.6446215510368347, 0.6653808355331421, 0.6798469424247742, 0.7357907891273499, -0.37165749073028564, 0.4548914432525635, 0.6660606861114502, 0.6515907049179077, 0.7714436054229736, 0.7835785150527954, 0.6005758047103882, 0.9040070176124573, -0.5725860595703125, -0.20070014894008636, 0.8286056518554688, 0.7015349864959717, 0.23353621363639832, 0.602513313293457, 0.6097005009651184, 0.5887984037399292, -0.10044276714324951, 0.4015733599662781, 0.6463901996612549, 0.46269118785858154, 0.7458981275558472, 0.25786900520324707, 0.7084286212921143, 0.601948618888855, 0.1631602942943573, 0.6930098533630371, 0.6930149793624878, 0.6416366100311279, 0.8131852149963379, 0.8575731515884399, 0.8628635406494141, 0.4252969026565552, 0.704544186592102, -0.021172335371375084, 0.8273835778236389, 0.7104585766792297, 0.8393151760101318, 0.6117596626281738, -0.05585062503814697, -0.13365140557289124, 0.7891250848770142, 0.009421996772289276, 0.4893909990787506, 0.7724663019180298, 0.6098306775093079, 0.46685418486595154, 0.6552944183349609, 0.14199739694595337, 0.7002339363098145, 0.745867908000946, 0.6464904546737671, 0.6887838840484619, 0.0193340927362442, 0.7027790546417236, 0.7307333946228027, 0.4569299519062042, 0.8586589097976685, 0.7201043367385864, 0.7604668140411377, 0.3762352168560028, 0.7992231845855713, 0.8816528916358948, 0.43414878845214844, 0.7697130441665649, 0.4858889579772949, 0.5360994935035706, 0.519892692565918, 0.5904345512390137, 0.7523247003555298, 0.19198432564735413, 0.8057832717895508, 0.42810219526290894, 0.7049978971481323, 0.620108962059021, 0.7646914720535278, 0.4509037137031555, 0.8611971735954285, 0.6483630537986755, 0.6215722560882568, 0.5673054456710815, 0.6632749438285828, 0.5885143280029297, 0.305891752243042, 0.10080405324697495, 0.7073372602462769, 0.06876204162836075, 0.6001532077789307, 0.6893686056137085, 0.630001962184906, 0.7800894975662231, 0.6304183006286621, 0.640943169593811, -0.7830610871315002, 0.19150328636169434, 0.27767497301101685, 0.3997640013694763, 0.7527207136154175, 0.6531844139099121, 0.17845121026039124, 0.8280264139175415, 0.6550869941711426, -0.4708157479763031, 0.7092632055282593, 0.8903343081474304, 0.8108022809028625, 0.6502914428710938, -0.6097508668899536, 0.6670054793357849, 0.29568177461624146, 0.43380895256996155, 0.7389427423477173, 0.600717306137085, 0.6580107808113098, 0.5791863203048706, 0.6969133615493774, 0.6193541288375854, 0.4736691117286682, 0.7709038257598877, 0.713395357131958, 0.7214787602424622, 0.8111818432807922, 0.6065472364425659, 0.767276406288147, 0.7732819318771362, 0.641904890537262, 0.801736056804657, 0.6485085487365723, -0.047918565571308136, 0.7051628828048706, 0.5842534303665161, 0.8491212725639343, 0.5626915693283081, 0.8088959455490112, 0.6040768623352051, -0.5833057165145874, 0.8531867265701294, 0.8937543630599976, 0.22181664407253265, 0.22769023478031158, 0.6364459991455078, 0.8229734897613525]
