sample name: ['Cc1ccc(CCNC(=O)NCCc2csc(N3CCCC3)n2)c(C)c1']
atom_index,distance,cosine_similarity
0,-0.09024658203125,0.01207763683050871
1,-0.0094012451171875,0.007905539786443115
2,-0.697169189453125,0.057302375137805936
3,-0.4173553466796875,0.02583854243159294
4,0.023463134765625,0.001313580982387066
5,0.200908203125,0.000725654661655426
6,0.5101837158203125,-0.03435809360817075
7,0.067608642578125,0.0030867355316877365
8,0.06225830078125,-0.0015477362275123597
9,-0.4904931640625,0.026644990742206574
10,-0.334598388671875,0.021640304755419493
11,0.233770751953125,-0.024448872730135917
12,-0.375728759765625,0.02234771154820919
13,0.2195654296875,-0.026282293125987052
14,-0.740889892578125,0.05726476699113846
15,0.294910888671875,-0.03230084052309394
16,0.71232421875,-0.05794038604944944
17,0.087696533203125,-0.000864708311855793
18,-0.2039056396484375,0.014092617146670818

Sum of phi values for distance
-0.9470983886718751
Sum of phi values for cosine similarity
0.07249752596952022
Average distance random samples:
10.845189281262849
Average cosine similarity random samples:
0.5316251763132842
Distances random samples
[8.097965240478516, 10.408411026000977, 8.346363067626953, 6.988528728485107, 10.343908309936523, 10.533495903015137, 11.41916561126709, 18.88100814819336, 12.152104377746582, 9.981952667236328, 7.904204368591309, 6.976068496704102, 11.116908073425293, 13.50669002532959, 9.753093719482422, 9.297664642333984, 9.7244291305542, 10.769103050231934, 9.248307228088379, 10.044929504394531, 9.475994110107422, 14.161381721496582, 9.330012321472168, 6.171784400939941, 10.989243507385254, 13.481602668762207, 8.975930213928223, 19.4421443939209, 10.384601593017578, 14.86309814453125, 8.526700019836426, 14.243375778198242, 9.414257049560547, 17.022790908813477, 8.911940574645996, 10.075153350830078, 7.5727972984313965, 12.729846954345703, 15.383354187011719, 8.998465538024902, 7.997920036315918, 18.989116668701172, 14.06272029876709, 8.496471405029297, 10.972574234008789, 9.606383323669434, 6.737331867218018, 17.30482292175293, 11.527204513549805, 7.5186848640441895, 7.930366039276123, 10.239500045776367, 9.906983375549316, 7.768961429595947, 17.170732498168945, 15.677287101745605, 15.751494407653809, 9.636200904846191, 8.522799491882324, 9.179333686828613, 8.569697380065918, 8.627266883850098, 15.223722457885742, 9.088254928588867, 6.7509446144104, 14.596664428710938, 6.804750919342041, 10.372393608093262, 6.471639633178711, 7.177716255187988, 10.223832130432129, 8.815407752990723, 9.193938255310059, 9.971851348876953, 8.278578758239746, 12.518030166625977, 10.173069953918457, 10.251803398132324, 9.043978691101074, 6.4646124839782715, 10.051534652709961, 10.307353973388672, 7.919299125671387, 15.540067672729492, 10.336214065551758, 15.767823219299316, 9.379470825195312, 17.79385757446289, 16.34675407409668, 19.500783920288086, 7.084299087524414, 9.991249084472656, 9.098628997802734, 8.484050750732422, 6.203176498413086, 12.443122863769531, 10.548659324645996, 9.774820327758789, 10.517281532287598, 6.415343284606934, 8.69112777709961, 15.533647537231445, 18.238445281982422, 8.72265625, 14.669954299926758, 17.08896827697754, 11.968301773071289, 20.49260902404785, 13.397740364074707, 7.036647319793701, 10.27804183959961, 9.272478103637695, 10.756452560424805, 8.327829360961914, 16.24176025390625, 9.199759483337402, 9.983770370483398, 14.582723617553711, 8.079431533813477, 10.626496315002441, 13.883081436157227, 13.686620712280273, 16.968589782714844, 6.692341327667236, 10.850900650024414, 11.997941970825195, 16.008214950561523, 7.609258651733398, 7.976424217224121, 7.1537957191467285, 9.895525932312012, 9.656441688537598, 14.798005104064941, 13.219625473022461, 9.997621536254883, 9.336481094360352, 10.89342975616455, 12.263578414916992, 9.243212699890137, 8.622257232666016, 7.945721626281738, 13.810354232788086, 7.540714740753174, 8.262908935546875, 5.981101989746094, 8.457590103149414, 7.7886152267456055, 17.502418518066406, 16.245201110839844, 9.486678123474121, 7.87815523147583, 8.824597358703613, 19.595972061157227, 5.682095527648926, 10.357742309570312, 16.402488708496094, 11.194622039794922, 13.295984268188477, 14.445621490478516, 10.239935874938965, 6.104420185089111, 10.647192001342773, 9.165629386901855, 10.478175163269043, 6.950891017913818, 10.468321800231934, 7.592415809631348, 12.298808097839355, 16.985815048217773, 11.828332901000977, 7.444701194763184, 12.372956275939941, 13.540704727172852, 14.535746574401855, 12.330490112304688, 13.271352767944336, 5.8981804847717285, 7.3912763595581055, 9.842673301696777, 16.48046112060547, 9.11563491821289, 12.49713134765625, 7.461891174316406, 13.445013046264648, 11.570472717285156, 10.126204490661621, 11.89730453491211, 12.391901969909668, 8.478318214416504, 7.222379684448242, 5.956094264984131, 11.094947814941406, 7.26324987411499, 8.712919235229492, 9.111013412475586, 13.58677864074707, 12.009136199951172, 15.312028884887695, 14.238120079040527, 12.254997253417969, 9.50503921508789, 8.349207878112793, 6.578980445861816, 12.496692657470703, 11.059717178344727, 5.229620456695557, 15.689199447631836, 7.931581974029541, 11.910966873168945, 11.158820152282715, 8.320557594299316, 6.605676174163818, 13.643070220947266, 8.573144912719727, 11.719841957092285, 16.02664566040039, 7.3755388259887695, 8.340837478637695, 11.443445205688477, 9.067636489868164, 6.537717819213867, 7.120861053466797, 6.273189544677734, 14.445338249206543, 7.021455764770508, 10.11146354675293, 9.578261375427246, 9.574294090270996, 11.66799545288086, 6.927430152893066, 12.495686531066895, 10.745994567871094, 8.107888221740723, 8.322550773620605, 10.49937915802002, 8.251256942749023, 6.704753875732422, 13.555472373962402, 14.382514953613281, 9.145682334899902, 4.646758556365967, 7.709567546844482, 11.941939353942871, 7.970672130584717, 14.137285232543945, 8.343928337097168, 8.296446800231934, 17.093372344970703, 6.824676990509033, 7.726954460144043, 18.542760848999023, 14.98125171661377, 14.857636451721191, 10.77810001373291, 16.00709342956543, 9.389177322387695, 9.02452564239502, 7.832722187042236, 10.220099449157715, 6.868529796600342, 9.110164642333984, 14.746015548706055, 11.77785873413086, 6.208212852478027, 7.482334613800049, 16.396751403808594, 10.728118896484375, 11.410370826721191, 6.756500720977783, 9.785109519958496, 9.395960807800293, 13.170193672180176, 15.048757553100586, 10.028483390808105, 13.607807159423828, 6.930586338043213, 5.9702467918396, 19.28429412841797, 10.275511741638184, 7.87028694152832, 11.22780990600586, 8.187955856323242, 7.825842380523682, 13.162097930908203, 9.301609992980957, 13.351555824279785, 10.473005294799805, 12.054768562316895, 11.722214698791504, 6.915613651275635, 9.191675186157227, 10.830769538879395, 7.638269424438477, 16.033733367919922, 10.653822898864746, 9.628179550170898, 13.946904182434082, 10.165992736816406, 9.521724700927734, 9.97048568725586, 9.11620044708252, 8.322006225585938, 7.672199249267578, 14.487356185913086, 9.301175117492676, 14.982024192810059, 7.233057975769043, 13.355812072753906, 14.6112642288208, 7.412261009216309, 7.738248348236084, 11.806943893432617, 10.571866989135742, 15.076784133911133, 13.171967506408691, 9.98681926727295, 8.3200044631958, 13.628029823303223, 12.981298446655273, 12.765780448913574, 13.529291152954102, 17.400415420532227, 13.04125690460205, 15.07045841217041, 9.894797325134277, 11.458449363708496, 8.027617454528809, 13.308682441711426, 10.521122932434082, 11.387073516845703, 10.719687461853027, 10.415843963623047, 11.109978675842285, 8.93488597869873, 7.926085472106934, 18.59091567993164, 7.197314262390137, 6.975001335144043, 8.15152645111084, 8.4270601272583, 5.30884313583374, 7.2700886726379395, 7.455330848693848, 14.446802139282227, 9.170699119567871, 14.143765449523926, 9.623106956481934, 11.933202743530273, 9.443314552307129, 6.1044206619262695, 12.150390625, 10.749610900878906, 15.276627540588379, 8.816421508789062, 7.486544132232666, 14.700303077697754, 10.493359565734863, 9.337379455566406, 12.258458137512207, 8.376912117004395, 10.859001159667969, 13.35360336303711, 16.87077522277832, 10.354284286499023, 6.510345458984375, 11.1978120803833, 8.032201766967773, 15.913559913635254, 8.107945442199707, 7.6598310470581055, 14.941349983215332, 13.755901336669922, 5.660609245300293, 7.85971736907959, 8.392460823059082, 7.479212284088135, 10.657160758972168, 12.81394100189209, 8.433250427246094, 15.580366134643555, 7.897250175476074, 9.233243942260742, 14.391180992126465, 11.680519104003906, 16.492307662963867, 8.499713897705078, 7.847414016723633, 9.713250160217285, 5.307342052459717, 13.589762687683105, 8.329120635986328, 9.056093215942383, 9.060254096984863, 14.571341514587402, 12.404972076416016, 7.245221138000488, 10.118036270141602, 9.651966094970703, 12.696517944335938, 10.168660163879395, 11.309194564819336, 14.070755958557129, 9.292065620422363, 14.434590339660645, 8.77783203125, 10.097908020019531, 5.847121238708496, 6.590972900390625, 22.333454132080078, 14.325605392456055, 12.103289604187012, 11.604236602783203, 8.129579544067383, 8.165782928466797, 9.261419296264648, 9.535614967346191, 9.873296737670898, 6.299466133117676, 7.208210468292236, 9.131889343261719, 8.677412986755371, 10.205193519592285, 9.031913757324219, 10.844132423400879, 7.068358421325684, 21.056631088256836, 8.1766939163208, 11.186495780944824, 7.568267345428467, 7.89727783203125, 14.788999557495117, 11.384105682373047, 8.945113182067871, 12.471986770629883, 9.918096542358398, 12.736634254455566, 7.812490463256836, 9.315364837646484, 12.346598625183105, 13.15485668182373, 14.680828094482422, 12.049360275268555, 10.771003723144531, 5.722800254821777, 14.55345344543457, 8.872700691223145, 9.6162109375, 12.646186828613281, 9.868342399597168, 8.424019813537598, 9.008992195129395, 6.900092601776123, 7.7696852684021, 10.285377502441406, 12.144652366638184, 16.52292823791504, 11.58571720123291, 8.23238754272461, 14.415121078491211, 11.180233001708984, 10.008816719055176, 6.3791890144348145, 7.731729030609131, 12.296751022338867, 9.180343627929688, 9.302143096923828, 6.629887104034424, 9.641399383544922, 8.194982528686523, 7.593348979949951, 18.397781372070312, 12.284868240356445, 7.625482559204102, 10.7572603225708, 8.506124496459961, 6.1939921379089355, 16.67437171936035, 8.622664451599121, 9.708685874938965, 6.642240524291992, 11.962875366210938, 10.018197059631348, 7.4926862716674805, 9.159981727600098, 6.721972465515137, 11.125988960266113, 9.14382266998291, 13.584122657775879, 16.007919311523438, 8.348312377929688, 9.097201347351074, 10.1528902053833, 6.98284387588501, 7.366987228393555, 7.208532810211182, 7.755189895629883, 13.656608581542969, 11.771866798400879, 6.276241779327393, 20.63765525817871, 7.030276775360107, 15.891654968261719, 16.765371322631836, 9.740880012512207, 7.543984413146973, 9.067665100097656, 9.194233894348145, 5.478851795196533, 7.2480902671813965, 22.264406204223633, 8.63382625579834, 6.809547424316406, 8.88585376739502, 7.549230575561523, 10.240504264831543, 10.185839653015137, 10.576272010803223, 7.378873825073242, 5.377952575683594, 9.25292682647705, 8.16158390045166, 9.9660062789917, 11.620582580566406, 9.664620399475098, 13.024117469787598, 14.000160217285156, 8.51730728149414, 11.36353588104248, 11.238181114196777, 9.478899002075195, 7.457304000854492, 9.792098045349121, 9.913148880004883, 10.311456680297852, 6.799117565155029, 12.936393737792969, 9.165374755859375, 11.62414836883545, 10.173233985900879, 22.719757080078125, 11.819502830505371, 8.331608772277832, 11.6834716796875, 10.150463104248047, 7.241255283355713, 7.151214122772217, 11.624151229858398, 10.863476753234863, 5.831390380859375, 12.760915756225586, 11.085744857788086, 9.61608600616455, 11.844242095947266, 11.846816062927246, 8.119370460510254, 9.758646011352539, 6.919504642486572, 11.36860179901123, 6.1583943367004395, 12.385049819946289, 7.35137939453125, 8.718522071838379, 6.693408489227295, 12.819509506225586, 14.637073516845703, 14.2894287109375, 11.711068153381348, 13.102566719055176, 14.974125862121582, 7.526194095611572, 14.114821434020996, 8.372838973999023, 10.306806564331055, 7.807268142700195, 15.650495529174805, 8.906618118286133, 11.380697250366211, 9.185447692871094, 13.925437927246094, 12.359452247619629, 14.804703712463379, 14.79109001159668, 9.865355491638184, 9.14377498626709, 8.945223808288574, 10.420060157775879, 11.636176109313965, 9.590397834777832, 6.257852554321289, 7.970734119415283, 14.219500541687012, 13.261809349060059, 9.326723098754883, 9.242264747619629, 21.179393768310547, 14.105555534362793, 8.109918594360352, 9.258049964904785, 23.27896499633789, 6.528152942657471, 14.753726959228516, 9.37643814086914, 10.247149467468262, 10.940444946289062, 6.891606330871582, 9.709036827087402, 11.968924522399902, 12.766057014465332, 8.621923446655273, 7.549977779388428, 13.883563995361328, 6.146401405334473, 11.319649696350098, 10.519845962524414, 6.162899017333984, 7.99321985244751, 12.347033500671387, 8.443657875061035, 7.678479194641113, 9.686627388000488, 8.544758796691895, 12.32091236114502, 7.54880952835083, 7.927907466888428, 11.220687866210938, 6.008469104766846, 6.671571731567383, 8.006551742553711, 7.937243938446045, 15.883393287658691, 11.314697265625, 14.642193794250488, 14.347639083862305, 12.65505599975586, 7.716904163360596, 12.631051063537598, 6.519956588745117, 12.693894386291504, 14.49553108215332, 9.492349624633789, 13.67853832244873, 5.750670433044434, 6.626331806182861, 14.286463737487793, 10.006226539611816, 14.925151824951172, 10.341791152954102, 22.368972778320312, 10.783546447753906, 7.372236728668213, 11.709232330322266, 11.296759605407715, 9.855936050415039, 16.783231735229492, 14.949495315551758, 8.255339622497559, 7.191023349761963, 8.871637344360352, 13.795023918151855, 11.472553253173828, 10.051236152648926, 10.350899696350098, 13.756828308105469, 8.633794784545898, 8.481583595275879, 13.009742736816406, 12.738308906555176, 11.726195335388184, 6.190108776092529, 10.000374794006348, 8.241265296936035, 11.36556625366211, 8.140298843383789, 9.472550392150879, 9.032271385192871, 10.074325561523438, 17.58385467529297, 10.093181610107422, 5.512327671051025, 10.679863929748535, 9.34997272491455, 11.650643348693848, 8.412248611450195, 10.115699768066406, 9.812176704406738, 11.331329345703125, 10.372952461242676, 7.598161697387695, 12.617977142333984, 14.59298324584961, 16.578495025634766, 8.325787544250488, 10.56251335144043, 20.579051971435547, 8.443024635314941, 8.287443161010742, 4.279162883758545, 7.798672199249268, 16.035139083862305, 12.16312026977539, 13.504796028137207, 15.167803764343262, 7.928977012634277, 15.721752166748047, 7.8888349533081055, 15.625598907470703, 9.272188186645508, 7.294523239135742, 9.15083122253418, 9.622664451599121, 5.847450256347656, 12.477577209472656, 12.533849716186523, 18.44978904724121, 7.754087448120117, 9.473148345947266, 16.225013732910156, 7.360156059265137, 8.356606483459473, 13.757769584655762, 14.299559593200684, 8.385680198669434, 16.591703414916992, 13.01255989074707, 9.057136535644531, 8.226093292236328, 16.17184829711914, 9.33186149597168, 8.829933166503906, 9.243820190429688, 7.542960166931152, 12.521366119384766, 13.98452091217041, 7.442107200622559, 8.738478660583496, 7.51629114151001, 22.81752586364746, 11.212080001831055, 8.36911678314209, 12.893242835998535, 10.098075866699219, 6.082318305969238, 17.145753860473633, 10.424960136413574, 20.453311920166016, 9.194459915161133, 9.310772895812988, 16.459047317504883, 10.399907112121582, 14.024104118347168, 10.735077857971191, 11.061296463012695, 8.50900650024414, 16.2813663482666, 11.182514190673828, 8.011116027832031, 18.08163833618164, 13.660611152648926, 17.156198501586914, 15.448151588439941, 6.64102840423584, 14.197183609008789, 9.16799545288086, 11.347557067871094, 8.545842170715332, 9.932126998901367, 10.463589668273926, 11.792319297790527, 19.964290618896484, 9.65111255645752, 12.031600952148438, 10.161938667297363, 12.282999038696289, 9.985424041748047, 8.847525596618652, 8.036344528198242, 11.221627235412598, 4.713655471801758, 9.502774238586426, 9.935334205627441, 8.594669342041016, 11.491434097290039, 8.924691200256348, 7.4847283363342285, 7.590563774108887, 15.941475868225098, 12.932761192321777, 9.203729629516602, 7.084216594696045, 9.256522178649902, 8.380864143371582, 7.030892372131348, 12.663674354553223, 9.628706932067871, 8.78805160522461, 10.726770401000977, 11.791393280029297, 8.711613655090332, 7.377381324768066, 17.954296112060547, 9.046144485473633, 7.952866554260254, 9.880987167358398, 8.618182182312012, 9.739503860473633, 10.86798095703125, 8.733499526977539, 7.3923115730285645, 7.369864463806152, 17.015575408935547, 7.671205043792725, 9.523704528808594, 8.741138458251953, 14.254852294921875, 9.92677116394043, 5.502145767211914, 6.290200710296631, 15.669092178344727, 13.647038459777832, 10.192242622375488, 11.235074043273926, 10.013651847839355, 12.596929550170898, 8.633606910705566, 11.356459617614746, 14.038655281066895, 12.085426330566406, 13.329432487487793, 11.097702980041504, 10.062764167785645, 9.902878761291504, 9.427762031555176, 8.732804298400879, 12.431777000427246, 15.950139045715332, 16.891782760620117, 10.410867691040039, 21.777585983276367, 13.123230934143066, 7.399199962615967, 7.626469612121582, 10.361823081970215, 16.95672035217285, 15.609199523925781, 9.57895278930664, 10.04668140411377, 7.682746410369873, 13.945262908935547, 8.848149299621582, 7.421957969665527, 14.379393577575684, 7.238644123077393, 9.315563201904297, 8.799104690551758, 16.7569580078125, 14.149283409118652, 11.34937572479248, 5.504659652709961, 10.10216236114502, 9.881382942199707, 10.572582244873047, 14.274089813232422, 15.469232559204102, 9.737494468688965, 8.98635196685791, 8.3804349899292, 10.822264671325684, 7.846221923828125, 7.46429967880249, 10.192251205444336, 7.266530990600586, 14.333945274353027, 8.793646812438965, 7.303213596343994, 16.26103973388672, 5.864238739013672, 5.7632551193237305, 13.50571346282959, 11.300690650939941, 15.077999114990234, 10.4104585647583, 7.023860454559326, 21.873119354248047, 10.187234878540039, 15.564850807189941, 9.31238079071045, 7.772144794464111, 14.105409622192383, 11.80998420715332, 9.596651077270508, 5.271415710449219, 15.314131736755371, 10.124909400939941, 9.54132080078125, 11.432587623596191, 16.707700729370117, 19.785419464111328, 13.483675956726074, 10.24158000946045, 10.245256423950195, 8.616119384765625, 21.366003036499023, 13.856233596801758, 15.67172908782959, 7.1045637130737305, 11.831045150756836, 5.514745235443115, 9.97762680053711, 7.995992183685303, 11.051163673400879, 12.519010543823242, 9.737824440002441, 16.612306594848633, 8.394548416137695, 6.248971939086914, 10.448524475097656, 10.212505340576172, 14.718179702758789, 7.582974910736084, 10.23564624786377, 8.12751579284668, 8.441160202026367, 8.044332504272461, 9.261958122253418, 9.56173038482666, 9.670196533203125, 19.459671020507812, 20.236465454101562, 10.959169387817383, 7.21688175201416, 8.069007873535156, 8.574395179748535, 9.319604873657227, 11.889585494995117, 9.73444938659668, 9.252435684204102, 7.911634922027588, 8.144615173339844, 6.940503120422363, 9.849292755126953, 8.17448616027832, 10.133031845092773, 10.30412769317627, 7.870875358581543, 5.566652297973633, 11.730283737182617, 9.845986366271973, 12.497048377990723, 9.722183227539062, 13.411104202270508, 9.85896110534668, 9.805624008178711, 10.183256149291992, 6.985304832458496, 12.542263984680176, 8.750808715820312, 13.338462829589844, 16.921857833862305, 7.339598655700684, 11.92536735534668, 6.400642395019531, 9.927206993103027, 9.657571792602539, 14.535320281982422, 13.13497257232666, 6.132859706878662, 7.824374198913574, 4.829689025878906, 9.464301109313965, 16.82343292236328, 17.821149826049805, 7.985259532928467, 8.166789054870605, 8.163725852966309, 18.24053192138672, 9.262456893920898, 7.393496036529541, 9.221596717834473, 10.332763671875, 9.837867736816406, 10.540234565734863, 8.503626823425293, 7.477901935577393, 8.141056060791016, 10.016256332397461, 10.875293731689453, 9.797143936157227, 12.742639541625977, 7.70357084274292, 12.289020538330078, 17.057327270507812, 10.253198623657227, 12.955354690551758, 9.008705139160156, 7.729681968688965, 12.511136054992676, 12.791248321533203, 15.56159496307373, 9.908552169799805, 15.812328338623047, 9.80024528503418, 12.99950122833252, 10.76262092590332, 12.448951721191406, 14.703792572021484, 10.291461944580078, 8.426590919494629, 8.95032024383545, 12.39305591583252, 17.98609733581543, 9.30310344696045, 6.131661891937256, 6.162151336669922, 13.158170700073242, 8.40192985534668, 12.485597610473633, 9.70737361907959, 15.309455871582031, 9.706087112426758, 5.70733118057251, 12.28338623046875, 9.622793197631836, 13.125184059143066, 6.6618523597717285, 20.119361877441406, 16.093412399291992, 9.309920310974121, 8.870363235473633, 13.963286399841309, 8.04604721069336, 12.802238464355469, 11.652544021606445, 9.197368621826172, 8.939949989318848, 15.111196517944336, 11.820433616638184, 18.191389083862305, 8.826677322387695, 15.42239761352539, 9.407179832458496, 6.921664237976074, 8.778491020202637, 14.99763298034668, 16.643064498901367, 8.343664169311523, 9.611023902893066, 9.155418395996094, 8.852875709533691, 18.184680938720703, 12.153155326843262, 12.135283470153809, 10.221024513244629, 13.279651641845703, 13.687379837036133, 14.117879867553711, 7.8406524658203125, 18.304336547851562, 9.951631546020508, 11.04781723022461, 8.41422176361084, 6.902008056640625, 8.236565589904785, 6.709995746612549, 7.776509761810303, 6.842174053192139, 8.764800071716309, 11.310380935668945, 8.619708061218262, 12.430809020996094, 10.093563079833984, 11.479689598083496, 8.170766830444336, 11.296562194824219, 14.188543319702148, 18.42654800415039, 7.739105224609375, 9.059359550476074, 12.67952823638916, 22.32158660888672, 19.70755958557129, 9.554015159606934, 13.007647514343262, 6.113218307495117, 10.64758014678955, 10.115086555480957, 9.793815612792969, 10.929444313049316, 15.397187232971191, 8.59057331085205, 20.952428817749023, 9.398677825927734, 7.957083702087402, 19.73172378540039, 14.856500625610352, 10.63267707824707, 8.964923858642578, 13.105732917785645, 9.582778930664062, 11.472929954528809, 8.70296859741211, 8.468738555908203, 16.09500503540039, 16.38103485107422, 15.262166023254395, 10.183297157287598, 22.3704776763916, 11.884343147277832, 15.006791114807129, 10.126150131225586, 12.002988815307617, 13.109719276428223, 8.883326530456543, 17.410783767700195, 12.198402404785156, 13.894423484802246, 6.867444038391113, 7.255316734313965, 8.756858825683594, 12.824892044067383, 9.338902473449707, 13.349775314331055, 14.37353801727295, 12.898383140563965, 7.461751461029053, 15.560723304748535, 9.892484664916992, 9.33078670501709, 13.345843315124512, 9.390707015991211, 8.970561981201172, 8.524825096130371, 7.813696384429932, 12.332183837890625, 6.757565021514893, 9.95944595336914, 8.422182083129883, 8.678855895996094, 9.465629577636719, 13.058491706848145, 10.11587905883789, 10.191675186157227, 8.607060432434082, 13.028800964355469, 9.91210651397705, 21.799789428710938, 13.628417015075684, 17.397245407104492, 8.4793701171875, 11.189597129821777, 6.622049331665039, 5.696964263916016, 11.156115531921387, 14.794315338134766, 11.552042961120605, 6.12217378616333, 11.415189743041992, 7.868626117706299, 9.13256549835205, 7.881410121917725, 16.3455810546875, 11.740808486938477, 9.18356704711914, 10.509241104125977, 12.114641189575195, 11.933514595031738, 17.731340408325195, 13.739043235778809, 16.971668243408203, 8.88100528717041, 8.814828872680664, 15.325054168701172, 8.268089294433594, 13.021747589111328, 9.670355796813965, 11.323028564453125, 7.086601257324219, 15.655370712280273, 10.243020057678223, 14.232069969177246, 14.64376449584961, 13.761998176574707, 9.071261405944824, 8.305536270141602, 14.760306358337402, 14.323507308959961, 8.351511001586914, 8.388068199157715, 11.949451446533203, 9.483609199523926, 6.224745750427246, 8.14369010925293, 9.661175727844238, 14.90162181854248, 12.008514404296875, 9.887596130371094, 8.265096664428711, 8.64863109588623, 12.861865043640137, 8.878243446350098, 12.311241149902344, 10.025468826293945, 7.6218414306640625, 12.606171607971191, 7.6501312255859375, 11.86030101776123, 10.7235689163208, 12.263720512390137, 8.480903625488281, 18.852190017700195, 7.824032306671143, 9.067584991455078, 7.992950439453125, 12.407535552978516, 12.64322280883789, 4.594303131103516, 12.601802825927734, 8.146504402160645, 7.765452861785889, 8.185580253601074, 14.890220642089844, 8.361523628234863, 9.422781944274902, 7.414596080780029, 14.529253005981445, 14.684134483337402, 9.077850341796875, 8.118072509765625, 8.378026962280273, 11.961385726928711, 11.371355056762695, 6.620697498321533, 15.901835441589355, 9.502403259277344, 10.455404281616211, 12.377878189086914, 9.849810600280762, 12.904488563537598, 13.466336250305176, 13.043586730957031, 6.555116653442383, 13.35731315612793, 8.57862377166748, 9.583782196044922, 9.698403358459473, 8.3674898147583, 10.516611099243164, 8.532246589660645, 11.044471740722656, 16.133174896240234, 7.56688117980957, 8.83748722076416, 10.608259201049805, 7.38875675201416, 15.763660430908203, 6.113496780395508, 9.634610176086426, 9.683257102966309, 15.931732177734375, 16.216346740722656, 8.381219863891602, 9.56338882446289, 9.953986167907715, 7.128399848937988, 6.687992095947266, 10.092501640319824, 12.97542667388916, 7.282670497894287, 10.508625984191895, 8.01291275024414, 9.186871528625488, 7.407319068908691, 10.42880916595459, 8.880066871643066, 11.12176513671875, 11.613202095031738, 7.680288314819336, 14.832137107849121, 14.002975463867188, 9.780967712402344, 8.564878463745117, 9.12195873260498, 10.106579780578613, 8.799299240112305, 8.327126502990723, 11.720741271972656, 9.094406127929688, 6.584839344024658, 12.676907539367676, 10.449721336364746, 8.944025993347168, 4.955336570739746, 6.797775745391846, 10.11186408996582, 8.608595848083496, 14.400943756103516, 10.605989456176758, 11.571772575378418, 10.763603210449219, 13.554795265197754, 8.940844535827637, 8.396347999572754, 9.544288635253906, 14.7792387008667, 9.452608108520508, 13.535883903503418, 12.336360931396484, 10.706381797790527, 10.881340980529785, 11.395923614501953, 4.9418044090271, 11.90990161895752, 6.290599346160889, 11.969659805297852, 10.305817604064941, 16.80997657775879, 8.937902450561523, 7.943460941314697, 9.786561965942383, 5.238150119781494, 12.560455322265625, 12.718281745910645, 10.008628845214844, 6.884518623352051, 5.967118740081787, 8.31982707977295, 10.533102989196777, 10.744695663452148, 12.268928527832031, 8.628355979919434, 11.097338676452637, 10.552234649658203, 16.419530868530273, 12.536961555480957, 9.440240859985352, 11.192473411560059, 11.98415756225586, 15.720965385437012, 15.663084030151367, 14.724409103393555, 8.514816284179688, 4.600180149078369, 11.196222305297852, 12.86229133605957, 12.685056686401367, 13.507020950317383, 13.780133247375488, 10.296606063842773, 14.427356719970703, 17.60030746459961, 14.093440055847168, 7.692080974578857, 9.361343383789062, 9.994950294494629, 8.197711944580078, 15.211019515991211, 10.958778381347656, 9.066742897033691, 22.447711944580078, 7.91011381149292, 16.71346664428711, 10.13418960571289, 10.965806007385254, 8.258380889892578, 9.855269432067871, 9.537287712097168, 10.493204116821289, 8.063911437988281, 10.100811004638672, 12.880584716796875, 9.322001457214355, 7.42507791519165, 6.856163501739502, 9.364872932434082, 14.036288261413574, 8.676000595092773, 8.877842903137207, 6.94213342666626, 17.244054794311523, 8.229880332946777, 10.657504081726074, 6.596706390380859, 19.918006896972656, 20.559356689453125, 9.022075653076172, 7.309831619262695, 7.221186637878418, 11.438858032226562, 13.072107315063477, 11.916937828063965, 11.269911766052246, 8.436507225036621, 11.117218017578125, 10.603826522827148, 8.352849960327148, 11.51271915435791, 7.609320163726807, 6.620222091674805, 10.132301330566406, 12.954071998596191, 14.3036527633667, 13.395956993103027, 10.495584487915039, 14.289807319641113, 13.7554931640625, 11.208325386047363, 8.918323516845703, 10.345897674560547, 13.744251251220703, 10.744346618652344, 6.341636657714844, 5.543430805206299, 7.705705165863037, 8.576703071594238, 9.773722648620605, 8.139163970947266, 8.758358001708984, 12.634296417236328, 17.232799530029297, 8.470237731933594, 6.084193706512451, 15.590330123901367, 14.080245018005371, 11.116851806640625, 22.02559471130371, 12.969599723815918, 14.489914894104004, 10.081006050109863, 13.839532852172852, 7.997818946838379, 14.580096244812012, 7.557340145111084, 15.197606086730957, 9.871126174926758, 9.943442344665527, 14.796367645263672, 9.210404396057129, 7.047984600067139, 7.318072319030762, 11.816427230834961, 9.895282745361328, 9.748893737792969, 17.286109924316406, 7.65982723236084, 9.071898460388184, 11.300962448120117, 8.516467094421387, 15.195343017578125, 15.263333320617676, 9.8627290725708, 8.719931602478027, 5.370172023773193, 5.445462226867676, 18.97139549255371, 14.114672660827637, 18.322961807250977, 7.800948619842529, 6.697627544403076, 20.886131286621094, 7.995412349700928, 7.855571269989014, 9.109987258911133, 9.96882438659668, 14.849449157714844, 8.301237106323242, 10.122696876525879, 20.772640228271484, 9.159131050109863, 12.65680980682373, 8.233109474182129, 9.730915069580078, 12.42337417602539, 6.5498833656311035, 11.162413597106934, 16.76710319519043, 8.466636657714844, 9.295708656311035, 7.799957275390625, 12.268620491027832, 12.782731056213379, 12.941323280334473, 9.209739685058594, 9.328904151916504, 10.773029327392578, 7.960079193115234, 15.589576721191406, 9.878311157226562, 7.187983989715576, 7.331886291503906, 19.69062614440918, 10.00795841217041, 8.94406795501709, 7.96030855178833, 7.057060718536377, 8.855295181274414, 10.608806610107422, 16.795425415039062, 18.070659637451172, 6.865803241729736, 10.124465942382812, 14.034686088562012, 12.709084510803223, 8.721803665161133, 11.292925834655762, 9.218801498413086, 10.954510688781738, 9.205740928649902, 7.722601890563965, 8.85719108581543, 8.50147819519043, 10.294260025024414, 9.800703048706055, 16.344467163085938, 9.063837051391602, 9.477818489074707, 8.432923316955566, 5.620185375213623, 11.777631759643555, 9.047029495239258, 18.66553497314453, 19.36928939819336, 10.043047904968262, 9.453136444091797, 9.133293151855469, 8.186861038208008, 9.953622817993164, 12.151620864868164, 8.240493774414062, 7.195374965667725, 15.40715217590332, 12.38792610168457, 9.890874862670898, 21.14016342163086, 15.044034957885742, 8.59424114227295, 17.730728149414062, 18.338088989257812, 8.055420875549316, 7.0784592628479, 5.501309871673584, 11.12025260925293, 12.935099601745605, 15.453339576721191, 9.929458618164062, 9.359456062316895, 5.449039936065674, 14.575535774230957, 7.11970329284668, 8.067605018615723, 8.074090957641602, 10.822303771972656, 16.242401123046875, 8.236600875854492, 8.568975448608398, 8.252119064331055, 9.108710289001465, 11.565530776977539, 15.903170585632324, 10.176528930664062, 15.366347312927246, 6.8223700523376465, 8.126949310302734, 8.534149169921875, 8.42938232421875, 12.807228088378906, 8.804633140563965, 15.3113374710083, 6.494630813598633, 12.81861400604248, 11.185367584228516, 12.82054328918457, 8.143796920776367, 11.985719680786133, 13.660480499267578, 6.160299301147461, 11.381633758544922, 11.989944458007812, 8.846870422363281, 9.413897514343262, 6.874342918395996, 16.264812469482422, 20.73365020751953, 14.763267517089844, 15.302900314331055, 14.536741256713867, 16.44899559020996, 16.864660263061523, 11.048417091369629, 9.377610206604004, 12.059036254882812, 12.830700874328613, 7.980108737945557, 9.294898986816406, 15.231260299682617, 8.041234016418457, 11.249512672424316, 12.347683906555176, 8.881750106811523, 8.789921760559082, 12.009671211242676, 13.43088150024414, 7.599299430847168, 12.704058647155762, 9.903572082519531, 6.899220943450928, 15.575143814086914, 7.771393299102783, 10.809192657470703, 6.037537574768066, 9.652566909790039, 12.126177787780762, 11.365580558776855, 8.705220222473145, 18.978172302246094, 11.82602310180664, 10.794445037841797, 10.758319854736328, 11.85051155090332, 15.264622688293457, 9.083955764770508, 7.443140983581543, 11.197941780090332, 14.177495956420898, 8.788219451904297, 12.418638229370117, 9.680235862731934, 8.230241775512695, 9.102537155151367, 18.704669952392578, 11.950928688049316, 15.790289878845215, 9.482060432434082, 7.9114580154418945, 13.785581588745117, 13.609983444213867, 6.475778579711914, 8.816115379333496, 8.83104419708252, 17.385095596313477, 7.902325630187988, 7.706763744354248, 11.564230918884277, 9.765884399414062, 7.848211288452148, 12.86068344116211, 9.560453414916992, 17.628692626953125, 11.409584999084473, 12.568395614624023, 13.175450325012207, 16.13271141052246, 14.356489181518555, 10.643194198608398, 6.595991611480713, 13.142243385314941, 10.913827896118164, 18.154415130615234, 6.653842926025391, 15.429461479187012, 9.993823051452637, 11.728428840637207, 17.14935874938965, 8.788758277893066, 12.136636734008789, 10.818680763244629, 7.102143287658691, 9.16670036315918, 9.65579605102539, 12.137726783752441, 8.00245475769043, 8.173778533935547, 11.55922794342041, 10.326820373535156, 12.567550659179688, 11.944808959960938, 8.899070739746094, 7.930412292480469, 7.657919883728027, 9.38516616821289, 13.65799331665039, 9.27087116241455, 12.222559928894043, 13.815853118896484, 7.443422317504883, 10.046013832092285, 11.524297714233398, 9.979689598083496, 12.963006973266602, 9.164950370788574, 12.587262153625488, 5.4081950187683105, 21.32179832458496, 6.5455098152160645, 4.660769939422607, 10.36837387084961, 8.663902282714844, 8.754053115844727, 7.504306316375732, 12.069009780883789, 10.429773330688477, 7.640597820281982, 8.014209747314453, 6.081778526306152, 13.852025032043457, 9.523680686950684, 14.586616516113281, 11.740907669067383, 7.34662389755249, 13.696120262145996, 8.623849868774414, 8.976627349853516, 9.167055130004883, 9.107333183288574, 8.767684936523438, 10.376604080200195, 13.265783309936523, 13.354785919189453, 17.268457412719727, 9.303633689880371, 7.479147911071777, 11.631701469421387, 9.573927879333496, 14.650096893310547, 12.144360542297363, 10.274534225463867, 9.710177421569824, 9.307737350463867, 7.64279842376709, 8.35467529296875, 17.2370662689209, 7.202759265899658, 14.355629920959473, 10.401322364807129, 10.804384231567383, 6.319393634796143, 20.91949462890625, 14.858016014099121, 14.151934623718262, 13.733843803405762, 12.236446380615234, 7.007406234741211, 18.962158203125, 6.071230411529541, 8.678075790405273, 9.257404327392578, 9.687800407409668, 13.385750770568848, 6.4676103591918945, 12.997278213500977, 15.100991249084473, 19.760637283325195, 9.48052978515625, 12.721102714538574, 10.11023998260498, 14.335299491882324, 10.91524887084961, 9.718194961547852, 8.548149108886719, 9.944332122802734, 10.217212677001953, 10.927814483642578, 11.16839599609375, 8.923538208007812, 7.737693786621094, 9.26407527923584, 9.632181167602539, 12.62070369720459, 14.83324146270752, 7.859555244445801, 7.347677230834961, 12.521730422973633, 7.311567306518555, 14.23061466217041, 8.381569862365723, 7.703062534332275, 6.896876335144043, 9.909123420715332, 14.774751663208008, 10.652830123901367, 11.929098129272461, 15.248296737670898, 10.95448112487793, 12.772273063659668, 8.9231538772583, 14.799967765808105, 9.889656066894531, 14.672348022460938, 8.096694946289062, 8.146903991699219, 12.603407859802246, 8.622479438781738, 8.487751007080078, 7.3326921463012695, 17.578020095825195, 11.884167671203613, 13.376567840576172, 7.52567720413208, 9.18261432647705, 20.166645050048828, 11.757719993591309, 6.77771520614624, 7.264957427978516, 7.421798229217529, 13.687605857849121, 10.959527015686035, 10.51253890991211, 12.802772521972656, 8.256528854370117, 8.837064743041992, 13.972587585449219, 15.83743667602539, 9.770563125610352, 6.85703706741333, 7.532370567321777, 15.84890365600586, 13.369854927062988, 7.678744316101074, 13.512907981872559, 11.388249397277832, 9.099080085754395, 8.18330192565918, 15.238873481750488, 19.129179000854492, 10.13443374633789, 12.387937545776367, 10.932114601135254, 10.560858726501465, 16.75788116455078, 8.422658920288086, 14.997088432312012, 7.281047344207764, 12.435407638549805, 8.430150032043457, 7.994912147521973, 8.408337593078613, 15.283740043640137, 9.864632606506348, 8.566999435424805, 8.67627239227295, 11.748310089111328, 8.823566436767578, 14.448925018310547, 9.180124282836914, 7.831555366516113, 13.86154842376709, 9.461170196533203, 9.097052574157715, 9.20849895477295, 9.36988639831543, 16.447526931762695, 9.31810188293457, 7.150744915008545, 20.452733993530273, 8.034440994262695, 11.387751579284668, 10.223713874816895, 7.090363025665283, 9.771773338317871, 13.229947090148926, 7.826198577880859, 8.824121475219727, 15.626057624816895, 14.030929565429688, 8.550765037536621, 13.299734115600586, 6.581939220428467, 7.910181999206543, 6.32317590713501, 11.719696044921875, 11.414993286132812, 8.390558242797852, 9.391548156738281, 17.55088233947754, 9.054990768432617, 10.020232200622559, 6.25973653793335, 13.795049667358398, 11.554801940917969, 9.74426555633545, 9.433968544006348, 7.913299083709717, 8.026628494262695, 14.358759880065918, 13.648990631103516, 17.891149520874023, 12.673121452331543, 11.528763771057129, 12.35306453704834, 13.35244369506836, 7.507561206817627, 7.971108436584473, 9.773615837097168, 14.282974243164062, 10.96446704864502, 15.541975975036621, 9.781401634216309, 7.709912300109863, 11.031052589416504, 5.539449214935303, 7.862619400024414, 10.167102813720703]
Cosines similarity random samples
[0.7552371025085449, 0.5618604421615601, 0.7287991046905518, 0.810517430305481, 0.584233283996582, 0.552145779132843, 0.5030758380889893, -0.3051469326019287, 0.5044928789138794, 0.613664448261261, 0.750546395778656, 0.8008991479873657, 0.5874044895172119, 0.4534594416618347, 0.629071831703186, 0.6360434889793396, 0.6434805989265442, 0.5425794720649719, 0.7229135036468506, 0.6097301840782166, 0.6358985900878906, 0.3211539089679718, 0.6092540621757507, 0.8480477929115295, 0.6114881038665771, 0.4342415928840637, 0.6829013228416443, -0.052329130470752716, 0.5661192536354065, 0.2523776888847351, 0.7214601039886475, 0.32018429040908813, 0.6511977910995483, -0.02456001192331314, 0.6951838731765747, 0.5877652168273926, 0.7613162398338318, 0.3327566087245941, 0.16002778708934784, 0.6900148987770081, 0.7409366369247437, -0.27028876543045044, 0.3426665961742401, 0.68963623046875, 0.518140435218811, 0.6480993032455444, 0.8230361938476562, 0.04745003581047058, 0.44451701641082764, 0.7771857380867004, 0.7352234721183777, 0.5452539920806885, 0.6432278752326965, 0.7754623889923096, -0.1005292758345604, 0.18629512190818787, 0.2648361623287201, 0.6267198920249939, 0.6982629895210266, 0.6801726818084717, 0.7159830331802368, 0.7023879885673523, 0.10591030865907669, 0.6878684163093567, 0.8229321241378784, 0.35059458017349243, 0.8074749708175659, 0.5993816256523132, 0.8342231512069702, 0.8057326674461365, 0.5397431254386902, 0.6983641386032104, 0.6664342880249023, 0.4912966191768646, 0.7111886143684387, 0.4374227821826935, 0.5994543433189392, 0.6026690006256104, 0.702183723449707, 0.8322100043296814, 0.6821609735488892, 0.5824620127677917, 0.7600342631340027, 0.10089009255170822, 0.6008267402648926, 0.13767431676387787, 0.6372877359390259, -0.17185433208942413, 0.06465091556310654, -0.5112826824188232, 0.8038954734802246, 0.596926748752594, 0.653793454170227, 0.710576057434082, 0.8500722646713257, 0.4882270097732544, 0.5749605298042297, 0.6031580567359924, 0.5063340663909912, 0.8389036655426025, 0.6873514652252197, 0.14683090150356293, -0.31049561500549316, 0.6808767318725586, 0.1374697983264923, -0.04993370175361633, 0.5495401620864868, -0.6694152355194092, 0.3766788840293884, 0.799979567527771, 0.5932559370994568, 0.6773102283477783, 0.5459797978401184, 0.718315064907074, 0.15471726655960083, 0.652518630027771, 0.6310306191444397, 0.16794970631599426, 0.7521952986717224, 0.5700554847717285, 0.3487648367881775, 0.39972904324531555, -0.05168810486793518, 0.8265080451965332, 0.6064139604568481, 0.5224928259849548, 0.2029155194759369, 0.769135057926178, 0.7332069873809814, 0.7947301864624023, 0.6201693415641785, 0.624992847442627, 0.40077435970306396, 0.29011768102645874, 0.7014559507369995, 0.716999888420105, 0.557072639465332, 0.48928168416023254, 0.6622778177261353, 0.7048738598823547, 0.7682188153266907, 0.35756850242614746, 0.7742839455604553, 0.7262874841690063, 0.8597389459609985, 0.7046440839767456, 0.7525762319564819, -0.1115584522485733, 0.04075338691473007, 0.6375507116317749, 0.7504717707633972, 0.707639217376709, -0.640166163444519, 0.8701192140579224, 0.5883112549781799, -0.008685663342475891, 0.5346933603286743, 0.43253636360168457, 0.3261866569519043, 0.5945073366165161, 0.8508483171463013, 0.5563709139823914, 0.6615215539932251, 0.5786755084991455, 0.8082812428474426, 0.6388282775878906, 0.7635922431945801, 0.523727536201477, -0.07019397616386414, 0.5142309069633484, 0.7887042760848999, 0.49852460622787476, 0.38351869583129883, 0.19425347447395325, 0.4228900671005249, 0.4049004912376404, 0.8625164031982422, 0.7899539470672607, 0.6096304059028625, 0.15208351612091064, 0.6678496599197388, 0.47294771671295166, 0.7722159624099731, 0.42291417717933655, 0.6316226720809937, 0.6486530303955078, 0.5122437477111816, 0.4334282875061035, 0.7175899744033813, 0.7823692560195923, 0.8661514520645142, 0.56430983543396, 0.7880746126174927, 0.7178198099136353, 0.672071099281311, 0.2274438738822937, 0.4839033782482147, 0.23806583881378174, 0.3890330195426941, 0.47638604044914246, 0.6694478988647461, 0.728787362575531, 0.8364961743354797, 0.34680306911468506, 0.4838334918022156, 0.8952087163925171, 0.14380770921707153, 0.7453601360321045, 0.44853144884109497, 0.5162917375564575, 0.7229061126708984, 0.8208730220794678, 0.46527135372161865, 0.6848710775375366, 0.5831494331359863, 0.14371755719184875, 0.7581789493560791, 0.7531585097312927, 0.5469897985458374, 0.6886736154556274, 0.8156605958938599, 0.8010456562042236, 0.8479321599006653, 0.37448036670684814, 0.8233706951141357, 0.5891073942184448, 0.6319863796234131, 0.6463547945022583, 0.5388662815093994, 0.8077822327613831, 0.43582993745803833, 0.5841549634933472, 0.7577230930328369, 0.7666882276535034, 0.6018966436386108, 0.7213289737701416, 0.8366262316703796, 0.3241344094276428, 0.3902091979980469, 0.6596583724021912, 0.9138219952583313, 0.7521939277648926, 0.4203159213066101, 0.7859264612197876, 0.39169591665267944, 0.746651291847229, 0.7416654825210571, -0.027169669046998024, 0.8155067563056946, 0.7609866261482239, -0.3156241774559021, 0.24524374306201935, 0.3859345316886902, 0.5268169045448303, 0.12589362263679504, 0.6197961568832397, 0.6881207227706909, 0.7846236824989319, 0.5772264003753662, 0.807548999786377, 0.67667555809021, 0.4259445369243622, 0.5389879941940308, 0.8456235527992249, 0.7713104486465454, 0.21537581086158752, 0.6015390157699585, 0.4561966359615326, 0.8245431780815125, 0.6273367404937744, 0.6517281532287598, 0.2619338929653168, 0.27259930968284607, 0.6172857880592346, 0.3381274938583374, 0.8167037963867188, 0.86026531457901, -0.022872809320688248, 0.5867000222206116, 0.7545000910758972, 0.5662199258804321, 0.7268916368484497, 0.7423218488693237, 0.35619086027145386, 0.6505817174911499, 0.30950379371643066, 0.6473460793495178, 0.46244102716445923, 0.5300931334495544, 0.8087425231933594, 0.6731342673301697, 0.5711032152175903, 0.7679431438446045, 0.1285514086484909, 0.4965669512748718, 0.6383730173110962, 0.3519611954689026, 0.5904606580734253, 0.655286431312561, 0.6272668242454529, 0.6935933828353882, 0.7247132062911987, 0.7555099129676819, 0.23454491794109344, 0.7094677090644836, 0.16990727186203003, 0.7903687953948975, 0.43564271926879883, 0.2559647560119629, 0.7911717891693115, 0.764007568359375, 0.559089183807373, 0.6030658483505249, 0.3136998414993286, 0.42171669006347656, 0.6168859004974365, 0.7244330048561096, 0.39485082030296326, 0.3504597246646881, 0.5143342614173889, 0.4539945125579834, -0.0724242776632309, 0.4830334186553955, 0.21016055345535278, 0.592560887336731, 0.5410627126693726, 0.739649772644043, 0.35444962978363037, 0.5733085870742798, 0.48698797821998596, 0.5581233501434326, 0.49627047777175903, 0.566835343837738, 0.6702724695205688, 0.7327311038970947, -0.15692076086997986, 0.827239990234375, 0.7928251028060913, 0.7436357736587524, 0.7358927726745605, 0.8896653056144714, 0.8145465850830078, 0.787493109703064, 0.15690577030181885, 0.6982256174087524, 0.2966774106025696, 0.6218032836914062, 0.4485008120536804, 0.6487631797790527, 0.8551654815673828, 0.38919371366500854, 0.5643553733825684, 0.34588226675987244, 0.6962757706642151, 0.7846832275390625, 0.35986870527267456, 0.5642736554145813, 0.6781715750694275, 0.4633473753929138, 0.7201144099235535, 0.5692219734191895, 0.3610052466392517, 0.03148215636610985, 0.6054160594940186, 0.8326454162597656, 0.6109120845794678, 0.7652316689491272, -0.0025861188769340515, 0.7375776767730713, 0.7455452680587769, 0.3180111050605774, 0.3363932967185974, 0.8709218502044678, 0.7626183032989502, 0.7037502527236938, 0.7751806974411011, 0.5498497486114502, 0.4627227485179901, 0.7208755016326904, 0.1962110549211502, 0.7433544397354126, 0.7051305770874023, 0.2963246703147888, 0.5219241380691528, 0.0839477926492691, 0.6995465159416199, 0.7577255368232727, 0.5964206457138062, 0.8834997415542603, 0.367046058177948, 0.7300204634666443, 0.6864297389984131, 0.691777765750885, 0.16751471161842346, 0.45276594161987305, 0.7929150462150574, 0.6013501882553101, 0.6363328099250793, 0.3992542028427124, 0.6120310425758362, 0.48631682991981506, 0.22566494345664978, 0.6605161428451538, 0.3498375415802002, 0.6700860261917114, 0.6046026945114136, 0.8663866519927979, 0.8380262851715088, -0.6425522565841675, 0.3313628137111664, 0.5502548217773438, 0.4919549822807312, 0.7505009174346924, 0.7358418107032776, 0.6832394003868103, 0.6778491735458374, 0.5729571580886841, 0.8530795574188232, 0.8028980493545532, 0.6530135273933411, 0.7045380473136902, 0.6034369468688965, 0.6390531063079834, 0.5609660744667053, 0.8010241389274597, -0.7695596218109131, 0.7488782405853271, 0.5409330725669861, 0.7808949947357178, 0.7344865798950195, 0.257479727268219, 0.470319539308548, 0.656214714050293, 0.3876304626464844, 0.6171409487724304, 0.34641796350479126, 0.7505490779876709, 0.7018929719924927, 0.4494094252586365, 0.5224233865737915, 0.2426518350839615, 0.5129722356796265, 0.5716350078582764, 0.8682303428649902, 0.3125837445259094, 0.6827316880226135, 0.6432082056999207, 0.4497627019882202, 0.587010383605957, 0.7406753897666931, 0.6804020404815674, 0.8116668462753296, 0.7609045505523682, 0.5975884199142456, 0.5571133494377136, 0.02656395733356476, 0.520052969455719, 0.759557843208313, 0.2956309914588928, 0.5508275032043457, 0.615443229675293, 0.8261057138442993, 0.7547535300254822, 0.43606317043304443, 0.6596083641052246, 0.6581278443336487, 0.8297301530838013, 0.6565216779708862, 0.7297289371490479, 0.7751518487930298, -0.15675976872444153, 0.5185458660125732, 0.765047550201416, 0.5534001588821411, 0.7172425985336304, 0.8538297414779663, 0.08872546255588531, 0.7079195976257324, 0.6249749660491943, 0.8245416879653931, 0.4450457692146301, 0.6077221035957336, 0.7744342088699341, 0.6861895322799683, 0.8250207901000977, 0.5273110866546631, 0.6652601361274719, 0.3451730012893677, 0.008648846298456192, 0.7205960750579834, 0.672711193561554, 0.6213436126708984, 0.8089480400085449, 0.8008733987808228, 0.7903637886047363, 0.7737385034561157, 0.40029382705688477, 0.5577950477600098, 0.8483407497406006, -0.5388684272766113, 0.8090254068374634, 0.18769125640392303, -0.04895728826522827, 0.6263659596443176, 0.7769064903259277, 0.6811850070953369, 0.6759681701660156, 0.8828834891319275, 0.7965441942214966, -0.7269952297210693, 0.7112741470336914, 0.8280730843544006, 0.6897218823432922, 0.7618146538734436, 0.599649965763092, 0.6397883296012878, 0.5658872127532959, 0.7692471742630005, 0.8877086639404297, 0.6515584588050842, 0.7383960485458374, 0.6147753596305847, 0.548061192035675, 0.575176477432251, 0.35130661725997925, 0.21397358179092407, 0.7347105741500854, 0.536041796207428, 0.40625035762786865, 0.6441571116447449, 0.7797689437866211, 0.6213255524635315, 0.6170092821121216, 0.5698270201683044, 0.8315601944923401, 0.3296256363391876, 0.6837179064750671, 0.5689553022384644, 0.5952516794204712, -0.7218958139419556, 0.4729629158973694, 0.7148568630218506, 0.5718969106674194, 0.5930261611938477, 0.7963952422142029, 0.8032071590423584, 0.5181581974029541, 0.5154826641082764, 0.8693879842758179, 0.433510422706604, 0.5079350471496582, 0.6290410757064819, 0.485393226146698, 0.49497419595718384, 0.7283270955085754, 0.621514618396759, 0.8042197227478027, 0.48420894145965576, 0.8629157543182373, 0.4169235825538635, 0.7800898551940918, 0.6569552421569824, 0.8220913410186768, 0.48433709144592285, 0.3315371870994568, 0.4622897505760193, 0.45963260531425476, 0.4704384505748749, 0.20453396439552307, 0.7787724733352661, 0.41237151622772217, 0.7343273162841797, 0.6050313711166382, 0.7686728239059448, -0.04460582882165909, 0.6909160017967224, 0.36844608187675476, 0.6517245769500732, 0.4214094877243042, 0.3987346589565277, 0.1196017861366272, 0.2141454517841339, 0.5757343769073486, 0.6800383925437927, 0.6849260330200195, 0.5721174478530884, 0.5498307943344116, 0.6180998682975769, 0.8571047186851501, 0.748112678527832, 0.3622037172317505, 0.4292609691619873, 0.6537221670150757, 0.6649590730667114, -0.7520608901977539, 0.2518993616104126, 0.7404874563217163, 0.6707009077072144, -0.6623202562332153, 0.8383452296257019, 0.23159721493721008, 0.6824564933776855, 0.6003998517990112, 0.5570207834243774, 0.8306057453155518, 0.623555064201355, 0.4533115327358246, 0.48706352710723877, 0.7112210988998413, 0.7625554203987122, 0.288344144821167, 0.8578983545303345, 0.5271443128585815, 0.6128038763999939, 0.8533639907836914, 0.7519330978393555, 0.4244692921638489, 0.7259224653244019, 0.7455593347549438, 0.6298456192016602, 0.714179515838623, 0.44555050134658813, 0.7975126504898071, 0.7533574104309082, 0.5185945630073547, 0.8645505905151367, 0.8315197229385376, 0.7569401264190674, 0.7558847665786743, 0.07563340663909912, 0.5393489599227905, 0.39668941497802734, 0.2915779948234558, 0.455558717250824, 0.7718431353569031, 0.43496283888816833, 0.8349758982658386, 0.46751052141189575, 0.28788474202156067, 0.6294779777526855, 0.2896089255809784, 0.8739806413650513, 0.8293324708938599, 0.3486897945404053, 0.5928825736045837, 0.26077648997306824, 0.5142203569412231, -0.6448663473129272, 0.5688427686691284, 0.7894766330718994, 0.5293326377868652, 0.5991452932357788, 0.6426999568939209, -0.09215003252029419, 0.31487011909484863, 0.7315671443939209, 0.7948322296142578, 0.7067538499832153, 0.25834548473358154, 0.5367822647094727, 0.6009411215782166, 0.5387691259384155, 0.4135892987251282, 0.7111535668373108, 0.7116337418556213, 0.4954061806201935, 0.3977620005607605, 0.5732407569885254, 0.8513212203979492, 0.5795547962188721, 0.7368219494819641, 0.5342844128608704, 0.7529324293136597, 0.647485613822937, 0.6654142737388611, 0.6268408298492432, -0.09214259684085846, 0.6767566800117493, 0.8776332139968872, 0.5062787532806396, 0.5958168506622314, 0.5539587736129761, 0.7057794332504272, 0.6039636135101318, 0.620868444442749, 0.537894606590271, 0.6241706609725952, 0.7681276798248291, 0.46489137411117554, 0.3929450511932373, -0.023014768958091736, 0.7406318187713623, 0.5788990259170532, -0.419735312461853, 0.732693076133728, 0.7105152010917664, 0.9326728582382202, 0.7472794055938721, 0.19629794359207153, 0.4796452224254608, 0.47725704312324524, 0.28945738077163696, 0.7466829419136047, 0.35273945331573486, 0.7556604146957397, 0.09057833254337311, 0.6622167825698853, 0.7919319868087769, 0.6673838496208191, 0.6593512892723083, 0.865208625793457, 0.49862170219421387, 0.4762577414512634, -0.13468925654888153, 0.7758648991584778, 0.6369955539703369, 0.028971388936042786, 0.781540036201477, 0.7147437930107117, 0.28310081362724304, 0.40955203771591187, 0.7201061248779297, 0.011489711701869965, 0.35535764694213867, 0.6864270567893982, 0.7724582552909851, 0.24686695635318756, 0.6635274291038513, 0.7069838643074036, 0.6648385524749756, 0.7618013024330139, 0.3966921865940094, 0.30972713232040405, 0.7770704030990601, 0.7054272890090942, 0.7586730718612671, -0.755640983581543, 0.5192503929138184, 0.7142817974090576, 0.41171663999557495, 0.6182301640510559, 0.8602299690246582, 0.10107766091823578, 0.5627813935279846, -0.6712345480918884, 0.7012394666671753, 0.6614487767219543, -0.016037989407777786, 0.5858232975006104, 0.3026609718799591, 0.5590528845787048, 0.6249237060546875, 0.7092117071151733, 0.03687942773103714, 0.4607650637626648, 0.7227393388748169, -0.19332851469516754, 0.38193202018737793, -0.10810722410678864, 0.1876523792743683, 0.8258981704711914, 0.2863139510154724, 0.6678324341773987, 0.5110882520675659, 0.7087019681930542, 0.5932488441467285, 0.5312248468399048, 0.49328815937042236, -0.6304636597633362, 0.6280983686447144, 0.5137276649475098, 0.6551724076271057, 0.4603683352470398, 0.5677852630615234, 0.7136944532394409, 0.7473428845405579, 0.5189038515090942, 0.9211694002151489, 0.6498481035232544, 0.5870565176010132, 0.715790867805481, 0.5596253871917725, 0.7033532857894897, 0.7868609428405762, 0.769936203956604, 0.15603342652320862, 0.3319752812385559, 0.6713387966156006, 0.8006056547164917, 0.6936192512512207, 0.7049897909164429, 0.824089527130127, 0.4176439046859741, 0.6378392577171326, 0.7049578428268433, 0.5947514176368713, 0.4513393044471741, 0.7104989886283875, 0.7936114072799683, -0.0489138700067997, 0.6712361574172974, 0.7421277761459351, 0.6231862902641296, 0.6815700531005859, 0.6428182125091553, 0.5648753643035889, 0.6931714415550232, 0.7849998474121094, 0.7851272821426392, -0.019319865852594376, 0.778406023979187, 0.6580413579940796, 0.6757416129112244, 0.17599356174468994, 0.6248095035552979, 0.8776127696037292, 0.8445529937744141, 0.053406111896038055, 0.312648743391037, 0.5646369457244873, 0.5118645429611206, 0.6073006391525269, 0.48507019877433777, 0.6980627775192261, 0.5413594245910645, 0.413330078125, 0.48881953954696655, 0.3809387683868408, 0.5460070371627808, 0.6532463431358337, 0.593441367149353, 0.6214534044265747, 0.7149640321731567, 0.47519031167030334, -0.039252810180187225, -0.1216757521033287, 0.5938158631324768, -0.7595953941345215, 0.3867821991443634, 0.7920361757278442, 0.7573040723800659, 0.544568657875061, -0.051943376660346985, 0.11360761523246765, 0.6374834179878235, 0.5930727124214172, 0.772321343421936, 0.28900837898254395, 0.6763696670532227, 0.7841405868530273, 0.19879944622516632, 0.7930834293365479, 0.6428119540214539, 0.6988263130187988, -0.22612571716308594, 0.4021714925765991, 0.5496437549591064, 0.8908860683441162, 0.6010828018188477, 0.6078172922134399, 0.5711743831634521, 0.35486936569213867, 0.268988698720932, 0.6615946292877197, 0.6917663812637329, 0.7490753531455994, 0.5996791124343872, 0.7476122379302979, 0.7900885343551636, 0.616784393787384, 0.7791105508804321, 0.38298872113227844, 0.6956669092178345, 0.7856232523918152, 0.07231426239013672, 0.8641186356544495, 0.8694369792938232, 0.2916025221347809, 0.5456136465072632, 0.3038606643676758, 0.6024936437606812, 0.8052562475204468, -0.5985320806503296, 0.5908137559890747, 0.30507412552833557, 0.6621679067611694, 0.7607150077819824, 0.4110490381717682, 0.44340962171554565, 0.6971768140792847, 0.8888096213340759, 0.17392170429229736, 0.5711594223976135, 0.6219190955162048, 0.5671215057373047, -0.019507572054862976, -0.4043219983577728, 0.42318564653396606, 0.6046522855758667, 0.5730522871017456, 0.7135899066925049, -0.7034090161323547, 0.2409786731004715, 0.11225646734237671, 0.7968696355819702, 0.5351258516311646, 0.8782773017883301, 0.6315218210220337, 0.7531651854515076, 0.5430086851119995, 0.4880017042160034, 0.6420719623565674, 0.20718342065811157, 0.7188231945037842, 0.8476300239562988, 0.5510971546173096, 0.6581653356552124, 0.2433125227689743, 0.7783716917037964, 0.5857890844345093, 0.7298790812492371, 0.7280668616294861, 0.7517223358154297, 0.6377449035644531, 0.6519737243652344, 0.647956907749176, -0.61137855052948, -0.59911048412323, 0.5220839977264404, 0.7976661920547485, 0.7391045093536377, 0.7107011079788208, 0.7030357122421265, 0.47285139560699463, 0.6501511931419373, 0.6633760929107666, 0.7546060681343079, 0.7294471263885498, 0.8092405796051025, 0.6075711846351624, 0.7204943895339966, 0.5873547792434692, 0.5691263675689697, 0.7492551207542419, 0.8750665187835693, 0.49549490213394165, 0.6103829145431519, 0.5138839483261108, 0.5977153778076172, 0.3473328948020935, 0.6452300548553467, 0.6019905805587769, 0.6131186485290527, 0.792644739151001, 0.4500129818916321, 0.7155430912971497, 0.4518427550792694, -0.022156331688165665, 0.7870780229568481, 0.5097782015800476, 0.8377482891082764, 0.6151455640792847, 0.5858175158500671, 0.21816883981227875, 0.36787521839141846, 0.8568346500396729, 0.7747596502304077, 0.9104658365249634, 0.6674613952636719, -0.15875156223773956, -0.032970234751701355, 0.7664954662322998, 0.7396101951599121, 0.7567188739776611, -0.24877506494522095, 0.6683008670806885, 0.79436194896698, 0.6550967693328857, 0.617157518863678, 0.6734731197357178, 0.5787371397018433, 0.7278751134872437, 0.7819762229919434, 0.7246072888374329, 0.6373217105865479, 0.5690742135047913, 0.5691174268722534, 0.43978580832481384, 0.7696338295936584, 0.3831337094306946, 0.01626449078321457, 0.6095287799835205, 0.35758471488952637, 0.6918642520904541, 0.7681045532226562, 0.4349452555179596, 0.5080229043960571, 0.16401900351047516, 0.5864555835723877, 0.22014059126377106, 0.593298614025116, 0.44055742025375366, 0.5707314014434814, 0.48323363065719604, 0.23157337307929993, 0.6117812395095825, 0.7292627096176147, 0.6902784109115601, 0.5013062953948975, -0.14351198077201843, 0.6372055411338806, 0.8491256237030029, 0.8494439125061035, 0.3587456941604614, 0.712817907333374, 0.39988037943840027, 0.6215736865997314, 0.07811710238456726, 0.639319896697998, 0.8696367740631104, 0.46784675121307373, 0.6446642875671387, 0.5066347122192383, 0.8208784461021423, -0.6696494221687317, 0.054114341735839844, 0.6302212476730347, 0.6900856494903564, 0.42530208826065063, 0.7402262687683105, 0.4456973969936371, 0.4478687047958374, 0.6764061450958252, 0.6783249974250793, 0.1563269942998886, 0.5047446489334106, -0.11599300801753998, 0.6797175407409668, 0.27764028310775757, 0.6550445556640625, 0.826439619064331, 0.698996901512146, 0.33835601806640625, -0.05057249963283539, 0.7431239485740662, 0.6333956122398376, 0.7013511657714844, 0.6856530904769897, -0.02401677519083023, 0.4488409161567688, 0.43829596042633057, 0.574496865272522, 0.4003022611141205, 0.38082367181777954, 0.3759136199951172, 0.7657970190048218, -0.18559205532073975, 0.6042161583900452, 0.500777542591095, 0.6901044845581055, 0.8169272541999817, 0.7451542615890503, 0.8233325481414795, 0.7608218193054199, 0.8030357956886292, 0.6717498302459717, 0.485941618680954, 0.7052198052406311, 0.43667110800743103, 0.5854265689849854, 0.4910632371902466, 0.7380253076553345, 0.5444928407669067, 0.238734632730484, -0.24692952632904053, 0.7646501660346985, 0.6908441185951233, 0.4874860942363739, -0.7400223612785339, -0.36984342336654663, 0.6272213459014893, 0.4427649974822998, 0.8509283065795898, 0.5650900602340698, 0.5729849934577942, 0.5803242921829224, 0.6359691619873047, 0.2077397108078003, 0.7359809875488281, -0.15960386395454407, 0.6609869003295898, 0.7486532330513, -0.368213415145874, 0.3433758020401001, 0.5737452507019043, 0.6472645401954651, 0.38422155380249023, 0.6394904851913452, 0.5567070245742798, 0.7145302295684814, 0.724050760269165, 0.33964306116104126, 0.028500996530056, 0.32996633648872375, 0.6521602869033813, -0.7269032001495361, 0.5178861618041992, 0.2864624559879303, 0.6567859053611755, 0.5017820596694946, 0.36969929933547974, 0.6848627328872681, 0.1265348643064499, 0.5490264892578125, 0.40639686584472656, 0.8141543865203857, 0.8014090657234192, 0.6970877051353455, 0.42694365978240967, 0.6968039274215698, 0.41836753487586975, 0.28401124477386475, 0.3892921209335327, 0.7876921892166138, 0.2806546688079834, 0.6999865770339966, 0.6538769006729126, 0.4576776623725891, 0.6539954543113708, 0.663716197013855, 0.7062415480613708, 0.7386636734008789, 0.4750621020793915, 0.8222464323043823, 0.6208377480506897, 0.7543748617172241, 0.70740807056427, 0.7011702060699463, 0.25604069232940674, 0.6063039898872375, 0.6619678735733032, 0.7284901142120361, 0.4218785762786865, 0.6045898199081421, -0.6453800201416016, 0.3771792948246002, -0.036340318620204926, 0.7103765606880188, 0.5956934690475464, 0.820877194404602, 0.8796992301940918, 0.5329070687294006, 0.30175456404685974, 0.5042340159416199, 0.8543393611907959, 0.4487951099872589, 0.7536104917526245, 0.6643667817115784, 0.7540854215621948, 0.0014426633715629578, 0.46252965927124023, 0.6751506328582764, 0.6386090517044067, 0.4501606225967407, 0.492188036441803, -0.21704012155532837, 0.349937379360199, -0.02789132297039032, 0.6805038452148438, 0.7156802415847778, 0.19088758528232574, 0.7318969368934631, 0.29571932554244995, 0.6156297922134399, 0.5023424625396729, 0.8019489049911499, 0.1582714319229126, 0.6045613288879395, 0.28165149688720703, 0.44729894399642944, 0.42398974299430847, 0.6760473847389221, 0.7343675494194031, 0.2329351305961609, 0.3072701394557953, 0.7391872406005859, 0.7255808115005493, 0.5109084248542786, 0.6436586976051331, 0.8604615330696106, 0.7578986287117004, 0.6302095651626587, 0.3403671383857727, 0.475872278213501, 0.6586001515388489, 0.7383042573928833, 0.6822837591171265, 0.41590064764022827, 0.7022098302841187, 0.5271654725074768, 0.6059958934783936, 0.7594622373580933, 0.44707340002059937, 0.7497155070304871, 0.4934297204017639, 0.5976451635360718, 0.483062207698822, 0.7279499769210815, -0.15447507798671722, 0.7334136962890625, 0.6832876205444336, 0.7465672492980957, 0.48794931173324585, 0.47411471605300903, 0.9155823588371277, 0.4438295364379883, 0.7389232516288757, 0.7714111804962158, 0.7301605939865112, 0.26531192660331726, 0.7206557989120483, 0.6514828205108643, 0.7700954675674438, 0.1550830602645874, 0.3595661520957947, 0.6903613209724426, 0.7322664260864258, 0.7221347093582153, 0.47055619955062866, 0.4683794379234314, 0.8201701045036316, 0.32334238290786743, 0.6447043418884277, 0.63047856092453, 0.4792315363883972, 0.6792411208152771, 0.432391881942749, 0.4317929744720459, 0.45480820536613464, 0.8339519500732422, 0.2969050407409668, 0.7212269902229309, 0.6143524050712585, 0.6475094556808472, 0.7150817513465881, 0.5644680261611938, 0.7377600073814392, 0.5956697463989258, -0.14557428658008575, 0.7745492458343506, 0.6681846380233765, 0.5705293416976929, 0.7829729318618774, 0.12230473011732101, 0.848213255405426, 0.603812575340271, 0.6402912139892578, 0.23280391097068787, -0.11617880314588547, 0.726523220539093, 0.6466231346130371, 0.5971343517303467, 0.8082180619239807, 0.8254722952842712, 0.6613909006118774, 0.361764132976532, 0.7786612510681152, 0.5648084282875061, 0.7230972051620483, 0.6431063413619995, 0.7820367813110352, 0.5398412942886353, 0.6972270607948303, 0.5188205242156982, 0.5357866287231445, 0.7772551774978638, 0.29219841957092285, 0.3374224305152893, 0.6285676956176758, 0.7272384762763977, 0.6705443263053894, 0.5563133358955383, 0.6620198488235474, 0.7219234704971313, 0.5156103372573853, 0.6615669131278992, 0.8233562111854553, 0.44782960414886475, 0.6499160528182983, 0.6755872964859009, 0.9149249196052551, 0.8093760013580322, 0.6128622889518738, 0.7071222066879272, 0.1849142611026764, 0.5437265634536743, 0.4597181975841522, 0.6229742765426636, 0.3461149334907532, 0.6817045211791992, 0.7354395389556885, 0.6511114835739136, 0.30194222927093506, 0.6318463087081909, 0.3206377923488617, 0.4793434143066406, 0.5870295763015747, 0.5374525785446167, 0.4644671380519867, 0.9007997512817383, 0.5286483764648438, 0.8409451246261597, 0.5395196080207825, 0.6420881152153015, 0.049736399203538895, 0.6786659955978394, 0.7549728155136108, 0.6065456867218018, 0.8855953216552734, 0.34219294786453247, 0.4627915620803833, 0.6097924113273621, 0.806460976600647, 0.8602936267852783, 0.7201685309410095, 0.5476948022842407, 0.5556145310401917, 0.42349904775619507, 0.6945629119873047, 0.5141122937202454, 0.5560530424118042, 0.1115185022354126, 0.3750914931297302, 0.5953972339630127, 0.5935583114624023, 0.416090726852417, 0.14454343914985657, 0.08001700043678284, 0.23265574872493744, 0.7243310213088989, 0.9148017168045044, 0.5263550877571106, 0.4173699915409088, 0.44490325450897217, 0.39595070481300354, 0.35022181272506714, 0.6636412739753723, 0.2507600784301758, -0.08612090349197388, 0.2694096565246582, 0.7669448852539062, 0.650876522064209, 0.6012668609619141, 0.7245330214500427, 0.12642991542816162, 0.5275928378105164, 0.6458507776260376, -0.7392836213111877, 0.7769350409507751, -0.012209806591272354, 0.5906356573104858, 0.5467843413352966, 0.7273378372192383, 0.6068333387374878, 0.6441878080368042, 0.5798470973968506, 0.7403724193572998, 0.6053415536880493, 0.4619114398956299, 0.6858170628547668, 0.7814426422119141, 0.8094644546508789, 0.6552600860595703, 0.42335134744644165, 0.7126381993293762, 0.7203083038330078, 0.8183674812316895, -0.08421985059976578, 0.7252404689788818, 0.5796083211898804, 0.8321609497070312, -0.39318355917930603, -0.6340653896331787, 0.6871172785758972, 0.7847636938095093, 0.8001008033752441, 0.5875961780548096, 0.4866015911102295, 0.4717715084552765, 0.5613533854484558, 0.7121051549911499, 0.5657477974891663, 0.5225409865379333, 0.6808061599731445, 0.5134592652320862, 0.7634869813919067, 0.8342905044555664, 0.6066620945930481, 0.419960618019104, 0.3176845908164978, 0.480206161737442, 0.5793635845184326, 0.37372657656669617, 0.3284990191459656, 0.5851882696151733, 0.6848120093345642, 0.5793470740318298, 0.3582684397697449, 0.6143226027488708, 0.8426071405410767, 0.8819065690040588, 0.7841281294822693, 0.7095383405685425, 0.6432517766952515, 0.7482722997665405, 0.687019944190979, 0.4437108039855957, -0.010400734841823578, 0.7206819653511047, 0.8512526750564575, 0.34580427408218384, 0.3976367712020874, 0.4299926459789276, -0.7322005033493042, 0.3304259479045868, 0.19046182930469513, 0.6340382099151611, 0.2641582489013672, 0.7464120388031006, 0.3130291700363159, 0.7696375846862793, 0.23399770259857178, 0.6182166934013367, 0.6285257339477539, 0.23913134634494781, 0.699849009513855, 0.8103570342063904, 0.7856682538986206, 0.38917452096939087, 0.5371013879776001, 0.6536800861358643, -0.17016980051994324, 0.7675610184669495, 0.6753045320510864, 0.5420686602592468, 0.7126814126968384, 0.17269955575466156, 0.24193072319030762, 0.6685059070587158, 0.7047907114028931, 0.8915120363235474, 0.8839312791824341, -0.17301861941814423, 0.4445848762989044, -0.21114295721054077, 0.7628395557403564, 0.8085077404975891, -0.34602460265159607, 0.7444995045661926, 0.7554128170013428, 0.6664770841598511, 0.629673182964325, 0.21350248157978058, 0.7264389991760254, 0.570347785949707, -0.25563129782676697, 0.6645110249519348, 0.4691493511199951, 0.732513427734375, 0.6406899690628052, 0.4790799915790558, 0.8398009538650513, 0.5452747344970703, 0.00757686048746109, 0.7221760749816895, 0.657659649848938, 0.7554044127464294, 0.44794657826423645, 0.4360012412071228, 0.34964609146118164, 0.6638644933700562, 0.6735138893127441, 0.5423705577850342, 0.771562397480011, 0.03257753700017929, 0.6199773550033569, 0.7773759365081787, 0.76970374584198, -0.011192932724952698, 0.6140602231025696, 0.6869596242904663, 0.734785258769989, 0.8019548654556274, 0.6929388046264648, 0.5746141076087952, 0.012977546080946922, -0.236899733543396, 0.809748113155365, 0.5763960480690002, 0.24236291646957397, 0.39983516931533813, 0.7118067741394043, 0.5248131155967712, 0.6653487682342529, 0.5840078592300415, 0.6855376958847046, 0.7648510932922363, 0.6751050353050232, 0.7373385429382324, 0.5906461477279663, 0.6071206331253052, 0.19144926965236664, 0.6869853734970093, 0.6591973304748535, 0.7332112193107605, 0.8742473125457764, 0.49476155638694763, 0.6543636322021484, -0.2230156809091568, -0.34993472695350647, 0.6238147616386414, 0.6500662565231323, 0.6788716316223145, 0.7455195784568787, 0.6029595136642456, 0.5167685747146606, 0.739121675491333, 0.7835706472396851, 0.2087913602590561, 0.5088634490966797, 0.59876549243927, -0.707326352596283, 0.278286337852478, 0.7099623680114746, -0.039814822375774384, -0.2126786708831787, 0.7538801431655884, 0.7890572547912598, 0.8797482252120972, 0.5571308135986328, 0.4183003306388855, 0.18254134058952332, 0.6234201192855835, 0.7055147886276245, 0.8799859285354614, 0.18352532386779785, 0.8233414888381958, 0.7407506704330444, 0.7408223152160645, 0.558141827583313, 0.04147742688655853, 0.736228883266449, 0.6910495162010193, 0.7303578853607178, 0.6626219153404236, 0.5281234979629517, 0.07013598084449768, 0.5866965651512146, 0.30186837911605835, 0.8160484433174133, 0.7346943616867065, 0.7101555466651917, 0.7043333649635315, 0.39218828082084656, 0.7071415185928345, 0.19815722107887268, 0.8363004922866821, 0.5092668533325195, 0.5873317718505859, 0.5248664021492004, 0.7247504591941833, 0.5332441329956055, 0.3135225772857666, 0.8395764827728271, 0.48298361897468567, 0.44555357098579407, 0.6821000576019287, 0.6612818241119385, 0.8238921761512756, 0.0727878138422966, -0.2764032483100891, 0.12773397564888, 0.14691169559955597, 0.22843492031097412, 0.09690985083580017, -0.0006271526217460632, 0.6085682511329651, 0.6639288663864136, 0.4784582257270813, 0.38352906703948975, 0.7580233812332153, 0.6357618570327759, 0.20265041291713715, 0.7335242033004761, 0.5474158525466919, 0.4711875319480896, 0.6863957047462463, 0.6800684928894043, 0.5028001666069031, 0.2471398413181305, 0.7737423181533813, 0.49014511704444885, 0.5905911326408386, 0.808199405670166, 0.27153459191322327, 0.7885863780975342, 0.6015852689743042, 0.8780690431594849, 0.6457933187484741, 0.4757133722305298, 0.5007377862930298, 0.6843908429145813, -0.41547560691833496, 0.49141940474510193, 0.5156330466270447, 0.544444739818573, 0.4593396782875061, 0.22209647297859192, 0.6964308619499207, 0.7903087139129639, 0.5523227453231812, 0.3343992829322815, 0.6808130741119385, 0.4737291932106018, 0.6303704977035522, 0.738234281539917, 0.6869436502456665, -0.4383694529533386, 0.5205719470977783, 0.15112490952014923, 0.6481161117553711, 0.7538211941719055, 0.2717466354370117, 0.3726346790790558, 0.8400980830192566, 0.6814332008361816, 0.6933653354644775, -0.07918757200241089, 0.751976728439331, 0.7748851180076599, 0.5274310111999512, 0.6763315200805664, 0.7321133613586426, 0.29205432534217834, 0.6832573413848877, -0.2234555333852768, 0.515813946723938, 0.4889659881591797, 0.4410262703895569, 0.2467818409204483, 0.31120866537094116, 0.5991562604904175, 0.8268598318099976, 0.3206610679626465, 0.5254382491111755, -0.3533615469932556, 0.8152531385421753, 0.14020602405071259, 0.6016727089881897, 0.47645577788352966, -0.09893127530813217, 0.7054853439331055, 0.4829150438308716, 0.5948498249053955, 0.8126089572906494, 0.6727264523506165, 0.6351586580276489, 0.3907511830329895, 0.7461583614349365, 0.7395141124725342, 0.4934782087802887, 0.657346248626709, 0.500016450881958, 0.5138112306594849, 0.6950883865356445, 0.74971604347229, 0.7798492312431335, 0.6532092690467834, 0.3846443295478821, 0.674608588218689, 0.5670315027236938, 0.34829336404800415, 0.789950966835022, 0.6543569564819336, 0.45527660846710205, 0.6223827600479126, 0.40117543935775757, 0.6679391860961914, 0.3854301869869232, 0.8815986514091492, -0.6775861978530884, 0.8238661885261536, 0.915337085723877, 0.6072954535484314, 0.689397931098938, 0.6993962526321411, 0.7865740060806274, 0.430370569229126, 0.5812493562698364, 0.7774633169174194, 0.7614023685455322, 0.8670336008071899, 0.4162977337837219, 0.6254642009735107, 0.3796403408050537, 0.5113210678100586, 0.7871831655502319, 0.463957816362381, 0.7187454700469971, 0.7059678435325623, 0.6745063662528992, 0.6273466348648071, 0.7017663717269897, 0.5645054578781128, 0.3148897588253021, 0.4049280285835266, -0.035955846309661865, 0.682975172996521, 0.772036075592041, 0.5703486204147339, 0.6295126080513, 0.34157246351242065, 0.4545437693595886, 0.6090070009231567, 0.6403430700302124, 0.7132952809333801, 0.7572371959686279, 0.7532362341880798, -0.09778378903865814, 0.799038827419281, 0.4153028130531311, 0.6217712759971619, 0.5288665294647217, 0.8571140170097351, -0.6732950210571289, 0.29619717597961426, 0.36414527893066406, 0.23879027366638184, 0.4383420944213867, 0.8138740062713623, -0.050473444163799286, 0.8593627214431763, 0.7067855596542358, 0.6595547199249268, 0.667827844619751, 0.47844329476356506, 0.8274978995323181, 0.4010311961174011, 0.38912075757980347, -0.5479490160942078, 0.6321028470993042, 0.40175434947013855, 0.5722866654396057, 0.1639748513698578, 0.49788087606430054, 0.59006267786026, 0.7003165483474731, 0.6345319151878357, 0.6318901777267456, 0.5405718088150024, 0.6018838286399841, 0.6871181726455688, 0.7709218263626099, 0.6576515436172485, 0.6554780006408691, 0.39139413833618164, 0.290802001953125, 0.7482408285140991, 0.7718333005905151, 0.47458416223526, 0.8142052292823792, 0.295147180557251, 0.7501015067100525, 0.7703258991241455, 0.8063619136810303, 0.5953992009162903, 0.3165663778781891, 0.5557704567909241, 0.44869932532310486, 0.2077113687992096, 0.5439162254333496, 0.38375192880630493, 0.6896922588348389, 0.17232385277748108, 0.6591474413871765, 0.18378573656082153, 0.7429033517837524, 0.7112569212913513, 0.5327470302581787, 0.7249030470848083, 0.7415181398391724, 0.804783821105957, -0.049041278660297394, 0.5646678805351257, 0.32122230529785156, 0.7675572633743286, 0.6705814599990845, -0.45405250787734985, 0.5434883832931519, 0.813624382019043, 0.7917945384979248, 0.7881566286087036, 0.4642246663570404, 0.46899884939193726, 0.6105396151542664, 0.5387572050094604, 0.7070432901382446, 0.6845835447311401, 0.3300270140171051, 0.19120904803276062, 0.6252731084823608, 0.8074462413787842, 0.7725402116775513, 0.17396977543830872, 0.26229435205459595, 0.7627205848693848, 0.3369128704071045, 0.45066237449645996, 0.6662478446960449, 0.7588050365447998, 0.2445252537727356, -0.26877981424331665, 0.5868762731552124, 0.44693291187286377, 0.6392689943313599, 0.5993686318397522, 0.017803959548473358, 0.6991385221481323, 0.26793020963668823, 0.7970188856124878, 0.4051542282104492, 0.7109307050704956, 0.7451355457305908, 0.7205981016159058, 0.19552671909332275, 0.6195180416107178, 0.6898548007011414, 0.7047992944717407, 0.5235821604728699, 0.7045332193374634, 0.31267207860946655, 0.6614760160446167, 0.7620818018913269, 0.3885907530784607, 0.6595923900604248, 0.6955403685569763, 0.6708669662475586, 0.6563105583190918, 0.03148839995265007, 0.6444551348686218, 0.7899843454360962, -0.57124924659729, 0.7519462704658508, 0.515461266040802, 0.5461611747741699, 0.7992959022521973, 0.6152687072753906, 0.3490102291107178, 0.750461220741272, 0.6737358570098877, 0.2382965236902237, 0.22995363175868988, 0.7164068222045898, 0.4215906262397766, 0.8136447668075562, 0.7585456967353821, 0.8516517877578735, 0.5391252040863037, 0.5522586107254028, 0.7110674381256104, 0.6642259955406189, -0.12382019311189651, 0.6485313177108765, 0.6023039817810059, 0.8432090282440186, 0.4558485150337219, 0.5785303711891174, 0.6196200847625732, 0.7133960723876953, 0.7232373952865601, 0.747809886932373, 0.36263084411621094, 0.4102143943309784, -0.15265068411827087, 0.41675543785095215, 0.5045590400695801, 0.41121047735214233, 0.4998624324798584, 0.7800012826919556, 0.7670187950134277, 0.6160002946853638, 0.21744875609874725, 0.5388990044593811, 0.0622372180223465, 0.6104544997215271, 0.7691514492034912, 0.5287256240844727, 0.8856803178787231, 0.7636381387710571, 0.601244330406189]
