sample name: ['Cc1ccc(CCNC(=O)NCCc2csc(N3CCCC3)n2)c(C)c1']
atom_index,distance,cosine_similarity
0,-0.7090008544921875,0.04174502959474921
1,-1.80655517578125,0.052081003002822396
2,-0.99684326171875,-0.0968352746963501
3,-3.84296875,0.1167810926027596
4,-5.229739990234375,-0.031586464941501614
5,-3.0412725830078124,0.07627553436905146
6,0.03768310546875,-0.05165510250255465
7,-1.731639404296875,-0.027515783831477167
8,-1.8441070556640624,0.07041151460260153
9,-1.35953857421875,0.038832954466342925
10,-4.51692626953125,0.08742649545893073
11,-2.5647784423828126,0.11382051777094603
12,-1.8231781005859375,0.17952540580183268
13,-5.432744140625,0.081793649867177
14,-2.075902099609375,0.13976353468373418
15,-8.188477783203124,0.04971228428184986
16,-8.701149291992188,0.13084384240210056
17,-0.743895263671875,-0.07310907639563084
18,-1.02354736328125,-0.06844944439828396
19,-1.930989990234375,-0.10771699065342545
20,-4.007800903320312,0.13285374173894524

Sum of phi values for distance
-61.533372192382814
Sum of phi values for cosine similarity
0.8549984632246196
Average distance random samples:
66.10138321604047
Average cosine similarity random samples:
0.005563992241486198
Distances random samples
[35.18244934082031, 96.82835388183594, 157.54141235351562, 36.31153869628906, 17.834455490112305, 75.82009887695312, 12.81309986114502, 125.86238861083984, 11.91830062866211, 12.760019302368164, 12.656779289245605, 15.591554641723633, 177.46539306640625, 4.985275745391846, 103.08100891113281, 12.717885971069336, 7.345625877380371, 14.72278118133545, 6.358435153961182, 8.553781509399414, 132.3164825439453, 85.08734130859375, 109.6248550415039, 140.74586486816406, 32.75745391845703, 14.773221015930176, 173.98609924316406, 23.47007179260254, 6.457058906555176, 8.610892295837402, 126.37670135498047, 95.51002502441406, 47.139488220214844, 164.79454040527344, 43.357398986816406, 80.33174896240234, 24.8077335357666, 17.209726333618164, 11.377300262451172, 74.07649993896484, 175.3429412841797, 154.03619384765625, 177.17239379882812, 12.60897445678711, 108.63513946533203, 15.618887901306152, 13.324701309204102, 9.563190460205078, 11.580789566040039, 137.01475524902344, 33.44334030151367, 13.89786148071289, 198.61375427246094, 10.665002822875977, 143.9342498779297, 148.90335083007812, 7.057497978210449, 145.267822265625, 144.6554718017578, 13.984275817871094, 9.271464347839355, 15.211359977722168, 14.968998908996582, 29.2365665435791, 109.27766418457031, 8.817766189575195, 8.226325035095215, 12.349353790283203, 7.354881286621094, 15.299284934997559, 12.005841255187988, 118.89164733886719, 103.21947479248047, 157.79689025878906, 9.40388298034668, 12.293485641479492, 25.15369415283203, 9.307822227478027, 201.311767578125, 24.1704044342041, 12.782554626464844, 15.631174087524414, 52.41488265991211, 11.864056587219238, 154.03623962402344, 114.67478942871094, 118.7782974243164, 10.408415794372559, 10.93520736694336, 9.373570442199707, 152.26791381835938, 161.08624267578125, 5.07011604309082, 12.667848587036133, 9.482587814331055, 194.2127685546875, 103.18047332763672, 10.518915176391602, 9.51252555847168, 75.6123275756836, 161.7909698486328, 10.68944263458252, 114.68758392333984, 6.409818649291992, 9.081603050231934, 10.709738731384277, 129.45587158203125, 67.37374114990234, 108.88379669189453, 8.435001373291016, 164.56671142578125, 72.97576904296875, 163.7955322265625, 10.26068115234375, 12.188482284545898, 53.31864929199219, 11.883161544799805, 143.65151977539062, 9.932244300842285, 44.92110061645508, 15.431376457214355, 7.85806131362915, 108.75590515136719, 14.651473045349121, 16.916690826416016, 40.15127944946289, 176.5263671875, 14.3079195022583, 99.52254486083984, 89.51123046875, 107.41761779785156, 10.688754081726074, 9.07408332824707, 163.85861206054688, 84.34636688232422, 210.501953125, 155.03536987304688, 15.201415061950684, 9.647955894470215, 198.79798889160156, 12.410066604614258, 80.4722671508789, 59.4133186340332, 90.510009765625, 12.015414237976074, 80.14226531982422, 16.249984741210938, 54.09916687011719, 127.39686584472656, 136.84584045410156, 8.595839500427246, 141.04263305664062, 73.18123626708984, 86.66499328613281, 18.935400009155273, 14.06360149383545, 9.14055061340332, 66.40524291992188, 13.515026092529297, 84.99128723144531, 11.499914169311523, 9.695055961608887, 80.60230255126953, 137.19676208496094, 13.2475004196167, 138.68321228027344, 14.790888786315918, 119.75311279296875, 11.66431999206543, 6.0276665687561035, 13.837105751037598, 10.928823471069336, 47.73478317260742, 103.01182556152344, 161.6791229248047, 73.06282806396484, 17.02739906311035, 9.560620307922363, 16.298776626586914, 7.718780994415283, 179.21408081054688, 168.20083618164062, 170.2540283203125, 53.08437728881836, 8.848517417907715, 177.05838012695312, 72.08116912841797, 37.718841552734375, 10.047852516174316, 13.241471290588379, 25.902225494384766, 100.76214599609375, 13.939913749694824, 164.7364501953125, 137.0496063232422, 65.07516479492188, 124.23108673095703, 70.5609130859375, 11.659514427185059, 111.1617202758789, 93.03492736816406, 110.03419494628906, 9.409106254577637, 100.74353790283203, 11.310894966125488, 82.74744415283203, 51.15108871459961, 63.05550765991211, 98.58562469482422, 88.90725708007812, 192.50872802734375, 17.063289642333984, 12.915753364562988, 53.38256072998047, 120.82152557373047, 8.778858184814453, 104.64230346679688, 73.96244812011719, 13.120293617248535, 91.93307495117188, 31.840700149536133, 71.50919342041016, 157.54283142089844, 157.8579864501953, 139.9862518310547, 8.144448280334473, 10.836055755615234, 12.784765243530273, 207.73406982421875, 117.05962371826172, 124.4631576538086, 40.97299575805664, 106.6096420288086, 64.26062774658203, 92.59953308105469, 164.87860107421875, 7.623069763183594, 17.295801162719727, 169.53387451171875, 6.935737133026123, 8.758672714233398, 10.482917785644531, 7.307826519012451, 65.72793579101562, 57.093650817871094, 125.4364013671875, 112.61604309082031, 27.26082420349121, 127.22567749023438, 101.80004119873047, 11.866813659667969, 15.726222038269043, 58.47514724731445, 73.09882354736328, 17.0955753326416, 59.513092041015625, 97.16439819335938, 6.579421520233154, 10.625960350036621, 47.42625427246094, 12.213361740112305, 37.71456527709961, 7.123387336730957, 12.178433418273926, 8.619973182678223, 11.267840385437012, 113.93173217773438, 198.02230834960938, 130.7600860595703, 192.12353515625, 82.44571685791016, 9.739990234375, 16.36198616027832, 14.24309253692627, 39.41411209106445, 136.33901977539062, 118.62227630615234, 50.742828369140625, 167.29281616210938, 51.547447204589844, 86.6467056274414, 117.78251647949219, 114.29698181152344, 30.033143997192383, 6.589797496795654, 16.976865768432617, 68.50772094726562, 91.41922760009766, 48.373958587646484, 10.236552238464355, 9.718489646911621, 149.70919799804688, 10.026491165161133, 24.519868850708008, 131.76495361328125, 104.04511260986328, 54.62374496459961, 142.3309326171875, 11.3660249710083, 6.718208312988281, 14.23472785949707, 156.78445434570312, 122.7607650756836, 139.51380920410156, 115.22747802734375, 83.34095764160156, 34.95316696166992, 81.39563751220703, 31.10019874572754, 12.044852256774902, 19.634971618652344, 12.250350952148438, 11.444869041442871, 92.53087615966797, 139.1370086669922, 10.014731407165527, 119.67616271972656, 6.710836410522461, 96.8858871459961, 129.61203002929688, 190.8821563720703, 47.554771423339844, 120.77191925048828, 18.44687843322754, 15.535000801086426, 50.164886474609375, 14.12972354888916, 10.96603012084961, 90.12718200683594, 86.26802062988281, 137.51490783691406, 166.2826690673828, 68.89617156982422, 8.06077766418457, 12.314043045043945, 9.12353801727295, 137.90602111816406, 8.220696449279785, 200.42689514160156, 12.17604923248291, 12.89500904083252, 8.85195255279541, 187.85105895996094, 139.73953247070312, 104.72289276123047, 139.57005310058594, 78.74063110351562, 12.223490715026855, 142.16000366210938, 81.08187103271484, 19.7979679107666, 45.340431213378906, 13.068678855895996, 109.1564712524414, 110.19985961914062, 99.52342224121094, 142.7899932861328, 9.2639741897583, 11.652997970581055, 56.04990768432617, 10.206805229187012, 115.9867935180664, 83.99127960205078, 8.3421630859375, 10.936497688293457, 163.55328369140625, 159.9674530029297, 163.1534881591797, 9.331469535827637, 125.33971405029297, 92.2706527709961, 9.096603393554688, 91.96600341796875, 12.824809074401855, 114.02310180664062, 15.026144027709961, 163.86581420898438, 40.06573486328125, 9.399542808532715, 10.119760513305664, 89.74539947509766, 10.023872375488281, 12.119383811950684, 10.204166412353516, 11.584502220153809, 12.789173126220703, 195.6528778076172, 6.129051685333252, 9.805154800415039, 7.922675609588623, 12.18580436706543, 53.4223747253418, 10.841367721557617, 77.39851379394531, 11.033364295959473, 130.14768981933594, 79.4712142944336, 107.28394317626953, 10.44093132019043, 45.05672836303711, 13.10085678100586, 65.55179595947266, 11.864874839782715, 8.981887817382812, 17.64516830444336, 160.6700897216797, 49.970176696777344, 95.46417999267578, 23.844308853149414, 88.17828369140625, 11.320319175720215, 225.31507873535156, 77.90198516845703, 47.16346740722656, 150.99163818359375, 62.22464370727539, 84.34072875976562, 27.650379180908203, 10.232208251953125, 136.27806091308594, 96.51744842529297, 136.53656005859375, 133.5944366455078, 13.531572341918945, 10.586706161499023, 105.95325469970703, 10.560049057006836, 12.423235893249512, 153.81715393066406, 7.161213397979736, 152.91455078125, 180.377197265625, 22.266658782958984, 33.342159271240234, 16.251033782958984, 6.922911167144775, 65.56005859375, 9.504891395568848, 38.684776306152344, 9.562146186828613, 11.506209373474121, 10.030136108398438, 97.82418060302734, 16.726375579833984, 18.040246963500977, 96.22325897216797, 28.465951919555664, 87.24978637695312, 9.384538650512695, 12.29870891571045, 48.65620803833008, 10.923157691955566, 7.288299083709717, 159.20738220214844, 100.34400177001953, 64.3279037475586, 12.625311851501465, 179.26583862304688, 8.506854057312012, 153.13619995117188, 13.415815353393555, 8.338305473327637, 24.020444869995117, 81.30227661132812, 125.58220672607422, 136.61656188964844, 198.29383850097656, 173.3577423095703, 11.920731544494629, 11.577756881713867, 127.56450653076172, 146.15830993652344, 7.990784645080566, 11.855186462402344, 145.21856689453125, 10.631757736206055, 9.454371452331543, 13.09134578704834, 82.44544219970703, 9.309786796569824, 44.739315032958984, 103.28857421875, 138.4547882080078, 11.073424339294434, 167.1885986328125, 111.68612670898438, 7.829368591308594, 19.59602165222168, 7.127840518951416, 50.92435073852539, 8.906679153442383, 210.69097900390625, 166.57933044433594, 109.78211212158203, 85.15325927734375, 7.433747291564941, 148.75454711914062, 15.876809120178223, 55.69839096069336, 12.72583293914795, 8.264862060546875, 145.66946411132812, 120.16851806640625, 8.950761795043945, 9.250459671020508, 76.10772705078125, 108.70040130615234, 9.777083396911621, 11.231371879577637, 23.93081283569336, 122.21133422851562, 9.038498878479004, 37.13573455810547, 151.8882598876953, 124.21788787841797, 64.61652374267578, 167.52688598632812, 14.51867961883545, 15.92931842803955, 10.990077018737793, 192.39193725585938, 8.89077377319336, 13.353846549987793, 12.471306800842285, 124.83212280273438, 8.526219367980957, 154.2706298828125, 48.00412368774414, 103.2868881225586, 156.8050079345703, 14.258744239807129, 104.57745361328125, 196.65467834472656, 157.7461395263672, 128.51820373535156, 48.400211334228516, 86.07749938964844, 66.51525115966797, 11.005956649780273, 48.699623107910156, 178.24917602539062, 14.2190580368042, 118.89859008789062, 152.14854431152344, 133.6416015625, 124.62425994873047, 47.29071044921875, 135.07713317871094, 81.998046875, 20.108654022216797, 109.50932312011719, 80.46675109863281, 102.05829620361328, 78.58751678466797, 10.090079307556152, 26.902822494506836, 12.153624534606934, 10.542396545410156, 8.41995620727539, 146.75537109375, 7.87168550491333, 111.97156524658203, 10.522197723388672, 114.40208435058594, 16.800247192382812, 17.621261596679688, 174.69329833984375, 31.942232131958008, 14.381559371948242, 76.36539459228516, 115.13605499267578, 173.29510498046875, 11.810675621032715, 11.57332992553711, 183.9268035888672, 14.293425559997559, 118.51139068603516, 12.701451301574707, 88.4390869140625, 14.616085052490234, 6.798433780670166, 122.56661224365234, 12.920136451721191, 7.091464519500732, 84.51282501220703, 85.41986846923828, 13.544153213500977, 167.2447509765625, 131.08538818359375, 12.786432266235352, 111.01915740966797, 59.54316711425781, 149.5099334716797, 93.25694274902344, 15.117780685424805, 143.038330078125, 78.47051239013672, 123.19490814208984, 13.333550453186035, 22.64302635192871, 64.9677963256836, 40.918521881103516, 186.02378845214844, 68.06449890136719, 6.401944637298584, 113.0865707397461, 17.81489372253418, 12.341742515563965, 129.9420623779297, 8.286090850830078, 122.9296875, 190.0795440673828, 12.719586372375488, 50.5739860534668, 12.003758430480957, 74.86274719238281, 112.04071044921875, 145.49453735351562, 8.85593032836914, 18.330188751220703, 74.83088684082031, 155.27041625976562, 12.509004592895508, 41.14009475708008, 21.217815399169922, 32.00358200073242, 85.76602935791016, 43.675331115722656, 15.33975887298584, 16.35561180114746, 12.181550979614258, 10.159159660339355, 137.74522399902344, 156.03199768066406, 55.65549850463867, 13.428095817565918, 24.304306030273438, 9.242961883544922, 179.05128479003906, 16.52680015563965, 153.40965270996094, 137.73033142089844, 65.88429260253906, 8.223791122436523, 17.82486343383789, 22.440767288208008, 14.167729377746582, 182.59127807617188, 6.091623783111572, 65.23825073242188, 6.140467643737793, 24.180025100708008, 110.17989349365234, 15.529608726501465, 99.08673858642578, 7.539228916168213, 83.77967071533203, 30.329021453857422, 163.76608276367188, 7.333645343780518, 11.570666313171387, 159.5392303466797, 14.44892692565918, 11.434438705444336, 8.952672958374023, 65.16060638427734, 8.028604507446289, 55.755859375, 19.34229850769043, 71.33147430419922, 12.187179565429688, 204.71176147460938, 217.14459228515625, 7.846438884735107, 41.62778091430664, 9.942351341247559, 121.961181640625, 52.379058837890625, 10.549090385437012, 102.89359283447266, 70.2206039428711, 9.618189811706543, 127.57913208007812, 104.66146850585938, 162.2294158935547, 174.51498413085938, 98.76582336425781, 146.1827392578125, 11.6029052734375, 11.40842056274414, 88.89766693115234, 9.878002166748047, 12.66739273071289, 54.43779754638672, 87.49126434326172, 8.18328857421875, 9.978669166564941, 52.54026794433594, 12.373144149780273, 44.91975402832031, 107.0943374633789, 147.28643798828125, 7.967312335968018, 91.7044448852539, 158.2115936279297, 184.44126892089844, 95.55402374267578, 74.51200866699219, 112.3310546875, 117.18391418457031, 16.59955406188965, 158.76156616210938, 175.8158416748047, 97.91191864013672, 185.97019958496094, 17.656051635742188, 8.697891235351562, 129.7901611328125, 11.12027359008789, 49.31271743774414, 9.388043403625488, 160.26243591308594, 188.16323852539062, 12.67589282989502, 20.765789031982422, 43.106422424316406, 173.00738525390625, 29.10852813720703, 87.29649353027344, 55.03868865966797, 47.328758239746094, 65.43911743164062, 13.89231014251709, 139.36143493652344, 162.5653839111328, 14.063253402709961, 9.009156227111816, 175.15492248535156, 10.753247261047363, 125.06049346923828, 76.41796112060547, 78.99735260009766, 104.45826721191406, 130.89036560058594, 8.418420791625977, 11.614897727966309, 13.865461349487305, 99.50533294677734, 8.877942085266113, 9.85962200164795, 136.4814453125, 12.025150299072266, 15.313948631286621, 13.376236915588379, 13.380172729492188, 21.2683048248291, 118.3197250366211, 120.82183074951172, 14.398808479309082, 146.0835418701172, 14.966383934020996, 11.536020278930664, 71.00054931640625, 8.317245483398438, 13.598917961120605, 8.690999031066895, 87.96617126464844, 11.501357078552246, 12.914239883422852, 123.35346221923828, 68.5357437133789, 11.095268249511719, 12.573040962219238, 10.569990158081055, 8.521859169006348, 18.792049407958984, 48.34079360961914, 59.55525588989258, 24.6545352935791, 7.928642272949219, 75.18072509765625, 31.139179229736328, 14.02765941619873, 110.09815979003906, 96.9990234375, 9.023841857910156, 136.51792907714844, 51.299861907958984, 206.81263732910156, 179.9784698486328, 69.1090087890625, 9.796518325805664, 116.80414581298828, 106.1257553100586, 10.899909019470215, 16.587032318115234, 112.41638946533203, 9.476771354675293, 48.313575744628906, 91.98091125488281, 15.954886436462402, 150.6238250732422, 20.291114807128906, 7.304507255554199, 71.05789947509766, 12.463677406311035, 9.8384428024292, 157.9634246826172, 130.59474182128906, 41.38353729248047, 9.552130699157715, 8.690710067749023, 14.074300765991211, 8.951103210449219, 61.98612594604492, 179.5294189453125, 102.3187484741211, 171.0857391357422, 59.65859603881836, 9.931357383728027, 6.959890842437744, 7.785444259643555, 152.94874572753906, 178.69166564941406, 7.453685760498047, 32.5097541809082, 53.55118942260742, 11.894002914428711, 12.721879959106445, 46.4609375, 136.4290771484375, 10.775167465209961, 144.37887573242188, 170.3000030517578, 6.605474948883057, 10.482260704040527, 7.775458812713623, 104.17208099365234, 94.40845489501953, 13.634631156921387, 13.388691902160645, 12.52668571472168, 12.976287841796875, 162.18235778808594, 13.321364402770996, 95.30170440673828, 149.50599670410156, 71.53743743896484, 11.03735637664795, 11.47165298461914, 11.840356826782227, 12.779693603515625, 12.310087203979492, 12.151854515075684, 151.84854125976562, 10.732901573181152, 42.839229583740234, 14.571647644042969, 106.25130462646484, 10.016317367553711, 12.607227325439453, 12.788860321044922, 8.159103393554688, 227.4664764404297, 147.0829315185547, 75.95819854736328, 113.04084777832031, 9.992608070373535, 137.7135009765625, 88.62841033935547, 122.58331298828125, 9.694782257080078, 35.07833480834961, 17.412837982177734, 8.622614860534668, 41.693756103515625, 110.27482604980469, 144.23568725585938, 6.565333366394043, 92.3733901977539, 57.316131591796875, 139.3555145263672, 14.710143089294434, 21.976341247558594, 171.14129638671875, 8.727558135986328, 148.08970642089844, 139.15245056152344, 7.368386268615723, 44.2786865234375, 74.41444396972656, 13.442239761352539, 91.50334930419922, 150.71298217773438, 11.113005638122559, 169.13375854492188, 103.23469543457031, 6.422862529754639, 131.93133544921875, 6.746746063232422, 147.69943237304688, 17.363595962524414, 113.47029113769531, 101.04266357421875, 7.242468357086182, 120.6602783203125, 66.25147247314453, 181.51214599609375, 125.87670135498047, 59.47032165527344, 11.741195678710938, 8.090740203857422, 218.92510986328125, 47.32199478149414, 201.9871368408203, 11.726445198059082, 72.55856323242188, 112.6377944946289, 9.604741096496582, 87.60111999511719, 68.96003723144531, 10.821402549743652, 11.590235710144043, 11.613706588745117, 9.71309757232666, 6.658310890197754, 140.12152099609375, 83.09072875976562, 12.775402069091797, 14.681884765625, 38.826229095458984, 10.036073684692383, 189.60948181152344, 64.80364990234375, 132.08709716796875, 14.097061157226562, 66.81038665771484, 63.351226806640625, 92.71739959716797, 62.98417282104492, 9.59942626953125, 14.571063995361328, 19.262685775756836, 95.347900390625, 9.6002197265625, 7.916130542755127, 7.974179744720459, 90.03233337402344, 27.654949188232422, 153.14553833007812, 156.6422576904297, 9.920289039611816, 10.657050132751465, 70.97183990478516, 23.286174774169922, 174.56179809570312, 183.42141723632812, 53.643367767333984, 7.135365962982178, 68.15900421142578, 16.927860260009766, 17.297801971435547, 94.8065414428711, 10.1226167678833, 160.87985229492188, 56.08723449707031, 204.27549743652344, 13.715910911560059, 8.814730644226074, 158.66610717773438, 46.405879974365234, 10.35141658782959, 8.72518539428711, 12.425310134887695, 147.9412841796875, 12.008694648742676, 133.6935272216797, 7.072685241699219, 6.939507961273193, 33.46615219116211, 8.560300827026367, 120.40531158447266, 15.36664867401123, 26.018047332763672, 9.47698974609375, 63.50132369995117, 10.28634262084961, 15.137930870056152, 19.41908073425293, 131.19215393066406, 14.354583740234375, 98.02294158935547, 36.668975830078125, 11.291558265686035, 10.546584129333496, 162.3203582763672, 9.610095024108887, 8.12436580657959, 176.3958740234375, 198.2872772216797, 12.11536693572998, 196.5823974609375, 7.921272277832031, 9.185359001159668, 9.2958984375, 157.08233642578125, 52.26129150390625, 11.043632507324219, 15.07720947265625, 128.6519775390625, 15.004297256469727, 10.939495086669922, 82.46337127685547, 8.063497543334961, 174.81698608398438, 11.334280014038086, 83.1337890625, 45.38738250732422, 13.952268600463867, 10.97810173034668, 10.718413352966309, 13.852095603942871, 125.07666778564453, 170.75498962402344, 74.78453063964844, 11.303170204162598, 64.1451644897461, 94.059326171875, 136.59585571289062, 135.9739227294922, 84.15129852294922, 14.742290496826172, 16.391624450683594, 27.80950355529785, 136.70423889160156, 11.214295387268066, 51.227561950683594, 132.11257934570312, 7.358603477478027, 25.50111961364746, 65.87921142578125, 52.970340728759766, 68.58470916748047, 75.23873138427734, 61.00104904174805, 16.14212417602539, 17.522232055664062, 65.01774597167969, 9.3864107131958, 18.6591854095459, 189.6620635986328, 14.7644681930542, 10.872382164001465, 128.0474395751953, 9.589188575744629, 57.89603805541992, 25.038331985473633, 94.58611297607422, 8.174388885498047, 141.42938232421875, 181.6304931640625, 227.83453369140625, 145.99029541015625, 87.15753936767578, 165.00546264648438, 152.13516235351562, 139.5068817138672, 15.772476196289062, 193.90814208984375, 126.77680206298828, 9.539464950561523, 11.65692138671875, 144.7438507080078, 63.64088439941406, 9.698436737060547, 73.24850463867188, 68.56568145751953, 6.140628814697266, 13.322572708129883, 165.3977508544922, 10.144089698791504, 9.51259708404541, 9.031756401062012, 149.113525390625, 14.766361236572266, 67.38878631591797, 130.81582641601562, 144.84239196777344, 65.64097595214844, 148.58035278320312, 204.8196563720703, 68.97360229492188, 15.512126922607422, 123.47631072998047, 100.00727844238281, 128.4680938720703, 32.89649963378906, 91.09840393066406, 99.44488525390625, 12.32494068145752, 146.56546020507812, 6.97019100189209, 14.133970260620117, 146.3497314453125, 114.74243927001953, 53.20448684692383, 21.190845489501953, 10.93053150177002, 11.062435150146484, 10.372882843017578, 56.00423049926758, 37.2293586730957, 173.22080993652344, 8.491191864013672, 29.69048309326172, 130.17393493652344, 164.69613647460938, 19.985998153686523, 65.41417694091797, 20.499557495117188, 114.01321411132812, 14.198280334472656, 29.150165557861328, 13.860889434814453, 180.67086791992188, 6.942055702209473, 130.85134887695312, 116.1530990600586, 9.621889114379883, 88.26985931396484, 131.8329315185547, 10.462563514709473, 6.401934623718262, 11.186930656433105, 9.071244239807129, 112.8994140625, 11.757013320922852, 121.43302917480469, 20.04222297668457, 80.19416809082031, 8.70958423614502, 151.2180633544922, 123.76024627685547, 126.93091583251953, 174.1940155029297, 13.29301643371582, 17.6904296875, 8.039764404296875, 124.99539184570312, 66.73263549804688, 52.24009704589844, 5.9658613204956055, 44.359893798828125, 16.94681739807129, 12.1664457321167, 9.359575271606445, 85.08635711669922, 15.702720642089844, 11.602045059204102, 18.198835372924805, 117.67295837402344, 48.829933166503906, 15.21785831451416, 36.513179779052734, 7.666389465332031, 25.374526977539062, 99.95230102539062, 187.97735595703125, 124.03145599365234, 9.168041229248047, 13.80968952178955, 76.08094024658203, 119.00931549072266, 81.0384292602539, 7.963647842407227, 8.61281967163086, 7.931108474731445, 9.786238670349121, 131.2447052001953, 8.760456085205078, 85.90682983398438, 165.8188934326172, 9.493897438049316, 156.10301208496094, 107.69847106933594, 10.746031761169434, 14.626373291015625, 81.54838562011719, 14.006258964538574, 101.28463745117188, 129.3308563232422, 108.15737915039062, 113.76404571533203, 74.46222686767578, 10.69757080078125, 112.74565124511719, 10.141234397888184, 9.485661506652832, 6.110987663269043, 12.211668968200684, 14.214859008789062, 161.5640411376953, 8.654457092285156, 7.965670585632324, 129.2346954345703, 70.4427719116211, 92.91120910644531, 13.519783973693848, 125.37285614013672, 12.527009010314941, 11.3655366897583, 91.13581085205078, 94.75568389892578, 7.732818603515625, 10.207554817199707, 59.47361373901367, 171.3182373046875, 9.410811424255371, 9.68681526184082, 7.650468826293945, 190.50186157226562, 12.085033416748047, 8.589587211608887, 99.0969467163086, 160.98696899414062, 148.15467834472656, 9.31051254272461, 12.598347663879395, 6.763253688812256, 131.9370880126953, 161.10092163085938, 35.296791076660156, 11.952181816101074, 13.314796447753906, 156.01947021484375, 55.4959831237793, 106.75411987304688, 183.1535186767578, 84.39912414550781, 9.014835357666016, 79.98379516601562, 13.74759292602539, 91.14310455322266, 7.560756683349609, 13.361937522888184, 11.643157958984375, 153.09698486328125, 145.94671630859375, 70.65499114990234, 59.70685958862305, 117.04053497314453, 14.813887596130371, 206.4768524169922, 10.80888557434082, 69.30740356445312, 15.526013374328613, 44.05500793457031, 134.162841796875, 130.05978393554688, 68.584716796875, 9.263795852661133, 10.682884216308594, 13.906450271606445, 190.0908660888672, 9.578370094299316, 11.58314323425293, 9.977644920349121, 97.9220962524414, 207.2202911376953, 122.77194213867188, 34.2799186706543, 11.723084449768066, 18.611360549926758, 182.61061096191406, 19.494022369384766, 152.30340576171875, 14.784008026123047, 7.135542392730713, 64.8537826538086, 205.06312561035156, 130.19937133789062, 30.353883743286133, 9.627671241760254, 23.775205612182617, 64.3146743774414, 9.743697166442871, 77.01011657714844, 11.541584968566895, 130.33694458007812, 94.66949462890625, 153.2461700439453, 42.70624923706055, 139.65060424804688, 11.145556449890137, 103.8033218383789, 37.56560516357422, 12.467157363891602, 9.867385864257812, 13.065879821777344, 9.945192337036133, 7.442542552947998, 122.41244506835938, 159.59030151367188, 186.27951049804688, 190.81024169921875, 72.83457946777344, 171.14707946777344, 68.25450897216797, 11.299283027648926, 105.69619750976562, 8.9163236618042, 10.409713745117188, 14.248228073120117, 8.613893508911133, 7.796947956085205, 89.14473724365234, 18.74571990966797, 63.121150970458984, 56.32941818237305, 102.6531982421875, 12.069561004638672, 123.1222915649414, 54.41044235229492, 152.7628173828125, 92.3918228149414, 101.14281463623047, 141.1158905029297, 10.651217460632324, 68.21162414550781, 18.541362762451172, 107.23678588867188, 10.947279930114746, 15.249177932739258, 80.20037841796875, 68.46070098876953, 5.56571102142334, 84.6248779296875, 10.750442504882812, 147.45248413085938, 12.162775039672852, 12.190571784973145, 11.344042778015137, 101.72047424316406, 9.990982055664062, 173.41921997070312, 74.78020477294922, 160.80792236328125, 186.9976806640625, 12.985712051391602, 199.6082305908203, 47.419795989990234, 123.16766357421875, 9.840303421020508, 18.560089111328125, 85.61389923095703, 46.00224685668945, 79.78290557861328, 11.7714262008667, 36.579349517822266, 141.60736083984375, 109.03494262695312, 123.54402923583984, 106.18524932861328, 110.65808868408203, 135.1595458984375, 137.23391723632812, 53.15801239013672, 13.78560733795166, 14.336801528930664, 40.15446853637695, 123.5223388671875, 113.80583953857422, 145.6920928955078, 66.68122100830078, 190.31663513183594, 181.76356506347656, 6.443098545074463, 18.24981117248535, 18.825571060180664, 15.584768295288086, 16.47402572631836, 172.0193328857422, 20.724939346313477, 11.62928581237793, 92.31343841552734, 18.328947067260742, 14.844367980957031, 88.96940612792969, 6.719188690185547, 158.26034545898438, 67.15027618408203, 71.89232635498047, 149.11126708984375, 77.6152572631836, 11.081695556640625, 126.16665649414062, 7.896922588348389, 7.536053657531738, 8.536914825439453, 88.93731689453125, 16.57795524597168, 9.063279151916504, 9.955625534057617, 146.60365295410156, 88.3519287109375, 177.7118682861328, 7.611358642578125, 140.79217529296875, 12.595917701721191, 100.5726318359375, 15.009345054626465, 131.01014709472656, 106.06896209716797, 142.8059844970703, 92.13919067382812, 193.1705780029297, 137.22174072265625, 165.0369415283203, 79.7603988647461, 9.477258682250977, 124.54082489013672, 124.19393157958984, 7.357738971710205, 39.90692901611328, 13.387639999389648, 102.31935119628906, 147.0282440185547, 77.27169799804688, 13.243707656860352, 60.03004455566406, 180.17514038085938, 9.719018936157227, 22.33501434326172, 12.290589332580566, 8.310752868652344, 193.99508666992188, 59.04690933227539, 12.390461921691895, 145.05067443847656, 90.51800537109375, 101.56420135498047, 6.650127410888672, 161.45022583007812, 9.114514350891113, 12.684638977050781, 18.988754272460938, 176.13351440429688, 7.038350582122803, 14.787735939025879, 9.5198974609375, 17.957523345947266, 6.529150485992432, 13.506525993347168, 12.680556297302246, 11.440102577209473, 13.236810684204102, 11.325303077697754, 126.56526184082031, 14.954392433166504, 78.75294494628906, 52.34218215942383, 10.471446990966797, 17.589550018310547, 155.092041015625, 97.31446075439453, 14.864815711975098, 8.273843765258789, 156.8236083984375, 132.73570251464844, 141.22039794921875, 109.12879180908203, 88.50209045410156, 131.70013427734375, 118.32755279541016, 77.27598571777344, 13.575302124023438, 11.213871955871582, 58.95001220703125, 12.437339782714844, 7.06692361831665, 11.718904495239258, 8.759003639221191, 38.894676208496094, 44.26165008544922, 45.243408203125, 19.639440536499023, 144.59263610839844, 78.93751525878906, 57.04886245727539, 56.45777893066406, 12.450464248657227, 9.284419059753418, 12.880148887634277, 7.460887432098389, 126.56734466552734, 13.539006233215332, 11.405035018920898, 9.153702735900879, 18.633541107177734, 32.92869186401367, 104.58381652832031, 147.90411376953125, 13.115344047546387, 74.36705017089844, 11.522509574890137, 6.319615840911865, 176.6085205078125, 82.7262954711914, 17.28055763244629, 15.450080871582031, 38.848392486572266, 7.379441261291504, 125.18397521972656, 11.35147476196289, 10.1416597366333, 10.126587867736816, 159.73321533203125, 13.99711799621582, 9.696500778198242, 9.878006935119629, 73.95510864257812, 79.00057220458984, 152.7062225341797, 13.473610877990723, 127.6141357421875, 12.586786270141602, 73.28046417236328, 141.46163940429688, 82.33810424804688, 51.29938888549805, 8.693779945373535, 179.3043670654297, 10.534034729003906, 177.7088165283203, 139.98362731933594, 185.67234802246094, 10.257646560668945, 10.001960754394531, 167.227294921875, 28.494827270507812, 127.21647644042969, 13.391256332397461, 52.634857177734375, 6.124792575836182, 126.29176330566406, 8.143091201782227, 5.6372389793396, 160.54161071777344, 6.896915435791016, 11.174735069274902, 102.78710174560547, 110.23299407958984, 11.81510066986084, 38.13896179199219, 7.115962028503418, 148.15162658691406, 75.99710845947266, 89.84862518310547, 166.32115173339844, 9.481108665466309, 88.56614685058594, 197.71929931640625, 52.59081268310547, 100.97801208496094, 40.76528549194336, 10.059130668640137, 11.187773704528809, 122.36286926269531, 46.608131408691406, 7.177386283874512, 94.0161361694336, 113.6413803100586, 193.81808471679688, 55.260414123535156, 12.7094144821167, 56.381874084472656, 11.094895362854004, 9.816200256347656, 146.6704559326172, 13.639756202697754, 14.783578872680664, 5.830539226531982, 6.695143222808838, 18.233325958251953, 17.697120666503906, 12.252124786376953, 14.607769966125488, 137.18893432617188, 142.81204223632812, 134.06687927246094, 8.566822052001953, 160.30950927734375, 123.91437530517578, 62.78525924682617, 9.031747817993164, 152.02822875976562, 157.83445739746094, 52.8419303894043, 85.4942626953125, 11.355499267578125, 11.962202072143555, 13.42818546295166, 19.990476608276367, 89.9666748046875, 51.144474029541016, 95.02691650390625, 17.88217544555664, 14.358726501464844, 145.25424194335938, 13.16724967956543, 73.39070129394531, 137.86065673828125, 152.1655731201172, 13.909420013427734, 160.2725372314453, 140.59654235839844, 138.8951873779297, 109.47759246826172, 80.72293090820312, 9.322588920593262, 11.612093925476074, 122.49913024902344, 6.059967994689941, 131.2713623046875, 153.73251342773438, 6.697351455688477, 11.307929039001465, 18.44985008239746, 11.10789680480957, 7.799845218658447, 152.6765594482422, 10.486435890197754, 157.90577697753906, 79.32717895507812, 8.224325180053711, 123.9747543334961, 13.547676086425781, 12.00247573852539, 13.270441055297852, 179.53736877441406, 138.8968048095703, 156.84402465820312, 11.6624116897583, 17.069381713867188, 192.67282104492188, 48.84722137451172, 11.579129219055176, 121.93746185302734, 62.614723205566406, 7.373761177062988, 146.36427307128906, 120.65384674072266, 73.24502563476562, 213.3681182861328, 121.4856185913086, 206.0198974609375, 98.31481170654297, 48.8872184753418, 12.994325637817383, 9.664484977722168, 48.5440559387207, 33.76021957397461, 6.934919357299805, 211.14866638183594, 88.4742660522461, 14.905353546142578, 87.6207275390625, 113.42056274414062, 13.560529708862305, 71.94827270507812, 18.637908935546875, 11.44398021697998, 88.9306869506836, 53.65459060668945, 126.03519439697266, 8.865421295166016, 132.8090057373047, 58.86014938354492, 13.914852142333984, 8.236544609069824, 7.939310073852539, 65.83152770996094, 119.43678283691406, 8.145626068115234, 9.164448738098145, 79.42391967773438, 14.508133888244629, 6.616408824920654, 126.24022674560547, 6.753204345703125, 12.065621376037598, 117.31571197509766, 164.3893585205078, 114.8923110961914, 63.460845947265625, 101.97620391845703, 103.29766082763672, 7.676291465759277, 54.621910095214844, 140.08999633789062, 100.98088073730469, 27.740039825439453, 21.125587463378906, 56.3890266418457, 56.35262680053711, 132.85350036621094, 17.825857162475586, 34.17174530029297, 90.71598815917969, 17.0826358795166, 11.181819915771484, 137.7591094970703, 87.7613754272461, 26.223922729492188, 9.303581237792969, 102.94644927978516, 12.024250030517578, 11.635231971740723, 43.20362854003906, 6.599721908569336, 11.880056381225586, 14.662679672241211, 101.95152282714844, 192.23458862304688, 6.734583377838135, 38.71112823486328, 20.722389221191406, 17.820053100585938, 93.53155517578125, 13.630831718444824, 22.49880027770996, 11.021430969238281, 9.608452796936035, 118.02495574951172, 18.942665100097656, 11.364794731140137, 7.069923400878906, 12.76604175567627, 94.47718048095703, 126.46022033691406, 14.86441707611084, 25.366605758666992, 94.3843002319336, 157.60366821289062, 15.360332489013672, 11.866950988769531, 7.625494956970215, 133.63035583496094, 167.53326416015625, 5.788501262664795, 206.3285675048828, 56.21604919433594, 201.0836639404297, 184.32101440429688, 98.39727020263672, 6.870899200439453, 16.35384750366211, 12.578460693359375, 9.613836288452148, 69.02584838867188, 144.5253143310547, 11.812296867370605, 144.73388671875, 126.60228729248047, 58.304325103759766, 45.475711822509766, 138.06837463378906, 72.16326904296875, 11.623398780822754, 153.7056427001953, 137.09078979492188, 64.2635726928711, 157.62351989746094, 107.64978790283203, 19.57893180847168, 44.44482421875, 91.11782836914062, 152.1252899169922, 106.64741516113281, 96.72836303710938, 105.58096313476562, 17.339445114135742, 8.876046180725098, 18.840662002563477, 6.469701290130615, 153.8994903564453, 183.10415649414062, 11.479965209960938, 197.49888610839844, 88.5366439819336, 82.861083984375, 8.14877700805664, 12.933411598205566, 86.04255676269531, 122.16981506347656, 15.13463306427002, 70.72396087646484, 10.708633422851562, 12.22307300567627, 9.812186241149902, 83.99994659423828, 13.464832305908203, 13.356173515319824, 7.720352649688721, 150.619384765625, 91.00142669677734, 14.218623161315918, 120.47300720214844, 25.223590850830078, 129.93222045898438, 161.9041290283203, 146.33900451660156, 155.68344116210938, 120.33293914794922, 14.112441062927246, 136.88841247558594, 193.10873413085938, 90.10049438476562, 108.8492660522461, 111.2453384399414, 101.71424865722656, 107.20398712158203, 16.675567626953125, 12.647966384887695, 12.706618309020996, 58.29461669921875, 11.987031936645508, 110.38878631591797, 31.78305435180664, 8.751677513122559, 159.74542236328125, 14.726648330688477, 29.43131446838379, 14.085865020751953, 169.98104858398438, 10.9025239944458, 112.00798034667969, 46.11293411254883, 10.666413307189941, 10.855116844177246, 9.454696655273438, 30.35955810546875, 91.12425231933594, 14.081944465637207, 151.41790771484375, 86.41578674316406, 11.220574378967285, 128.9805908203125, 7.109729290008545, 100.0859375, 58.33348846435547, 11.296981811523438, 76.11822509765625, 137.46710205078125, 34.84814453125, 57.740543365478516, 9.15291690826416, 14.684367179870605, 20.03033447265625, 56.28493118286133, 12.894984245300293, 10.646984100341797, 81.51006317138672, 5.402075290679932, 158.5697021484375, 12.936627388000488, 16.537504196166992, 118.14806365966797, 12.94604206085205, 95.18927764892578, 137.13722229003906, 10.09374713897705, 7.654679298400879, 133.5219268798828, 44.997039794921875, 148.68382263183594, 123.3719253540039, 8.799093246459961, 7.101986885070801, 19.793794631958008, 11.685090065002441, 169.02784729003906, 13.136014938354492, 16.176883697509766, 76.57814025878906, 14.319049835205078, 9.678442001342773, 99.42224884033203, 152.28860473632812, 9.135076522827148, 61.09854507446289, 62.0274772644043, 18.484071731567383, 17.509662628173828, 10.389532089233398, 13.994197845458984, 7.373532772064209, 87.22327423095703, 10.049270629882812, 102.15603637695312, 9.089441299438477, 90.00924682617188, 85.54954528808594, 66.78265380859375, 13.490074157714844, 106.45342254638672, 120.40723419189453, 7.570237636566162, 39.151123046875, 12.449258804321289, 170.7007293701172, 152.18284606933594, 175.58815002441406, 68.39291381835938, 107.39615631103516, 27.89289665222168, 117.95497131347656, 10.628148078918457, 198.4247283935547, 73.57892608642578, 66.17375946044922, 67.65694427490234, 157.10658264160156, 14.73056411743164, 59.096160888671875, 10.984092712402344, 9.98410415649414, 97.71837615966797, 14.161375045776367, 51.0794792175293, 106.14220428466797, 95.2811279296875, 12.296060562133789, 40.97602081298828, 8.845555305480957, 204.38584899902344, 7.253687858581543, 87.81298828125, 10.810977935791016, 9.494336128234863, 52.84866714477539, 11.028069496154785, 127.15582275390625, 14.704111099243164, 82.5265884399414, 123.03671264648438, 139.7535858154297, 178.6403045654297, 58.37703323364258, 167.64328002929688, 12.134675979614258, 49.734493255615234, 141.5777587890625, 130.01499938964844, 116.00536346435547, 14.452226638793945, 15.641757011413574, 8.216093063354492, 9.155412673950195, 29.608089447021484, 45.26883316040039, 53.67946243286133, 8.04461669921875, 9.19779109954834, 180.8505401611328, 61.946266174316406, 32.525352478027344, 8.07341194152832, 102.1824951171875, 35.27262878417969, 8.576152801513672, 140.135986328125, 83.02677917480469, 11.137286186218262, 84.52519226074219, 91.3300552368164, 10.170717239379883, 9.88554573059082, 145.68032836914062, 13.150835990905762, 50.952110290527344, 124.34264373779297, 131.77064514160156, 97.3976058959961, 12.769587516784668, 137.0623016357422, 19.46112823486328, 13.196791648864746, 174.10638427734375, 9.260493278503418, 6.729833126068115, 120.9091567993164, 13.22657299041748, 155.46282958984375, 13.641890525817871, 107.76431274414062, 11.250155448913574, 15.773067474365234, 12.145431518554688, 107.10729217529297, 180.5281982421875, 10.03606128692627, 20.83274269104004, 14.969873428344727, 173.13893127441406, 25.69227409362793, 187.95277404785156, 36.60515213012695, 60.23366165161133, 95.89625549316406, 10.119648933410645, 86.43042755126953, 9.239375114440918, 17.644290924072266, 69.749267578125, 145.90945434570312, 9.7669095993042, 7.916596412658691, 28.61372947692871, 87.58129119873047, 118.32418060302734, 16.3417911529541, 17.35291290283203, 34.05381393432617, 75.45751953125, 103.84088134765625, 29.512042999267578, 7.159937381744385, 135.6209259033203, 162.48988342285156, 136.8252410888672, 11.55841064453125, 65.78327941894531, 8.25764274597168, 6.385607719421387, 11.739580154418945, 42.89435577392578, 127.15885925292969, 8.91810417175293, 16.342735290527344, 8.055888175964355, 96.46846771240234, 144.0274200439453, 10.118186950683594, 77.83883666992188, 191.66014099121094, 149.52658081054688, 124.46269226074219, 69.49186706542969, 8.556497573852539, 12.954756736755371, 14.717689514160156, 180.86956787109375, 132.54246520996094, 11.85444450378418, 10.057670593261719, 17.75312614440918, 13.679162979125977, 8.850250244140625, 125.17681121826172, 128.60084533691406, 106.29215240478516, 7.619646072387695, 8.270295143127441, 6.099221229553223, 217.14804077148438, 145.1121063232422, 70.6390609741211, 8.839754104614258, 36.41801834106445, 119.23868560791016, 8.311747550964355, 34.1768913269043, 118.7486572265625, 53.25735855102539, 9.89565658569336, 76.5159912109375, 131.1347198486328, 36.65873718261719, 14.425885200500488, 10.818713188171387, 14.738009452819824, 116.20059204101562, 9.045289039611816, 135.03851318359375, 13.366195678710938, 11.522069931030273, 73.75720977783203, 6.949764728546143, 73.67681121826172, 17.747800827026367, 137.45655822753906, 67.06880950927734, 30.076316833496094, 8.330625534057617, 133.52952575683594, 157.1077117919922, 14.131916046142578, 34.15309524536133, 11.38884162902832]
Cosines similarity random samples
[0.2819995880126953, 0.5310245752334595, 0.43037110567092896, 0.6510780453681946, 0.032181136310100555, 0.00165538489818573, -0.2909803092479706, -0.20795297622680664, 0.09469178318977356, -0.4140019118785858, 0.03633647412061691, -0.3608406186103821, -0.8214341402053833, 0.8252605199813843, 0.5775606632232666, 0.08896756172180176, 0.5974627733230591, 0.16083170473575592, 0.7017313241958618, 0.4188483655452728, 0.2959979772567749, -0.6456855535507202, 0.7770591974258423, -0.4081808924674988, -0.38592779636383057, -0.6292427182197571, -0.29657435417175293, -0.22801679372787476, 0.6822395920753479, 0.3641584515571594, -0.35374730825424194, 0.704345166683197, 0.47186046838760376, 0.3817494511604309, 0.32040727138519287, -0.1373683512210846, -0.3425006866455078, -0.48175889253616333, -0.12926936149597168, -0.5802911520004272, 0.8238300681114197, -0.6599250435829163, 0.28781741857528687, -0.19701716303825378, -0.2467217892408371, 0.6931341886520386, -0.20129773020744324, 0.0981464684009552, -0.0186854749917984, 0.1493723839521408, -0.6936001777648926, -0.2214847207069397, -0.8755207061767578, -0.09041370451450348, 0.10281679779291153, 0.7750995755195618, 0.7371987104415894, -0.0015976354479789734, 0.8116590976715088, -0.430192232131958, 0.18722212314605713, 0.041103631258010864, -0.5177311897277832, 0.5677275061607361, 0.5096109509468079, 0.3543543219566345, 0.39513665437698364, -0.21957316994667053, 0.5650263428688049, -0.3441179394721985, 0.516852617263794, 0.06812641024589539, 0.635337769985199, 0.7125329375267029, 0.5672399997711182, -0.20695045590400696, -0.1264282763004303, 0.18831855058670044, -0.6145414710044861, -0.8066776990890503, 0.3270878791809082, -0.3120453953742981, -0.7641353607177734, 0.27130264043807983, -0.7830621004104614, 0.7912175059318542, -0.0426068976521492, 0.12602455914020538, -0.174570232629776, 0.44310760498046875, -0.5192784070968628, -0.19589193165302277, 0.8205560445785522, -0.3946770131587982, 0.3883453905582428, -0.023434702306985855, 0.6874815225601196, -0.13724622130393982, 0.1931336671113968, 0.5031694173812866, -0.8415514826774597, -0.05625712871551514, 0.14030694961547852, 0.6879013776779175, 0.5530640482902527, -0.015017926692962646, -0.1684882491827011, 0.5828202962875366, 0.735763669013977, 0.47079718112945557, 0.09682312607765198, -0.7987133860588074, 0.15155382454395294, 0.012013014405965805, -0.0709972009062767, 0.16394247114658356, 0.25947967171669006, -0.6792953014373779, 0.17713189125061035, -0.5091270208358765, 0.15647229552268982, 0.48731374740600586, 0.48848599195480347, -0.4190915822982788, -0.43428415060043335, 0.2582000494003296, -0.26123541593551636, 0.11807426065206528, -0.43916335701942444, -0.13096144795417786, -0.477809876203537, 0.0793311595916748, 0.18904131650924683, 0.21480751037597656, -0.09815418720245361, 0.42350712418556213, -0.4463281035423279, -0.5617411136627197, 0.2797698974609375, -0.028303533792495728, -0.13730302453041077, -0.8176255226135254, 0.7094815373420715, 0.7750351428985596, -0.35887718200683594, 0.8058549165725708, -0.6379053592681885, -0.22848203778266907, -0.7008076906204224, 0.5957174301147461, 0.5166041851043701, -0.5295125246047974, -0.12753809988498688, 0.7400262355804443, -0.17794707417488098, -0.48167458176612854, 0.432811975479126, -0.5064661502838135, -0.2849196195602417, -0.3947608470916748, 0.0938187837600708, 0.49601247906684875, 0.4382562041282654, -0.3313556909561157, -0.31404709815979004, 0.7436336874961853, -0.670974612236023, 0.01324545219540596, 0.3799113631248474, 0.7391183972358704, -0.00856219232082367, -0.24288803339004517, -0.5916135311126709, -0.5585793256759644, 0.7501603364944458, 0.34241849184036255, 0.26108211278915405, 0.07199518382549286, -0.4401257634162903, 0.4934859871864319, 0.8457801342010498, -0.4165900647640228, 0.11399154365062714, -0.0888020396232605, 0.40471354126930237, -0.773239254951477, 0.21219593286514282, -0.3455740213394165, 0.18763163685798645, 0.041849736124277115, 0.05857384577393532, 0.4359583556652069, -0.4908318519592285, 0.8697781562805176, 0.3495093584060669, 0.22421976923942566, -0.14253897964954376, -0.5531875491142273, -0.18949472904205322, -0.2513883709907532, -0.634487509727478, -0.3180108368396759, 0.21914203464984894, -0.1601179987192154, -0.17340637743473053, -0.21051423251628876, 0.21635276079177856, 0.8850768804550171, 0.035857848823070526, 0.5500027537345886, 0.4807858467102051, -0.44227468967437744, -0.5318284034729004, -0.5509905219078064, -0.35289281606674194, 0.38333985209465027, -0.3139141798019409, 0.586807906627655, -0.4953470230102539, 0.1832045465707779, -0.4136388897895813, -0.31874772906303406, -0.6194429397583008, -0.3330954909324646, -0.4213521182537079, 0.48870521783828735, -0.07227131724357605, -0.4881769120693207, -0.5847780108451843, 0.5522595643997192, -0.7039270997047424, 0.28473490476608276, 0.8432037234306335, -0.1484462320804596, -0.10649117827415466, -0.6512548327445984, 0.5289046764373779, -0.24445101618766785, -0.5696408748626709, 0.6184060573577881, 0.29357877373695374, -0.050648629665374756, 0.5647349953651428, -0.7914464473724365, 0.19667798280715942, -0.131719172000885, -0.7371081113815308, 0.8563710451126099, 0.2707027792930603, -0.5396561622619629, -0.15452000498771667, -0.29211515188217163, -0.0860508531332016, -0.30740994215011597, 0.5328077077865601, -0.46009916067123413, 0.5055804252624512, 0.6694931983947754, -0.20497192442417145, 0.06033174693584442, 0.46059858798980713, 0.667974591255188, 0.7380163669586182, -0.04710865020751953, 0.4627114534378052, -0.1808440387248993, 0.5233933925628662, -0.5651846528053284, -0.6535592079162598, -0.6735574007034302, -0.3193429112434387, 0.1307029128074646, -0.43643540143966675, 0.41241347789764404, -0.8088082671165466, -0.18969789147377014, 0.06637324392795563, 0.2959548234939575, 0.7088468074798584, -0.6220651865005493, 0.07978818565607071, -0.1694999486207962, -0.8879799842834473, -0.03622206300497055, 0.7973424792289734, -0.430685818195343, -0.1047319769859314, -0.5335269570350647, 0.29853522777557373, 0.08615705370903015, 0.16097252070903778, -0.2148733139038086, 0.07024664431810379, -0.33686211705207825, 0.3742745518684387, 0.6319695711135864, 0.6405540108680725, 0.25132453441619873, 0.1794687956571579, 0.6500827074050903, -0.23080280423164368, 0.41959190368652344, 0.08910401165485382, 0.19560468196868896, -0.7198125123977661, -0.18491131067276, -0.22507700324058533, -0.3872215747833252, 0.49598830938339233, -0.3711000084877014, 0.28803595900535583, -0.43138235807418823, -0.27610987424850464, 0.5797502994537354, 0.1650504469871521, -0.0045874714851379395, -0.34937232732772827, 0.6518183946609497, 0.7653437852859497, -0.347695529460907, 0.7222395539283752, 0.769019603729248, -0.2166556864976883, -0.3771340548992157, -0.6276137828826904, -0.6174649000167847, -0.1662672907114029, 0.1922895908355713, -0.13862036168575287, -0.037617169320583344, -0.8383201956748962, -0.6734066009521484, -0.5875169038772583, 0.4323548376560211, 0.5909833908081055, 0.14875873923301697, 0.3746145963668823, 0.4257314205169678, -0.819231390953064, -0.2635186016559601, 0.12922397255897522, 0.27184537053108215, -0.24359719455242157, -0.6891586780548096, -0.12653890252113342, -0.2257186621427536, -0.185172438621521, -0.28688573837280273, -0.1457289457321167, -0.2671360373497009, -0.32141542434692383, -0.12004099041223526, -0.19333487749099731, 0.37543338537216187, 0.5582611560821533, 0.7503260374069214, 0.8091781139373779, 0.3974706530570984, -0.19699792563915253, -0.7929098606109619, 0.058878738433122635, 0.7232974171638489, -0.32302021980285645, 0.3999675214290619, -0.03526225686073303, 0.7367324829101562, 0.09533093869686127, 0.7949048280715942, 0.1070234626531601, 0.3159138560295105, 0.4055367708206177, 0.21269318461418152, 0.4128064513206482, 0.1014537364244461, 0.19265131652355194, -0.5089457035064697, -0.35190752148628235, 0.8740206360816956, 0.32422927021980286, 0.20485427975654602, -0.3338247239589691, -0.004942461848258972, -0.4335912764072418, 0.04370979219675064, 0.2084384262561798, -0.46327638626098633, 0.800021767616272, 0.7197619080543518, 0.451847106218338, 0.518734872341156, -0.36620885133743286, -0.34443604946136475, -0.0613064244389534, 0.388918936252594, -0.21283778548240662, 0.41899573802948, -0.6258442401885986, 0.4601476788520813, -0.12311038374900818, -0.2597367763519287, 0.31176063418388367, -0.3797858953475952, -0.21737591922283173, 0.31183165311813354, 0.34393632411956787, 0.854620099067688, -0.028791643679142, 0.5980691909790039, -0.4792556166648865, 0.2255582958459854, -0.30634114146232605, -0.021948013454675674, -0.8663281202316284, -0.07869365066289902, 0.4781675636768341, 0.05655588209629059, -0.5390343070030212, 0.40827280282974243, 0.20710423588752747, -0.5899940729141235, 0.5460230708122253, -0.11921266466379166, 0.6766359806060791, -0.5219179391860962, 0.03924685716629028, 0.599992036819458, -0.10805228352546692, -0.41992002725601196, -0.5058906674385071, 0.5853430032730103, -0.577090859413147, -0.03563455864787102, -0.7326178550720215, -0.7976551055908203, -0.614887535572052, 0.626579761505127, -0.41986340284347534, 0.21833176910877228, -0.6381279230117798, 0.31645357608795166, -0.03763600438833237, 0.17482106387615204, 0.40699028968811035, -0.4634634256362915, 0.14000433683395386, -0.4919988512992859, 0.5260509848594666, -0.5527480840682983, 0.09151169657707214, -0.047131575644016266, 0.7516687512397766, -0.05921180546283722, 0.5745835304260254, -0.5875670313835144, -0.2291574478149414, -0.8164399862289429, -0.55206698179245, -0.1299627423286438, 0.3761100471019745, -0.24666151404380798, -0.4439745247364044, 0.3628034293651581, 0.7091536521911621, 0.39954712986946106, -0.8651472330093384, 0.8493312001228333, -0.35772448778152466, 0.11589817702770233, -0.25845909118652344, -0.2221660166978836, 0.3978441655635834, -0.6748176217079163, 0.43391507863998413, -0.0871928259730339, 0.8072364926338196, 0.08458845317363739, 0.4879668951034546, -0.1661761850118637, 0.3702220022678375, 0.22012175619602203, 0.03315719962120056, 0.7326123714447021, -0.3132992386817932, -0.0514552965760231, 0.5999912023544312, -0.8336535692214966, 0.5457531213760376, -0.41440171003341675, 0.5901625752449036, -0.2996458411216736, 0.42609724402427673, 0.32025304436683655, -0.8034652471542358, -0.39562803506851196, 0.21257054805755615, 0.539045512676239, -0.7908608913421631, -0.34095853567123413, -0.3037174344062805, -0.39351901412010193, 0.4604875445365906, -0.02791336178779602, -0.7285169363021851, 0.34587591886520386, 0.329764187335968, 0.39723774790763855, 0.2730254828929901, 0.14994102716445923, 0.35981303453445435, 0.6609477400779724, -0.006180550903081894, 0.3391241431236267, -0.4327050447463989, 0.5152654647827148, 0.8595170974731445, 0.6470969915390015, 0.4294038414955139, -0.5579830408096313, 0.1290019303560257, 0.006490178406238556, -0.6796343326568604, 0.2826545238494873, -0.24873307347297668, -0.09809906035661697, -0.125893235206604, 0.34410449862480164, 0.7434709668159485, 0.42419618368148804, 0.26766258478164673, -0.4875527620315552, -0.628818929195404, -0.8829589486122131, -0.6665353178977966, 0.2825835049152374, -0.5600563287734985, 0.20770961046218872, 0.7242109179496765, -0.8451710939407349, 0.4653589129447937, 0.6223804950714111, -0.2803995907306671, -0.05599372088909149, -0.5515933036804199, -0.842760443687439, 0.23824134469032288, 0.5137875080108643, -0.12493188679218292, 0.8285141587257385, -0.6680190563201904, -0.4146735668182373, 0.6961403489112854, 0.27870097756385803, 0.3445453643798828, 0.04287874326109886, 0.19861388206481934, 0.5134860277175903, -0.3703262507915497, 0.4349275231361389, 0.36802661418914795, 0.17080266773700714, 0.4610958695411682, -0.40732914209365845, 0.09505493193864822, -0.876306414604187, -0.07833312451839447, -0.1796056628227234, 0.17249596118927002, 0.33096474409103394, -0.5210329294204712, -0.6972719430923462, 0.3511343002319336, -0.12182284891605377, -0.32910335063934326, 0.05977626144886017, -0.8133825063705444, -0.5646511316299438, -0.324398934841156, -0.551690936088562, 0.38103410601615906, -0.11121749132871628, 0.6628503799438477, 0.6822484731674194, -0.201765775680542, 0.621665894985199, -0.6706870198249817, 0.6162549257278442, -0.4090358316898346, 0.5149209499359131, 0.3584504723548889, -0.2603359818458557, -0.3083857297897339, -0.8743429183959961, -0.11370214074850082, -0.5835235118865967, -0.3747265040874481, -0.7065600156784058, -0.558134913444519, -0.791378378868103, -0.3437209725379944, -0.3043099641799927, -0.692257285118103, -0.8378503322601318, -0.298809289932251, -0.09668170660734177, 0.6940752863883972, 0.15041978657245636, -0.6976094245910645, 0.006101328879594803, 0.4757366180419922, 0.5395604968070984, -0.3214249312877655, 0.6304932832717896, -0.0002632215619087219, 0.03148568049073219, 0.7046434879302979, 0.7823128700256348, 0.7993365526199341, -0.6125426888465881, 0.3194933235645294, -0.3038257360458374, -0.36531639099121094, 0.1167759895324707, -0.4070458710193634, 0.7792235016822815, -0.6009897589683533, 0.228056862950325, 0.8721569776535034, -0.36577779054641724, -0.3684256076812744, -0.3150445520877838, 0.15702217817306519, 0.04773479700088501, -0.8362592458724976, -0.532885730266571, 0.715962290763855, 0.5553032755851746, -0.31865817308425903, 0.2231462001800537, -0.2531471252441406, -0.5185489654541016, 0.5853943228721619, 0.6347246170043945, 0.4442680776119232, 0.4186307191848755, -0.7119544744491577, -0.3381624221801758, -0.45286744832992554, -0.83515864610672, 0.7275592684745789, 0.5842015147209167, 0.8087076544761658, 0.1650083065032959, 0.15063662827014923, -0.4810883402824402, -0.5907950401306152, 0.5233043432235718, -0.2062338888645172, 0.7435875535011292, 0.43155038356781006, 0.5698208808898926, -0.10873346030712128, -0.5754998922348022, -0.5767595171928406, -0.3565071225166321, 0.38919565081596375, 0.8145900368690491, 0.6002687215805054, 0.8540018796920776, 0.7950338125228882, 0.4034515917301178, -0.35411518812179565, 0.22545461356639862, -0.8404020667076111, 0.4603329002857208, 0.2597253620624542, 0.11952783912420273, 0.6879856586456299, 0.2366665005683899, -0.04781070351600647, 0.636066198348999, -0.698889970779419, 0.19937929511070251, 0.7070645689964294, 0.35633957386016846, 0.570542573928833, 0.24830025434494019, 0.059423819184303284, -0.15380904078483582, 0.03569828346371651, -0.31082847714424133, -0.8835514783859253, 0.20204055309295654, -0.31543079018592834, -0.6699478030204773, -0.33695194125175476, 0.41530269384384155, -0.03720691800117493, -0.6204743385314941, -0.45529377460479736, -0.6558120250701904, 0.4407884180545807, 0.5824535489082336, 0.5188279151916504, 0.10498501360416412, -0.7643764019012451, 0.39193058013916016, 0.29654568433761597, -0.3805396556854248, 0.6828645467758179, -0.27589237689971924, 0.039545051753520966, -0.7557013630867004, -0.5018506050109863, 0.2945626378059387, -0.6840506196022034, -0.7139694690704346, 0.331544429063797, -0.24045328795909882, 0.10617731511592865, 0.05449896678328514, 0.21512995660305023, -0.24670861661434174, -0.369349867105484, -0.334686815738678, 0.8435244560241699, 0.21734674274921417, -0.6018002033233643, 0.7423589825630188, 0.2897471487522125, -0.5011528134346008, -0.5885253548622131, -0.31734785437583923, -0.5805439949035645, -0.3707476258277893, 0.1044062003493309, -0.6650471687316895, 0.37984079122543335, -0.6032336950302124, -0.08157364279031754, 0.09718665480613708, 0.2038651406764984, 0.1491958349943161, -0.8417658805847168, 0.6605911254882812, 0.3789457380771637, 0.04469582438468933, -0.3230275511741638, -0.32246091961860657, 0.22878175973892212, 0.015775594860315323, 0.7788412570953369, -0.33558890223503113, -0.4577901363372803, -0.19222235679626465, -0.4591372311115265, -0.7269738912582397, -0.37974199652671814, -0.09540273249149323, -0.7132638096809387, -0.1644701063632965, -0.7054733037948608, 0.04955596476793289, 0.4785597324371338, 0.5153270959854126, -0.5633721351623535, 0.3170190751552582, 0.579875111579895, -0.15804018080234528, -0.23914149403572083, 0.5170280337333679, -0.7712036967277527, 0.04362717270851135, -0.4565117359161377, -0.12440048158168793, 0.37214821577072144, 0.3110184371471405, 0.8006105422973633, 0.5979746580123901, 0.45930254459381104, 0.4700278639793396, 0.43527013063430786, 0.8995683193206787, -0.5218896865844727, 0.84995436668396, -0.8440290093421936, 0.37780261039733887, 0.7107375860214233, -0.48593461513519287, 0.47148799896240234, -0.7044272422790527, 0.7677575349807739, 0.011812370270490646, 0.8567883968353271, 0.5255225896835327, -0.004074558615684509, -0.7703543901443481, 0.19311991333961487, 0.18233269453048706, 0.21336564421653748, -0.5590946674346924, -0.21250572800636292, -0.6364349722862244, -0.795451283454895, 0.5612804889678955, -0.7046465277671814, -0.48734167218208313, 0.6246224045753479, 0.7337599992752075, 0.0033420175313949585, 0.04264454543590546, 0.06172846257686615, 0.5127671360969543, -0.6437121033668518, 0.40166157484054565, 0.5562875270843506, -0.8516204357147217, -0.6267560124397278, -0.715531051158905, -0.07423152029514313, 0.4800844192504883, 0.6284853219985962, 0.4950298070907593, 0.042099446058273315, 0.019129931926727295, 0.5356036424636841, 0.21493710577487946, 0.818368673324585, 0.5466989874839783, 0.25086063146591187, -0.015201769769191742, 0.5637183785438538, -0.17933088541030884, -0.7140829563140869, 0.7398444414138794, 0.6633517742156982, 0.0986933782696724, 0.4905058741569519, 0.13717250525951385, -0.8419902324676514, -0.3941896855831146, -0.539355456829071, -0.38339048624038696, -0.5081115365028381, -0.5151920318603516, -0.3422153890132904, 0.5597374439239502, -0.11690087616443634, -0.5362744927406311, -0.09891048073768616, -0.11204838752746582, 0.0825519859790802, -0.45817577838897705, -0.40102505683898926, -0.3460240066051483, -0.2270227074623108, -0.0035297423601150513, 0.26835933327674866, -0.5065848231315613, 0.23155318200588226, 0.10768968611955643, -0.4676991105079651, 0.33269715309143066, 0.46331024169921875, -0.809231162071228, -0.7524269819259644, 0.05039745569229126, 0.3593065142631531, 0.20533454418182373, 0.4882671535015106, -0.42419886589050293, -0.36319559812545776, 0.2589549124240875, 0.5037196278572083, -0.5700443387031555, 0.3626710772514343, 0.16486704349517822, -0.570730447769165, 0.5265219211578369, 0.6691518425941467, 0.7682895064353943, 0.7819535732269287, 0.18707188963890076, -0.5974708199501038, 0.07258638739585876, -0.3934142589569092, 0.26269280910491943, -0.17169871926307678, 0.2896183431148529, 0.6018902659416199, 0.810155987739563, 0.28384971618652344, -0.311615526676178, -0.3978511393070221, -0.3335779309272766, -0.19230127334594727, 0.6004242300987244, 0.22914600372314453, 0.6873917579650879, -0.5048074126243591, 0.6446871757507324, 0.23667927086353302, -0.3087093234062195, 0.8138705492019653, -0.868606686592102, 0.6307132244110107, 0.17718753218650818, -0.8584221601486206, -0.11675142496824265, -0.09971652925014496, -0.23602934181690216, -0.3415193259716034, 0.42810896039009094, -0.6138765215873718, 0.19787201285362244, -0.4358125329017639, 0.24249088764190674, 0.4762435257434845, 0.8876908421516418, 0.10468155890703201, -0.8639189004898071, 0.6400492787361145, -0.14742043614387512, -0.14789491891860962, -0.015821702778339386, 0.13723474740982056, 0.6577354669570923, -0.547519862651825, -0.4600369334220886, -0.37075334787368774, -0.31091809272766113, 0.18150195479393005, 0.14851725101470947, -0.2874980568885803, -0.23920288681983948, -0.42615723609924316, -0.005537122488021851, 0.5258520841598511, 0.7463283538818359, -0.368469774723053, 0.010587073862552643, 0.11278587579727173, -0.18953385949134827, -0.51982581615448, -0.2237759530544281, 0.1359933614730835, 0.5136414766311646, 0.5093206763267517, 0.13190731406211853, 0.6122729778289795, -0.45521774888038635, 0.1592109650373459, 0.6282512545585632, -0.06268639862537384, -0.4623379707336426, 0.4495898187160492, 0.6384320259094238, -0.6780192852020264, 0.11110848188400269, 0.5971174836158752, 0.6694448590278625, -0.04961269721388817, -0.2941030263900757, -0.5080666542053223, 0.03362561762332916, 0.10960008203983307, 0.010862573981285095, -0.5498563647270203, -0.48211413621902466, 0.3227999210357666, 0.13646864891052246, -0.8616933822631836, -0.07528631389141083, 0.36352550983428955, -0.4269583225250244, -0.8478439450263977, -0.26564961671829224, -0.6938171982765198, 0.646497368812561, 0.6624243259429932, -0.06778611242771149, 0.39350783824920654, -0.4628474712371826, -0.6650206446647644, 0.3674706816673279, 0.12634502351284027, -0.7951486110687256, -0.029886484146118164, -0.6313663721084595, -0.6503862738609314, 0.38346344232559204, -0.5968006253242493, 0.7644411325454712, 0.6176462173461914, -0.01556793600320816, 0.14061300456523895, 0.3082966208457947, 0.21896889805793762, 0.4751494824886322, 0.07370546460151672, -0.42591455578804016, -0.2078840434551239, 0.88175368309021, 0.505494236946106, 0.35665470361709595, 0.1960454136133194, -0.0038662180304527283, -0.0259832963347435, -0.19727236032485962, -0.6307047605514526, -0.5224230885505676, -0.14073458313941956, -0.07660719007253647, -0.48095154762268066, 0.4153841733932495, 0.39858222007751465, -0.34100425243377686, 0.6500890851020813, -0.8078559637069702, 0.39812779426574707, 0.3791554570198059, 0.0704772025346756, -0.3988133668899536, 0.7157118320465088, 0.1885402798652649, 0.7609001994132996, 0.07209271192550659, 0.6338831186294556, 0.3530469536781311, -0.623461902141571, 0.6553776264190674, -0.2432139366865158, -0.6342735290527344, -0.2763330042362213, -0.8309452533721924, 0.17133599519729614, 0.1222943514585495, -0.8665900230407715, 0.15874049067497253, 0.5746713876724243, 0.009209543466567993, 0.08222407102584839, -0.1684427112340927, 0.8220992088317871, -0.47601115703582764, -0.3582379221916199, -0.5563242435455322, -0.30432993173599243, -0.3008808493614197, 0.2632826566696167, 0.6610713005065918, 0.5670011043548584, -0.07562261819839478, -0.0936582088470459, 0.7574533820152283, 0.6059548258781433, -0.07128581404685974, 0.8403604626655579, -0.8367906212806702, 0.5173193216323853, 0.22629210352897644, 0.5274157524108887, -0.2415015548467636, 0.31891608238220215, 0.08093284070491791, -0.4261781573295593, -0.6405269503593445, 0.386931836605072, -0.008959773927927017, -0.806165337562561, 0.460837185382843, 0.3761260509490967, -0.19020730257034302, 0.4156123399734497, -0.7111438512802124, 0.5070503354072571, 0.4842536747455597, 0.3336339294910431, 0.7182656526565552, -0.22803860902786255, 0.722798764705658, 0.07283977419137955, 0.1025025025010109, 0.26093170046806335, 0.03459090739488602, -0.37556061148643494, -0.08831220120191574, 0.3253546953201294, -0.6119824647903442, -0.5133844614028931, -0.5356414914131165, -0.7524969577789307, 0.024760521948337555, -0.63088458776474, -0.29203975200653076, 0.03860907256603241, 0.13286885619163513, -0.6579426527023315, -0.6384829878807068, 0.6879096031188965, -0.3121947944164276, -0.890479326248169, 0.6436215043067932, -0.47874248027801514, 0.06462042033672333, -0.6951698660850525, 0.6923059225082397, -0.32022637128829956, -0.07621153444051743, -0.06922844797372818, -0.13735802471637726, 0.3289370536804199, -0.6509654521942139, -0.6256788372993469, 0.38541778922080994, 0.6555243730545044, 0.28137335181236267, 0.6339719295501709, -0.36820894479751587, 0.7766185402870178, 0.2590472102165222, -0.7344533205032349, -0.4496927857398987, -0.09683434665203094, -0.6657055616378784, -0.33142852783203125, 0.7733614444732666, -0.6383280158042908, 0.1701110154390335, 0.21423853933811188, -0.3503227233886719, -0.7770227193832397, -0.0731729194521904, 0.691817581653595, -0.1286519467830658, 0.3648051917552948, 0.11133038252592087, 0.342327356338501, -0.32587730884552, -0.4207797646522522, 0.7881545424461365, 0.6073014140129089, 0.1998721808195114, 0.7353686094284058, 0.7325037121772766, -0.008949153125286102, -0.5705406665802002, -0.7327179908752441, 0.44612953066825867, -0.36571791768074036, 0.19963353872299194, -0.669891893863678, 0.7381817102432251, -0.7988899350166321, -0.47324463725090027, -0.24303072690963745, 0.2190428376197815, -0.06105322763323784, -0.5477027893066406, 0.08011312037706375, -0.7179887294769287, -0.5091618895530701, 0.6031422019004822, 0.3876468539237976, 0.773535430431366, 0.5518366098403931, 0.8037026524543762, -0.8451072573661804, -0.26264914870262146, -0.3272750675678253, 0.7299914360046387, -0.5625797510147095, 0.5985672473907471, -0.6195663213729858, 0.8561969995498657, 0.516169548034668, 0.3624931573867798, 0.49406710267066956, 0.1555585265159607, 0.1191999763250351, 0.2937977910041809, -0.03319729119539261, -0.7566957473754883, 0.5743316411972046, 0.34118711948394775, -0.8174436092376709, -0.17148639261722565, 0.25074562430381775, -0.7590392827987671, -0.31449881196022034, 0.6432640552520752, 0.8869686722755432, 0.41258737444877625, -0.2788313031196594, 0.8155218958854675, -0.09141189604997635, -0.5435774326324463, 0.08104199171066284, 0.26567673683166504, 0.7396782636642456, -0.015297599136829376, -0.49142885208129883, -0.5323179960250854, 0.37105250358581543, 0.4487013816833496, -0.44587939977645874, 0.7203196287155151, 0.5761716365814209, -0.4860263466835022, -0.14689168334007263, -0.49519750475883484, -0.31722238659858704, 0.13466909527778625, 0.6560311317443848, 0.4953618049621582, 0.2682710886001587, 0.32228100299835205, -0.4572312831878662, 0.06593909859657288, 0.3395387530326843, 0.4993346333503723, 0.656700849533081, -0.3024747967720032, 0.332345575094223, 0.1015949696302414, -0.5414230227470398, -0.8167886734008789, 0.23165398836135864, -0.3103252649307251, 0.6440873146057129, 0.814294695854187, -0.772412121295929, -0.427651047706604, -0.18835397064685822, -0.34980326890945435, 0.7573601603507996, 0.3535609245300293, -0.3046771287918091, -0.1542143076658249, 0.8050190210342407, 0.33745676279067993, -0.3891589641571045, -0.4346151351928711, -0.5395812392234802, 0.7053285241127014, -0.493868887424469, 0.287844717502594, -0.0989869236946106, 0.786075234413147, -0.26483848690986633, -0.19340378046035767, -0.09409672021865845, -0.6671407222747803, -0.4784875810146332, -0.15584444999694824, 0.027355801314115524, -0.03949183225631714, 0.4369795024394989, 0.17133204638957977, 0.8531890511512756, -0.8091219663619995, 0.3526512682437897, 0.07587669044733047, 0.203213632106781, -0.8257232904434204, 0.2978450655937195, -0.1484542191028595, 0.1115599051117897, -0.730457603931427, 0.5086344480514526, 0.32209715247154236, -0.4369649589061737, 0.21530494093894958, -0.36344966292381287, -0.7921743392944336, -0.6596347093582153, 0.5035552382469177, -0.6069681644439697, 0.6592147946357727, 0.8448686599731445, -0.6882051825523376, -0.2880346179008484, -0.23541828989982605, 0.028226375579833984, -0.017957940697669983, -0.615531325340271, 0.16280721127986908, 0.7444089651107788, -0.3689364194869995, 0.5613481998443604, -0.039355114102363586, 0.41626787185668945, -0.666356086730957, 0.10099747031927109, -0.07994477450847626, 0.4040987491607666, 0.7159839868545532, -0.5224117040634155, 0.047109559178352356, -0.4312962591648102, 0.5277025699615479, 0.7561863660812378, 0.8574988842010498, -0.5606789588928223, -0.6265720129013062, -0.4913073182106018, 0.0537838339805603, -0.38724762201309204, -0.7217980027198792, -0.3180789649486542, -0.08774113655090332, 0.38551849126815796, -0.13522383570671082, -0.527944803237915, 0.6030128002166748, 0.4907023310661316, -0.8543572425842285, -0.5788506269454956, -0.8895487785339355, 0.43430763483047485, -0.052313532680273056, -0.22653111815452576, -0.17463406920433044, 0.20011091232299805, -0.22174200415611267, 0.5038022398948669, 0.56447434425354, -0.5363109111785889, 0.011171936988830566, -0.15270882844924927, 0.6425670385360718, -0.3397941589355469, 0.18170791864395142, -0.3588956892490387, 0.6738249659538269, -0.07709875702857971, 0.7761059999465942, -0.17705702781677246, 0.09551707655191422, -0.27753254771232605, 0.034003451466560364, -0.30265045166015625, -0.021444395184516907, -0.28114575147628784, 0.15260575711727142, 0.1675654947757721, 0.7887023687362671, 0.004991032183170319, -0.5010960698127747, -0.5321787595748901, 0.2405467927455902, -0.7936664819717407, -0.35716909170150757, 0.03623907268047333, -0.6482324004173279, 0.25768882036209106, -0.23659105598926544, 0.19256412982940674, -0.2292836308479309, -0.23255234956741333, -0.8879010677337646, 0.8167064189910889, 0.6002792119979858, -0.49322667717933655, 0.10116057842969894, -0.7248030304908752, -0.8364828824996948, -0.6707218885421753, -0.6477996110916138, -0.546278178691864, -0.15913079679012299, 0.5027424097061157, -0.19025501608848572, 0.8079845309257507, 0.6307950615882874, -0.8336225748062134, -0.8695217370986938, 0.6865832805633545, -0.5927165150642395, 0.6033105850219727, 0.3364017605781555, -0.41589826345443726, -0.7506500482559204, 0.06935068964958191, -0.07550681382417679, 0.794526994228363, 0.6507512331008911, -0.19481460750102997, 0.20911815762519836, 0.6486546993255615, -0.6911584734916687, 0.6880249977111816, 0.29478883743286133, -0.3773811459541321, 0.4592946171760559, -0.26965928077697754, -0.7413862943649292, 0.4738674759864807, 0.5416186451911926, 0.4583050608634949, -0.6291990280151367, 0.08424288034439087, 0.19870240986347198, 0.34283292293548584, -0.725355863571167, -0.16788804531097412, -0.5812268257141113, 0.5373062491416931, 0.2703193128108978, -0.33064812421798706, -0.19844453036785126, -0.4996351897716522, 0.4216446578502655, 0.8768537640571594, 0.6113921999931335, -0.25352340936660767, -0.39254751801490784, -0.5233877897262573, 0.03516373783349991, 0.2720431685447693, 0.1678386926651001, -0.5815664529800415, -0.8228949904441833, 0.5620929002761841, 0.39674532413482666, -0.48607802391052246, 0.0307083111256361, -0.3351159691810608, -0.3164104223251343, -0.24727413058280945, 0.009920716285705566, -0.501207709312439, 0.1569213569164276, -0.8313837051391602, -0.2700480818748474, 0.3834991157054901, 0.8593738079071045, 0.8506348133087158, -0.36481302976608276, 0.05662725865840912, -0.8476338982582092, -0.851271390914917, 0.6632009148597717, 0.6868366599082947, 0.19161438941955566, -0.35006165504455566, -0.12116196751594543, -0.36055880784988403, 0.6033362746238708, -0.306814044713974, 0.18235242366790771, -0.6748224496841431, 0.6762369871139526, -0.2921832203865051, -0.2680869698524475, -0.29278239607810974, -0.49795714020729065, -0.2949565052986145, 0.14905036985874176, -0.25954556465148926, -0.6281946897506714, -0.24067896604537964, -0.05801200866699219, -0.13870319724082947, 0.5343743562698364, 0.03920643776655197, 0.17239198088645935, 0.4435328245162964, -0.47423726320266724, -0.1675805151462555, -0.5706819891929626, -0.11157391965389252, -0.5666829347610474, -0.2519657611846924, 0.4060172438621521, -0.04601425677537918, -0.30202993750572205, -0.04112524539232254, -0.3679482340812683, -0.009512223303318024, 0.6302729249000549, 0.31540656089782715, 0.30429744720458984, 0.8038580417633057, -0.831472635269165, 0.10971204936504364, -0.1630581021308899, -0.8293179869651794, -0.6069502234458923, 0.03562861680984497, -0.2607329487800598, -0.5023000240325928, 0.23163741827011108, -0.4945497512817383, 0.5431821346282959, 0.20205175876617432, 0.10108224302530289, 0.5229827165603638, 0.20496350526809692, -0.31125473976135254, -0.22852805256843567, 0.3469237685203552, -0.6209917068481445, -0.4471915662288666, -0.1626829206943512, -0.039128780364990234, 0.709750771522522, 0.681899905204773, -0.08286108821630478, -0.5957955121994019, -0.5106774568557739, -0.8030475378036499, 0.5642983913421631, -0.1427687406539917, -0.21664565801620483, 0.5446454882621765, 0.03432741016149521, -0.7063794136047363, -0.5208861231803894, 0.10723018646240234, 0.14488939940929413, 0.09288790822029114, 0.5839699506759644, -0.5266190767288208, -0.5205588340759277, -0.7241383194923401, -0.33056148886680603, 0.7868353724479675, -0.5498810410499573, 0.10706664621829987, 0.822274386882782, 0.3063420057296753, 0.5876290202140808, 0.024472728371620178, -0.06278812885284424, -0.7918679118156433, 0.7084313631057739, 0.004885680973529816, 0.11865170300006866, 0.31323444843292236, 0.5392066836357117, 0.13290327787399292, -0.17834538221359253, 0.03377330303192139, 0.7719264030456543, 0.8970295190811157, 0.44522756338119507, 0.8168190717697144, -0.2960205078125, 0.6307668089866638, -0.17615234851837158, 0.2258864790201187, 0.7996914982795715, -0.07421252131462097, 0.30542880296707153, 0.7170389890670776, -0.4292970895767212, 0.27142027020454407, -0.5209072828292847, -0.39039725065231323, 0.26179075241088867, -0.2876272201538086, 0.8625720143318176, -0.04041348397731781, -0.5997940301895142, 0.0627591460943222, -0.04447829723358154, -0.025459371507167816, -0.0018172897398471832, 0.5618925094604492, 0.738335907459259, 0.35278940200805664, 0.8766384720802307, 0.5088387727737427, -0.49101611971855164, -0.5382804274559021, -0.04286223649978638, 0.02545604109764099, 0.09856364876031876, -0.3086286187171936, -0.5157240629196167, -0.603432834148407, 0.7545080780982971, 0.6571296453475952, 0.63737952709198, -0.12306995689868927, -0.3580836057662964, -0.16784344613552094, -0.130433589220047, -0.35918599367141724, -0.2867303788661957, 0.44960206747055054, -0.5324201583862305, 0.18275371193885803, 0.35168781876564026, 0.2797447144985199, -0.26432764530181885, 0.7587238550186157, -0.49455690383911133, -0.04945779964327812, 0.018292203545570374, -0.27414143085479736, -0.3693764805793762, 0.20474424958229065, 0.5049352645874023, 0.07815240323543549, -0.7435723543167114, -0.6829363107681274, -0.5824145078659058, -0.6425327062606812, 0.025149263441562653, -0.7315458059310913, -0.4868420958518982, -0.2820274233818054, -0.5931279063224792, 0.786133885383606, -0.724452555179596, -0.6439064741134644, -0.04940024018287659, 0.2810259759426117, 0.551048219203949, -0.3223858177661896, 0.4332118630409241, 0.7323748469352722, 0.6257217526435852, 0.42649775743484497, 0.6695811748504639, -0.1816072016954422, 0.3523558974266052, -0.2695387005805969, 0.47184160351753235, 0.47646668553352356, -0.08742070943117142, -0.44241708517074585, 0.2471090853214264, 0.3730616569519043, 0.29823046922683716, -0.4008232653141022, -0.3787462115287781, -0.525924801826477, 0.4368731677532196, 0.5832371711730957, -0.3261326253414154, -0.22102351486682892, -0.46885475516319275, 0.5281664133071899, -0.6979204416275024, -0.19892346858978271, 0.8353936672210693, 0.6781101226806641, 0.5853434205055237, -0.5416711568832397, 0.24792952835559845, 0.431671679019928, -0.6637400388717651, -0.6124062538146973, 0.13459962606430054, 0.5777246952056885, 0.16465970873832703, -0.5322656631469727, 0.07235095649957657, 0.24897195398807526, -0.05701283738017082, 0.6301767826080322, 0.7550403475761414, 0.5220696926116943, 0.6878150105476379, -0.37678956985473633, -0.19237220287322998, -0.4573080539703369, 0.5953548550605774, -0.04810290038585663, -0.0990184098482132, -0.4604722857475281, -0.8069248795509338, -0.10546470433473587, 0.34590184688568115, -0.11380952596664429, -0.23196789622306824, -0.6140363812446594, 0.38617607951164246, 0.4999349117279053, -0.6222484707832336, 0.706703245639801, 0.4419277012348175, 0.17780478298664093, 0.37928855419158936, -0.4518301486968994, 0.6626213788986206, 0.13317236304283142, 0.7292864322662354, -0.21601499617099762, 0.5324116349220276, -0.008208706974983215, -0.41346603631973267, -0.6612831354141235, -0.7329655289649963, -0.25831836462020874, 0.5477122068405151, 0.4295598864555359, -0.7350652813911438, 0.20923641324043274, 0.06218300014734268, -0.43527212738990784, 0.6514244079589844, -0.7613927125930786, -0.4254654049873352, -0.6425018310546875, 0.3676421046257019, 0.4896080493927002, -0.7307873368263245, 0.2419949769973755, -0.17272481322288513, -0.08382625877857208, -0.24611307680606842, 0.23196148872375488, -0.7177884578704834, 0.02309158444404602, -0.41589289903640747, 0.156974658370018, 0.6642345190048218, -0.31705939769744873, -0.5523360371589661, -0.07584499567747116, 0.6372684240341187, 0.6497703790664673, -0.5201216340065002, -0.21217678487300873, -0.6125865578651428, -0.16032232344150543, -0.43616682291030884, -0.359180748462677, 0.43491119146347046, 0.1112809106707573, 0.4992866516113281, 0.6145467758178711, 0.10943686962127686, 0.6372517347335815, -0.02554362639784813, -0.20999491214752197, -0.021515175700187683, -0.5569142699241638, -0.04567185044288635, 0.2665914297103882, -0.025068633258342743, -0.5006460547447205, 0.01220676302909851, 0.5095245838165283, 0.18959996104240417, -0.6055898070335388, 0.7566481828689575, 0.032053057104349136, 0.6367419362068176, -0.6897315382957458, 0.1285306215286255, 0.10447860509157181, 0.6722798943519592, -0.505942702293396, -0.49075162410736084, 0.012632742524147034, -0.044435687363147736, -0.446073979139328, -0.3122217357158661, -0.5003341436386108, -0.28646954894065857, 0.5912076830863953, -0.5365654230117798, 0.22650831937789917, 0.3669643700122833, -0.037836313247680664, 0.00905434787273407, 0.09625596553087234, 0.27208301424980164, 0.6458622813224792, 0.19974203407764435, -0.43113505840301514, 0.8505465984344482, -0.1082553118467331, -0.811317503452301, -0.345731645822525, 0.4899253845214844, 0.2637760043144226, -0.41300463676452637, 0.4150024652481079, -0.4127521812915802, 0.6910228133201599, 0.5760092735290527, -0.5230493545532227, 0.38331639766693115, -0.008260972797870636, 0.817398190498352, 0.4334492087364197, 0.4045037627220154, -0.2726261019706726, 0.8606602549552917, 0.6627206802368164, -0.39986515045166016, 0.1570427417755127, 0.006096161901950836, -0.14766934514045715, 0.22145316004753113, 0.7788565158843994, -0.21401040256023407, -0.44102776050567627, 0.48720747232437134, -0.7691948413848877, -0.7230987548828125, -0.49374958872795105, 0.03455333411693573, -0.707738995552063, -0.8792853355407715, 0.04742591455578804, 0.22774165868759155, 0.2349976748228073, 0.02353379875421524, -0.16405341029167175, 0.7772538065910339, -0.4669927954673767, 0.1610904484987259, 0.060740161687135696, -0.6156013011932373, -0.6383074522018433, -0.1987539827823639, 0.46520984172821045, -0.3144213557243347, 0.11997957527637482, -0.22443746030330658, -0.24381403625011444, 0.16711759567260742, 0.07618603855371475, 0.7613599300384521, 0.13984987139701843, 0.3463359475135803, 0.3020928204059601, -0.5104960203170776, -0.1637752205133438, -0.16934427618980408, -0.480182945728302, -0.7304266691207886, -0.1043083518743515, 0.07900187373161316, 0.278105765581131, -0.4384176731109619, 0.49915242195129395, -0.5442374348640442, -0.7579841017723083, 0.11304139345884323, -0.24073344469070435, 0.7269916534423828, 0.5934493541717529, -0.5893701314926147, -0.31306377053260803, 0.026164010167121887, 0.6839599013328552, 0.14994092285633087, 0.8297567367553711, -0.38057923316955566, 0.7140588760375977, -0.6799378395080566, -0.7609527707099915, -0.8659245371818542, -0.5030788779258728, -0.13854244351387024, 0.5365403890609741, 0.7982926964759827, 0.40334299206733704, -0.0773664116859436, -0.7410033345222473, -0.6921218633651733, -0.32756006717681885, -0.7823244333267212, -0.46771588921546936, 0.2551565170288086, 0.6194974780082703, 0.1807321012020111, -0.8014413118362427, 0.49619096517562866, -0.6428147554397583, 0.37185490131378174, 0.622238278388977, -0.7459492683410645, -0.15621954202651978, 0.05723898112773895, -0.6018074154853821, -0.13993307948112488, -0.43558377027511597, -0.5549198985099792, 0.04838995635509491, 0.22178250551223755, 0.46817997097969055, 0.26655352115631104, 0.47508618235588074, -0.7136693000793457, -0.7291675806045532, -0.7457979917526245, -0.11180596798658371, -0.12150321155786514, 0.5741652250289917, 0.46941637992858887, 0.08034710586071014, 0.7431349158287048, 0.1798696517944336, -0.5921335816383362, -0.5735329985618591, -0.4989822208881378, -0.45601892471313477, 0.5618696808815002, 0.5726041197776794, 0.5305231809616089, 0.590410590171814, -0.28075820207595825, -0.23431849479675293, 0.518220067024231, 0.88401198387146, -0.6420830488204956, 0.28450727462768555, -0.8050804138183594, -0.6188516616821289, -0.26214271783828735, -0.5234664678573608, -0.6197871565818787, 0.5007553696632385, -0.7490332722663879, 0.03705521672964096, -0.5140256285667419, -0.2784048914909363, -0.06601785123348236, 0.34132120013237, 0.1062157154083252, 0.0802038386464119, -0.038064561784267426, -0.8555251359939575, -0.6631768941879272, -0.41697028279304504, -0.5741996169090271, 0.2751132547855377, 0.7912908792495728, 0.5930852890014648, 0.5079237222671509, 0.39017871022224426, 0.25302135944366455, -0.11381436884403229, -0.2323206514120102, 0.8042956590652466, -0.5069045424461365, 0.8156474828720093, 0.6470614075660706, -0.551376461982727, -0.3996434211730957, -0.4488098621368408, -0.23245105147361755, -0.20110522210597992, 0.3474608361721039, -0.10474859923124313, 0.41538316011428833, -0.41470256447792053, -0.6151512861251831, -0.40925920009613037, 0.5066071152687073, 0.48538365960121155, -0.7483768463134766, 0.08728418499231339, 0.49479150772094727, 0.4733891189098358, 0.17748722434043884, 0.6938925981521606, 0.34536224603652954, 0.507451057434082, 0.4681546688079834, -0.5326082110404968, -0.2583741545677185, 0.38036465644836426, -0.8693733215332031, 0.2784964144229889, 0.05944410338997841, 0.8747881054878235, 0.8289088010787964, -0.08255161345005035, 0.03788016736507416, -0.6853730082511902, -0.3098234534263611, -0.10182525217533112, -0.5134491324424744, 0.23055227100849152, -0.10012403130531311, 0.5541129112243652, -0.3861110210418701, -0.16060948371887207, -0.319796085357666, -0.33438557386398315, 0.16658742725849152, 0.6475271582603455, -0.21247819066047668, -0.18866732716560364, -0.5971782207489014, -0.4735099673271179, 0.7796845436096191, 0.1984742283821106, 0.4852401316165924, -0.24118153750896454, -0.12338489294052124, -0.3773742914199829, -0.04963655769824982, 0.0009121596813201904, -0.5962531566619873, 0.8510315418243408, -0.07872464507818222, 0.5792113542556763, -0.3671279549598694, 0.5619717240333557, -0.8794335126876831, 0.15925167500972748, 0.34839722514152527, 0.5640565156936646, -0.19781453907489777, 0.6260124444961548, 0.342271089553833, 0.23831401765346527, 0.5083417296409607, 0.4651227295398712, -0.2857457101345062, 0.6240196228027344, 0.6595996618270874, -0.6020784378051758, -0.7777730226516724, 0.42949655652046204, -0.5432586669921875, 0.6759395003318787, 0.604102611541748, -0.310330867767334, -0.8470574617385864, 0.2709973156452179, 0.3543931841850281, -0.5378468632698059, 0.5420650243759155, 0.7683720588684082, 0.15736500918865204, -0.2379230260848999, -0.1289081573486328, 0.27734750509262085, -0.2423754334449768, 0.486900269985199, -0.18540127575397491, -0.32147711515426636, 0.4654898941516876, 0.10481415688991547, -0.28120869398117065, 0.5186107158660889, -0.1582459956407547, 0.4018743336200714, 0.3740359842777252, -0.25390535593032837, -0.3277331590652466, -0.39270129799842834, 0.2795589566230774, -0.3425444960594177, 0.09453108161687851, -0.7310978174209595, -0.45819172263145447, 0.4691693186759949, 0.7221996784210205, 0.5749317407608032, -0.23141802847385406, 0.5110325217247009, 0.36746490001678467, 0.7250051498413086, 0.03198620676994324, 0.042929407209157944, -0.03935534879565239, 0.2359761744737625, 0.3704312741756439, -0.14235040545463562, 0.3718140721321106, 0.4910862147808075, -0.3342069983482361, -0.16239891946315765, -0.005949229001998901, 0.012298189103603363, 0.321163535118103, -0.7731224298477173, -0.4489232897758484, -0.0070451050996780396, -0.28321653604507446, 0.3702232837677002, 0.19993144273757935, 0.15084920823574066, -0.40961793065071106, -0.13389578461647034, -0.3489840030670166, 0.6163862943649292, 0.14962460100650787, -0.7536764144897461, -0.24112452566623688, -0.4285948872566223, -0.24629652500152588, 0.5052847862243652, -0.6624991297721863, -0.5304204225540161, -0.2961967885494232, 0.7949886918067932, 0.4906888008117676]
