sample name: ['Cc1ccc(CCNC(=O)NCCc2csc(N3CCCC3)n2)c(C)c1']
atom_index,distance,cosine_similarity
0,-0.266651611328125,-0.04577113229781389
1,-2.223472900390625,0.031125670988112687
2,-3.312398681640625,-0.01248039623722434
3,-6.7033319091796875,0.2759761448763311
4,-4.723062744140625,-0.06885248374193907
5,-1.583492431640625,-0.027907409742474555
6,-0.1706591796875,-0.09961139906197786
7,-0.9560308837890625,-0.0798459979146719
8,0.4130865478515625,-0.11483123349025845
9,-3.6772564697265624,0.2325787690281868
10,-7.461919555664062,0.18765068623237313
11,-1.1754345703125,0.03645939275622368
12,-0.49114013671875,0.03180232621729374
13,-6.845794677734375,0.06900486843660474
14,0.6864190673828126,-0.036517764907330275
15,-5.486566162109375,-0.09980758650228382
16,-6.5414599609375,-0.016935711912810802
17,-2.77454833984375,0.08602292945608497
18,-2.1700872802734374,0.04259664053097367
19,-3.364920654296875,0.21137980576604604
20,-1.779720458984375,-0.03707216473296285

Sum of phi values for distance
-60.608442993164054
Sum of phi values for cosine similarity
0.5649639537464828
Average distance random samples:
66.40446013223557
Average cosine similarity random samples:
0.05263026298955083
Distances random samples
[16.965063095092773, 63.34955596923828, 114.8965072631836, 127.14867401123047, 50.48170852661133, 158.5739288330078, 6.687403202056885, 76.1328125, 9.937257766723633, 7.778136730194092, 12.074610710144043, 74.97572326660156, 119.10343170166016, 155.56973266601562, 176.41302490234375, 11.790653228759766, 9.342265129089355, 10.425398826599121, 8.664872169494629, 11.539571762084961, 135.92440795898438, 25.61931610107422, 173.68626403808594, 105.975341796875, 70.52241516113281, 7.734704494476318, 116.95854187011719, 120.52230072021484, 8.528712272644043, 9.275837898254395, 136.87954711914062, 40.48672103881836, 17.969114303588867, 111.05317687988281, 61.99477767944336, 170.4752655029297, 35.70479965209961, 91.08241271972656, 66.70177459716797, 188.0591278076172, 86.20860290527344, 79.65950012207031, 162.44058227539062, 11.163991928100586, 125.5562744140625, 11.89449691772461, 6.124449729919434, 7.366079807281494, 12.557168960571289, 130.22467041015625, 19.148714065551758, 11.189485549926758, 140.5729522705078, 9.632445335388184, 47.98426055908203, 32.109642028808594, 18.23099136352539, 69.61302947998047, 102.87030792236328, 8.370465278625488, 4.685556411743164, 6.972592830657959, 7.992945194244385, 10.309755325317383, 91.92108917236328, 9.890812873840332, 9.344766616821289, 9.973749160766602, 9.857649803161621, 11.80844497680664, 8.909507751464844, 125.94426727294922, 86.13809967041016, 134.82757568359375, 87.2841796875, 7.80864953994751, 99.16642761230469, 8.933343887329102, 40.86699295043945, 13.516759872436523, 7.747500419616699, 8.298377990722656, 124.33838653564453, 14.563404083251953, 68.06935119628906, 77.72538757324219, 118.05894470214844, 8.896281242370605, 9.446059226989746, 36.68890380859375, 140.5254364013672, 132.45150756835938, 10.066800117492676, 10.059264183044434, 7.5163445472717285, 120.45101165771484, 42.09737777709961, 10.878217697143555, 6.377699375152588, 97.76573181152344, 165.98216247558594, 10.142362594604492, 147.5096893310547, 6.0379462242126465, 5.3264923095703125, 12.596311569213867, 123.03923797607422, 129.898193359375, 144.49627685546875, 18.372594833374023, 141.3389434814453, 126.67916870117188, 108.91218566894531, 10.874560356140137, 6.234288215637207, 9.972168922424316, 104.65445709228516, 128.52198791503906, 10.637189865112305, 77.68706512451172, 56.25473403930664, 8.476104736328125, 161.69383239746094, 64.80744171142578, 16.800870895385742, 138.96197509765625, 70.45893859863281, 6.792488098144531, 105.90658569335938, 154.3289794921875, 116.96553039550781, 9.539510726928711, 15.127424240112305, 96.78089904785156, 122.7471923828125, 119.62700653076172, 100.6575927734375, 5.49733304977417, 10.515690803527832, 100.75621032714844, 11.826226234436035, 118.01697540283203, 114.7181625366211, 205.72325134277344, 9.15780258178711, 91.59722137451172, 15.30158805847168, 9.7049560546875, 155.04344177246094, 132.52899169921875, 13.324311256408691, 68.0291748046875, 8.917764663696289, 108.60527038574219, 14.47314167022705, 20.86971664428711, 16.65962028503418, 18.31765365600586, 228.5290985107422, 164.16822814941406, 10.570849418640137, 78.40957641601562, 180.16378784179688, 90.65272521972656, 11.520517349243164, 75.32003021240234, 7.201988697052002, 96.45342254638672, 88.21394348144531, 90.09684753417969, 6.684937953948975, 25.08152198791504, 152.43333435058594, 160.57691955566406, 46.85432815551758, 100.65327453613281, 44.28982162475586, 22.479814529418945, 13.478846549987793, 12.2798490524292, 79.46505737304688, 173.56752014160156, 147.59632873535156, 140.34169006347656, 14.484269142150879, 92.00428009033203, 77.36180877685547, 22.275266647338867, 13.650026321411133, 18.43401336669922, 177.1958770751953, 48.49052810668945, 10.429819107055664, 167.34500122070312, 63.327327728271484, 11.771306991577148, 190.82704162597656, 172.0472869873047, 14.341025352478027, 119.18140411376953, 100.1275405883789, 120.15274047851562, 47.15999221801758, 94.25194549560547, 8.096473693847656, 16.98110008239746, 77.3978500366211, 76.7171859741211, 143.98681640625, 191.1399383544922, 132.1047821044922, 9.105779647827148, 20.899202346801758, 191.05494689941406, 66.05364990234375, 9.34261703491211, 179.9657440185547, 149.3441925048828, 9.139175415039062, 52.92839431762695, 21.955137252807617, 162.92385864257812, 84.16618347167969, 120.87936401367188, 105.14205169677734, 14.010482788085938, 10.522543907165527, 19.833017349243164, 106.52188110351562, 137.1057891845703, 119.54296875, 17.752962112426758, 84.11306762695312, 11.120866775512695, 135.083251953125, 126.8770751953125, 15.336666107177734, 49.114585876464844, 48.467105865478516, 43.22959899902344, 8.790122985839844, 11.676634788513184, 54.089271545410156, 39.02827835083008, 11.659974098205566, 37.112735748291016, 128.0703582763672, 24.391252517700195, 119.49559020996094, 179.6508331298828, 5.807336807250977, 11.753860473632812, 26.6826114654541, 175.19105529785156, 11.739701271057129, 19.126813888549805, 127.50968170166016, 11.895149230957031, 9.970212936401367, 61.014339447021484, 10.834458351135254, 140.86148071289062, 20.78309440612793, 10.319610595703125, 18.72870635986328, 33.24104690551758, 101.50715637207031, 102.17787170410156, 131.91744995117188, 164.38018798828125, 200.45765686035156, 85.2492446899414, 15.023231506347656, 15.157833099365234, 8.613288879394531, 124.10828399658203, 26.200334548950195, 20.350778579711914, 141.66348266601562, 51.97077941894531, 165.0710906982422, 161.62046813964844, 162.17803955078125, 39.4695930480957, 53.14738845825195, 9.809147834777832, 9.906451225280762, 191.8910675048828, 192.62779235839844, 7.3529887199401855, 11.502323150634766, 101.46704864501953, 48.492042541503906, 15.242918014526367, 86.52262878417969, 75.4239730834961, 13.508105278015137, 117.92693328857422, 12.364218711853027, 12.881926536560059, 9.714237213134766, 129.378173828125, 186.0344696044922, 120.98448181152344, 149.19798278808594, 89.81998443603516, 9.584799766540527, 10.78467845916748, 6.4642720222473145, 8.541533470153809, 110.38706970214844, 16.323179244995117, 12.96345329284668, 101.90502166748047, 133.0476531982422, 11.647786140441895, 156.70977783203125, 46.17733383178711, 82.17523193359375, 140.44198608398438, 158.889892578125, 80.6169662475586, 152.2752685546875, 46.28078079223633, 7.350846290588379, 182.73236083984375, 82.40461730957031, 7.049005508422852, 146.7637939453125, 173.1149139404297, 122.49131774902344, 114.86363220214844, 18.847753524780273, 12.234288215637207, 20.985231399536133, 12.289949417114258, 149.9480438232422, 9.125104904174805, 181.47415161132812, 13.788434982299805, 44.935550689697266, 11.507447242736816, 176.58685302734375, 142.9158477783203, 156.2830352783203, 150.51426696777344, 80.5306167602539, 17.295509338378906, 170.3927001953125, 142.41871643066406, 14.86722183227539, 10.389697074890137, 14.174980163574219, 125.226318359375, 96.4226303100586, 72.2094497680664, 131.55453491210938, 13.509475708007812, 30.064332962036133, 50.55280303955078, 9.741883277893066, 97.43458557128906, 10.952259063720703, 11.137594223022461, 10.81544017791748, 103.13790130615234, 155.36697387695312, 103.56230163574219, 13.030911445617676, 147.87677001953125, 126.30672454833984, 12.409969329833984, 150.3424072265625, 44.12736129760742, 82.26935577392578, 10.838494300842285, 180.75942993164062, 43.55790710449219, 8.802823066711426, 9.13458251953125, 165.98829650878906, 11.97916030883789, 6.6178669929504395, 7.843473434448242, 19.7821102142334, 65.95144653320312, 88.38961029052734, 9.362079620361328, 17.191987991333008, 8.03783893585205, 8.813232421875, 8.222026824951172, 8.012094497680664, 39.89165496826172, 21.294832229614258, 114.82131958007812, 77.47820281982422, 41.18605422973633, 8.42965030670166, 47.31404113769531, 7.76341438293457, 10.939135551452637, 44.1745719909668, 10.626962661743164, 17.862712860107422, 85.82856750488281, 7.307740211486816, 66.34546661376953, 7.452670097351074, 179.1854248046875, 11.110673904418945, 184.10719299316406, 112.99928283691406, 17.263391494750977, 79.68972778320312, 13.767230987548828, 49.87742233276367, 89.99588775634766, 10.42587947845459, 191.1710662841797, 76.54151916503906, 137.3736572265625, 75.92644500732422, 7.843868732452393, 19.2788028717041, 83.01632690429688, 11.581003189086914, 11.681159019470215, 139.77005004882812, 7.846141338348389, 145.83375549316406, 17.215377807617188, 39.33143997192383, 146.39907836914062, 27.5115966796875, 14.099923133850098, 29.745609283447266, 9.589227676391602, 171.9473114013672, 10.53555965423584, 15.126825332641602, 10.190064430236816, 98.83260345458984, 117.45817565917969, 6.012385845184326, 152.81826782226562, 52.61349868774414, 121.49400329589844, 67.5212631225586, 8.329230308532715, 65.68457794189453, 10.432278633117676, 8.100763320922852, 60.2945556640625, 121.73240661621094, 30.60871124267578, 9.711455345153809, 129.6199493408203, 11.554588317871094, 138.16476440429688, 6.70795202255249, 10.80285358428955, 43.239253997802734, 95.47122192382812, 106.59114837646484, 124.57162475585938, 169.4197998046875, 115.51578521728516, 8.30291748046875, 33.49776077270508, 176.14732360839844, 119.75366973876953, 17.43953514099121, 8.311080932617188, 70.34872436523438, 9.461599349975586, 39.78176498413086, 9.303947448730469, 98.73786926269531, 12.946553230285645, 6.661654949188232, 110.80955505371094, 114.77861022949219, 50.628761291503906, 162.9320831298828, 147.7458953857422, 50.01162338256836, 7.273631572723389, 12.293067932128906, 9.087692260742188, 12.776702880859375, 140.10446166992188, 120.54633331298828, 111.32888793945312, 146.90965270996094, 12.25277328491211, 148.1687469482422, 9.4091215133667, 145.34866333007812, 10.705855369567871, 12.770928382873535, 31.293392181396484, 117.3953857421875, 10.992145538330078, 10.057785987854004, 79.86371612548828, 82.67693328857422, 11.298455238342285, 5.782132148742676, 13.183257102966309, 148.5726318359375, 11.996142387390137, 11.933478355407715, 62.78407287597656, 102.96369934082031, 17.033037185668945, 178.07994079589844, 12.407618522644043, 23.250701904296875, 10.706618309020996, 119.12084197998047, 20.57411003112793, 6.037258625030518, 7.411884307861328, 196.0555419921875, 7.944137096405029, 152.2307891845703, 61.0703010559082, 150.48121643066406, 161.03060913085938, 13.301353454589844, 124.10136413574219, 83.83843231201172, 170.06861877441406, 178.15084838867188, 7.660617351531982, 13.637659072875977, 11.94927978515625, 56.850669860839844, 79.16128540039062, 167.20880126953125, 6.723930835723877, 134.2283935546875, 112.79313659667969, 146.9688262939453, 98.86392974853516, 69.21631622314453, 99.9126205444336, 126.88702392578125, 10.886787414550781, 145.17478942871094, 105.9106216430664, 106.9645004272461, 88.33533477783203, 71.88591003417969, 168.6441192626953, 9.498883247375488, 10.282607078552246, 58.32711410522461, 140.04283142089844, 10.697434425354004, 194.2650909423828, 10.377433776855469, 83.56056213378906, 20.77787208557129, 13.484679222106934, 101.69364929199219, 128.28746032714844, 7.268111228942871, 60.75720977783203, 69.06486511230469, 101.98927307128906, 13.718573570251465, 50.54069519042969, 178.79522705078125, 22.66858673095703, 85.3091049194336, 8.150603294372559, 119.20994567871094, 145.98728942871094, 12.614737510681152, 50.0026969909668, 8.439687728881836, 8.596654891967773, 46.07355880737305, 179.29542541503906, 11.85290241241455, 133.26547241210938, 21.524274826049805, 9.178228378295898, 109.09455108642578, 84.39606475830078, 155.33802795410156, 160.7228546142578, 7.913068771362305, 79.63738250732422, 10.924283027648926, 121.00721740722656, 37.124122619628906, 11.444829940795898, 79.86255645751953, 6.390809059143066, 33.333740234375, 60.33386993408203, 10.424520492553711, 87.19384765625, 103.62578582763672, 9.975950241088867, 16.01976203918457, 11.201318740844727, 79.35986328125, 132.07362365722656, 15.718422889709473, 41.56475830078125, 8.45677661895752, 49.162437438964844, 134.4004364013672, 169.39939880371094, 7.538171768188477, 82.344970703125, 151.9961395263672, 98.68836212158203, 8.896025657653809, 10.643831253051758, 120.17037963867188, 32.6881217956543, 94.6982192993164, 166.7322998046875, 7.353558540344238, 107.01871490478516, 7.423436641693115, 96.38946533203125, 153.27151489257812, 60.5168342590332, 99.41996765136719, 11.7667236328125, 22.194721221923828, 12.01078987121582, 150.1920928955078, 54.61309051513672, 194.61402893066406, 81.0328598022461, 9.785786628723145, 11.80558967590332, 58.80375289916992, 15.765741348266602, 14.11750602722168, 125.95246124267578, 8.3414945602417, 43.71088790893555, 23.48724365234375, 58.3665885925293, 21.2380428314209, 14.618480682373047, 111.69371032714844, 9.344944953918457, 113.44094848632812, 145.17015075683594, 194.66714477539062, 24.3377628326416, 8.073651313781738, 93.35037994384766, 7.880011558532715, 9.517168998718262, 10.321544647216797, 122.68547821044922, 7.420037269592285, 151.95907592773438, 7.6526408195495605, 8.215170860290527, 7.295528888702393, 170.03236389160156, 94.28888702392578, 11.196672439575195, 11.497846603393555, 8.571093559265137, 86.21438598632812, 182.8781280517578, 8.369598388671875, 29.938549041748047, 119.0130386352539, 11.951869010925293, 15.835837364196777, 97.62332916259766, 78.54170989990234, 132.97024536132812, 124.77581787109375, 125.06153869628906, 7.7822699546813965, 12.471074104309082, 126.8150634765625, 12.146742820739746, 8.932523727416992, 9.511523246765137, 156.6980438232422, 43.57672882080078, 8.982023239135742, 10.145013809204102, 8.691649436950684, 7.39984655380249, 137.9094696044922, 137.37425231933594, 31.79502296447754, 165.67503356933594, 156.84288024902344, 176.0958251953125, 176.70849609375, 162.4283905029297, 17.571041107177734, 107.56182861328125, 16.4052734375, 118.98936462402344, 66.68876647949219, 62.36697769165039, 189.3622589111328, 164.36749267578125, 12.504938125610352, 149.75518798828125, 8.18591022491455, 111.26692962646484, 47.07596969604492, 147.32937622070312, 144.7722930908203, 10.643335342407227, 11.833858489990234, 10.152605056762695, 46.67192840576172, 8.602696418762207, 25.50710678100586, 12.861127853393555, 54.362266540527344, 159.84353637695312, 9.36444091796875, 117.39729309082031, 163.2981414794922, 13.874700546264648, 11.037064552307129, 166.2290802001953, 10.69270133972168, 128.04119873046875, 79.02945709228516, 130.86219787597656, 182.66172790527344, 96.45641326904297, 7.722480773925781, 9.375327110290527, 12.664623260498047, 115.83885192871094, 11.442281723022461, 13.452545166015625, 111.94428253173828, 6.865478515625, 8.293371200561523, 8.558012008666992, 47.48238754272461, 10.580595016479492, 74.50628662109375, 127.53599548339844, 10.560935020446777, 128.33935546875, 8.412250518798828, 7.128014087677002, 161.7884063720703, 14.821769714355469, 10.212777137756348, 30.641155242919922, 143.24755859375, 7.099079608917236, 9.533154487609863, 201.63552856445312, 90.19351196289062, 12.249942779541016, 8.493441581726074, 8.597477912902832, 6.944472312927246, 74.400146484375, 134.77792358398438, 12.822531700134277, 121.66205596923828, 46.86354064941406, 94.22803497314453, 129.87451171875, 8.731904029846191, 96.98079681396484, 97.73931884765625, 12.063421249389648, 74.94507598876953, 53.866050720214844, 39.84757995605469, 85.23770141601562, 21.075471878051758, 9.705480575561523, 184.70289611816406, 163.25418090820312, 11.332277297973633, 9.107590675354004, 38.80339813232422, 8.08324909210205, 135.4209442138672, 87.07891082763672, 27.565853118896484, 186.1758270263672, 65.94215393066406, 11.728535652160645, 84.62480926513672, 9.231023788452148, 12.689127922058105, 155.01812744140625, 205.11053466796875, 6.833512783050537, 13.564305305480957, 64.63069915771484, 11.645965576171875, 6.852601528167725, 174.3158721923828, 112.00360870361328, 161.28639221191406, 181.51356506347656, 116.95419311523438, 56.67582702636719, 5.6885504722595215, 74.64280700683594, 135.3797607421875, 63.67380905151367, 8.42337703704834, 10.877056121826172, 174.38998413085938, 18.182945251464844, 65.22416687011719, 10.71851921081543, 53.34841537475586, 19.476734161376953, 214.07696533203125, 68.14270782470703, 13.585420608520508, 11.6950101852417, 5.508804798126221, 79.22611999511719, 155.49534606933594, 9.814233779907227, 8.800237655639648, 11.90315055847168, 18.658803939819336, 143.54745483398438, 9.119153022766113, 179.55259704589844, 98.7828369140625, 178.1061248779297, 8.683072090148926, 7.858161449432373, 10.75263500213623, 15.213613510131836, 10.551679611206055, 63.31398391723633, 91.37303161621094, 12.139304161071777, 15.985538482666016, 10.41940689086914, 112.24858093261719, 89.4993896484375, 14.797133445739746, 32.47518539428711, 9.92598819732666, 89.9148941040039, 169.5702362060547, 152.1584930419922, 166.4910888671875, 7.238654613494873, 89.24560546875, 147.89646911621094, 147.9695587158203, 6.849874973297119, 9.707520484924316, 45.03975296020508, 10.70479965209961, 6.229416370391846, 87.02901458740234, 151.11245727539062, 11.191530227661133, 103.06977844238281, 146.2391357421875, 82.0074462890625, 9.286211967468262, 194.14187622070312, 148.52159118652344, 11.44469165802002, 67.64976501464844, 108.72786712646484, 8.86683177947998, 78.40398406982422, 146.23594665527344, 13.59610652923584, 116.73568725585938, 96.15348052978516, 10.965046882629395, 47.6025276184082, 116.92253875732422, 12.553338050842285, 172.00604248046875, 8.847375869750977, 74.25345611572266, 35.560359954833984, 166.43499755859375, 105.42292785644531, 9.305994987487793, 171.5723419189453, 25.269559860229492, 95.98867797851562, 127.39054870605469, 92.15804290771484, 12.739248275756836, 11.798127174377441, 79.65690612792969, 11.17046070098877, 109.98491668701172, 14.721317291259766, 10.949483871459961, 143.00584411621094, 9.52153491973877, 150.5356903076172, 140.29588317871094, 15.550950050354004, 8.493313789367676, 16.29538345336914, 8.577484130859375, 11.079679489135742, 217.4235076904297, 137.01275634765625, 11.949499130249023, 10.662267684936523, 116.50230407714844, 16.98473358154297, 115.7987060546875, 79.62220764160156, 40.9130744934082, 79.01883697509766, 11.464377403259277, 27.032609939575195, 77.48338317871094, 72.35356140136719, 11.064966201782227, 14.542933464050293, 6.096346855163574, 106.5074234008789, 8.364386558532715, 12.433795928955078, 10.886560440063477, 156.51300048828125, 93.03971099853516, 155.7772216796875, 170.77294921875, 20.021034240722656, 6.911317825317383, 46.24531936645508, 41.64494705200195, 113.0019760131836, 71.02132415771484, 183.0321502685547, 13.739734649658203, 43.40393829345703, 10.77139949798584, 24.062482833862305, 13.297883033752441, 8.494719505310059, 149.16358947753906, 50.253395080566406, 113.57177734375, 7.243060111999512, 15.561005592346191, 178.88055419921875, 75.621826171875, 9.79593276977539, 6.490355014801025, 27.9393310546875, 104.90280151367188, 10.704728126525879, 155.69256591796875, 9.716573715209961, 7.278315544128418, 8.5095853805542, 6.89343786239624, 124.2701644897461, 9.831551551818848, 77.00357055664062, 7.189777374267578, 89.0997314453125, 9.511210441589355, 11.619580268859863, 11.919461250305176, 150.30856323242188, 48.61183166503906, 153.19772338867188, 99.14100646972656, 13.010486602783203, 12.52651596069336, 179.9822235107422, 9.916106224060059, 24.725849151611328, 70.12699127197266, 212.71469116210938, 10.132810592651367, 74.14302062988281, 13.115832328796387, 12.954954147338867, 26.067686080932617, 72.89894104003906, 69.6199722290039, 10.065462112426758, 8.820347785949707, 133.1195068359375, 12.68356990814209, 10.1693696975708, 111.06670379638672, 11.085675239562988, 171.82997131347656, 6.9876227378845215, 158.7592315673828, 7.500036716461182, 7.126214504241943, 28.098064422607422, 8.278585433959961, 42.74378967285156, 159.3502197265625, 154.96493530273438, 34.34343719482422, 78.46227264404297, 172.03477478027344, 186.269287109375, 155.3839111328125, 117.84757232666016, 220.8621063232422, 9.261831283569336, 10.663768768310547, 8.45450210571289, 122.08802032470703, 15.081244468688965, 46.32941436767578, 72.02786254882812, 13.302264213562012, 51.59846878051758, 133.17303466796875, 64.88417053222656, 114.0159683227539, 46.26370620727539, 7.459005832672119, 30.597537994384766, 50.09629821777344, 30.349822998046875, 9.107430458068848, 9.926813125610352, 38.19783020019531, 77.22823333740234, 17.214191436767578, 87.91508483886719, 206.2693328857422, 12.526464462280273, 20.092979431152344, 76.32620239257812, 11.716914176940918, 156.67185974121094, 68.55985260009766, 116.98445129394531, 44.304927825927734, 116.2619400024414, 208.9320068359375, 107.45702362060547, 96.40775299072266, 15.405607223510742, 81.96006774902344, 173.76441955566406, 13.813531875610352, 65.99209594726562, 123.4477310180664, 111.69593811035156, 11.884759902954102, 202.1988525390625, 104.57288360595703, 11.778034210205078, 8.276201248168945, 95.5292739868164, 16.695066452026367, 9.7183837890625, 34.59317398071289, 132.8364715576172, 52.3022346496582, 13.224655151367188, 166.25059509277344, 104.61273956298828, 137.02737426757812, 83.35662078857422, 188.67874145507812, 12.299705505371094, 79.34526062011719, 137.35580444335938, 11.916230201721191, 123.85530853271484, 8.948094367980957, 134.6372528076172, 67.3006820678711, 7.881989002227783, 103.23277282714844, 9.693561553955078, 8.101964950561523, 115.1683120727539, 96.24341583251953, 12.84874439239502, 48.48292922973633, 10.392327308654785, 22.740890502929688, 20.38088607788086, 110.91302490234375, 10.62601375579834, 109.1629638671875, 12.199762344360352, 8.96613597869873, 148.8699188232422, 168.74331665039062, 67.17334747314453, 23.03470802307129, 54.54143524169922, 224.4652099609375, 14.868592262268066, 14.276991844177246, 9.332082748413086, 150.40879821777344, 6.985785007476807, 151.13185119628906, 66.0647964477539, 16.971942901611328, 89.12579345703125, 153.95590209960938, 50.60785675048828, 57.258975982666016, 86.03656768798828, 8.212738037109375, 189.2730712890625, 7.767226696014404, 16.634431838989258, 7.691656112670898, 58.579673767089844, 8.693446159362793, 131.70803833007812, 138.8123779296875, 172.39161682128906, 97.96976470947266, 8.017119407653809, 8.336944580078125, 6.404965877532959, 65.94437408447266, 73.71211242675781, 53.1678581237793, 8.802618026733398, 170.45204162597656, 44.268131256103516, 8.869307518005371, 9.056960105895996, 66.43646240234375, 56.01987838745117, 9.490159034729004, 14.738127708435059, 114.95377349853516, 54.006587982177734, 8.634645462036133, 7.101071834564209, 11.868988990783691, 154.71688842773438, 125.07376098632812, 116.90593719482422, 74.07929229736328, 8.407583236694336, 54.997169494628906, 110.53201293945312, 125.75497436523438, 113.9264907836914, 41.873992919921875, 11.913268089294434, 10.333282470703125, 10.027146339416504, 82.21659851074219, 17.610795974731445, 91.0443344116211, 161.19668579101562, 10.696131706237793, 129.56471252441406, 141.9827423095703, 9.584480285644531, 19.527297973632812, 176.2020263671875, 6.768824577331543, 154.1623077392578, 103.6019287109375, 131.147216796875, 45.1914176940918, 119.98512268066406, 7.968811511993408, 165.710205078125, 69.96383666992188, 15.169170379638672, 12.814842224121094, 7.668539047241211, 12.022977828979492, 117.35472869873047, 9.076483726501465, 9.074045181274414, 170.71304321289062, 18.230266571044922, 162.68856811523438, 8.726839065551758, 14.991076469421387, 7.900589942932129, 102.8333740234375, 93.13014221191406, 134.6475067138672, 9.695868492126465, 8.9586181640625, 148.10186767578125, 151.54061889648438, 9.726327896118164, 10.452532768249512, 7.086564540863037, 119.70460510253906, 11.293935775756836, 5.760548114776611, 156.52366638183594, 100.71690368652344, 174.95176696777344, 9.852059364318848, 6.519486427307129, 4.564675807952881, 77.27996063232422, 132.9661102294922, 8.592808723449707, 12.328936576843262, 9.702225685119629, 208.99440002441406, 7.683829307556152, 176.1519317626953, 111.93502044677734, 203.4466094970703, 11.84862232208252, 11.186470985412598, 11.883805274963379, 15.928215026855469, 8.299920082092285, 10.456623077392578, 10.221345901489258, 134.0209503173828, 107.44966888427734, 7.178852558135986, 63.493377685546875, 131.0519561767578, 7.331602096557617, 11.732532501220703, 7.5352983474731445, 49.895992279052734, 7.083075523376465, 29.49968147277832, 164.4789276123047, 210.87991333007812, 8.869312286376953, 11.554430961608887, 8.848910331726074, 10.552605628967285, 36.06936264038086, 57.64421844482422, 10.798407554626465, 8.724820137023926, 77.04202270507812, 145.32005310058594, 9.04488754272461, 126.84153747558594, 29.17913246154785, 139.95018005371094, 117.0244369506836, 57.30489730834961, 144.8627166748047, 10.93952751159668, 9.892714500427246, 112.19501495361328, 168.13717651367188, 113.24565124511719, 79.92024230957031, 9.576634407043457, 42.132476806640625, 6.371738433837891, 11.187395095825195, 160.79733276367188, 15.019614219665527, 134.37208557128906, 89.86780548095703, 127.52540588378906, 103.65166473388672, 198.2697296142578, 60.55540084838867, 136.0217742919922, 32.92914962768555, 8.190417289733887, 8.399709701538086, 14.574284553527832, 14.054841041564941, 31.242353439331055, 154.35845947265625, 98.63711547851562, 100.03047180175781, 120.56838989257812, 10.363629341125488, 138.52674865722656, 153.6824188232422, 8.980477333068848, 10.713241577148438, 8.371108055114746, 32.1805534362793, 11.663055419921875, 46.48833084106445, 8.733956336975098, 116.90441131591797, 9.515789031982422, 16.966161727905273, 48.764644622802734, 62.824825286865234, 9.833609580993652, 72.59577941894531, 108.46691131591797, 159.2664031982422, 90.49844360351562, 180.32774353027344, 121.50532531738281, 8.015037536621094, 15.710705757141113, 84.44140625, 91.96717071533203, 8.4324312210083, 9.769234657287598, 172.28651428222656, 147.5164794921875, 8.461687088012695, 169.0108642578125, 8.061090469360352, 180.21279907226562, 9.132383346557617, 6.436379432678223, 8.375091552734375, 70.7979507446289, 10.037755012512207, 138.96702575683594, 212.60751342773438, 177.27725219726562, 151.37498474121094, 8.288357734680176, 95.24964141845703, 9.147526741027832, 78.64196014404297, 12.568236351013184, 13.216018676757812, 145.24630737304688, 100.85316467285156, 139.7273712158203, 9.972089767456055, 19.502756118774414, 160.6904296875, 163.5642547607422, 118.01004028320312, 170.0757598876953, 86.8667221069336, 146.3817901611328, 104.48042297363281, 182.73194885253906, 8.987141609191895, 14.698775291442871, 83.32666778564453, 158.1171875, 219.3296661376953, 183.38821411132812, 190.1369171142578, 63.243812561035156, 139.02659606933594, 60.94233703613281, 11.6043119430542, 9.061836242675781, 9.287578582763672, 8.144564628601074, 97.67437744140625, 49.24087905883789, 11.416156768798828, 45.08890151977539, 20.981515884399414, 57.19679641723633, 63.06840133666992, 10.619112968444824, 141.20127868652344, 30.283889770507812, 56.118343353271484, 121.73672485351562, 54.66130065917969, 11.044836044311523, 111.30563354492188, 12.742354393005371, 80.18325805664062, 9.119930267333984, 64.24658203125, 125.95169067382812, 9.437129974365234, 6.5440449714660645, 107.704345703125, 193.16256713867188, 54.932037353515625, 5.901863098144531, 60.8466682434082, 7.410261154174805, 158.54904174804688, 10.908616065979004, 105.08122253417969, 175.3616485595703, 145.60899353027344, 81.16327667236328, 36.17315673828125, 103.56034088134766, 118.26746368408203, 166.96038818359375, 9.544951438903809, 188.74098205566406, 154.41653442382812, 7.7110724449157715, 17.834331512451172, 11.873154640197754, 128.2845916748047, 98.65316009521484, 34.93514633178711, 11.293356895446777, 12.223360061645508, 29.778057098388672, 6.8810601234436035, 12.609209060668945, 9.406161308288574, 11.49828815460205, 152.0337677001953, 154.46290588378906, 11.188279151916504, 153.10733032226562, 143.13365173339844, 101.81398010253906, 11.23304557800293, 145.09825134277344, 10.881227493286133, 17.997783660888672, 11.234177589416504, 83.37922668457031, 12.342253684997559, 11.268061637878418, 6.852428436279297, 8.958307266235352, 11.702479362487793, 8.662254333496094, 12.875760078430176, 10.044692039489746, 9.63503646850586, 59.913551330566406, 176.40176391601562, 7.592808723449707, 10.982207298278809, 30.19676971435547, 7.324268341064453, 11.226699829101562, 44.12925338745117, 120.26905059814453, 79.55715942382812, 12.870339393615723, 90.53856658935547, 79.64611053466797, 176.2407989501953, 220.92803955078125, 12.035371780395508, 135.23403930664062, 84.0389633178711, 140.90968322753906, 72.3094482421875, 15.327482223510742, 42.132057189941406, 9.60682201385498, 23.1041259765625, 12.308768272399902, 10.435606002807617, 144.24009704589844, 8.985979080200195, 17.969860076904297, 38.2381477355957, 33.44335174560547, 121.23201751708984, 87.47897338867188, 65.3157958984375, 10.021698951721191, 9.303306579589844, 7.113185405731201, 10.102688789367676, 145.6555633544922, 94.39566802978516, 11.86803150177002, 11.295540809631348, 31.942014694213867, 146.6012420654297, 120.22102355957031, 90.41801452636719, 7.654750347137451, 97.94640350341797, 9.803704261779785, 16.35618782043457, 32.081382751464844, 60.066551208496094, 35.36302185058594, 13.752801895141602, 191.4337921142578, 13.44351863861084, 12.059444427490234, 14.087607383728027, 45.45226287841797, 7.2661967277526855, 78.91657257080078, 10.618093490600586, 8.70350456237793, 16.02275276184082, 92.12498474121094, 28.609420776367188, 141.57273864746094, 13.585329055786133, 96.62153625488281, 21.58255958557129, 60.970977783203125, 60.08595275878906, 179.64820861816406, 118.28643798828125, 22.022472381591797, 142.4055633544922, 9.910789489746094, 94.98502349853516, 119.72164916992188, 171.619873046875, 10.96410083770752, 13.149910926818848, 157.6835479736328, 75.57837677001953, 12.977486610412598, 8.976982116699219, 25.94598960876465, 11.2379150390625, 100.23529815673828, 9.514445304870605, 9.803385734558105, 164.0555419921875, 5.611343860626221, 13.27625560760498, 30.350818634033203, 47.33233642578125, 9.872185707092285, 167.49850463867188, 8.085094451904297, 150.64988708496094, 100.76144409179688, 39.74673080444336, 214.20570373535156, 8.396458625793457, 116.85383605957031, 129.1861572265625, 131.92503356933594, 151.20802307128906, 107.5711898803711, 10.165104866027832, 71.25223541259766, 125.40160369873047, 19.692283630371094, 35.77292251586914, 149.97503662109375, 161.52699279785156, 124.27290344238281, 102.42321014404297, 35.972076416015625, 12.162345886230469, 7.688828468322754, 9.137236595153809, 78.59904479980469, 8.840288162231445, 8.889115333557129, 9.588125228881836, 10.350539207458496, 14.951676368713379, 65.58226013183594, 11.43264102935791, 13.313241004943848, 130.0574951171875, 151.8603973388672, 148.4178009033203, 9.986562728881836, 135.41529846191406, 100.8398666381836, 105.58139038085938, 14.186668395996094, 163.2189178466797, 147.12457275390625, 11.10097599029541, 94.16960906982422, 8.955123901367188, 16.88724708557129, 11.081714630126953, 13.106992721557617, 10.880701065063477, 31.52169418334961, 11.85583782196045, 141.4346466064453, 15.681876182556152, 105.1140365600586, 18.352060317993164, 133.1665496826172, 117.16838073730469, 45.850181579589844, 6.989812850952148, 163.9554443359375, 85.46957397460938, 69.76581573486328, 16.111129760742188, 110.84649658203125, 8.201820373535156, 9.8899507522583, 110.00952911376953, 9.562397003173828, 70.00643157958984, 184.58729553222656, 13.667974472045898, 8.722233772277832, 7.896586894989014, 16.834985733032227, 7.50034761428833, 89.01718139648438, 8.285689353942871, 162.0899200439453, 70.57536315917969, 8.134281158447266, 150.0591278076172, 9.432046890258789, 10.765440940856934, 8.049883842468262, 57.036834716796875, 111.35680389404297, 168.77487182617188, 22.465103149414062, 165.77572631835938, 122.25370788574219, 5.379479885101318, 48.86178207397461, 84.35493469238281, 136.96197509765625, 5.863536357879639, 66.78594207763672, 58.945655822753906, 9.638731002807617, 154.31008911132812, 58.42037582397461, 114.80216217041016, 189.587890625, 80.38219451904297, 7.339576244354248, 9.126350402832031, 57.18613052368164, 81.40746307373047, 13.991714477539062, 102.0340347290039, 107.13282775878906, 39.78042221069336, 31.93966293334961, 171.3126983642578, 8.534111022949219, 88.79795837402344, 77.9919662475586, 8.129247665405273, 128.28097534179688, 6.5495123863220215, 149.99244689941406, 12.762937545776367, 86.06421661376953, 193.20462036132812, 10.878589630126953, 8.264660835266113, 9.316038131713867, 132.2461700439453, 85.37466430664062, 7.185950756072998, 9.492692947387695, 73.4613037109375, 11.95447826385498, 7.494792461395264, 94.330078125, 7.37453031539917, 5.316483497619629, 157.4613037109375, 48.102176666259766, 69.53508758544922, 59.01572036743164, 119.77254486083984, 160.46444702148438, 15.059429168701172, 17.614280700683594, 95.89083099365234, 112.9842529296875, 7.493205547332764, 11.030054092407227, 46.34923553466797, 54.94350051879883, 78.83313751220703, 24.420875549316406, 109.07093811035156, 25.8292293548584, 37.896461486816406, 8.514700889587402, 113.28824615478516, 100.26041412353516, 123.26911163330078, 10.071738243103027, 62.83589553833008, 52.233848571777344, 16.68560218811035, 7.26079797744751, 11.520574569702148, 10.414188385009766, 16.617963790893555, 148.12149047851562, 115.17037963867188, 8.95742130279541, 57.060157775878906, 13.169445991516113, 14.867597579956055, 179.82638549804688, 11.100064277648926, 80.5947036743164, 60.21738052368164, 8.06941032409668, 145.7657470703125, 78.03600311279297, 15.909704208374023, 7.4633564949035645, 8.893424034118652, 85.08344268798828, 103.06987762451172, 5.524588584899902, 12.522936820983887, 66.63317108154297, 56.439414978027344, 6.521759986877441, 11.575265884399414, 7.397095680236816, 117.7396240234375, 135.7569580078125, 6.023342132568359, 172.34214782714844, 10.440154075622559, 155.53549194335938, 125.01058197021484, 101.64450073242188, 15.507806777954102, 11.405953407287598, 13.675312995910645, 11.46961784362793, 35.63486862182617, 61.425174713134766, 4.925918102264404, 139.92149353027344, 106.37411499023438, 22.292829513549805, 8.26914119720459, 88.16149139404297, 150.1778106689453, 9.34294319152832, 167.60751342773438, 153.28660583496094, 54.52955627441406, 81.34441375732422, 163.02566528320312, 18.978607177734375, 144.13389587402344, 117.26878356933594, 171.0596923828125, 88.58175659179688, 80.69705963134766, 176.41021728515625, 23.227153778076172, 10.758454322814941, 11.03731632232666, 12.144767761230469, 81.3071517944336, 169.06019592285156, 59.14488220214844, 76.76262664794922, 118.3933334350586, 139.3932342529297, 10.420296669006348, 7.02378511428833, 165.10435485839844, 111.30529022216797, 10.437792778015137, 65.67430877685547, 8.914422035217285, 10.463077545166016, 9.92103385925293, 9.8365478515625, 8.95648193359375, 12.190374374389648, 11.640727043151855, 129.3864288330078, 17.97774314880371, 9.257213592529297, 124.85330963134766, 11.114578247070312, 105.43724822998047, 110.23394012451172, 135.91152954101562, 144.12002563476562, 110.88770294189453, 13.851943969726562, 42.646697998046875, 136.0908203125, 195.82029724121094, 106.17084503173828, 150.9829559326172, 125.02705383300781, 119.01700592041016, 46.41618347167969, 7.5146684646606445, 15.010138511657715, 51.669979095458984, 11.766276359558105, 111.41545867919922, 75.103759765625, 16.006916046142578, 178.41598510742188, 51.10607147216797, 16.145193099975586, 12.038032531738281, 136.0791473388672, 8.784575462341309, 141.96435546875, 8.026095390319824, 7.255453109741211, 8.967135429382324, 9.558040618896484, 17.91806411743164, 12.683555603027344, 8.671767234802246, 112.06919860839844, 141.1313018798828, 12.933338165283203, 86.71510314941406, 11.495233535766602, 70.53040313720703, 12.097729682922363, 18.570716857910156, 130.55050659179688, 13.357033729553223, 11.309632301330566, 131.03726196289062, 9.429206848144531, 10.604757308959961, 12.167532920837402, 11.69025707244873, 39.16764450073242, 12.77705192565918, 167.27976989746094, 8.545585632324219, 119.89404296875, 12.202361106872559, 12.615291595458984, 162.1259765625, 15.242034912109375, 159.08778381347656, 80.00326538085938, 6.857079029083252, 6.767291069030762, 149.92929077148438, 137.50157165527344, 135.48289489746094, 129.1314697265625, 9.654433250427246, 21.121763229370117, 63.103824615478516, 13.553014755249023, 99.33057403564453, 5.447446823120117, 43.02259826660156, 7.896178245544434, 10.560198783874512, 6.278384208679199, 93.89956665039062, 98.05035400390625, 7.1766037940979, 71.3171157836914, 71.38191986083984, 44.38215255737305, 6.391272068023682, 9.835000991821289, 14.306365013122559, 6.537359237670898, 133.04737854003906, 27.377458572387695, 177.11941528320312, 16.08773422241211, 109.11734008789062, 122.94771575927734, 172.43373107910156, 11.277414321899414, 130.7397003173828, 100.64105987548828, 6.37265682220459, 168.83267211914062, 12.45261001586914, 116.38359832763672, 153.79052734375, 86.30504608154297, 23.869016647338867, 13.335541725158691, 110.27176666259766, 80.20911407470703, 14.635673522949219, 182.93763732910156, 122.11512756347656, 125.52945709228516, 67.80065155029297, 34.29057693481445, 11.1570463180542, 28.966854095458984, 11.813943862915039, 13.391654014587402, 100.69381713867188, 10.29395866394043, 14.884493827819824, 149.2093048095703, 113.37741088867188, 57.45585250854492, 43.09274673461914, 80.92388153076172, 129.36476135253906, 17.00441551208496, 54.39451217651367, 54.901153564453125, 9.499643325805664, 12.309184074401855, 11.518671989440918, 51.249237060546875, 7.385087490081787, 127.46451568603516, 126.11083984375, 80.67141723632812, 133.78062438964844, 90.25841522216797, 80.1429672241211, 10.235737800598145, 97.52392578125, 107.67833709716797, 94.59551239013672, 84.87149047851562, 11.88058853149414, 7.52379846572876, 15.960126876831055, 10.212424278259277, 7.378183841705322, 53.58321762084961, 107.5899429321289, 9.501744270324707, 5.724513530731201, 94.71049499511719, 29.11515998840332, 14.135234832763672, 11.876769065856934, 121.03865051269531, 10.248252868652344, 6.644383907318115, 174.42349243164062, 117.12762451171875, 41.708499908447266, 65.58599853515625, 90.2840805053711, 12.560259819030762, 63.515869140625, 82.20494842529297, 6.225070953369141, 8.476190567016602, 100.9146957397461, 115.60126495361328, 54.6561164855957, 12.204766273498535, 57.87691879272461, 78.74681854248047, 10.388504981994629, 139.9346923828125, 9.340635299682617, 11.118165016174316, 137.07086181640625, 7.715795516967773, 139.69969177246094, 11.373645782470703, 139.9429168701172, 11.003409385681152, 80.92695617675781, 9.9490966796875, 71.40457916259766, 154.2947235107422, 11.890480041503906, 14.605154037475586, 9.02063274383545, 117.05207824707031, 10.949394226074219, 86.02275848388672, 104.07368469238281, 59.68324279785156, 45.015899658203125, 8.733647346496582, 110.01988220214844, 11.047455787658691, 7.857366561889648, 136.7847137451172, 161.68185424804688, 9.817863464355469, 11.908182144165039, 161.51919555664062, 196.491943359375, 104.60521697998047, 8.770689964294434, 6.485419750213623, 16.162561416625977, 17.71434211730957, 169.31985473632812, 59.02095413208008, 12.22833251953125, 124.13581848144531, 127.19287872314453, 64.00460052490234, 20.663766860961914, 11.714347839355469, 9.690399169921875, 9.907553672790527, 32.17606735229492, 33.212581634521484, 36.76162338256836, 11.96151065826416, 7.397402763366699, 6.7184014320373535, 22.313268661499023, 54.650108337402344, 10.749808311462402, 185.30877685546875, 11.977655410766602, 113.84226989746094, 174.31109619140625, 165.82078552246094, 10.561707496643066, 9.690176963806152, 8.281556129455566, 145.11972045898438, 167.27296447753906, 33.709686279296875, 12.822427749633789, 130.00315856933594, 13.263014793395996, 9.166818618774414, 172.2747802734375, 189.112548828125, 141.18524169921875, 9.688324928283691, 7.546032905578613, 10.684678077697754, 70.47532653808594, 119.47721862792969, 16.80462646484375, 10.806702613830566, 145.5474090576172, 164.14186096191406, 10.613889694213867, 9.361654281616211, 94.3419189453125, 7.083815574645996, 5.897793769836426, 9.587203025817871, 146.23648071289062, 113.38965606689453, 9.67777156829834, 6.488250732421875, 6.969223976135254, 101.79483795166016, 12.443334579467773, 115.49494171142578, 10.838628768920898, 11.250073432922363, 140.29647827148438, 10.05384635925293, 135.67474365234375, 39.45140075683594, 192.1943817138672, 112.18977355957031, 72.72737121582031, 9.51150131225586, 89.65188598632812, 155.10826110839844, 10.79614543914795, 68.65740966796875, 19.527992248535156]
Cosines similarity random samples
[0.29961585998535156, 0.006022989749908447, -0.3061477541923523, -0.45429736375808716, 0.21332895755767822, -0.08746448904275894, 0.6436840295791626, -0.2186727523803711, -0.09874584525823593, 0.8030411005020142, -0.3690999746322632, 0.14716362953186035, -0.897282600402832, -0.2143765687942505, 0.34230169653892517, -0.3589368164539337, 0.07491719722747803, -0.16775938868522644, 0.5992946624755859, -0.32041823863983154, 0.5392236709594727, -0.10196712613105774, 0.3778344392776489, -0.2775256633758545, 0.6335160732269287, 0.44510477781295776, 0.4427992105484009, 0.11235624551773071, 0.2603468894958496, 0.17035216093063354, 0.3017726540565491, 0.6468280553817749, -0.3979809880256653, 0.35095852613449097, 0.502224326133728, 0.06369143724441528, -0.25782597064971924, 0.2864401340484619, -0.4695686101913452, -0.05765320733189583, 0.05860066041350365, 0.19424521923065186, -0.5870707035064697, -0.055934421718120575, -0.28133246302604675, -0.04414623975753784, 0.694404125213623, 0.5123119354248047, -0.2737284302711487, -0.5903133153915405, -0.6238136291503906, -0.15605629980564117, -0.8018635511398315, 0.12371307611465454, 0.5822533965110779, -0.1492633819580078, -0.5372445583343506, 0.5410035848617554, 0.7550735473632812, 0.3649659752845764, 0.8380342721939087, 0.6129419207572937, 0.6458566784858704, 0.14236396551132202, -0.27719807624816895, 0.28904616832733154, 0.14890700578689575, -0.15681447088718414, 0.2109028697013855, -0.21415796875953674, 0.2267087697982788, -0.7920902967453003, 0.35232555866241455, 0.5528767108917236, -0.8668408393859863, 0.42981207370758057, 0.32514744997024536, 0.1404905617237091, 0.10956592112779617, 0.37175506353378296, 0.7806648015975952, 0.3121163547039032, -0.2426600158214569, -0.5667240619659424, 0.38511356711387634, 0.5794963240623474, 0.8778634071350098, 0.28045129776000977, 0.2346498668193817, 0.07247786223888397, -0.33420032262802124, -0.1898396611213684, 0.15703178942203522, 0.04741789400577545, 0.495473712682724, -0.41458022594451904, -0.19299283623695374, -0.2612578868865967, 0.7654262781143188, 0.3807796835899353, 0.846060037612915, -0.07593028247356415, -0.28378406167030334, 0.7775255441665649, 0.8238879442214966, -0.053760264068841934, 0.38843944668769836, 0.47890639305114746, 0.45995235443115234, 0.4844437837600708, -0.043248116970062256, -0.1714751273393631, -0.7487271428108215, -0.2625834047794342, 0.6814444065093994, 0.34357312321662903, -0.6550913453102112, 0.7023292779922485, 0.16893912851810455, 0.055190909653902054, 0.774833083152771, 0.44466492533683777, 0.1255294382572174, 0.7024990916252136, -0.7199352979660034, -0.24326834082603455, 0.2928921580314636, 0.6085829734802246, 0.6219459772109985, 0.7004626989364624, -0.09732703864574432, -0.024461820721626282, -0.45570531487464905, -0.1068836897611618, -0.6981560587882996, -0.7917279005050659, -0.8965030312538147, 0.7641268372535706, -0.0812377780675888, -0.15831951797008514, -0.23952999711036682, -0.344149649143219, -0.799687385559082, -0.34967920184135437, 0.13869082927703857, 0.362038254737854, -0.7265369892120361, 0.14901888370513916, -0.8044648766517639, -0.02374257892370224, -0.65482497215271, 0.567020058631897, 0.5759053826332092, 0.21646711230278015, 0.48143672943115234, 0.6459915637969971, -0.802440881729126, -0.4663733243942261, 0.7462510466575623, 0.11184240877628326, -0.04025731235742569, -0.5484766960144043, 0.08652765303850174, -0.5245952606201172, -0.14571109414100647, 0.2988187074661255, 0.5728555917739868, 0.8681755065917969, -0.21322743594646454, -0.3683363199234009, 0.6290220618247986, -0.7874184250831604, -0.764991044998169, -0.816714882850647, -0.36362409591674805, -0.4865075945854187, -0.6503103375434875, 0.8110648393630981, 0.11278258264064789, -0.49289005994796753, -0.2453860640525818, -0.8376507759094238, 0.8740128874778748, -0.21079879999160767, -0.5058587193489075, 0.3990445137023926, 0.7880074977874756, 0.807915210723877, -0.448076069355011, -0.7777760624885559, 0.20579512417316437, 0.6492271423339844, -0.19397211074829102, 0.714783251285553, 0.33422747254371643, -0.43325239419937134, -0.3320327401161194, -0.26245132088661194, -0.6814959645271301, 0.6340416669845581, -0.775760293006897, 0.44192731380462646, -0.8133323192596436, 0.2531067430973053, 0.36877450346946716, -0.5572041869163513, 0.4045892357826233, 0.27450481057167053, -0.6282001733779907, 0.4370277523994446, 0.2962624430656433, 0.23603050410747528, -0.6594702005386353, 0.8587544560432434, -0.36476388573646545, 0.19235703349113464, 0.8830457925796509, -0.6884662508964539, 0.19705435633659363, 0.6835092306137085, -0.7269307374954224, -0.07761824131011963, 0.3351530134677887, 0.03575070947408676, 0.457771360874176, -0.5984023213386536, 0.11822547018527985, -0.6320347785949707, 0.3551437258720398, -0.701499342918396, 0.5898047685623169, 0.8021137714385986, 0.8395255208015442, -0.009355895221233368, -0.894339382648468, 0.8049455285072327, 0.19043231010437012, -0.2502109706401825, 0.6524503231048584, 0.6082572340965271, 0.5301309823989868, -0.5107036232948303, 0.8909438252449036, -0.5319594740867615, 0.3589824140071869, -0.4416005611419678, 0.5394929647445679, -0.4236893653869629, -0.6441877484321594, -0.09142409265041351, 0.7437857389450073, 0.5367770195007324, -0.3990021347999573, -0.8656107783317566, -0.41023439168930054, -0.17504964768886566, -0.4234679341316223, -0.18871909379959106, 0.3091973066329956, 0.05555451661348343, -0.12703758478164673, 0.8641963005065918, -0.5761946439743042, 0.04345586895942688, -0.5749105215072632, 0.2765859365463257, 0.7146508097648621, 0.7062816619873047, -0.4820372462272644, 0.5632091760635376, -0.5884405374526978, 0.13009922206401825, -0.7380199432373047, -0.2560509741306305, 0.46150821447372437, -0.2778889536857605, 0.3204987645149231, -0.338530957698822, 0.06475096940994263, 0.39087164402008057, 0.23338636755943298, 0.37055647373199463, 0.12410252541303635, -0.835664689540863, -0.7749510407447815, 0.7448808550834656, 0.14142130315303802, -0.8789241909980774, -0.8265098929405212, 0.6313804984092712, -0.27115100622177124, -0.3372242748737335, 0.7000374794006348, -0.3479869067668915, 0.8253819942474365, 0.22680306434631348, -0.17239423096179962, 0.3239668309688568, -0.3790472149848938, 0.017661720514297485, 0.040106385946273804, -0.3984469771385193, 0.801569938659668, -0.06587141752243042, 0.4957922697067261, -0.1535131186246872, 0.1035822406411171, -0.016061484813690186, 0.683654248714447, 0.261884868144989, -0.20247232913970947, -0.40975356101989746, -0.3726651668548584, 0.22711975872516632, 0.41672953963279724, -0.09581753611564636, -0.5030394792556763, 0.1315975785255432, 0.2951972782611847, -0.6415331363677979, 0.1423180103302002, -0.7135898470878601, -0.8371620178222656, -0.22754062712192535, 0.5458475351333618, 0.5951240062713623, 0.14089246094226837, 0.5991915464401245, -0.8996759057044983, -0.1545637547969818, 0.12418542057275772, 0.008220365270972252, -0.7385025024414062, -0.37100785970687866, 0.5369709730148315, -0.40299639105796814, -0.9038872122764587, 0.5046785473823547, 0.4271945357322693, -0.5342007279396057, 0.11349185556173325, 0.5548496246337891, -0.8538979291915894, -0.5860888361930847, -0.06444858014583588, -0.26502037048339844, 0.4180082380771637, -0.32046234607696533, 0.47915521264076233, -0.2987012267112732, 0.37401944398880005, 0.02082853764295578, -0.6909936666488647, 0.1971098929643631, 0.6367572546005249, 0.33905744552612305, -0.8025833964347839, -0.5259149074554443, 0.09137596189975739, 0.8928900957107544, -0.10247573256492615, 0.4997331202030182, -0.16755396127700806, -0.138113334774971, 0.14820639789104462, -0.17346122860908508, -0.5503305196762085, 0.5089753866195679, -0.3937518000602722, -0.18745820224285126, 0.5510375499725342, -0.41896170377731323, 0.8347638249397278, 0.7529613971710205, 0.4292295575141907, -0.22344273328781128, 0.5981025695800781, 0.6882435083389282, 0.20419162511825562, 0.31278133392333984, -0.9096468687057495, -0.12126248329877853, 0.6345758438110352, 0.41448575258255005, 0.5561856031417847, 0.7700437307357788, 0.3129127025604248, 0.1532743126153946, -0.6857727766036987, 0.42363542318344116, 0.20528271794319153, 0.3333440124988556, 0.4779377281665802, -0.3112298846244812, -0.44127359986305237, -0.6642563939094543, -0.19913837313652039, 0.2803233563899994, 0.38003915548324585, 0.3593721389770508, 0.4892449378967285, -0.10439784079790115, -0.09041130542755127, -0.018475614488124847, -0.2715340852737427, -0.3510872721672058, 0.5993778109550476, 0.29166311025619507, 0.5019928812980652, -0.5491055250167847, -0.06919065117835999, 0.5974085330963135, -0.040988385677337646, -0.7463276386260986, -0.06250622868537903, 0.043727315962314606, 0.11781828105449677, 0.6946771144866943, -0.17839714884757996, -0.41729965806007385, -0.20997509360313416, 0.7927126288414001, -0.16338661313056946, 0.4390164315700531, -0.3121333718299866, 0.5424807071685791, -0.06131085008382797, -0.42274415493011475, -0.5712567567825317, 0.514934778213501, 0.2760326862335205, -0.14659544825553894, -0.8495041131973267, -0.24295634031295776, 0.04827049374580383, -0.045366428792476654, 0.8879572153091431, 0.19169537723064423, 0.5406132936477661, -0.08239871263504028, -0.7748541235923767, -0.09452808648347855, 0.40819403529167175, 0.3253358006477356, 0.7081131935119629, -0.20471227169036865, 0.02897690236568451, -0.1850462555885315, 0.5964630246162415, 0.3693554401397705, 0.4040006399154663, 0.3748045563697815, 0.4046655595302582, 0.47608426213264465, 0.1399427205324173, -0.25620025396347046, 0.22775036096572876, -0.484876811504364, -0.2673684060573578, 0.15931758284568787, 0.6208264827728271, -0.32119032740592957, -0.04947325587272644, 0.6914158463478088, -0.7143106460571289, 0.4723084270954132, -0.790034294128418, -0.028158526867628098, 0.4796247184276581, 0.8901740908622742, -0.3659936189651489, -0.8043515682220459, 0.33651840686798096, 0.3026638627052307, 0.6032153367996216, 0.07928641885519028, -0.07940571755170822, 0.11752327531576157, 0.49670207500457764, -0.28812074661254883, 0.6235126256942749, 0.1997353434562683, 0.05422178655862808, -0.610394299030304, -0.5390995144844055, -0.054933175444602966, 0.3414170742034912, 0.5229030251502991, 0.4996790885925293, 0.26220548152923584, -0.3890904486179352, -0.2747022211551666, 0.06433054059743881, -0.4436635375022888, -0.802240252494812, -0.13181187212467194, 0.3969629108905792, 0.571690559387207, -0.25546956062316895, -0.020029325038194656, -0.34563615918159485, 0.5136030912399292, 0.09895813465118408, -0.17593641579151154, -0.07075326889753342, 0.34373950958251953, -0.30873191356658936, 0.398007869720459, 0.7677505016326904, 0.5600343942642212, -0.3580445349216461, -0.40896058082580566, -0.3670750558376312, -0.2523566484451294, -0.4071774482727051, 0.629180908203125, -0.049807026982307434, -0.5408127307891846, 0.8728460669517517, -0.1812383234500885, 0.02670740894973278, -0.8049765825271606, 0.7076690793037415, 0.4924051761627197, 0.44722694158554077, 0.550944447517395, -0.31281155347824097, 0.8425641059875488, -0.0009429492056369781, 0.7854982614517212, -0.4410052001476288, 0.17545871436595917, 0.000479966402053833, -0.3381883502006531, -0.843626856803894, 0.7402665615081787, 0.11889487504959106, 0.4193233251571655, -0.15073159337043762, 0.21628350019454956, 0.6156443357467651, 0.726557731628418, -0.3919028639793396, 0.5191893577575684, -0.2525394558906555, -0.759690523147583, 0.8085169196128845, -0.876754641532898, -0.592201292514801, 0.690459132194519, -0.3724057078361511, 0.34978070855140686, 0.31112056970596313, -0.8507967591285706, 0.8828107118606567, 0.6244052052497864, 0.5882333517074585, -0.08392789214849472, 0.5630970597267151, -0.7591255903244019, 0.1161729097366333, 0.1955011487007141, 0.20306828618049622, 0.4140099883079529, -0.4760434925556183, 0.46120011806488037, -0.5609356164932251, 0.44159913063049316, 0.5394893884658813, -0.29493847489356995, -0.7920037508010864, 0.45801103115081787, -0.5879459381103516, -0.8090111017227173, 0.48231327533721924, -0.03128151595592499, -0.31196364760398865, 0.3358941078186035, -0.08869476616382599, -0.03585623949766159, -0.1456194818019867, 0.5992118716239929, 0.3563425540924072, 0.31472083926200867, -0.24889183044433594, -0.10903386771678925, 0.1127510815858841, -0.5783512592315674, 0.1960439682006836, 0.32336604595184326, 0.5979880094528198, -0.045594602823257446, -0.06520139425992966, -0.5366902351379395, 0.4401637613773346, -0.6418489217758179, 0.06188930198550224, 0.23547805845737457, -0.2980975806713104, 0.6833941340446472, 0.47629687190055847, 0.7429286241531372, -0.23882755637168884, 0.23327456414699554, -0.09720689058303833, -0.22210025787353516, 0.19908539950847626, 0.21495258808135986, 0.6326712965965271, -0.3038577735424042, 0.3480130732059479, 0.3767717182636261, -0.7434161901473999, 0.7122644186019897, 0.35170483589172363, -0.3680916130542755, 0.10894860327243805, -0.139714777469635, 0.5236220359802246, 0.15359017252922058, 0.11533088982105255, -0.12129934132099152, 0.27412644028663635, 0.34326988458633423, -0.7145556211471558, -0.0674968734383583, -0.2980125844478607, -0.9068597555160522, 0.6005816459655762, -0.7491466999053955, 0.5772274732589722, -0.4974709451198578, -0.11861385405063629, -0.01092253252863884, 0.36477139592170715, -0.38716912269592285, 0.015644259750843048, -0.40742027759552, -0.43001264333724976, 0.544584333896637, -0.7967573404312134, 0.8910454511642456, 0.09657742083072662, -0.226186141371727, -0.15507872402668, -0.3843309283256531, -0.420229434967041, -0.29999518394470215, 0.325503408908844, 0.41674327850341797, 0.5017011165618896, -0.9074511528015137, 0.2123057097196579, -0.15994876623153687, 0.07958906143903732, 0.06740998476743698, 0.3622506260871887, 0.8605427742004395, -0.6296935677528381, 0.3832801878452301, 0.36131545901298523, 0.4340028166770935, 0.41772815585136414, 0.06629650294780731, -0.05016711354255676, -0.01075245812535286, 0.5044663548469543, 0.6168262362480164, 0.4911288321018219, 0.8285048604011536, 0.5351051688194275, -0.5441058278083801, -0.6767191886901855, 0.14037245512008667, 0.19404536485671997, 0.2799505293369293, 0.8497341871261597, -0.6223167181015015, 0.49168258905410767, 0.6376696825027466, 0.7791371941566467, -0.4799286723136902, -0.42748531699180603, 0.5926110744476318, -0.23617833852767944, 0.16196192800998688, -0.3985357880592346, 0.5034533739089966, 0.4950019121170044, -0.2425554394721985, -0.3461057245731354, -0.2953818440437317, 0.3789178729057312, 0.11032680422067642, -0.4281882047653198, 0.04773082584142685, 0.16959205269813538, 0.04701469838619232, 0.7339363098144531, 0.5079137682914734, 0.6922454833984375, 0.8249269723892212, 0.6460309028625488, 0.4972403049468994, -0.4798364043235779, 0.3667141795158386, -0.6559790372848511, 0.8309164047241211, 0.113547682762146, -0.18345481157302856, 0.004721280187368393, 0.6814720034599304, 0.6691676378250122, -0.7165204882621765, -0.8657170534133911, -0.13846991956233978, 0.2953871488571167, 0.6982977986335754, 0.44392824172973633, 0.32220184803009033, -0.6941434741020203, 0.011016041040420532, 0.3253461420536041, 0.09510868042707443, -0.08511926233768463, -0.06216810643672943, 0.14245541393756866, 0.2489767223596573, 0.45256173610687256, -0.2845029830932617, -0.049808088690042496, 0.757002592086792, 0.08826534450054169, -0.005620259791612625, -0.5653665065765381, -0.3795950412750244, -0.33773717284202576, -0.2691762447357178, -0.11551150679588318, 0.4052202105522156, 0.5273376703262329, 0.6897552013397217, -0.5188901424407959, 0.8812824487686157, 0.5164557695388794, 0.25063860416412354, -0.48813414573669434, 0.274627685546875, -0.17890864610671997, -0.21189333498477936, -0.2879076600074768, 0.7035301923751831, 0.4423900246620178, 0.3195132315158844, -0.3640192151069641, -0.11669351160526276, -0.07483097910881042, 0.2901289761066437, 0.026115387678146362, 0.6527496576309204, 0.399040162563324, 0.601453423500061, 0.030740350484848022, -0.4389094114303589, 0.15326382219791412, -0.21765874326229095, 0.1953614354133606, 0.5691322088241577, 0.03065028041601181, 0.8292126655578613, 0.7415766716003418, -0.3954353332519531, 0.2638755142688751, 0.29854869842529297, 0.606439471244812, 0.8979964852333069, -0.6280258893966675, -0.562240719795227, -0.3558669686317444, -0.3362865447998047, 0.4147340953350067, 0.33297252655029297, 0.25144317746162415, -0.38981306552886963, 0.46905967593193054, -0.029299747198820114, 0.13346019387245178, -0.5561901330947876, -0.3420334756374359, -0.1450827419757843, 0.09116977453231812, -0.05325093865394592, 0.4736682176589966, -0.3079100549221039, -0.27412015199661255, 0.17593184113502502, -0.44664105772972107, 0.4333769679069519, -0.8324970006942749, 0.42258554697036743, -0.6581530570983887, -0.5974465012550354, -0.13136374950408936, -0.3484953045845032, 0.16650672256946564, 0.0947101041674614, 0.7414746880531311, -0.6440673470497131, 0.3848223090171814, 0.7527400255203247, -0.5921176075935364, -0.058547522872686386, -0.11795199662446976, 0.6099823713302612, 0.14554934203624725, -0.02003243938088417, 0.4394567906856537, -0.8393113613128662, -0.4936386048793793, -0.15535849332809448, 0.7444729804992676, 0.08100281655788422, 0.2565456032752991, -0.2313022017478943, 0.2926228940486908, -0.019580386579036713, -0.5046634078025818, -0.4084092974662781, -0.3709923028945923, 0.6444982290267944, -0.43780970573425293, -0.7613429427146912, 0.8854737281799316, 0.19503575563430786, 0.06925398856401443, -0.10288873314857483, 0.7725395560264587, 0.4072723090648651, -0.6375879049301147, -0.1554308384656906, 0.26905733346939087, -0.31309837102890015, -0.05574372038245201, 0.8904942870140076, 0.20953160524368286, 0.8977339267730713, 0.5324477553367615, -0.0787682831287384, 0.2183144986629486, 0.42675167322158813, -0.17389455437660217, -0.6313937902450562, -0.13638734817504883, 0.37443074584007263, -0.8857104182243347, -0.0786319300532341, -0.19839146733283997, -0.15184637904167175, -0.3058892488479614, 0.3539179563522339, -0.08485571295022964, 0.5562598705291748, 0.09108900278806686, -0.7686027884483337, 0.13473860919475555, -0.6550136208534241, 0.44179895520210266, 0.6102882027626038, 0.7870951294898987, 0.050585225224494934, -0.30665650963783264, 0.625085711479187, -0.01539824903011322, -0.2709012031555176, -0.09336264431476593, 0.6814362406730652, 0.07122792303562164, -0.8458333611488342, -0.30593612790107727, 0.018814850598573685, -0.7207431793212891, -0.012248523533344269, 0.20107418298721313, 0.4185272455215454, -0.11803212016820908, -0.1471625715494156, 0.697569727897644, -0.6435788869857788, 0.5968178510665894, 0.3294098377227783, 0.4023914933204651, -0.3536394536495209, 0.7529503107070923, -0.2977871596813202, -0.07597751915454865, 0.8007321357727051, -0.7863568067550659, -0.2726634740829468, -0.1438789665699005, 0.2769971489906311, -0.005735166370868683, -0.21384815871715546, -0.6344255208969116, -0.7267777323722839, 0.24786242842674255, 0.012050541117787361, -0.20048360526561737, -0.2903575301170349, -0.5106858015060425, 0.2564430236816406, -0.39422231912612915, -0.22330893576145172, 0.22762781381607056, 0.3411606550216675, -0.587656557559967, -0.2538650631904602, -0.13497640192508698, 0.35864901542663574, 0.02195563167333603, 0.8240141272544861, -0.4845643937587738, -0.16628709435462952, 0.4637225568294525, -0.424339234828949, 0.2718309462070465, -0.37269827723503113, 0.8473081588745117, -0.24255874752998352, -0.2990076541900635, -0.09248560667037964, 0.1512182056903839, -0.6558867692947388, -0.4102112054824829, -0.11977874487638474, 0.4735642671585083, 0.08511802554130554, 0.43444567918777466, -0.7789663076400757, 0.6168991327285767, 0.2596369981765747, -0.14989301562309265, -0.1522108018398285, 0.7650905847549438, -0.16819101572036743, 0.3509489893913269, -0.044954922050237656, -0.05299415439367294, 0.8531320095062256, 0.36181342601776123, -0.13856348395347595, -0.09551563113927841, -0.6989701390266418, 0.6336413621902466, -0.19241589307785034, 0.11212509870529175, 0.09225647896528244, 0.8518709540367126, 0.7839924097061157, -0.6132693290710449, 0.7074453830718994, 0.3181760907173157, -0.11616250872612, 0.09264259040355682, 0.4037342071533203, 0.3102618157863617, -0.6126120090484619, -0.6435641050338745, 0.5252358913421631, 0.12849147617816925, 0.330893337726593, -0.6831141114234924, -0.035160765051841736, 0.6525847911834717, -0.3558887243270874, 0.05151252821087837, 0.5224244594573975, 0.09434047341346741, 0.18891838192939758, 0.5470045804977417, 0.2957971692085266, 0.605533242225647, 0.12449869513511658, -0.013570593670010567, 0.3246634900569916, 0.5456117391586304, -0.5740976929664612, 0.19333913922309875, -0.08532998710870743, 0.49433356523513794, 0.45101398229599, -0.5181275010108948, 0.16551479697227478, -0.7711409330368042, -0.17082767188549042, -0.446787029504776, -0.24796444177627563, 0.05764789134263992, 0.4412006437778473, 0.46256279945373535, -0.15276218950748444, 0.12477561086416245, 0.3938033878803253, -0.5360504388809204, -0.5071865320205688, -0.5978843569755554, 0.15216289460659027, 0.6343846917152405, -0.08014373481273651, 0.253335177898407, 0.56920325756073, -0.5116928815841675, 0.0428837426006794, 0.8487114906311035, 0.7009852528572083, -0.5308029651641846, 0.5713906288146973, -0.07186804711818695, 0.5122849345207214, 0.5614473819732666, 0.3361281454563141, 0.37720251083374023, 0.9023517966270447, -0.7492392063140869, 0.16351938247680664, -0.31199049949645996, 0.5914062857627869, -0.23541225492954254, 0.9062539935112, -0.285115122795105, 0.23646283149719238, 0.06577596068382263, 0.08252725005149841, 0.5172351002693176, 0.3535970449447632, 0.8786052465438843, -0.4522997736930847, 0.5392283201217651, 0.045278143137693405, -0.5639214515686035, 0.30391526222229004, 0.3708253800868988, -0.14147266745567322, 0.41867637634277344, -0.10015200078487396, 0.605082631111145, -0.6587170362472534, -0.15549859404563904, 0.8544527292251587, 0.28540748357772827, 0.05674353986978531, 0.23436719179153442, 0.8827985525131226, -0.14228488504886627, -0.6342129707336426, -0.807697057723999, -0.44227680563926697, 0.7431158423423767, -0.7729308605194092, -0.23839841783046722, 0.16858142614364624, 0.23996049165725708, 0.2250441163778305, 0.8343245983123779, 0.5793182849884033, -0.28803715109825134, 0.7631990313529968, -0.760993480682373, -0.07587812840938568, 0.7131476998329163, 0.6810764074325562, -0.498060405254364, -0.8802062273025513, 0.5856481194496155, -0.31627053022384644, 0.23889589309692383, -0.36671435832977295, 0.3647039830684662, -0.002185072749853134, 0.3856983780860901, 0.13978461921215057, 0.006449829787015915, 0.23639023303985596, -0.4886399805545807, -0.6344079375267029, 0.19243565201759338, 0.19897563755512238, 0.7332295179367065, 0.3428487181663513, -0.6488896608352661, 0.6008549928665161, -0.38756585121154785, -0.34624671936035156, -0.14739222824573517, -0.6827418208122253, 0.5745770931243896, -0.5248757600784302, 0.7096217274665833, 0.045613281428813934, -0.5155380964279175, 0.537622332572937, -0.48714232444763184, 0.027950622141361237, 0.37549886107444763, 0.16432984173297882, -0.24871529638767242, -0.5917697548866272, 0.8235238790512085, -0.058364637196063995, -0.41900262236595154, -0.34717434644699097, -0.3113052546977997, -0.08458591997623444, 0.2825997471809387, -0.1830182820558548, 0.22581666707992554, 0.7011798024177551, -0.6565016508102417, 0.8254072666168213, 0.34386464953422546, 0.6490238904953003, -0.867830753326416, -0.17333999276161194, 0.2403152585029602, 0.3299626111984253, 0.4791524410247803, 0.6077941656112671, -0.7708926796913147, 0.23076197504997253, -0.6073737144470215, -0.015473701059818268, -0.3553749620914459, 0.23164524137973785, -0.7867398858070374, -0.09225138276815414, 0.46700936555862427, 0.5258650779724121, 0.44045814871788025, -0.652114748954773, 0.473982572555542, -0.24227502942085266, 0.353931725025177, -0.7048488855361938, -0.19014416635036469, -0.7975504398345947, -0.7363189458847046, 0.38544660806655884, 0.3452460467815399, 0.6609671115875244, 0.7228834629058838, 0.8784958720207214, -0.11309806257486343, 0.2862933874130249, 0.2333836555480957, 0.09585980325937271, 0.3686673045158386, 0.31525835394859314, -0.8553609251976013, -0.15791507065296173, 0.34276241064071655, -0.5383241176605225, 0.7656009197235107, 0.09940651059150696, 0.3211711049079895, 0.5530403852462769, -0.3218786418437958, 0.11308321356773376, -0.04169953614473343, -0.24967998266220093, 0.01372578740119934, 0.3843861222267151, 0.15047070384025574, 0.6138401031494141, 0.30929943919181824, -0.04937025532126427, 0.04993479698896408, -0.39896440505981445, 0.1271977573633194, -0.05710535869002342, 0.020904339849948883, 0.0023669451475143433, 0.3709556758403778, 0.8310720920562744, 0.06709058582782745, -0.3517604470252991, -0.07362301647663116, 0.36909958720207214, -0.5042288899421692, 0.3618730306625366, 0.6109647750854492, -0.827974259853363, 0.01579780876636505, -0.8584799766540527, 0.04315246641635895, 0.5816537141799927, 0.7304591536521912, 0.2236924022436142, -0.74788898229599, -0.4374447464942932, -0.34696054458618164, 0.5462276935577393, -0.38004550337791443, -0.0007481090724468231, 0.17772777378559113, 0.3163509964942932, 0.31104719638824463, -0.7453310489654541, 0.2959514856338501, 0.43502146005630493, -0.34825441241264343, 0.4583645761013031, 0.36602237820625305, 0.37147256731987, 0.14759188890457153, 0.014404818415641785, 0.3205367922782898, -0.48512762784957886, 0.4370882511138916, -0.022150367498397827, 0.15992087125778198, 0.5736286640167236, 0.22131189703941345, -0.06367999315261841, 0.7537973523139954, -0.7455958127975464, 0.7927955389022827, -0.6857295036315918, 0.15671594440937042, 0.6895492672920227, 0.846423864364624, 0.13300961256027222, 0.5548548698425293, 0.30027908086776733, -0.3571726977825165, 0.3265017867088318, 0.6359627842903137, 0.7265592813491821, -0.587206244468689, -0.8490829467773438, 0.6519032716751099, -0.33525359630584717, -0.22243911027908325, -0.16274547576904297, 0.10407882183790207, 0.6068236827850342, -0.12793104350566864, 0.1689176708459854, 0.588652491569519, -0.17999941110610962, 0.5580940246582031, 0.42345768213272095, -0.8744550347328186, 0.5159546136856079, 0.1389271765947342, 0.46791717410087585, -0.07161270081996918, 0.5662249326705933, 0.7950444221496582, -0.4067671298980713, 0.06186370179057121, 0.44300132989883423, -0.2906293570995331, 0.44718247652053833, -0.008233875036239624, 0.6582891345024109, 0.7576583623886108, -0.20901331305503845, 0.2728690505027771, 0.44252216815948486, 0.8564730882644653, 0.47586312890052795, -0.015083882957696915, 0.33231890201568604, 0.3111371099948883, 0.4717990756034851, 0.5507272481918335, -0.5214612483978271, -0.01802099496126175, 0.11902183294296265, 0.8230897188186646, -0.5841430425643921, 0.07837776094675064, 0.1393822282552719, 0.04484224319458008, 0.5459790229797363, 0.663006603717804, -0.2118888795375824, 0.27998077869415283, -0.7046728134155273, 0.6799241304397583, -0.5480772256851196, 0.05926932394504547, 0.058968063443899155, 0.1030089408159256, -0.31778502464294434, 0.2565331757068634, 0.6089243292808533, 0.4219260811805725, 0.48784059286117554, -0.3564508855342865, -0.596326470375061, 0.5314592123031616, 0.7323130369186401, -0.6174061298370361, 0.7518841624259949, -0.5281087756156921, 0.1533840000629425, -0.6877385377883911, 0.8627115488052368, 0.22364288568496704, 0.20597992837429047, 0.44726020097732544, 0.3899684548377991, -0.3542352616786957, 0.15769070386886597, 0.27654922008514404, -0.1303417831659317, 0.15897685289382935, -0.7244586944580078, -0.11142747104167938, 0.1856154501438141, 0.11551167815923691, 0.5489798784255981, 0.4577956199645996, -0.4053939878940582, 0.5434997081756592, -0.5606328248977661, 0.43451279401779175, 0.521574079990387, -0.41216719150543213, 0.47284382581710815, 0.8565253019332886, 0.38995692133903503, 0.11583205312490463, -0.9078869223594666, -0.7423478364944458, 0.4467645585536957, 0.7303371429443359, 0.6637399196624756, -0.12594595551490784, 0.29775527119636536, 0.6696404218673706, 0.32353952527046204, 0.6928157806396484, -0.12879252433776855, 0.022417958825826645, -0.27227163314819336, -0.2059653103351593, -0.7956728935241699, 0.43108609318733215, 0.8565722703933716, 0.32983797788619995, -0.7504100799560547, -0.5602588653564453, 0.20994749665260315, -0.45337560772895813, 0.18721772730350494, -0.42377084493637085, 0.18951958417892456, 0.04929163306951523, 0.7393971085548401, 0.5624488592147827, 0.7202768921852112, 0.8937111496925354, 0.6731528043746948, -0.5872752070426941, 0.8884611129760742, 0.7920441627502441, 0.2802605628967285, -0.5697863698005676, 0.37682926654815674, 0.8724414110183716, -0.2461557537317276, -0.10597547888755798, 0.7404640913009644, 0.1593412160873413, -0.8167728185653687, -0.21020951867103577, -0.1460871398448944, 0.12861599028110504, 0.661178708076477, 0.39918163418769836, 0.292521595954895, 0.41279304027557373, -0.004768155515193939, -0.2947385907173157, -0.39020127058029175, -0.22729498147964478, 0.40472596883773804, 0.1977720558643341, -0.1439424753189087, 0.07560288906097412, 0.47730886936187744, -0.5295324325561523, -0.09844506531953812, 0.07618379592895508, -0.2617596387863159, -0.13250035047531128, -0.5040585398674011, 0.3321385979652405, 0.4973664879798889, 0.7682235836982727, 0.07528766244649887, 0.6420639753341675, -0.6256494522094727, -0.4514392614364624, -0.28235453367233276, 0.7356424927711487, 0.6363937854766846, 0.5787438750267029, -0.8919152021408081, -0.09583906829357147, -0.7527129650115967, 0.25061047077178955, -0.5449170470237732, 0.08247821778059006, -0.5556950569152832, -0.4533087909221649, -0.42235082387924194, 0.6614026427268982, 0.1493813395500183, 0.24966056644916534, 0.2566823959350586, 0.4782642722129822, -0.2573150098323822, 0.0555708110332489, -0.47450965642929077, 0.8319642543792725, 0.6334888339042664, -0.209458127617836, -0.29310131072998047, 0.31247127056121826, 0.5913631916046143, -0.6026155948638916, 0.46391892433166504, 0.19890843331813812, -0.3380481004714966, -0.7429517507553101, 0.15910997986793518, -0.33798664808273315, -0.14515069127082825, -0.2177366316318512, -0.07497863471508026, -0.374217689037323, 0.012332111597061157, -0.4397358298301697, 0.11517348885536194, 0.8223491907119751, -0.46949756145477295, 0.3250265419483185, 0.6112487316131592, 0.16360880434513092, -0.1091165840625763, 0.25378406047821045, -0.43015486001968384, 0.388014554977417, -0.0018992945551872253, -0.41272208094596863, -0.5810573697090149, 0.6162643432617188, 0.40694689750671387, -0.4367355704307556, 0.5388635993003845, 0.008176732808351517, 0.13181674480438232, -0.6527999639511108, -0.34703147411346436, -0.1380138397216797, 0.739976167678833, 0.3370303511619568, -0.32665640115737915, -0.8690792322158813, -0.18382123112678528, 0.4902559220790863, -0.7185052633285522, -0.8635252714157104, 0.48321935534477234, -0.46253758668899536, 0.3998223543167114, 0.15440566837787628, -0.7558847665786743, -0.11708274483680725, 0.12933990359306335, 0.478213369846344, 0.3212772607803345, 0.08721677958965302, -0.36111366748809814, 0.10078293830156326, -0.719018816947937, -0.6667186617851257, -0.4674692749977112, -0.0020543038845062256, 0.17433147132396698, 0.5512011051177979, 0.5315452814102173, -0.3861832022666931, -0.8000373840332031, -0.3927518129348755, -0.06661737710237503, 0.8513818979263306, 0.543634295463562, -0.34703731536865234, 0.17121464014053345, 0.5045490264892578, -0.4343067407608032, -0.09922738373279572, 0.17861288785934448, 0.6338256597518921, 0.7373758554458618, 0.768059253692627, -0.6994065046310425, -0.7015904188156128, -0.47597232460975647, 0.4200422763824463, 0.39904916286468506, 0.2642529606819153, 0.6024198532104492, -0.05050306022167206, -0.1610877960920334, 0.3570860028266907, -0.7984042763710022, 0.27100539207458496, 0.18510544300079346, 0.5901423692703247, -0.42765945196151733, 0.10604026913642883, 0.7533259391784668, -0.24860107898712158, 0.6946442127227783, -0.8599898219108582, -0.29968780279159546, 0.8462966680526733, -0.3607500195503235, 0.0942745953798294, -0.28516897559165955, 0.18438749015331268, 0.05464081093668938, -0.06259934604167938, -0.264583945274353, 0.30618539452552795, 0.060983531177043915, -0.2849862277507782, 0.21581612527370453, -0.8641073107719421, -0.17738313972949982, -0.6420196890830994, 0.8483113646507263, 0.5056780576705933, 0.3810526132583618, 0.7544105648994446, 0.22667892277240753, -0.12203765660524368, 0.07657942175865173, -0.09027419239282608, -0.8709676265716553, 0.46708574891090393, 0.45793256163597107, -0.7455480098724365, -0.229883074760437, 0.2955126166343689, 0.3165178596973419, 0.7471827864646912, 0.26152661442756653, 0.6206188201904297, 0.2662665843963623, 0.8118088245391846, -0.0383572056889534, -0.3163360357284546, -0.3081129193305969, -0.6968529224395752, 0.7857241630554199, -0.34962227940559387, -0.19468460977077484, -0.46664103865623474, -0.798956036567688, 0.48066937923431396, -0.32087451219558716, 0.48387134075164795, 0.3960069417953491, -0.6461540460586548, 0.16711942851543427, 0.17441263794898987, 0.17938214540481567, -0.10027068853378296, -0.654857873916626, 0.27658236026763916, -0.4540225863456726, -0.07245190441608429, 0.592801570892334, -0.6007508039474487, 0.2589290142059326, 0.02311936765909195, -0.09917572140693665, 0.24411657452583313, 0.31417715549468994, -0.3603951334953308, -0.7170704007148743, 0.7758195400238037, -0.09762648493051529, 0.547450065612793, 0.12755097448825836, -0.5310371518135071, 0.3012518584728241, -0.45628830790519714, 0.2886846959590912, 0.6849215030670166, -0.3729214072227478, -0.047793902456760406, -0.630887508392334, 0.6355991363525391, -0.08454988896846771, 0.8801345825195312, 0.044243425130844116, -0.38924118876457214, 0.5722959041595459, 0.5840885639190674, 0.623382568359375, 0.5838975310325623, 0.28952842950820923, -0.06559939682483673, 0.8605888485908508, 0.19380605220794678, 0.4190954864025116, 0.08981142938137054, 0.58833909034729, -0.041107408702373505, 0.015637271106243134, 0.2439374327659607, 0.5351935029029846, 0.31551504135131836, 0.47793805599212646, -0.3772147595882416, 0.4860914349555969, 0.4438776969909668, 0.7226542234420776, 0.3804605305194855, 0.5969480276107788, 0.03285600244998932, -0.09912209212779999, 0.5056393146514893, -0.8164563775062561, 0.7323671579360962, 0.8637880682945251, -0.7495955228805542, -0.8026512861251831, 0.3885052800178528, 0.7760674953460693, 0.2735344469547272, -0.5456414222717285, -0.026139941066503525, 0.7307312488555908, -0.7093478441238403, 0.8267029523849487, 0.15845634043216705, 0.027837879955768585, -0.40434545278549194, 0.4550049304962158, -0.5823025703430176, 0.26769933104515076, 0.5141568183898926, 0.26138541102409363, 0.13844186067581177, 0.05783260241150856, -0.461436927318573, 0.45765557885169983, 0.7260149717330933, -0.3494987487792969, -0.04740917682647705, -0.07299605011940002, 0.2779352068901062, -0.5230525135993958, 0.5171381235122681, 0.33564293384552, -0.21067935228347778, 0.6450059413909912, -0.25364255905151367, -0.5299802422523499, -0.05008343607187271, 0.34721100330352783, 0.403492271900177, 0.3403661251068115, 0.3149378299713135, 0.5346790552139282, -0.4788856506347656, 0.5475056767463684, -0.010425496846437454, 0.3065974712371826, 0.1503668874502182, 0.48758214712142944, 0.4752609133720398, 0.6017252206802368, 0.7815431356430054, 0.4033270478248596, 0.0882149338722229, -0.5934213399887085, -0.778464138507843, 0.617064893245697, 0.6192343235015869, -0.2876439392566681, -0.4833562970161438, 0.106419637799263, -0.19476759433746338, 0.5189424753189087, -0.3903545141220093, 0.142666757106781, 0.521762490272522, 0.3880297839641571, -0.48093968629837036, 0.8296023011207581, 0.14394059777259827, -0.6548438668251038, 0.38402310013771057, 0.6387151479721069, -0.2724021077156067, -0.7172346115112305, 0.08491776883602142, 0.46703726053237915, -0.3232566714286804, -0.26355111598968506, 0.5295552611351013, 0.06798825412988663, 0.4761364161968231, -0.5425982475280762, -0.6967297792434692, 0.4256373345851898, 0.31873756647109985, -0.2920330762863159, -0.16276724636554718, 0.06300517916679382, 0.2665560245513916, 0.026336602866649628, -0.10499609261751175, -0.7702775001525879, 0.4072025418281555, 0.07309527695178986, -0.4820837080478668, 0.5518741607666016, 0.4840460419654846, 0.23694106936454773, -0.3306742310523987, -0.055088236927986145, 0.7897635102272034, -0.44224226474761963, -0.34271153807640076, 0.02293587476015091, 0.694077730178833, -0.1056123599410057, 0.5292173624038696, -0.43581438064575195, -0.2558404207229614, 0.7076051831245422, 0.6622447967529297, 0.3297079801559448, 0.1405157595872879, -0.35027366876602173, 0.8605191707611084, -0.4529409110546112, -0.40054792165756226, -0.4894134998321533, -0.2518821954727173, -0.8297525644302368, -0.560002326965332, 0.8178972601890564, 0.7472076416015625, 0.4630550742149353, 0.599678635597229, 0.38251516222953796, -0.4186471104621887, 0.011249672621488571, 0.2321997582912445, 0.23405981063842773, 0.6721620559692383, -0.42431044578552246, -0.3780759572982788, 0.3015174865722656, 0.49754124879837036, -0.24964973330497742, -0.33696502447128296, -0.7772407531738281, 0.300590842962265, 0.5640482306480408, -0.789376974105835, -0.34296151995658875, -0.25223395228385925, 0.3226054906845093, -0.38861045241355896, 0.2567378580570221, 0.4158470034599304, -0.8466673493385315, -0.010355904698371887, 0.7871080636978149, -0.6969530582427979, 0.04979044198989868, 0.5817651748657227, -0.05570468306541443, -0.483543336391449, 0.05103234946727753, -0.27795299887657166, 0.1592448353767395, -0.00501231849193573, 0.1435537189245224, 0.11812003701925278, 0.2887133061885834, -0.4247785210609436, -0.31931740045547485, -0.8935911059379578, -0.18392139673233032, 0.16013354063034058, -0.46981433033943176, -0.229366734623909, -0.030711689963936806, -0.735432505607605, -0.4453175663948059, -0.38448721170425415, 0.1618993729352951, 0.06243997812271118, 0.49730414152145386, 0.8482068777084351, -0.8062081336975098, -0.035346388816833496, 0.2607235312461853, -0.570374071598053, 0.4847889840602875, 0.9003965258598328, 0.515762448310852, -0.04357454180717468, 0.7932652235031128, -0.2731083035469055, -0.4347028136253357, 0.10861855000257492, 0.11632014811038971, -0.04888991639018059, 0.20654208958148956, 0.06733784824609756, -0.42422276735305786, 0.7598941922187805, 0.37510550022125244, -0.0781896561384201, 0.39214545488357544, 0.5239912867546082, 0.14468920230865479, 0.10245225578546524, -0.7621678709983826, -0.014913637191057205, 0.27899789810180664, 0.4002751111984253, -0.41789960861206055, -0.5399317741394043, -0.48544585704803467, -0.20876409113407135, 0.28971704840660095, -0.33348211646080017, -0.3816249370574951, -0.29680413007736206, -0.01835314929485321, -0.14689192175865173, 0.16940903663635254, 0.15392380952835083, -0.00794181227684021, -0.2866930067539215, 0.3340180516242981, 0.910942554473877, -0.5334151387214661, -0.1564527302980423, 0.43500038981437683, 0.557330846786499, 0.13402250409126282, -0.3310059905052185, 0.09601221978664398, -0.3689892888069153, -0.45435988903045654, -0.3131484389305115, 0.6137760877609253, 0.6300674676895142, -0.07464777678251266, -0.30813002586364746, -0.8730533123016357, -0.08902420848608017, 0.013549476861953735, -0.7139555215835571, 0.5073459148406982, -0.5933151245117188, -0.6667664051055908, 0.7808547616004944, 0.7356661558151245, 0.5083531737327576, -0.08082405477762222, 0.6959267854690552, 0.8771742582321167, -0.31949836015701294, 0.5406685471534729, 0.282735675573349, 0.512047529220581, 0.0880182683467865, 0.6671819686889648, -0.044834524393081665, -0.17338353395462036, 0.6410624980926514, -0.7709718346595764, 0.030393511056900024, -0.29786813259124756, 0.2612583637237549, 0.5789312124252319, -0.7571559548377991, -0.6557374596595764, -0.07244626432657242, 0.3197244703769684, -0.05871468782424927, 0.6700342893600464, -0.026289276778697968, -0.33695316314697266, -0.14883169531822205, 0.2777925133705139, -0.32700902223587036, 0.024188458919525146, -0.3617079257965088, -0.08180931955575943, -0.641706109046936, -0.6373741626739502, -0.6375918388366699, -0.6132698059082031, -0.35486191511154175, -0.6748408675193787, 0.5823466777801514, -0.2650240361690521, -0.7369375228881836, -0.39132845401763916, -0.09319759905338287, 0.32915523648262024, 0.10166594386100769, -0.190394327044487, 0.3537293076515198, -0.32934489846229553, -0.30045080184936523, -0.35531502962112427, 0.5953923463821411, -0.24909040331840515, -0.7015280723571777, 0.1861591935157776, 0.35017865896224976, 0.09383504837751389, -0.4961891174316406, -0.35789161920547485, 0.8531486988067627, 0.5010868310928345, 0.18866924941539764, -0.36950379610061646, -0.031427230685949326, 0.06788810342550278, 0.6329368352890015, 0.5451526641845703, 0.08779042959213257, -0.6157151460647583, -0.6434038877487183, -0.28956738114356995, 0.846694827079773, -0.08154840767383575, 0.5054238438606262, -0.7571395635604858, 0.44278398156166077, 0.5261403322219849, 0.40461862087249756, 0.41070783138275146, 0.18157745897769928, 0.7533711194992065, -0.7573791742324829, 0.5983614921569824, -0.5041521787643433, -0.3091081976890564, 0.6840270757675171, 0.02634483575820923, 0.6277092099189758, -0.6112427115440369, -0.2119075357913971, 0.8590183258056641, -0.6393043398857117, -0.11503352224826813, -0.2270374894142151, 0.7304022908210754, -0.6328275203704834, 0.7017711400985718, 0.3558141589164734, 0.3344026207923889, 0.6487625241279602, 0.6933145523071289, -0.0758313238620758, -0.369991660118103, -0.1573694348335266, 0.09787388890981674, -0.5567627549171448, 0.1334998607635498, -0.02341608703136444, -0.0715789869427681, 0.5138797760009766, 0.003494635224342346, -0.2103363275527954, -0.8697512745857239, -0.05756477266550064, -0.7676160335540771, 0.5867956280708313, 0.4646267592906952, 0.787704586982727, -0.43598902225494385, -0.09026355296373367, 0.134588360786438, 0.7291429042816162, -0.05808854103088379, -0.2959718406200409, -0.8153738975524902, -0.45466506481170654, -0.4250820279121399, 0.228352352976799, 0.36797428131103516, 0.07547030597925186, 0.4278640151023865, 0.6656876802444458, -0.6405408382415771, 0.3532288372516632, -0.06668365001678467, 0.24413791298866272, -0.6148949861526489, 0.17316952347755432, 0.18169236183166504, 0.7166798710823059, -0.31404078006744385, -0.7311760783195496, -0.20650169253349304, -0.7742304801940918, -0.291187047958374, 0.8974471092224121, -0.47370415925979614, -0.5967046618461609, 0.7255277633666992, -0.09265999495983124, 0.10413415729999542, 0.20328247547149658, -0.49053630232810974, -0.34111273288726807, -0.4801516532897949, -0.2994014024734497, 0.7022062540054321, 0.6213297843933105, 0.8772141337394714, -0.25947630405426025, -0.19712720811367035, -0.6758203506469727, 0.2502157986164093, -0.49218302965164185, 0.27332285046577454, 0.405649870634079, -0.15626710653305054, 0.008436881005764008, 0.3847184181213379, 0.3924308121204376, -0.7281111478805542, -0.5924150943756104, -0.49184450507164, 0.22423246502876282, -0.07192261517047882, 0.1515570729970932, -0.5910922288894653, 0.7188658714294434, -0.29624709486961365, 0.05704180896282196, 0.5107027292251587, -0.19264057278633118, -0.11874409019947052, -0.6410707831382751, -0.194015234708786, 0.021077536046504974, -0.4995766580104828, 0.35056158900260925, -0.140462264418602, 0.1393059343099594, -0.42976486682891846, 0.5613398551940918, 0.7209920883178711, 0.047806888818740845, -0.44133520126342773, -0.32814449071884155, 0.09105488657951355, 0.6502124667167664, 0.575581431388855, 0.12543044984340668, -0.06045154482126236, -0.10061351954936981, -0.06828925758600235, -0.1877160370349884, -0.8225842714309692, -0.03978487104177475, -0.8783227801322937, 0.6152860522270203, -0.8385115265846252, -0.3268853425979614, -0.2414364069700241, 0.40967580676078796, 0.38121312856674194, -0.7338508367538452, 0.2780153155326843, 0.304378867149353, -0.7079278230667114]
