sample name: ['Cc1ccc(C(C)C)c(OCC(=O)N/N=C/c2ccco2)c1']
atom_index,distance,cosine_similarity
0,0.183411865234375,-0.010112600941210985
1,-0.061666259765625,0.004768483489751816
2,0.250521240234375,-0.016807751506567003
3,0.0612200927734375,-0.004520615637302399
4,0.0827044677734375,1.898825168609619e-05
5,0.068382568359375,0.003929366171360016
6,-0.6295538330078125,0.05332866996526718
7,-0.0853167724609375,0.022746619880199433
8,-1.06556640625,0.11773786202073097
9,-2.1420379638671876,0.2374849272891879
10,-2.191497802734375,0.24415994327515364
11,-0.9386328125,0.08651719361543656
12,-0.13751953125,-0.004896331280469894
13,-3.362784423828125,0.31571925841271875
14,-0.2755401611328125,0.015895736441016196
15,0.193392333984375,-0.03502306222915649
16,-0.0778076171875,0.004462540000677109

Sum of phi values for distance
-10.128291015625
Sum of phi values for cosine similarity
1.0354092272184787
Average distance random samples:
6.702053361535072
Average cosine similarity random samples:
0.7015552674453048
Distances random samples
[4.851476669311523, 6.107268333435059, 6.64825439453125, 3.8385989665985107, 4.564486980438232, 6.318500518798828, 7.027568817138672, 5.509279727935791, 6.553913116455078, 6.1338582038879395, 4.624299049377441, 5.28031587600708, 5.150020599365234, 5.908158302307129, 5.933501243591309, 5.514124870300293, 10.01823616027832, 4.747969627380371, 4.786608695983887, 6.785675525665283, 4.738290786743164, 3.4625792503356934, 5.740508556365967, 9.166518211364746, 1.2381010055541992, 5.793953895568848, 6.130285263061523, 6.321174144744873, 5.633039951324463, 4.958384037017822, 3.4465274810791016, 8.187234878540039, 4.513444900512695, 6.152202606201172, 6.526008129119873, 6.339474678039551, 6.421142578125, 5.814295291900635, 6.71273136138916, 6.6088457107543945, 6.295422554016113, 9.129715919494629, 6.908924102783203, 5.0987043380737305, 5.152879238128662, 4.872300148010254, 5.229857444763184, 11.22072696685791, 6.80901575088501, 5.775376319885254, 6.162821292877197, 5.676815986633301, 4.401851654052734, 9.182016372680664, 5.930652618408203, 5.397916793823242, 6.652456283569336, 6.9506072998046875, 5.663745880126953, 7.0462493896484375, 5.932574272155762, 5.262234210968018, 6.664279937744141, 9.019220352172852, 4.80619478225708, 6.219297885894775, 8.064064979553223, 4.347670078277588, 4.68731689453125, 8.859264373779297, 5.367734909057617, 5.203614711761475, 6.491641044616699, 6.616125106811523, 8.234670639038086, 4.8780622482299805, 5.84946346282959, 5.983109951019287, 7.072813987731934, 5.895421028137207, 5.89557409286499, 4.3150224685668945, 7.565731048583984, 6.425145149230957, 6.140769958496094, 4.115217208862305, 6.309089183807373, 9.48580265045166, 9.460331916809082, 3.528810501098633, 6.274639129638672, 7.562084674835205, 5.562714099884033, 5.937630653381348, 5.775493621826172, 4.83754301071167, 5.850677967071533, 6.471283435821533, 6.462456703186035, 6.758352279663086, 3.706050157546997, 4.6966471672058105, 5.503361225128174, 6.334912300109863, 4.95236349105835, 6.000614166259766, 5.010693073272705, 6.827016353607178, 6.0605387687683105, 5.509905815124512, 5.774911880493164, 5.663715839385986, 5.2558417320251465, 0.9991664290428162, 6.050175189971924, 6.769986629486084, 5.628192901611328, 4.846983909606934, 6.792229652404785, 3.1822593212127686, 10.808145523071289, 6.444049835205078, 6.083387851715088, 4.586972236633301, 5.3342695236206055, 5.254141330718994, 5.8015570640563965, 5.403182029724121, 4.822771072387695, 5.827060699462891, 5.928384780883789, 5.677092552185059, 9.473930358886719, 6.71053409576416, 6.095635890960693, 5.345395565032959, 8.691033363342285, 5.145488262176514, 5.8654046058654785, 5.53987979888916, 4.033148288726807, 5.66206169128418, 9.627854347229004, 5.9430975914001465, 9.561997413635254, 9.599919319152832, 6.860629081726074, 5.628350734710693, 6.069283962249756, 8.159683227539062, 4.4173994064331055, 4.613117694854736, 4.011597633361816, 5.741604804992676, 5.742977619171143, 6.540277004241943, 4.133995056152344, 4.838354110717773, 6.3075385093688965, 9.725594520568848, 5.187834739685059, 2.971830129623413, 6.927314758300781, 6.640228271484375, 6.405398368835449, 5.261887550354004, 4.792860507965088, 5.2652974128723145, 5.606724739074707, 5.223160743713379, 7.755363464355469, 9.247773170471191, 6.155698299407959, 5.257022857666016, 6.279399871826172, 5.750554084777832, 6.0388946533203125, 6.686617851257324, 6.821098804473877, 10.06975269317627, 7.0997538566589355, 6.406066417694092, 5.699472904205322, 5.89854621887207, 3.8609890937805176, 6.767707347869873, 4.260067939758301, 5.091899394989014, 5.250978946685791, 5.769267559051514, 6.339471817016602, 5.4152374267578125, 6.3821330070495605, 4.193217754364014, 5.158266544342041, 9.523592948913574, 6.755643844604492, 4.712348937988281, 5.930464744567871, 6.7549238204956055, 5.218889236450195, 4.584468841552734, 6.434086322784424, 6.141090393066406, 11.942757606506348, 6.2597126960754395, 7.755795001983643, 6.168758869171143, 10.804068565368652, 4.169157981872559, 4.356389999389648, 5.415953159332275, 5.182978630065918, 4.691317558288574, 6.272186756134033, 5.486225605010986, 6.8759236335754395, 9.915270805358887, 3.7750773429870605, 7.271523952484131, 6.799942970275879, 9.662160873413086, 8.071887969970703, 6.565056800842285, 5.337075710296631, 6.245311260223389, 4.33778190612793, 9.629051208496094, 10.857681274414062, 5.733251094818115, 3.9166572093963623, 6.097997665405273, 4.611576557159424, 6.138952255249023, 6.202970504760742, 5.711855888366699, 4.092237949371338, 6.351686000823975, 6.2613749504089355, 4.59815788269043, 6.561761379241943, 5.726781845092773, 11.089447021484375, 5.7978644371032715, 1.9706028699874878, 6.639499664306641, 3.6823248863220215, 4.244885444641113, 6.540682315826416, 4.2367730140686035, 5.887220859527588, 3.480172872543335, 5.069043159484863, 5.664436340332031, 6.3443217277526855, 6.0432820320129395, 4.746654987335205, 6.738562107086182, 3.219508647918701, 5.97771692276001, 4.160975456237793, 5.3109612464904785, 5.5271196365356445, 4.373538494110107, 6.16249418258667, 5.327412128448486, 4.667680263519287, 6.003047943115234, 6.067010879516602, 7.458532810211182, 5.205260276794434, 6.891615390777588, 4.542720794677734, 5.071486473083496, 6.374440670013428, 6.128772258758545, 5.4776411056518555, 6.652017593383789, 5.972066879272461, 5.5326151847839355, 4.549431324005127, 7.322955131530762, 6.074723243713379, 5.118760108947754, 6.780203819274902, 7.22420072555542, 5.929782390594482, 11.047246932983398, 6.480547904968262, 6.802788257598877, 7.967557907104492, 6.806325435638428, 5.84702730178833, 5.790136814117432, 4.720860004425049, 3.8435168266296387, 8.162732124328613, 5.084629535675049, 5.370364665985107, 5.156070232391357, 5.208320617675781, 5.115132808685303, 5.78053617477417, 10.146803855895996, 6.735544681549072, 6.709732532501221, 7.120896339416504, 6.156746864318848, 5.519567489624023, 6.926835060119629, 6.215099811553955, 5.151690483093262, 4.962917327880859, 5.069279193878174, 5.236091136932373, 3.83732271194458, 5.652562618255615, 4.585519313812256, 4.827970027923584, 6.189613342285156, 4.73364782333374, 4.663408279418945, 6.376555919647217, 4.653823375701904, 5.310173034667969, 4.845096111297607, 4.588000774383545, 6.117295265197754, 5.777699947357178, 5.076879024505615, 7.02733850479126, 5.401517391204834, 4.985419750213623, 6.584425926208496, 5.050124645233154, 3.8517820835113525, 4.667877674102783, 6.291739463806152, 5.984786033630371, 4.795558452606201, 5.134518146514893, 6.498802185058594, 6.177868366241455, 3.4818332195281982, 4.609297752380371, 6.2685346603393555, 5.854360580444336, 5.746903419494629, 6.415373802185059, 6.278809070587158, 4.709873199462891, 6.046802997589111, 4.748738765716553, 6.421159267425537, 3.5176475048065186, 6.239229202270508, 4.892732620239258, 6.7046074867248535, 3.570197582244873, 6.8309712409973145, 5.675857067108154, 4.464882850646973, 5.876665115356445, 6.015297889709473, 5.736086845397949, 6.77739143371582, 5.6286139488220215, 12.035181999206543, 5.380894660949707, 5.729147434234619, 5.7193522453308105, 6.738502502441406, 5.021269798278809, 5.83063268661499, 6.205936431884766, 8.806516647338867, 9.513577461242676, 6.29498291015625, 5.745718479156494, 5.208347797393799, 4.858712673187256, 6.793694019317627, 5.152912139892578, 4.604198932647705, 6.251435279846191, 9.847912788391113, 4.5012969970703125, 11.126008987426758, 4.816267967224121, 7.100392818450928, 6.687216281890869, 7.807380199432373, 9.545913696289062, 6.143417835235596, 5.055909633636475, 4.139964580535889, 5.147099018096924, 6.728147506713867, 6.211240291595459, 10.270666122436523, 6.400333881378174, 5.9452409744262695, 3.524399518966675, 10.041686058044434, 3.436692237854004, 4.425546646118164, 4.7742533683776855, 10.46431827545166, 5.9345598220825195, 5.449139595031738, 7.525283336639404, 4.843841075897217, 9.740386009216309, 5.912275314331055, 6.637124061584473, 4.034770965576172, 6.681303977966309, 6.9134416580200195, 4.480484962463379, 6.718128204345703, 6.125190258026123, 5.644965648651123, 3.9605228900909424, 4.894740104675293, 6.259807109832764, 3.3478469848632812, 4.721973419189453, 4.267496109008789, 4.620851039886475, 5.1142778396606445, 4.6350507736206055, 4.253312110900879, 5.780736923217773, 5.959640026092529, 6.328535556793213, 5.424263954162598, 5.170915126800537, 6.566059589385986, 3.458345890045166, 6.7658610343933105, 5.830548286437988, 4.2329301834106445, 6.228583335876465, 4.967976093292236, 3.4220542907714844, 6.817260265350342, 5.707391738891602, 6.777483940124512, 6.109182834625244, 6.58111047744751, 9.456053733825684, 10.35731029510498, 6.2967610359191895, 4.008111953735352, 5.176926136016846, 6.735196590423584, 6.383371829986572, 9.138195037841797, 6.720841407775879, 6.806029319763184, 6.528467178344727, 5.860223770141602, 4.542556285858154, 6.127269268035889, 10.872875213623047, 7.023995399475098, 10.263154029846191, 5.052945137023926, 8.780658721923828, 10.461541175842285, 5.901111125946045, 9.769372940063477, 6.918675422668457, 5.010774612426758, 4.731805801391602, 5.852171897888184, 5.209092140197754, 9.74873161315918, 5.871628284454346, 7.05977725982666, 9.620691299438477, 5.183775424957275, 3.656928300857544, 5.668671607971191, 9.117511749267578, 6.861934661865234, 10.384212493896484, 6.632699012756348, 9.8988618850708, 4.630600452423096, 6.877374172210693, 3.5030574798583984, 3.8289458751678467, 4.047732353210449, 4.987554550170898, 9.481409072875977, 3.9944682121276855, 5.956547737121582, 4.061712741851807, 6.057636737823486, 8.982086181640625, 2.0721096992492676, 6.487689018249512, 4.552549362182617, 5.932615280151367, 4.424126625061035, 6.152230739593506, 4.630557060241699, 6.750349044799805, 4.3964314460754395, 6.226382255554199, 5.163651943206787, 5.16311502456665, 6.262580871582031, 4.888309001922607, 6.930131912231445, 11.134895324707031, 3.5114495754241943, 6.707603931427002, 7.129137992858887, 8.89867877960205, 6.981083393096924, 3.946601152420044, 6.593067169189453, 8.841774940490723, 10.28744888305664, 5.608676910400391, 5.1590495109558105, 8.907758712768555, 4.300594329833984, 2.108748197555542, 5.756511688232422, 9.557299613952637, 6.65305757522583, 6.782092571258545, 6.329461097717285, 10.229329109191895, 5.5617265701293945, 6.388444423675537, 5.117700099945068, 4.352414131164551, 7.15057373046875, 6.669924259185791, 11.812878608703613, 5.514019012451172, 6.1872334480285645, 4.373013496398926, 6.389609336853027, 4.155245780944824, 6.620336055755615, 6.6440300941467285, 9.020242691040039, 3.5256030559539795, 5.184304237365723, 4.227573394775391, 4.851518630981445, 5.717870235443115, 8.834803581237793, 6.661888599395752, 6.332382678985596, 5.696817874908447, 5.337395191192627, 6.445413589477539, 4.632018566131592, 5.243680953979492, 5.983221530914307, 11.133265495300293, 4.026804447174072, 6.458137035369873, 4.920909404754639, 6.1423659324646, 5.901923179626465, 9.435576438903809, 11.361542701721191, 5.527410507202148, 6.502540111541748, 5.596913814544678, 5.125619888305664, 8.688825607299805, 5.413882255554199, 4.6935625076293945, 9.694488525390625, 5.131796836853027, 6.518782615661621, 8.921234130859375, 5.312511444091797, 9.188920021057129, 5.694033145904541, 5.699114799499512, 10.078137397766113, 8.121875762939453, 6.130095481872559, 6.767688751220703, 6.615147590637207, 7.055691719055176, 5.99445104598999, 5.560042381286621, 2.2097017765045166, 4.028860569000244, 5.8160834312438965, 6.514371395111084, 4.032500743865967, 3.6145219802856445, 11.867849349975586, 4.880709648132324, 6.344969272613525, 3.9945340156555176, 5.39816951751709, 8.982980728149414, 6.040156364440918, 6.323121547698975, 6.502504348754883, 9.225380897521973, 5.622277736663818, 6.227190971374512, 6.943047046661377, 10.323101997375488, 5.938243389129639, 4.403066635131836, 5.2253875732421875, 6.502338409423828, 6.394269943237305, 9.920705795288086, 6.6045918464660645, 4.400478363037109, 8.34930419921875, 6.142785549163818, 5.69166374206543, 9.206592559814453, 8.56490421295166, 6.4926323890686035, 4.3885884284973145, 5.782680511474609, 6.99938440322876, 5.082676887512207, 4.32133150100708, 5.399203777313232, 5.4854326248168945, 6.482408046722412, 6.252685070037842, 5.599775791168213, 9.660470962524414, 6.147702217102051, 5.598637580871582, 4.487926959991455, 6.124451160430908, 5.186540603637695, 5.888743877410889, 7.064455509185791, 6.419361591339111, 5.221701145172119, 5.734232425689697, 6.928179740905762, 5.215899467468262, 5.581834316253662, 9.219925880432129, 6.256199836730957, 5.636855602264404, 3.9500722885131836, 5.158750534057617, 6.883917331695557, 3.801361083984375, 5.054202556610107, 5.108983993530273, 6.415233612060547, 5.73369026184082, 3.130603790283203, 6.507715702056885, 5.847906589508057, 5.486337184906006, 9.777917861938477, 5.502533435821533, 6.5474982261657715, 9.499981880187988, 6.233143329620361, 6.974545478820801, 5.311232089996338, 7.316319465637207, 6.471155643463135, 8.139578819274902, 4.341708183288574, 5.159677505493164, 9.107488632202148, 3.7738137245178223, 6.267378330230713, 6.369112968444824, 6.240401744842529, 6.154484272003174, 5.600187301635742, 6.440817356109619, 5.12033748626709, 5.2565131187438965, 6.7749714851379395, 5.989250183105469, 5.598031997680664, 6.6738739013671875, 6.617182731628418, 4.945256233215332, 5.229639530181885, 4.161323070526123, 4.209275722503662, 6.672773838043213, 5.4583353996276855, 7.099698066711426, 6.123291492462158, 5.971011161804199, 4.337495803833008, 6.523935794830322, 2.5454142093658447, 5.149147033691406, 5.263656139373779, 5.938182830810547, 5.959689617156982, 4.301849365234375, 4.440140724182129, 6.904431343078613, 5.406911849975586, 5.1469035148620605, 6.777614593505859, 6.451880931854248, 4.515212535858154, 6.550547122955322, 4.104590892791748, 5.224941253662109, 5.405524730682373, 5.908660888671875, 5.841075897216797, 6.30875301361084, 3.7824583053588867, 3.888094425201416, 5.1390228271484375, 5.464645862579346, 9.572433471679688, 6.619821071624756, 6.857363700866699, 6.776002407073975, 6.530259132385254, 5.389008522033691, 5.092904567718506, 4.872894763946533, 3.9102933406829834, 5.773812770843506, 5.266207695007324, 6.9442524909973145, 9.226853370666504, 7.009709358215332, 6.598940372467041, 4.798295497894287, 8.985173225402832, 5.3415446281433105, 6.082383632659912, 9.32374382019043, 5.109007835388184, 6.6531572341918945, 6.273974895477295, 5.835073471069336, 7.142187595367432, 6.572174072265625, 5.103187561035156, 4.36034631729126, 4.962239742279053, 4.051190376281738, 9.606184005737305, 6.4412522315979, 5.177016735076904, 5.3747453689575195, 2.7093722820281982, 8.984036445617676, 3.512913227081299, 5.325686454772949, 5.385227680206299, 3.389662504196167, 6.7566914558410645, 9.434096336364746, 5.900163173675537, 4.0858635902404785, 6.099201202392578, 7.065273761749268, 5.006568431854248, 4.198152542114258, 6.662380218505859, 7.461958885192871, 10.844162940979004, 5.761129856109619, 5.1927032470703125, 3.807884693145752, 3.0563595294952393, 11.216718673706055, 5.575590133666992, 10.041139602661133, 9.796319007873535, 4.900921821594238, 5.979452133178711, 9.584431648254395, 6.158406734466553, 10.320391654968262, 5.028593063354492, 9.428647994995117, 6.017305850982666, 3.687743902206421, 9.950212478637695, 9.334686279296875, 6.665851593017578, 4.871917247772217, 6.0204243659973145, 6.12006139755249, 9.531089782714844, 4.456264972686768, 9.937432289123535, 9.682562828063965, 4.417191505432129, 9.514415740966797, 8.98845386505127, 7.054720401763916, 6.776435852050781, 4.368367671966553, 10.317291259765625, 5.962815284729004, 4.554086685180664, 4.7128987312316895, 10.219442367553711, 5.04523229598999, 9.698994636535645, 9.000804901123047, 5.809837341308594, 6.375451564788818, 4.724405765533447, 7.087597370147705, 9.810770034790039, 10.279072761535645, 5.498977184295654, 10.250999450683594, 4.9839043617248535, 8.882580757141113, 6.527065753936768, 5.3416032791137695, 11.413176536560059, 9.387393951416016, 6.1474409103393555, 11.060553550720215, 6.967851638793945, 10.1468505859375, 9.176362037658691, 3.7689244747161865, 10.267054557800293, 10.402376174926758, 8.014267921447754, 6.847941875457764, 4.344954490661621, 11.421751022338867, 9.894525527954102, 5.80973482131958, 7.933371543884277, 10.812237739562988, 11.214981079101562, 9.145639419555664, 10.57680606842041, 4.913200855255127, 9.168992042541504, 6.4933977127075195, 10.23012638092041, 9.89648151397705, 6.2906293869018555, 5.692007541656494, 6.5430402755737305, 10.722052574157715, 7.036048889160156, 9.392069816589355, 8.910533905029297, 9.927412033081055, 4.726527214050293, 3.0039186477661133, 6.5755934715271, 6.776572227478027, 4.861361503601074, 5.101206302642822, 6.424845218658447, 6.551010608673096, 9.777227401733398, 10.440807342529297, 10.902422904968262, 9.744071960449219, 4.6536102294921875, 10.593186378479004, 10.70447826385498, 8.634560585021973, 10.390694618225098, 10.316828727722168, 10.36954402923584, 2.89896559715271, 4.799600124359131, 5.623213768005371, 4.480168342590332, 6.596638202667236, 8.658888816833496, 5.451844215393066, 10.644070625305176, 9.47277545928955, 7.714819431304932, 9.86014175415039, 9.285467147827148, 10.221076965332031, 6.954478740692139, 5.895412921905518, 9.096229553222656, 10.37562084197998, 11.075349807739258, 10.547779083251953, 5.317239761352539, 9.9588623046875, 10.602578163146973, 9.126734733581543, 9.938010215759277, 10.298927307128906, 6.170277118682861, 5.5268025398254395, 9.85920524597168, 4.342309474945068, 11.60923957824707, 11.0302095413208, 9.309582710266113, 6.620172023773193, 4.34034538269043, 5.50117301940918, 6.855377674102783, 9.164249420166016, 5.023000717163086, 5.507176876068115, 10.466854095458984, 9.378500938415527, 5.4296793937683105, 11.081587791442871, 9.21744441986084, 9.451642990112305, 6.459280490875244, 10.571208953857422, 6.915286064147949, 5.807107448577881, 10.64272689819336, 11.790913581848145, 10.478511810302734, 10.281947135925293, 7.512326717376709, 10.304015159606934, 9.915956497192383, 9.52709674835205, 5.68356466293335, 10.628159523010254, 6.330915451049805, 10.548280715942383, 10.631725311279297, 6.336609840393066, 4.247939586639404, 11.060948371887207, 8.563735008239746, 11.377972602844238, 6.965329647064209, 4.684528827667236, 9.791851043701172, 6.6860833168029785, 9.880782127380371, 9.634815216064453, 4.322708606719971, 10.284839630126953, 6.477301597595215, 10.864367485046387, 6.604337692260742, 5.305728435516357, 5.036735534667969, 9.1481351852417, 9.552051544189453, 6.125911712646484, 10.124135971069336, 7.737700939178467, 4.8670148849487305, 8.830962181091309, 9.604203224182129, 4.716806411743164, 10.629450798034668, 10.282578468322754, 6.81184196472168, 3.7069406509399414, 4.952171325683594, 4.593670845031738, 10.771896362304688, 9.952349662780762, 10.036296844482422, 11.300339698791504, 5.690227031707764, 10.225272178649902, 10.673022270202637, 4.520096302032471, 9.615671157836914, 6.052806377410889, 5.61576509475708, 8.573898315429688, 4.733456134796143, 5.370793342590332, 9.222131729125977, 10.343644142150879, 7.950075149536133, 4.411928653717041, 4.943816661834717, 7.866233825683594, 11.43420696258545, 10.187885284423828, 10.446281433105469, 9.295494079589844, 7.020087718963623, 11.606781959533691, 9.867526054382324, 11.512657165527344, 10.154465675354004, 11.401616096496582, 10.27237319946289, 11.588830947875977, 7.036243438720703, 11.352141380310059, 9.293550491333008, 10.047446250915527, 9.195036888122559, 10.140822410583496, 7.242554664611816, 4.2707977294921875, 6.631190299987793, 9.889898300170898, 6.304160118103027, 9.451818466186523, 10.111035346984863, 10.684947967529297, 10.359362602233887, 9.338193893432617, 9.290552139282227, 9.952654838562012, 6.020839691162109, 9.938400268554688, 5.251436710357666, 8.36154842376709, 6.25455379486084, 7.041507720947266, 7.656312465667725, 9.150775909423828, 9.207849502563477, 10.835037231445312, 9.228262901306152, 10.080329895019531, 10.155041694641113, 8.937780380249023, 6.119088172912598, 9.217730522155762, 10.500207901000977, 5.298811435699463, 9.148894309997559, 5.858644485473633, 8.982641220092773, 5.762884616851807, 10.0823392868042, 6.219203948974609, 10.776740074157715, 6.611765384674072, 5.36067008972168, 5.443989276885986, 11.44849681854248, 10.123147964477539, 6.713559627532959, 9.848134994506836, 7.180139064788818, 7.425591945648193, 10.221940994262695, 9.389815330505371, 7.041513442993164, 3.1726067066192627, 4.466623306274414, 4.164375305175781, 10.861766815185547, 10.683265686035156, 11.026870727539062, 9.914607048034668, 10.952505111694336, 11.316943168640137, 5.9959516525268555, 6.6203694343566895, 5.786524772644043, 7.224844932556152, 6.434156894683838, 5.976105690002441, 10.486860275268555, 10.997026443481445, 7.186497211456299, 9.659119606018066, 11.11444091796875, 6.496669292449951, 9.890253067016602, 5.6404900550842285, 5.581696510314941, 4.799139022827148, 10.997820854187012, 6.692759990692139, 10.757516860961914, 11.16854476928711, 4.821490287780762, 5.762531757354736, 5.418553352355957, 5.429481029510498, 5.530170440673828, 7.004627227783203, 6.894386291503906, 9.366731643676758, 3.4956891536712646, 3.8674659729003906, 9.519769668579102, 5.190343379974365, 6.496243000030518, 5.762499809265137, 6.292050838470459, 4.490955352783203, 9.766329765319824, 7.01436185836792, 5.1512370109558105, 3.838301658630371, 6.875083923339844, 9.762178421020508, 6.263312816619873, 6.0247392654418945, 5.251255989074707, 5.2137274742126465, 6.607295036315918, 5.318980693817139, 9.783884048461914, 6.011514663696289, 5.77503776550293, 4.1383256912231445, 5.739670753479004, 6.167912483215332, 6.114688396453857, 4.80639123916626, 7.340102195739746, 3.487337827682495, 6.063624858856201, 6.014681816101074, 5.183033466339111, 4.257970809936523, 6.057746410369873, 9.604508399963379, 5.192373275756836, 5.6479926109313965, 5.285635948181152, 8.697071075439453, 4.469799518585205, 5.67994499206543, 6.071718692779541, 4.757159233093262, 8.829913139343262, 6.429474353790283, 8.639006614685059, 9.630077362060547, 5.512530326843262, 5.703568935394287, 9.953544616699219, 8.502917289733887, 9.788636207580566, 4.776276111602783, 5.691715240478516, 6.47025728225708, 5.576301574707031, 8.987396240234375, 5.597985744476318, 10.49502182006836, 10.305718421936035, 10.033032417297363, 9.726580619812012, 4.179959297180176, 6.2516984939575195, 8.130598068237305, 5.756101131439209, 9.885841369628906, 5.157711505889893, 3.889214038848877, 10.125073432922363, 8.95390510559082, 4.846926212310791, 8.563149452209473, 7.014191150665283, 6.3549041748046875, 5.437911510467529, 9.291248321533203, 10.52910041809082, 5.418746471405029, 9.014974594116211, 5.6919379234313965, 4.6074604988098145, 7.566941261291504, 5.620368957519531, 5.564694881439209, 6.486107349395752, 9.895408630371094, 10.275984764099121, 5.463775157928467, 3.583505392074585, 7.96027946472168, 4.456384181976318, 6.29677677154541, 6.1289801597595215, 6.096060276031494, 5.541398048400879, 5.292760372161865, 6.133049488067627, 6.688842296600342, 9.286436080932617, 5.739062786102295, 5.942124843597412, 4.530531406402588, 5.883843898773193, 6.151924133300781, 5.60586404800415, 7.3117451667785645, 8.464563369750977, 5.873415946960449, 3.22506046295166, 6.330438613891602, 8.416143417358398, 6.580483436584473, 8.340058326721191, 6.407751560211182, 5.499293327331543, 5.673986434936523, 3.825228691101074, 7.16788911819458, 5.503546237945557, 6.745093822479248, 5.5397419929504395, 6.8843255043029785, 6.079719066619873, 9.344139099121094, 5.367371559143066, 5.5673933029174805, 10.377388000488281, 5.106448173522949, 5.570865154266357, 6.3637213706970215, 5.273212432861328, 9.00235652923584, 5.658285617828369, 8.404976844787598, 6.105625152587891, 7.658225059509277, 4.421789646148682, 6.648019313812256, 6.7324957847595215, 8.485535621643066, 5.166319370269775, 5.309615612030029, 6.8375020027160645, 4.4377312660217285, 7.073606014251709, 5.566157817840576, 3.137779712677002, 4.057300090789795, 5.649379730224609, 5.196676254272461, 9.35579776763916, 7.509860038757324, 2.9210023880004883, 6.616539001464844, 5.011741638183594, 6.055193901062012, 5.807931900024414, 6.488044738769531, 6.281289100646973, 6.149627208709717, 4.626694679260254, 5.642919540405273, 5.740346431732178, 6.731128215789795, 5.0761399269104, 5.424561023712158, 4.333258152008057, 6.3225603103637695, 6.875792980194092, 4.984266757965088, 8.08211898803711, 6.897958755493164, 1.8426259756088257, 7.880298137664795, 7.330414772033691, 5.781462669372559, 4.8906965255737305, 7.1964898109436035, 6.132023334503174, 5.15120792388916, 5.735487937927246, 5.754697322845459, 6.435810565948486, 9.121302604675293, 5.74698543548584, 8.052077293395996, 6.357377529144287, 6.9771575927734375, 5.887393474578857, 8.267597198486328, 8.204154014587402, 10.289525985717773, 8.08310317993164, 8.955023765563965, 9.955794334411621, 9.27863597869873, 6.714017391204834, 8.593504905700684, 8.995562553405762, 11.599154472351074, 10.999432563781738, 9.79776382446289, 8.049714088439941, 7.506556987762451, 9.121760368347168, 8.92534065246582, 8.475037574768066, 8.167112350463867, 7.171008586883545, 9.110591888427734, 10.988785743713379, 9.129979133605957, 8.216802597045898, 8.917024612426758, 8.411700248718262, 9.437858581542969, 8.492584228515625, 8.24023151397705, 8.28593635559082, 8.006425857543945, 9.408780097961426, 10.254561424255371, 8.290152549743652, 8.563329696655273, 11.372945785522461, 7.790979862213135, 9.091686248779297, 8.179412841796875, 9.964828491210938, 7.601830959320068, 8.06892204284668, 9.030255317687988, 10.658099174499512, 8.641945838928223, 8.375332832336426, 7.707801342010498, 9.164301872253418, 8.79825210571289, 8.249247550964355, 11.363591194152832, 6.6016693115234375, 7.793564796447754, 8.64460563659668, 8.188324928283691, 10.138895034790039, 7.018531799316406, 8.334843635559082, 9.683639526367188, 7.973720550537109, 10.399384498596191, 9.259418487548828, 7.731450080871582, 8.473830223083496, 8.236930847167969, 9.013696670532227, 9.53526782989502, 7.7132463455200195, 9.215253829956055, 8.427512168884277, 8.087801933288574, 9.722417831420898, 8.770489692687988, 8.160933494567871, 8.899412155151367, 8.971844673156738, 8.724196434020996, 8.873878479003906, 7.756654739379883, 6.4032135009765625, 7.808680057525635, 8.831684112548828, 6.860194683074951, 8.16427230834961, 10.801746368408203, 9.101256370544434, 10.948662757873535, 10.247197151184082, 8.214309692382812, 7.812460899353027, 7.121856689453125, 9.404206275939941, 7.622272968292236, 10.721640586853027, 7.695817947387695, 8.072928428649902, 10.479813575744629, 10.894428253173828, 9.440107345581055, 11.254067420959473, 9.3638334274292, 9.500046730041504, 5.186995506286621, 9.026660919189453, 9.67262077331543, 8.964308738708496, 9.2951078414917, 9.222498893737793, 4.407968997955322, 9.078268051147461, 5.712027549743652, 3.718905210494995, 5.48477840423584, 9.703125, 6.378808975219727, 7.390342712402344, 5.852598190307617, 6.3952717781066895, 6.466394424438477, 6.434251308441162, 6.306105613708496, 8.18078899383545, 4.462989807128906, 5.863913059234619, 6.6243367195129395, 4.573694229125977, 4.916694641113281, 5.321138381958008, 8.467558860778809, 4.902643203735352, 6.078569412231445, 4.220236778259277, 4.5679850578308105, 10.559544563293457, 5.486983299255371, 7.026909351348877, 4.403566837310791, 9.09793758392334, 9.30449390411377, 6.072844982147217, 5.638195514678955, 5.713298797607422, 6.588622093200684, 9.137258529663086, 6.199405193328857, 5.130006313323975, 5.228621006011963, 6.256495475769043, 6.137847900390625, 9.11572551727295, 8.196985244750977, 10.416447639465332, 4.972646236419678, 7.8545308113098145, 6.123020172119141, 4.324880599975586, 5.170032978057861, 6.335488319396973, 5.49110746383667, 4.0048909187316895, 4.782320976257324, 5.3916497230529785, 6.802444934844971, 5.709179401397705, 5.215485095977783, 5.7596435546875, 5.054001808166504, 9.830063819885254, 6.095511436462402, 5.096704006195068, 9.313594818115234, 3.1788699626922607, 3.4384448528289795, 4.299489974975586, 8.802295684814453, 5.067605972290039, 6.044922351837158, 6.186108589172363, 6.0546345710754395, 6.376308441162109, 5.961458206176758, 8.893950462341309, 5.191781520843506, 5.194589614868164, 4.4938201904296875, 9.633365631103516, 6.2171831130981445, 5.457641124725342, 5.128661155700684, 5.663503170013428, 4.286014556884766, 6.199591159820557, 6.0954413414001465, 8.232016563415527, 5.6640801429748535, 3.5919387340545654, 5.9520087242126465, 5.429590225219727, 8.417247772216797, 10.0464448928833, 10.903209686279297, 5.0662641525268555, 4.180091857910156, 5.690896987915039, 5.974832057952881, 6.025755405426025, 4.957878112792969, 7.709035396575928, 6.0312042236328125, 4.482147216796875, 5.668593406677246, 9.542281150817871, 5.1590681076049805, 5.1400322914123535, 6.753248691558838, 6.849593639373779, 8.006617546081543, 9.613832473754883, 6.5714311599731445, 5.800400257110596, 4.011373996734619, 6.513300895690918, 3.7863552570343018, 6.713204383850098, 9.903799057006836, 6.365236282348633, 6.4028520584106445, 9.452886581420898, 3.6811962127685547, 7.019842624664307, 3.5577902793884277, 6.1122565269470215, 5.060667991638184, 5.174203395843506, 6.781546592712402, 5.683461666107178, 4.305156230926514, 6.041631698608398, 6.471181392669678, 4.369965553283691, 5.784694194793701, 4.941342353820801, 5.165655136108398, 5.939717769622803, 3.4903974533081055, 6.2862935066223145, 6.270567893981934, 6.041474342346191, 3.0044407844543457, 6.542362213134766, 6.886175155639648, 6.245737552642822, 6.175807952880859, 4.112187385559082, 6.748460292816162, 6.122830867767334, 5.669216632843018, 5.807868480682373, 6.348832130432129, 5.737556457519531, 6.543181419372559, 4.046367645263672, 6.138585090637207, 7.402223110198975, 4.105136871337891, 10.218033790588379, 7.79263162612915, 9.781617164611816, 7.677364826202393, 6.638495445251465, 6.353232383728027, 5.912736415863037, 8.597075462341309, 5.921053409576416, 6.237120628356934, 6.340158939361572, 2.718963146209717, 3.958765983581543, 4.952829360961914, 6.51210880279541, 3.7691588401794434, 5.394664764404297, 10.089675903320312, 6.021236896514893, 6.9490885734558105, 3.8504085540771484, 9.091483116149902, 9.535303115844727, 2.952343463897705, 4.532915115356445, 5.795185565948486, 9.214231491088867, 4.65090799331665, 7.191448211669922, 9.068140983581543, 5.182886123657227, 6.579706192016602, 9.87467098236084, 5.676082134246826, 5.3970513343811035, 6.2392778396606445, 1.8439816236495972, 5.695633888244629, 5.699987888336182, 5.675755023956299, 5.163338661193848, 8.603902816772461, 5.585646629333496, 5.4578447341918945, 4.650313377380371, 5.570628643035889, 5.9050374031066895, 5.748715877532959, 5.316641807556152, 4.605218887329102, 6.946675777435303, 9.49852180480957, 4.039745330810547, 5.810445308685303, 6.504077911376953, 4.876209259033203, 6.799073696136475, 4.801458358764648, 5.819582462310791, 6.458250045776367, 6.119992733001709, 9.771646499633789, 2.156097650527954, 9.048480987548828, 6.626603603363037, 5.691278457641602, 6.678691387176514, 3.5816495418548584, 6.570550441741943, 4.667201519012451, 7.521738529205322, 4.775909423828125, 5.468066692352295, 6.926633834838867, 3.702584981918335, 4.497282028198242, 5.790704250335693, 6.95071268081665, 3.4922003746032715, 6.448130130767822, 4.69943380355835, 4.597908020019531, 6.030794620513916, 5.979170799255371, 5.146881103515625, 5.08345365524292, 5.203693389892578, 4.875000953674316, 5.994141101837158, 5.118796348571777, 5.250368118286133, 5.0952229499816895, 5.077136516571045, 9.14868450164795, 7.008072853088379, 18.383378982543945, 4.7139410972595215, 4.5163774490356445, 9.047664642333984, 11.088943481445312, 6.716569900512695, 5.58357572555542, 4.449232578277588, 6.213037490844727, 6.514777660369873, 4.032090187072754, 5.781076431274414, 4.849469184875488, 8.860753059387207, 9.271567344665527, 6.1818108558654785, 4.426424980163574, 9.847837448120117, 6.113139629364014, 6.035106182098389, 6.721487045288086, 6.745497226715088, 9.041647911071777, 4.156369209289551, 4.305330276489258, 4.8156657218933105, 8.564261436462402, 6.52832555770874, 7.161709785461426, 6.403555870056152, 10.270439147949219, 5.18234395980835, 5.459887504577637, 4.710718154907227, 4.932322025299072, 4.871696472167969, 9.446884155273438, 10.092065811157227, 4.507484436035156, 9.949501037597656, 6.817045211791992]
Cosines similarity random samples
[0.8624975681304932, 0.7821344137191772, 0.7456130981445312, 0.9162845611572266, 0.881994366645813, 0.7695131301879883, 0.7031251192092896, 0.8273453712463379, 0.7514805793762207, 0.7809034585952759, 0.87592613697052, 0.8436798453330994, 0.8488107919692993, 0.79524165391922, 0.7948738932609558, 0.8240475654602051, 0.38342592120170593, 0.8683066368103027, 0.8704686760902405, 0.7356475591659546, 0.868914008140564, 0.9322067499160767, 0.8071996569633484, 0.524337649345398, 0.9966273307800293, 0.8073764443397522, 0.7778670787811279, 0.7694904804229736, 0.8178837895393372, 0.8600587844848633, 0.9340870380401611, 0.6021304130554199, 0.8840116262435913, 0.785889744758606, 0.7526276111602783, 0.7605408430099487, 0.7413715124130249, 0.8073790073394775, 0.7414743900299072, 0.7346007823944092, 0.7646934986114502, 0.5011623501777649, 0.7124946713447571, 0.8528270721435547, 0.8467490673065186, 0.8639665842056274, 0.8396077156066895, 0.22118236124515533, 0.73189377784729, 0.8111867308616638, 0.7789444923400879, 0.8135718703269958, 0.8887758255004883, 0.5231871008872986, 0.7978386878967285, 0.8301819562911987, 0.7464069128036499, 0.7129644751548767, 0.8281865119934082, 0.7034549713134766, 0.7880652546882629, 0.8374296426773071, 0.7364195585250854, 0.5420315265655518, 0.8676494359970093, 0.7681694626808167, 0.5602896213531494, 0.8923075199127197, 0.8737995028495789, 0.5278457403182983, 0.8287591934204102, 0.8459869027137756, 0.7571560144424438, 0.7484514713287354, 0.5713399648666382, 0.8631439805030823, 0.8006612062454224, 0.7941445708274841, 0.6944371461868286, 0.7946798801422119, 0.8004449009895325, 0.892658531665802, 0.6546388268470764, 0.7499056458473206, 0.7728504538536072, 0.9030894041061401, 0.7876205444335938, 0.433566153049469, 0.433252215385437, 0.9296790361404419, 0.7734717726707458, 0.6697829961776733, 0.8242363333702087, 0.7996959686279297, 0.8055353164672852, 0.8631819486618042, 0.795950710773468, 0.7593464851379395, 0.7603138089179993, 0.7588855028152466, 0.9218090772628784, 0.8756821155548096, 0.8217076063156128, 0.7824416160583496, 0.8593060374259949, 0.791472315788269, 0.8555675745010376, 0.733303964138031, 0.7884019017219543, 0.8175932765007019, 0.7982876896858215, 0.8156842589378357, 0.841374397277832, 0.9963186979293823, 0.8074354529380798, 0.7408286333084106, 0.8308210372924805, 0.8658536076545715, 0.7356008291244507, 0.9430892467498779, 0.1457909345626831, 0.7423491477966309, 0.7782552242279053, 0.8814147114753723, 0.8353105783462524, 0.8405886888504028, 0.7998143434524536, 0.8300209641456604, 0.8634791374206543, 0.8054108023643494, 0.7907702922821045, 0.8149247169494629, 0.4293975830078125, 0.7321693897247314, 0.785948634147644, 0.8538495302200317, 0.5277504920959473, 0.8492753505706787, 0.8199100494384766, 0.823881983757019, 0.9108545184135437, 0.8174837231636047, 0.42809540033340454, 0.7877835035324097, 0.4454781413078308, 0.4425051808357239, 0.7260136604309082, 0.8185194134712219, 0.7889540195465088, 0.627906084060669, 0.8883333206176758, 0.8759303092956543, 0.9092697501182556, 0.8122563362121582, 0.8045446872711182, 0.7766340970993042, 0.9025790691375732, 0.8662927746772766, 0.7632522583007812, 0.42482149600982666, 0.8456459641456604, 0.9508070349693298, 0.7498553395271301, 0.7443039417266846, 0.7486768960952759, 0.8424826264381409, 0.8660948872566223, 0.8406318426132202, 0.8216504454612732, 0.8430700302124023, 0.6274599432945251, 0.47026413679122925, 0.7808536291122437, 0.8378779888153076, 0.7640366554260254, 0.8104062080383301, 0.7874410152435303, 0.7408295273780823, 0.7323487401008606, 0.35810112953186035, 0.7052539587020874, 0.7772895097732544, 0.8094407320022583, 0.7988224029541016, 0.9155118465423584, 0.7871582508087158, 0.8960000276565552, 0.8504331111907959, 0.8414404392242432, 0.8121559619903564, 0.7682141661643982, 0.826195240020752, 0.7659896612167358, 0.9036964178085327, 0.8473965525627136, 0.4458770453929901, 0.7337518334388733, 0.8722752332687378, 0.8006357550621033, 0.7336013317108154, 0.8418731689453125, 0.8891627192497253, 0.7634965181350708, 0.7719205617904663, 0.09135228395462036, 0.7763320803642273, 0.6066620945930481, 0.7795213460922241, 0.2577110826969147, 0.8999418616294861, 0.8906288743019104, 0.8288683891296387, 0.8561046123504639, 0.876427173614502, 0.7689224481582642, 0.8264931440353394, 0.7281936407089233, 0.39389750361442566, 0.9188153743743896, 0.6546577215194702, 0.7313896417617798, 0.4191868007183075, 0.5782347917556763, 0.7472257614135742, 0.8374192118644714, 0.7742196917533875, 0.8926742076873779, 0.4733051061630249, 0.15529564023017883, 0.8089399337768555, 0.9124340415000916, 0.7849467992782593, 0.8818243145942688, 0.785610020160675, 0.7631428241729736, 0.8143451809883118, 0.9047037959098816, 0.7683010101318359, 0.7748642563819885, 0.8791364431381226, 0.7468695640563965, 0.8132361173629761, 0.20120078325271606, 0.8063684701919556, 0.9803880453109741, 0.7507988810539246, 0.9228881597518921, 0.8968353271484375, 0.7416484355926514, 0.896784782409668, 0.789147138595581, 0.9320046901702881, 0.8497564792633057, 0.8088957071304321, 0.7688926458358765, 0.789349377155304, 0.8688328266143799, 0.7391607761383057, 0.941590428352356, 0.793220043182373, 0.9011974334716797, 0.8375955820083618, 0.8223696947097778, 0.8894490599632263, 0.7759827375411987, 0.8382373452186584, 0.8741564750671387, 0.7817050218582153, 0.7741037011146545, 0.6419422626495361, 0.8519138693809509, 0.7015501260757446, 0.8814777135848999, 0.8483766913414001, 0.7645481824874878, 0.7703415155410767, 0.8202656507492065, 0.7440608739852905, 0.7922444343566895, 0.8237578868865967, 0.8809486627578735, 0.673866331577301, 0.7822074890136719, 0.8481048941612244, 0.7288377285003662, 0.6879055500030518, 0.7955009937286377, 0.13367237150669098, 0.7596374750137329, 0.7294681072235107, 0.586784839630127, 0.7318370938301086, 0.8029370307922363, 0.8039644360542297, 0.8713386058807373, 0.9159449338912964, 0.5637197494506836, 0.8470481038093567, 0.8308900594711304, 0.844687819480896, 0.8427838087081909, 0.8616214990615845, 0.8052505850791931, 0.31863027811050415, 0.7382862567901611, 0.7277920246124268, 0.6673862934112549, 0.779633104801178, 0.8245846033096313, 0.7191396951675415, 0.7647024393081665, 0.8436738848686218, 0.8556675910949707, 0.8501652479171753, 0.8411012291908264, 0.918306291103363, 0.8196994066238403, 0.8798477053642273, 0.8653510808944702, 0.7797015905380249, 0.8693263530731201, 0.8749021887779236, 0.7585362792015076, 0.8739114999771118, 0.8358522653579712, 0.8757748603820801, 0.8778508901596069, 0.7748255729675293, 0.7998073101043701, 0.8514764308929443, 0.7170202136039734, 0.8318910598754883, 0.856142520904541, 0.7519364356994629, 0.8533095121383667, 0.9153207540512085, 0.8726996183395386, 0.7720061540603638, 0.7838147878646851, 0.8674701452255249, 0.8436405062675476, 0.7566083669662476, 0.7776458263397217, 0.9313228726387024, 0.8762000799179077, 0.7753340005874634, 0.7936751842498779, 0.8079246878623962, 0.7625297904014587, 0.7700726985931396, 0.8726224899291992, 0.7842065095901489, 0.8694873452186584, 0.7593022584915161, 0.9298534989356995, 0.770326554775238, 0.862589418888092, 0.7416270971298218, 0.9286428093910217, 0.7175849080085754, 0.8247197270393372, 0.8859791159629822, 0.8099353313446045, 0.7813631296157837, 0.8045520782470703, 0.7384233474731445, 0.8150413036346436, -0.01953313499689102, 0.8349075317382812, 0.8102556467056274, 0.8141502141952515, 0.7401877641677856, 0.8529597520828247, 0.8032551407814026, 0.781155526638031, 0.480680912733078, 0.4644603133201599, 0.7714514136314392, 0.8120172023773193, 0.8419029712677002, 0.8654433488845825, 0.7258660793304443, 0.8481285572052002, 0.8783241510391235, 0.7732377648353577, 0.4029672145843506, 0.8893685340881348, 0.0969114601612091, 0.8658109903335571, 0.7021162509918213, 0.7406011819839478, 0.6120071411132812, 0.4354182481765747, 0.7793618440628052, 0.8501690626144409, 0.9021113514900208, 0.8486493825912476, 0.7363450527191162, 0.7706291675567627, 0.34833285212516785, 0.7676986455917358, 0.7952430248260498, 0.9300312399864197, 0.3557409644126892, 0.9333640933036804, 0.8872538805007935, 0.8688371181488037, 0.21908819675445557, 0.8178514242172241, 0.8310213088989258, 0.6443709135055542, 0.8685790300369263, 0.3754549026489258, 0.79232257604599, 0.725118100643158, 0.9097779989242554, 0.7431395649909973, 0.7342902421951294, 0.886242151260376, 0.7324274182319641, 0.8019577860832214, 0.8164709806442261, 0.9101630449295044, 0.8760964274406433, 0.7760417461395264, 0.9368439316749573, 0.8704266548156738, 0.896065890789032, 0.8782973885536194, 0.8460985422134399, 0.8790804147720337, 0.8972033262252808, 0.8093391060829163, 0.8052199482917786, 0.77411949634552, 0.8253626823425293, 0.8495578765869141, 0.7510571479797363, 0.9323465824127197, 0.7436988949775696, 0.8026807904243469, 0.8966879844665527, 0.7821354269981384, 0.862251877784729, 0.9337506294250488, 0.7153458595275879, 0.8060743808746338, 0.715884804725647, 0.7904127836227417, 0.7538006901741028, 0.43986812233924866, 0.3369795083999634, 0.7725842595100403, 0.909720242023468, 0.8470519781112671, 0.7474519610404968, 0.7812855243682861, 0.49689385294914246, 0.742983877658844, 0.7574949264526367, 0.7334373593330383, 0.8057287335395813, 0.8822019696235657, 0.782080352306366, 0.2123725265264511, 0.6889200210571289, 0.34409695863723755, 0.8568583726882935, 0.526567816734314, 0.19169452786445618, 0.800896406173706, 0.37923550605773926, 0.724838137626648, 0.8561309576034546, 0.8761681318283081, 0.7969083786010742, 0.8415185213088989, 0.40034300088882446, 0.8039296865463257, 0.7048126459121704, 0.31347644329071045, 0.8469655513763428, 0.9273636341094971, 0.8090066313743591, 0.5157786011695862, 0.7205519676208496, 0.2542199492454529, 0.7494825124740601, 0.41781455278396606, 0.8792192935943604, 0.7286814451217651, 0.9313646554946899, 0.9164255857467651, 0.9067151546478271, 0.8550446033477783, 0.33755582571029663, 0.9096048474311829, 0.7998400926589966, 0.9066546559333801, 0.7942087650299072, 0.5094544887542725, 0.9762290716171265, 0.7708393335342407, 0.8837233185768127, 0.8027130961418152, 0.8889485001564026, 0.7806625366210938, 0.878128170967102, 0.7387295961380005, 0.896477460861206, 0.7824090719223022, 0.8483301401138306, 0.848539412021637, 0.7776243686676025, 0.8670998811721802, 0.7348965406417847, 0.12774699926376343, 0.9310755133628845, 0.7384097576141357, 0.7009732723236084, 0.47174063324928284, 0.7132578492164612, 0.9114296436309814, 0.753451943397522, 0.5041534900665283, 0.1726781278848648, 0.8146722316741943, 0.8499507904052734, 0.4972437918186188, 0.8964381814002991, 0.9804967641830444, 0.8129522800445557, 0.3844441771507263, 0.7491827011108398, 0.7382533550262451, 0.7859774827957153, 0.2656390964984894, 0.8238977193832397, 0.7549760341644287, 0.8637352585792542, 0.8905186653137207, 0.7046480178833008, 0.7223082780838013, 0.004348203539848328, 0.8438059091567993, 0.7989597916603088, 0.8925925493240356, 0.7685995697975159, 0.9038187265396118, 0.747627854347229, 0.7461025714874268, 0.4444166421890259, 0.929813027381897, 0.8485996723175049, 0.896918535232544, 0.8687130212783813, 0.8240082859992981, 0.4619735777378082, 0.7703173160552979, 0.7740544080734253, 0.8221193552017212, 0.8349916338920593, 0.7657530307769775, 0.8789771199226379, 0.8473657369613647, 0.7890434265136719, 0.10771618783473969, 0.9102745652198792, 0.7602488994598389, 0.8593468070030212, 0.804611086845398, 0.8066549301147461, 0.4243142008781433, 0.11324500292539597, 0.8292719125747681, 0.7580466270446777, 0.8242052793502808, 0.8536203503608704, 0.5240299701690674, 0.8375840187072754, 0.8756241798400879, 0.40441542863845825, 0.8497939109802246, 0.7616174221038818, 0.4992787837982178, 0.8402936458587646, 0.4265572428703308, 0.808454155921936, 0.8143373131752014, 0.31964361667633057, 0.5764869451522827, 0.7849597930908203, 0.7295825481414795, 0.7471414804458618, 0.7028076648712158, 0.795249879360199, 0.827946126461029, 0.9732401371002197, 0.9091253280639648, 0.8135100603103638, 0.7583820819854736, 0.9085498452186584, 0.9265625476837158, 0.0020916685461997986, 0.8637334704399109, 0.7730984687805176, 0.9142078161239624, 0.8383610248565674, 0.44586509466171265, 0.8010146617889404, 0.7771217823028564, 0.757893979549408, 0.4524279236793518, 0.8219823837280273, 0.7748643159866333, 0.7223744988441467, 0.2642381191253662, 0.8025817275047302, 0.893025279045105, 0.8438332080841064, 0.7597672343254089, 0.7670831680297852, 0.36504843831062317, 0.7571109533309937, 0.8880053758621216, 0.5348117351531982, 0.7732430100440979, 0.8103170394897461, 0.47234219312667847, 0.5467168092727661, 0.7887049317359924, 0.8920677900314331, 0.8123835921287537, 0.7254220247268677, 0.8677698969841003, 0.8945404887199402, 0.8354663848876953, 0.829497218132019, 0.7650307416915894, 0.7704588174819946, 0.8360737562179565, 0.38953399658203125, 0.7762255072593689, 0.8430167436599731, 0.8843106627464294, 0.7908352017402649, 0.8474060297012329, 0.8164231777191162, 0.7145416140556335, 0.7611881494522095, 0.8480679988861084, 0.8063352108001709, 0.7235338091850281, 0.8461949229240417, 0.8421332836151123, 0.46098583936691284, 0.7754557132720947, 0.8177201151847839, 0.9110158681869507, 0.849022626876831, 0.7228915691375732, 0.9180667400360107, 0.8560073375701904, 0.859328031539917, 0.7847633361816406, 0.8145202398300171, 0.9448788166046143, 0.7430191040039062, 0.8132851719856262, 0.8259533643722534, 0.35322558879852295, 0.828158974647522, 0.7528946399688721, 0.303469717502594, 0.7817105054855347, 0.7239631414413452, 0.839880108833313, 0.6852396726608276, 0.7650773525238037, 0.6027898788452148, 0.8918852210044861, 0.8475087285041809, 0.4559301733970642, 0.9227265119552612, 0.7745388746261597, 0.7738620042800903, 0.7775859832763672, 0.77913498878479, 0.8217765092849731, 0.7658658027648926, 0.8554482460021973, 0.8385744094848633, 0.7371786832809448, 0.7966013550758362, 0.8442643284797668, 0.7489854097366333, 0.7551741003990173, 0.8742491006851196, 0.8433117866516113, 0.900531530380249, 0.900760293006897, 0.7391482591629028, 0.8275818228721619, 0.700687050819397, 0.785955548286438, 0.8009629249572754, 0.8912478685379028, 0.7575513124465942, 0.9639669060707092, 0.8493232131004333, 0.8404257297515869, 0.8002848625183105, 0.7950854897499084, 0.8930502533912659, 0.8873789310455322, 0.7114891409873962, 0.8336596488952637, 0.8484617471694946, 0.7579286694526672, 0.7781350612640381, 0.8847841024398804, 0.7311709523200989, 0.904893159866333, 0.8439555168151855, 0.83286452293396, 0.799099326133728, 0.8073327541351318, 0.7605984210968018, 0.9192949533462524, 0.9143408536911011, 0.847808837890625, 0.8215539455413818, 0.3927682936191559, 0.7487530708312988, 0.7206841707229614, 0.7399913668632507, 0.7525517344474792, 0.8345412611961365, 0.8505810499191284, 0.8641597032546997, 0.9196016788482666, 0.8105794191360474, 0.8403507471084595, 0.7219491004943848, 0.45449399948120117, 0.7497413754463196, 0.7533334493637085, 0.8692868947982788, 0.48908746242523193, 0.8323621153831482, 0.7854102849960327, 0.4528956413269043, 0.8507373332977295, 0.7518996596336365, 0.7737250328063965, 0.8062079548835754, 0.708759069442749, 0.7530779838562012, 0.8538816571235657, 0.892280638217926, 0.8594421148300171, 0.9080372452735901, 0.3947766423225403, 0.7670163512229919, 0.8476005792617798, 0.8358297348022461, 0.9590427279472351, 0.4412129521369934, 0.9311178922653198, 0.8384371995925903, 0.8385752439498901, 0.9354403614997864, 0.7418272495269775, 0.41555255651474, 0.813003420829773, 0.9064449667930603, 0.7861427068710327, 0.7171550393104553, 0.8560844659805298, 0.898678719997406, 0.7459214925765991, 0.6266090869903564, 0.14891156554222107, 0.8261988162994385, 0.8488340973854065, 0.9179459810256958, 0.9478346705436707, 0.11904411017894745, 0.8238860368728638, 0.30148404836654663, 0.3817821741104126, 0.8641420602798462, 0.7943117022514343, 0.3186292052268982, 0.7821816802024841, 0.328690767288208, 0.856403112411499, 0.41269099712371826, 0.7850136756896973, 0.9231000542640686, 0.33614933490753174, 0.4228842854499817, 0.7520049810409546, 0.864007830619812, 0.7902339696884155, 0.7827519774436951, 0.33990615606307983, 0.8879518508911133, 0.39409124851226807, 0.310028612613678, 0.888211727142334, 0.4388081729412079, 0.5148284435272217, 0.7159397602081299, 0.7403624653816223, 0.8923633098602295, 0.33510130643844604, 0.799280047416687, 0.8834531307220459, 0.8701832294464111, 0.2725384831428528, 0.8587485551834106, 0.3065669536590576, 0.5056556463241577, 0.8003933429718018, 0.773139238357544, 0.8713085055351257, 0.7035860419273376, 0.3795660138130188, 0.23538145422935486, 0.8258593082427979, 0.20673900842666626, 0.8601611852645874, 0.5181012153625488, 0.7606505155563354, 0.8398803472518921, 0.14037665724754333, 0.4471266269683838, 0.7920404672622681, 0.21164129674434662, 0.7273107171058655, 0.30727511644363403, 0.5253182649612427, 0.919966995716095, 0.3256702721118927, 0.24618424475193024, 0.6017732620239258, 0.7396836280822754, 0.8939123153686523, 0.09586069732904434, 0.3584662079811096, 0.8084303140640259, 0.6077428460121155, 0.16270726919174194, 0.09815651178359985, 0.4259006977081299, 0.26330459117889404, 0.8578428030014038, 0.4251440167427063, 0.7571637630462646, 0.26649656891822815, 0.3947117030620575, 0.7689438462257385, 0.820930004119873, 0.7374274730682373, 0.22032225131988525, 0.7239350080490112, 0.36632591485977173, 0.5005788803100586, 0.39149919152259827, 0.8749873042106628, 0.9497672319412231, 0.7585420608520508, 0.7412679195404053, 0.8673489093780518, 0.8662249445915222, 0.7579890489578247, 0.7587900161743164, 0.42129260301589966, 0.21479779481887817, 0.1716398298740387, 0.3907397985458374, 0.877869725227356, 0.2570161819458008, 0.16820721328258514, 0.49141305685043335, 0.2724466025829315, 0.2396550178527832, 0.23837868869304657, 0.9535382390022278, 0.8691194653511047, 0.8128793835639954, 0.8874198198318481, 0.7480863332748413, 0.535418689250946, 0.8360897898674011, 0.31087470054626465, 0.44068557024002075, 0.641584038734436, 0.3949562907218933, 0.4469759464263916, 0.22599560022354126, 0.7098771333694458, 0.8007488250732422, 0.5000854730606079, 0.24716991186141968, 0.14158441126346588, 0.21905021369457245, 0.8424115180969238, 0.38690346479415894, 0.245599165558815, 0.4642261266708374, 0.34375885128974915, 0.28443270921707153, 0.7787002325057983, 0.8195220232009888, 0.2836807072162628, 0.8929184675216675, 0.08075886964797974, 0.17838943004608154, 0.4493374824523926, 0.7225021123886108, 0.9006815552711487, 0.8344060778617859, 0.7192822098731995, 0.44478973746299744, 0.8537369966506958, 0.819005012512207, 0.2404891848564148, 0.3604428172111511, 0.8264643549919128, 0.145116925239563, 0.415916383266449, 0.4261082410812378, 0.7606391310691833, 0.2080511450767517, 0.7267792224884033, 0.8057206869125366, 0.25322413444519043, 0.09661169350147247, 0.29825377464294434, 0.2130344808101654, 0.6195371150970459, 0.3146706819534302, 0.2977653741836548, 0.4036628007888794, 0.8111536502838135, 0.25951236486434937, 0.7617195844650269, 0.2838096022605896, 0.2279931604862213, 0.7817683815956116, 0.8958855867385864, 0.21985647082328796, 0.5202088356018066, 0.11851177364587784, 0.6855343580245972, 0.8737287521362305, 0.4083636403083801, 0.7148241400718689, 0.37510234117507935, 0.43220284581184387, 0.8928292393684387, 0.31061726808547974, 0.75590980052948, 0.2357657253742218, 0.7549116611480713, 0.8368589282035828, 0.8527132868766785, 0.48539626598358154, 0.3266037702560425, 0.7860376238822937, 0.2878049910068512, 0.624317467212677, 0.8656975030899048, 0.48246169090270996, 0.425861656665802, 0.8737764358520508, 0.2541055381298065, 0.23954392969608307, 0.7201642990112305, 0.9222795963287354, 0.861107349395752, 0.8851580023765564, 0.23741629719734192, 0.3567921221256256, 0.2452828288078308, 0.1374712884426117, 0.8332388401031494, 0.20432022213935852, 0.22565363347530365, 0.882686972618103, 0.3551178574562073, 0.8055597543716431, 0.8182300329208374, 0.4701977074146271, 0.8696836233139038, 0.8287932872772217, 0.3572849929332733, 0.29815590381622314, 0.5830131769180298, 0.8871815204620361, 0.8583717346191406, 0.5833295583724976, 0.15108031034469604, 0.26554733514785767, 0.30250483751296997, 0.38424521684646606, 0.7044546008110046, 0.017931953072547913, 0.36987945437431335, 0.15258535742759705, 0.32508584856987, 0.15751005709171295, 0.2552156150341034, 0.09179915487766266, 0.7013381123542786, 0.0632452666759491, 0.4475967288017273, 0.2977340817451477, 0.4414738118648529, 0.33324646949768066, 0.7142330408096313, 0.8949973583221436, 0.7333643436431885, 0.3233034014701843, 0.7670798301696777, 0.3737730383872986, 0.29452210664749146, 0.19019001722335815, 0.32217347621917725, 0.360069215297699, 0.4526706337928772, 0.35703736543655396, 0.7787367105484009, 0.36145851016044617, 0.8461403846740723, 0.5004845261573792, 0.7569382786750793, 0.6797734498977661, 0.6279230713844299, 0.4403170943260193, 0.4511086940765381, 0.14837589859962463, 0.3902965188026428, 0.3452785611152649, 0.33323949575424194, 0.46289652585983276, 0.7770020961761475, 0.4560648202896118, 0.2634417414665222, 0.8344061970710754, 0.3997251093387604, 0.7936429381370544, 0.5024316310882568, 0.8185052871704102, 0.33995869755744934, 0.7609588503837585, 0.2295835316181183, 0.7295618057250977, 0.8305150866508484, 0.8348396420478821, 0.1287839710712433, 0.2596759498119354, 0.7290000915527344, 0.3326614499092102, 0.6908601522445679, 0.6554794311523438, 0.28614068031311035, 0.4359002411365509, 0.7008907794952393, 0.9439389705657959, 0.8845421075820923, 0.9001507759094238, 0.21936611831188202, 0.2526164650917053, 0.12200133502483368, 0.29535168409347534, 0.17880243062973022, 0.15041983127593994, 0.7788971662521362, 0.7400426864624023, 0.800915002822876, 0.6770583391189575, 0.7582094669342041, 0.7822843194007874, 0.3051924705505371, 0.21290223300457, 0.6690605282783508, 0.2927977442741394, 0.22100721299648285, 0.7400718331336975, 0.33029550313949585, 0.8078416585922241, 0.8128533363342285, 0.8651496767997742, 0.1384095847606659, 0.7358090281486511, 0.23594263195991516, 0.11584648489952087, 0.8678948879241943, 0.8121449947357178, 0.8327871561050415, 0.8305941820144653, 0.8237439393997192, 0.6829757690429688, 0.7287154197692871, 0.44727498292922974, 0.9308959245681763, 0.9145574569702148, 0.44511139392852783, 0.8496311902999878, 0.7538851499557495, 0.8010298013687134, 0.768600344657898, 0.8830475807189941, 0.42621511220932007, 0.733524739742279, 0.8479969501495361, 0.9164215326309204, 0.7330499291419983, 0.410764217376709, 0.7678512334823608, 0.796090841293335, 0.8533435463905334, 0.8528382778167725, 0.7548730373382568, 0.8401687145233154, 0.37337106466293335, 0.8033245205879211, 0.8015561103820801, 0.9037132859230042, 0.8128684759140015, 0.7825281023979187, 0.7875007390975952, 0.8663428425788879, 0.6615697145462036, 0.9312921762466431, 0.8075703382492065, 0.7952369451522827, 0.8453031778335571, 0.898003876209259, 0.8212084174156189, 0.45005732774734497, 0.8423723578453064, 0.8078754544258118, 0.8378500938415527, 0.5196904540061951, 0.8840111494064331, 0.8150423169136047, 0.798673152923584, 0.8677488565444946, 0.49908074736595154, 0.7483276128768921, 0.5325931906700134, 0.4263021945953369, 0.8286769390106201, 0.8120145797729492, 0.3903001844882965, 0.5964211225509644, 0.40183424949645996, 0.8719366788864136, 0.8148324489593506, 0.7615771889686584, 0.8240679502487183, 0.4703647792339325, 0.8127977848052979, 0.27178478240966797, 0.3114522099494934, 0.38730588555336, 0.4641212522983551, 0.8998484015464783, 0.7768428921699524, 0.5812684893608093, 0.8109536170959473, 0.40780988335609436, 0.8462734222412109, 0.9140802621841431, 0.3928842544555664, 0.5223356485366821, 0.879304051399231, 0.5244330763816833, 0.7093416452407837, 0.7658181190490723, 0.8329731225967407, 0.484136700630188, 0.2980736494064331, 0.833008885383606, 0.4284575879573822, 0.8078212141990662, 0.8771666288375854, 0.6598496437072754, 0.8200778365135193, 0.8235461711883545, 0.753288745880127, 0.3985348641872406, 0.38210123777389526, 0.827470064163208, 0.9275107383728027, 0.6147222518920898, 0.9023723602294922, 0.7862773537635803, 0.7927731871604919, 0.800096333026886, 0.8395769000053406, 0.8469486236572266, 0.8088322877883911, 0.7425233721733093, 0.5383122563362122, 0.8042405843734741, 0.8045313358306885, 0.892973005771637, 0.8254420161247253, 0.7705450654029846, 0.8323876857757568, 0.6666978001594543, 0.5976001024246216, 0.8252434730529785, 0.9495548605918884, 0.750862717628479, 0.5519071817398071, 0.7423014640808105, 0.5491654872894287, 0.7753149271011353, 0.8422858715057373, 0.8230223059654236, 0.9279123544692993, 0.678329586982727, 0.8325856328010559, 0.7730456590652466, 0.8313519954681396, 0.7031605243682861, 0.7887128591537476, 0.5538016557693481, 0.8332535028457642, 0.8309715390205383, 0.2667439877986908, 0.8489068746566772, 0.8480076193809509, 0.7962605953216553, 0.8543081283569336, 0.43518778681755066, 0.8231369853019714, 0.5514941215515137, 0.7745891809463501, 0.6419344544410706, 0.9031343460083008, 0.7584177851676941, 0.7589923143386841, 0.6401292085647583, 0.8483063578605652, 0.8626668453216553, 0.762578010559082, 0.8857487440109253, 0.7267841100692749, 0.8444192409515381, 0.9471973180770874, 0.906211256980896, 0.8405647277832031, 0.8524481058120728, 0.4052745997905731, 0.6525166034698486, 0.9546473026275635, 0.749821662902832, 0.8770235776901245, 0.7938064336776733, 0.8193240761756897, 0.808134138584137, 0.7867881655693054, 0.7852644920349121, 0.8941448926925659, 0.8242847919464111, 0.8174771070480347, 0.740134596824646, 0.8543401956558228, 0.8234493732452393, 0.8956416845321655, 0.8103917837142944, 0.7337234020233154, 0.8729686141014099, 0.5667816400527954, 0.7824159264564514, 0.9858598709106445, 0.5866556763648987, 0.7358518838882446, 0.8321308493614197, 0.8633161783218384, 0.7337554097175598, 0.8109714984893799, 0.8630966544151306, 0.8493481874465942, 0.8178094625473022, 0.7743430137634277, 0.5871275663375854, 0.8204506635665894, 0.5649824142456055, 0.7758108973503113, 0.7213927507400513, 0.817105770111084, 0.5873347520828247, 0.573822021484375, 0.32999441027641296, 0.5727989673614502, 0.5009172558784485, 0.5576531887054443, 0.48760682344436646, 0.7432409524917603, 0.5547200441360474, 0.503862738609314, 0.08087992668151855, 0.22696173191070557, 0.4108982980251312, 0.5868370532989502, 0.6719734072685242, 0.5483185648918152, 0.5060229301452637, 0.5722482204437256, 0.5923956632614136, 0.6759445667266846, 0.5400155782699585, 0.2386632263660431, 0.45218533277511597, 0.6176091432571411, 0.47408801317214966, 0.5319517254829407, 0.47220033407211304, 0.5657843351364136, 0.6045525670051575, 0.5885946154594421, 0.646742582321167, 0.4077306389808655, 0.392599493265152, 0.5521972179412842, 0.530570924282074, 0.16517609357833862, 0.6443349719047546, 0.5626344680786133, 0.5654120445251465, 0.30320441722869873, 0.6408489942550659, 0.6029475331306458, 0.4860899746417999, 0.2724488377571106, 0.5662378668785095, 0.6123406887054443, 0.6402891874313354, 0.49992281198501587, 0.5015130043029785, 0.569096565246582, 0.1630432903766632, 0.7570439577102661, 0.6154271364212036, 0.581956148147583, 0.6255730390548706, 0.5190322995185852, 0.7373017072677612, 0.5642211437225342, 0.4409262239933014, 0.6171644926071167, 0.42413634061813354, 0.4556097388267517, 0.687793493270874, 0.5432924032211304, 0.5665758848190308, 0.501606822013855, 0.3580273687839508, 0.6453619599342346, 0.5860795974731445, 0.5578994154930115, 0.6100013256072998, 0.41243070363998413, 0.5073404312133789, 0.5642220973968506, 0.5724925994873047, 0.4215482175350189, 0.5311402082443237, 0.509026288986206, 0.633432149887085, 0.768950343132019, 0.6347168684005737, 0.5986151099205017, 0.7196539044380188, 0.6405553817749023, 0.21983672678470612, 0.580845832824707, 0.2263280749320984, 0.2713037431240082, 0.6158152222633362, 0.621145486831665, 0.6808786392211914, 0.5217546224594116, 0.6264432072639465, 0.21429648995399475, 0.6579761505126953, 0.581335723400116, 0.21020671725273132, 0.2501812279224396, 0.4285726249217987, 0.1534988433122635, 0.43467700481414795, 0.39956220984458923, 0.8520382046699524, 0.5306936502456665, 0.3858470916748047, 0.5063038468360901, 0.4631321132183075, 0.43837034702301025, 0.8933327198028564, 0.533420979976654, 0.8121142387390137, 0.9236706495285034, 0.8354437351226807, 0.38284462690353394, 0.7774875164031982, 0.6990770697593689, 0.8160310387611389, 0.7738255262374878, 0.7656810879707336, 0.7764410376548767, 0.7871056795120239, 0.5926951169967651, 0.8906148076057434, 0.8037420511245728, 0.7615739107131958, 0.8834871053695679, 0.8663883209228516, 0.8392226696014404, 0.5764001607894897, 0.8627448678016663, 0.7935231328010559, 0.8990694284439087, 0.8948909640312195, 0.3191520869731903, 0.829443097114563, 0.7732480764389038, 0.8974059224128723, 0.5205296874046326, 0.5100975036621094, 0.7837463021278381, 0.8263359665870667, 0.8158633708953857, 0.758195698261261, 0.48627105355262756, 0.7888104319572449, 0.8443978428840637, 0.8531607389450073, 0.7738509178161621, 0.819020688533783, 0.5197482109069824, 0.6315693855285645, 0.3844113349914551, 0.8679856657981873, 0.6433553695678711, 0.793371319770813, 0.8959747552871704, 0.8575129508972168, 0.8040945529937744, 0.834333062171936, 0.9081278443336487, 0.8863996267318726, 0.8359470963478088, 0.744820237159729, 0.8132396936416626, 0.8439178466796875, 0.8183914422988892, 0.861185610294342, 0.44060462713241577, 0.7934799790382385, 0.8588799238204956, 0.4799429178237915, 0.9435001611709595, 0.9353624582290649, 0.8978970050811768, 0.4785556495189667, 0.8498376607894897, 0.7809387445449829, 0.8237019777297974, 0.7980169057846069, 0.7784547805786133, 0.8057655692100525, 0.5406636595726013, 0.8528404235839844, 0.8532035946846008, 0.8837848901748657, 0.45598188042640686, 0.7838514447212219, 0.8282649517059326, 0.8546340465545654, 0.8412942886352539, 0.8983670473098755, 0.7808102965354919, 0.7909061312675476, 0.6081501841545105, 0.8251104354858398, 0.9282289743423462, 0.8054983019828796, 0.8297519087791443, 0.5126718878746033, 0.40795302391052246, 0.23284927010536194, 0.8670430183410645, 0.9081681966781616, 0.8399971723556519, 0.8216272592544556, 0.8220072984695435, 0.8788740634918213, 0.6449325084686279, 0.8157755136489868, 0.9011496901512146, 0.8381052613258362, 0.4777926206588745, 0.8513714671134949, 0.8579103946685791, 0.7765333652496338, 0.7659814357757568, 0.6604310870170593, 0.4552772641181946, 0.7743421196937561, 0.8346042633056641, 0.9192858934402466, 0.7866135835647583, 0.9314777255058289, 0.7637898325920105, 0.4508759379386902, 0.7997605800628662, 0.7938975095748901, 0.507443904876709, 0.9333308935165405, 0.7350208759307861, 0.9378331303596497, 0.8029031157493591, 0.8733148574829102, 0.8681566715240479, 0.7696664333343506, 0.8326157331466675, 0.9088878035545349, 0.810591459274292, 0.7795572280883789, 0.9014040231704712, 0.8350249528884888, 0.8907442688941956, 0.8667001724243164, 0.8258888125419617, 0.9354679584503174, 0.7898818254470825, 0.7987806797027588, 0.8181790113449097, 0.9580634236335754, 0.7961961030960083, 0.7610419988632202, 0.8022477626800537, 0.8134311437606812, 0.9098646640777588, 0.7711224555969238, 0.8240610361099243, 0.8364101648330688, 0.8260271549224854, 0.7798683643341064, 0.832731306552887, 0.7805237770080566, 0.9197166562080383, 0.810304582118988, 0.6667940616607666, 0.9211882948875427, 0.3730478286743164, 0.7555437684059143, 0.4758800268173218, 0.6495263576507568, 0.7555740475654602, 0.8096815347671509, 0.8285095691680908, 0.5866758823394775, 0.8266037702560425, 0.8081355690956116, 0.7966351509094238, 0.9658787250518799, 0.9124925136566162, 0.8784710168838501, 0.787779688835144, 0.9281759262084961, 0.8589497208595276, 0.44171300530433655, 0.8208701014518738, 0.740047037601471, 0.9240561127662659, 0.5341858863830566, 0.4488096237182617, 0.9578733444213867, 0.8964259624481201, 0.832618236541748, 0.5210111141204834, 0.8876653909683228, 0.7065284848213196, 0.5423494577407837, 0.866268515586853, 0.7888687252998352, 0.5025004148483276, 0.8392554521560669, 0.8597339987754822, 0.8089274168014526, 0.9840431213378906, 0.8609418869018555, 0.8201080560684204, 0.8212558627128601, 0.8573272228240967, 0.5420569181442261, 0.8381094336509705, 0.8348564505577087, 0.887137234210968, 0.8433288931846619, 0.8133283257484436, 0.8191978931427002, 0.8515067100524902, 0.889832079410553, 0.7395460605621338, 0.3863639533519745, 0.9135674834251404, 0.825371265411377, 0.7731400728225708, 0.8679250478744507, 0.7565501928329468, 0.8735958933830261, 0.8095483779907227, 0.7697385549545288, 0.8030576705932617, 0.38083022832870483, 0.9748128652572632, 0.46309223771095276, 0.7718205451965332, 0.8234682083129883, 0.7633228302001953, 0.9340431094169617, 0.7625051736831665, 0.8861343860626221, 0.7323675751686096, 0.8820835947990417, 0.8377715945243835, 0.7451610565185547, 0.9307961463928223, 0.88812255859375, 0.8266403675079346, 0.7424627542495728, 0.935828447341919, 0.7798699140548706, 0.8874267339706421, 0.8913856148719788, 0.7992876172065735, 0.8104296922683716, 0.8635732531547546, 0.8653630018234253, 0.8598328828811646, 0.8643948435783386, 0.8102772831916809, 0.8651195764541626, 0.8564037084579468, 0.8536151647567749, 0.8586606979370117, 0.5321277379989624, 0.7139623165130615, -0.4987645447254181, 0.8790892362594604, 0.8869971036911011, 0.4998220205307007, 0.15211263298988342, 0.752554178237915, 0.8381284475326538, 0.8908685445785522, 0.7837058305740356, 0.776686429977417, 0.9149090051651001, 0.8227862119674683, 0.8715877532958984, 0.567531943321228, 0.4727605879306793, 0.8042570352554321, 0.8999207019805908, 0.4131510555744171, 0.7764954566955566, 0.8052034974098206, 0.755813479423523, 0.768485426902771, 0.5307527780532837, 0.914998471736908, 0.9032031297683716, 0.8999429941177368, 0.5630396604537964, 0.785268247127533, 0.7215166091918945, 0.7852546572685242, 0.2301948368549347, 0.8600594997406006, 0.8459101915359497, 0.8823681473731995, 0.8719738721847534, 0.8650513291358948, 0.4846542477607727, 0.3380677103996277, 0.8894933462142944, 0.409973680973053, 0.7632161378860474]
