sample name: ['Cc1ccc(CCNC(=O)NCCc2csc(N3CCCC3)n2)c(C)c1']
atom_index,distance,cosine_similarity
0,-0.8651763916015625,0.10466456282883882
1,-1.1469915771484376,0.11232670329511166
2,-0.815533447265625,0.07690541326999664
3,-4.016448364257813,0.3929522959142923
4,0.5162347412109375,-0.066007329672575
5,0.260198974609375,-0.036134811341762545
6,-0.351943359375,0.037557636499404905
7,-0.31068603515625,0.044513870179653164
8,0.129427490234375,-0.019278869330883026
9,-6.30907958984375,0.738504819497466
10,-4.209591064453125,0.5620232702791691
11,-1.05518310546875,0.1378088279440999
12,-1.8784539794921875,0.1847752484679222
13,-0.383492431640625,0.04105919785797596
14,-0.4532879638671875,0.050125893503427506
15,0.1214300537109375,-0.019643855318427085
16,-0.529896240234375,0.014507847428321839
17,-1.74128662109375,0.14495872765779494
18,-0.139002685546875,0.038485044948756694
19,-5.066539306640625,0.5793101618811488
20,-1.3280279541015625,0.14795830905437468

Sum of phi values for distance
-29.573328857421874
Sum of phi values for cosine similarity
3.267372964844108
Average distance random samples:
7.780695027354218
Average cosine similarity random samples:
0.5063720149688777
Distances random samples
[5.620138168334961, 14.151626586914062, 4.759335517883301, 5.524019718170166, 11.222152709960938, 4.20077657699585, 16.40571403503418, 5.150052070617676, 14.145590782165527, 5.526124954223633, 15.009684562683105, 5.856648921966553, 4.054435729980469, 2.8097119331359863, 4.161562919616699, 5.1829047203063965, 10.524744987487793, 12.516951560974121, 6.601456642150879, 18.326494216918945, 3.403757333755493, 2.4146926403045654, 4.447419166564941, 4.573200702667236, 4.890758514404297, 8.8284273147583, 3.9283859729766846, 4.161742210388184, 6.111401081085205, 6.735456466674805, 5.118551731109619, 5.168180465698242, 5.471222877502441, 6.21788215637207, 17.06070327758789, 5.313785552978516, 5.040180206298828, 4.241781711578369, 4.976780414581299, 4.133005619049072, 13.344107627868652, 5.298874378204346, 18.744827270507812, 15.168876647949219, 9.53713607788086, 4.850978374481201, 4.123030185699463, 19.45327377319336, 11.044380187988281, 4.558371543884277, 4.746049880981445, 5.343760967254639, 4.897007465362549, 8.790046691894531, 3.1259260177612305, 2.8187758922576904, 5.2574381828308105, 4.922105312347412, 18.5408935546875, 16.79366111755371, 5.953388214111328, 4.31052827835083, 5.404887676239014, 16.571439743041992, 4.876543998718262, 4.0267653465271, 3.9665253162384033, 14.312248229980469, 13.090325355529785, 10.95963191986084, 5.263033390045166, 4.1912617683410645, 4.402019023895264, 2.864272356033325, 3.9376134872436523, 16.39378547668457, 5.915194511413574, 9.276761054992676, 6.34473180770874, 5.099863052368164, 4.235262870788574, 4.353918552398682, 4.249720096588135, 4.928592205047607, 4.635013103485107, 4.598624229431152, 5.12034273147583, 4.32651948928833, 4.895540714263916, 12.128382682800293, 4.3856096267700195, 4.82770299911499, 5.604274272918701, 3.0860071182250977, 5.872895240783691, 0.8579447269439697, 4.884955406188965, 5.0389814376831055, 6.102436065673828, 4.769811153411865, 6.442175388336182, 4.8911662101745605, 6.569634437561035, 4.321382522583008, 5.533191204071045, 9.420406341552734, 4.528995990753174, 6.447904586791992, 3.9179229736328125, 9.659646034240723, 9.906643867492676, 4.53111457824707, 4.495738983154297, 4.971639156341553, 5.90247917175293, 5.465023517608643, 4.7208943367004395, 5.528756618499756, 4.575290679931641, 7.989083290100098, 8.712098121643066, 5.141435146331787, 12.398698806762695, 8.868847846984863, 16.621471405029297, 4.728540897369385, 4.702317714691162, 4.709451198577881, 4.713474273681641, 3.702692985534668, 4.366457939147949, 5.132303237915039, 5.043262004852295, 9.385441780090332, 15.725213050842285, 4.071269512176514, 10.239587783813477, 17.74148941040039, 6.07002592086792, 5.679588317871094, 4.712462902069092, 10.001338005065918, 5.946292400360107, 5.385872840881348, 13.776546478271484, 14.065044403076172, 4.032921314239502, 4.544900894165039, 4.533194065093994, 6.577173709869385, 4.015087604522705, 14.73569393157959, 12.578597068786621, 4.513958930969238, 6.054689407348633, 9.64856243133545, 17.600589752197266, 12.668537139892578, 9.234159469604492, 5.267282485961914, 17.222797393798828, 10.586071968078613, 4.862545013427734, 13.308783531188965, 13.580279350280762, 5.0574822425842285, 4.803585529327393, 10.224777221679688, 3.5471351146698, 8.759328842163086, 5.097485065460205, 3.552294969558716, 4.947283744812012, 4.322962760925293, 4.577600479125977, 9.177929878234863, 9.618125915527344, 15.743274688720703, 5.667229175567627, 3.556840419769287, 1.16407310962677, 4.95350980758667, 7.947462558746338, 5.767898082733154, 16.659038543701172, 11.551309585571289, 9.32738971710205, 4.701552867889404, 6.300375461578369, 4.429271221160889, 4.4944353103637695, 3.5858891010284424, 2.123810291290283, 4.8002519607543945, 5.3178486824035645, 5.272975444793701, 4.790683269500732, 4.745882034301758, 16.099361419677734, 5.319452285766602, 7.83646297454834, 13.290830612182617, 5.36077356338501, 5.409465312957764, 8.223937034606934, 8.254955291748047, 4.450979709625244, 17.274398803710938, 4.87485408782959, 9.312639236450195, 4.295290470123291, 4.835206031799316, 9.789912223815918, 5.297660827636719, 4.791407108306885, 5.015481472015381, 5.394129276275635, 5.9717912673950195, 9.270247459411621, 13.221062660217285, 12.090845108032227, 4.658294677734375, 5.067469596862793, 8.547446250915527, 3.98016357421875, 4.355266571044922, 5.631829261779785, 13.75486946105957, 7.992151260375977, 4.793962001800537, 5.1144514083862305, 5.912630558013916, 8.538902282714844, 8.624515533447266, 3.732654571533203, 4.914074420928955, 5.16502046585083, 5.286170482635498, 3.10638427734375, 5.254672527313232, 19.33721923828125, 4.694426536560059, 9.668777465820312, 13.20872974395752, 16.911348342895508, 6.263967037200928, 4.789113521575928, 14.390074729919434, 4.289420127868652, 5.880922317504883, 17.619436264038086, 17.754653930664062, 5.635829925537109, 4.208013534545898, 3.817439079284668, 6.778001308441162, 9.953620910644531, 11.860063552856445, 4.3935346603393555, 7.57427978515625, 10.89462661743164, 4.469378471374512, 5.6750264167785645, 7.57921838760376, 8.86226749420166, 9.232474327087402, 4.682002067565918, 9.047623634338379, 13.550247192382812, 4.964657783508301, 4.89244270324707, 13.538369178771973, 5.5570597648620605, 8.802559852600098, 14.884468078613281, 4.316534519195557, 4.320080280303955, 12.709587097167969, 4.912412166595459, 4.486483573913574, 5.086796283721924, 16.119558334350586, 3.4481637477874756, 4.2937397956848145, 16.449724197387695, 12.445500373840332, 6.179682731628418, 4.2954206466674805, 4.310123920440674, 9.170110702514648, 11.653135299682617, 9.852989196777344, 5.78242301940918, 8.371712684631348, 5.121132850646973, 4.782381534576416, 3.3997440338134766, 15.696427345275879, 4.368236541748047, 13.33240032196045, 15.987154006958008, 16.649866104125977, 5.5988240242004395, 16.276775360107422, 9.756805419921875, 9.042581558227539, 13.094745635986328, 14.902509689331055, 6.074483394622803, 7.070680141448975, 15.692513465881348, 5.838561534881592, 5.486409664154053, 7.173887729644775, 12.618876457214355, 8.509537696838379, 6.892429351806641, 12.023406982421875, 6.092179298400879, 7.903100967407227, 7.686546325683594, 7.113455772399902, 17.38138771057129, 6.089270114898682, 8.649541854858398, 8.293760299682617, 9.723201751708984, 9.20766544342041, 9.378458023071289, 7.085286617279053, 6.815921783447266, 5.3787431716918945, 5.5793538093566895, 15.772642135620117, 10.038650512695312, 8.740045547485352, 8.543618202209473, 6.12955904006958, 14.395426750183105, 9.94891357421875, 10.50256633758545, 7.31506872177124, 15.501189231872559, 13.198670387268066, 12.038398742675781, 6.008800029754639, 6.876308441162109, 5.745899677276611, 11.244546890258789, 7.6401262283325195, 12.690625190734863, 17.986007690429688, 9.109511375427246, 7.525861740112305, 10.697096824645996, 16.998672485351562, 7.209887981414795, 13.276577949523926, 9.206565856933594, 6.207263946533203, 17.31669044494629, 4.923037052154541, 6.334733963012695, 6.464536190032959, 16.5310001373291, 6.580099582672119, 6.419034957885742, 14.61888313293457, 6.0180511474609375, 17.491220474243164, 9.193375587463379, 9.250819206237793, 16.572233200073242, 17.62898826599121, 17.001924514770508, 8.662315368652344, 5.462865352630615, 13.069838523864746, 5.54682731628418, 9.889145851135254, 11.075063705444336, 17.288951873779297, 17.358274459838867, 5.746354103088379, 16.967674255371094, 6.267578601837158, 15.54466438293457, 6.748970985412598, 13.035249710083008, 9.788281440734863, 18.495868682861328, 7.4251017570495605, 14.682699203491211, 16.405622482299805, 7.95762825012207, 14.83002758026123, 6.380669116973877, 6.740309238433838, 12.193522453308105, 12.823027610778809, 5.011865139007568, 5.10832405090332, 4.874547958374023, 5.81474494934082, 4.314266681671143, 7.833145618438721, 5.7923383712768555, 5.267723083496094, 5.974429607391357, 5.124435901641846, 5.792341709136963, 17.337434768676758, 9.332422256469727, 5.682619571685791, 4.928832530975342, 4.509660243988037, 5.333577632904053, 11.603689193725586, 3.4292092323303223, 3.5357275009155273, 17.6474666595459, 4.393282890319824, 17.082870483398438, 5.266870021820068, 4.349104404449463, 5.140050888061523, 4.350131511688232, 4.9228997230529785, 4.805294990539551, 5.3846516609191895, 4.164711952209473, 5.886390686035156, 4.956465244293213, 4.690864086151123, 6.728748321533203, 5.302814960479736, 16.708335876464844, 5.293164253234863, 11.301552772521973, 5.664397716522217, 4.55812406539917, 6.094512939453125, 6.180439472198486, 4.471714496612549, 5.307188034057617, 6.056301593780518, 4.842400550842285, 4.161966800689697, 4.1421709060668945, 14.470293998718262, 5.15846586227417, 5.6742024421691895, 4.96431303024292, 16.449800491333008, 4.264120578765869, 4.551889419555664, 3.9556331634521484, 5.826248645782471, 10.83138370513916, 16.754352569580078, 2.800220012664795, 5.700603485107422, 3.2873713970184326, 5.566780090332031, 5.5405802726745605, 4.303893566131592, 5.733633041381836, 4.31260871887207, 4.576526165008545, 4.267748832702637, 4.726195335388184, 4.6685051918029785, 5.730221748352051, 4.244654178619385, 4.899115085601807, 5.462433338165283, 4.767744541168213, 6.148444652557373, 4.695275783538818, 5.477950572967529, 8.261896133422852, 4.8556952476501465, 4.217457294464111, 4.9345622062683105, 4.633551597595215, 4.520613670349121, 4.036046504974365, 5.085725784301758, 5.711676120758057, 3.9549245834350586, 8.03683853149414, 6.588053226470947, 5.339343070983887, 2.88151216506958, 6.060489654541016, 10.241684913635254, 4.5264892578125, 5.700038909912109, 5.055187702178955, 10.81739616394043, 4.823953151702881, 4.069183349609375, 5.289073944091797, 4.279165744781494, 7.892515659332275, 14.646764755249023, 5.319380283355713, 5.1086530685424805, 4.798788547515869, 8.589643478393555, 4.490461349487305, 17.08827018737793, 5.059948444366455, 5.326468467712402, 4.947967052459717, 4.635229110717773, 4.994968414306641, 5.484191417694092, 5.697917938232422, 10.271902084350586, 4.329841613769531, 12.489981651306152, 5.597386837005615, 5.44893217086792, 17.167407989501953, 3.4917221069335938, 9.418333053588867, 7.981394290924072, 4.385738372802734, 5.718178749084473, 7.7513508796691895, 4.390017032623291, 4.885622978210449, 8.034394264221191, 6.431371212005615, 4.369740009307861, 3.2580037117004395, 14.82253360748291, 6.692661762237549, 10.862832069396973, 18.73710060119629, 5.302816390991211, 5.595992088317871, 5.489569664001465, 5.069338321685791, 4.217236042022705, 4.9020466804504395, 9.182562828063965, 8.801556587219238, 5.559807777404785, 5.747790336608887, 4.116514682769775, 3.6495203971862793, 3.516866445541382, 4.507005214691162, 5.073822498321533, 5.022891998291016, 4.393807888031006, 4.982558727264404, 7.225167274475098, 3.4534595012664795, 4.876682281494141, 16.819595336914062, 3.856968402862549, 5.492811679840088, 5.28188419342041, 5.89670991897583, 2.108624219894409, 4.524410724639893, 5.306116580963135, 4.600375652313232, 10.155965805053711, 3.4927217960357666, 3.9458019733428955, 3.97668719291687, 5.499398231506348, 5.434587001800537, 2.9750804901123047, 4.223864555358887, 4.538069248199463, 9.778273582458496, 5.425768852233887, 3.8643505573272705, 5.497209072113037, 8.501079559326172, 18.22342872619629, 4.062479019165039, 5.177867412567139, 5.535903453826904, 4.793228626251221, 2.8073959350585938, 4.298550128936768, 5.916029930114746, 5.324508190155029, 4.261813163757324, 9.535933494567871, 5.25686502456665, 4.42176628112793, 18.582778930664062, 5.542445182800293, 4.853225231170654, 10.63619613647461, 4.687324047088623, 5.605579376220703, 4.625128269195557, 4.150729656219482, 2.805070161819458, 5.161763668060303, 5.675252437591553, 5.4152350425720215, 8.67146110534668, 17.24441146850586, 5.082287788391113, 4.73236083984375, 5.386691570281982, 10.462311744689941, 11.37895679473877, 4.7568159103393555, 4.382556915283203, 3.5356357097625732, 4.509889602661133, 9.773981094360352, 5.872845649719238, 4.704704761505127, 4.695672512054443, 5.003772258758545, 4.181207656860352, 11.031627655029297, 17.98238754272461, 4.395609378814697, 4.954218864440918, 5.083073616027832, 17.516834259033203, 4.076439380645752, 16.478883743286133, 10.32130241394043, 5.478834629058838, 4.2363715171813965, 4.794022083282471, 8.589957237243652, 4.7739644050598145, 5.790565490722656, 5.488119602203369, 4.192109107971191, 5.5047125816345215, 13.784643173217773, 12.355250358581543, 5.724836826324463, 17.630556106567383, 6.481820106506348, 9.936418533325195, 3.2595314979553223, 4.074274063110352, 4.510836601257324, 5.883235931396484, 3.9483447074890137, 5.401891708374023, 9.365885734558105, 10.541311264038086, 4.126293659210205, 5.379568099975586, 4.589738845825195, 9.98230266571045, 4.536423683166504, 3.4785447120666504, 10.975553512573242, 4.60177755355835, 9.180644035339355, 5.3367462158203125, 7.220904350280762, 4.020078659057617, 17.70359992980957, 5.7096452713012695, 3.9132139682769775, 4.326101779937744, 5.3904500007629395, 5.100836277008057, 4.633504390716553, 4.5714521408081055, 4.552117824554443, 3.4804043769836426, 15.515034675598145, 3.6565005779266357, 4.941922187805176, 3.6681087017059326, 5.251690864562988, 4.6265740394592285, 10.471146583557129, 4.564496994018555, 5.1187214851379395, 4.387798309326172, 5.193129539489746, 5.706874370574951, 5.454029083251953, 4.441316604614258, 3.950582504272461, 3.860306978225708, 4.29941987991333, 4.720754623413086, 10.661673545837402, 4.964870929718018, 4.24189567565918, 4.87837553024292, 4.256751537322998, 5.070108890533447, 10.00564956665039, 4.91680908203125, 4.204989910125732, 6.690752983093262, 3.5890581607818604, 5.507310390472412, 5.393269062042236, 4.815415382385254, 5.109312057495117, 4.860540390014648, 4.9738311767578125, 4.567279815673828, 4.861967086791992, 12.587759971618652, 3.663351058959961, 4.2295308113098145, 5.574812889099121, 5.0850372314453125, 12.269389152526855, 5.112789630889893, 4.578915596008301, 2.4030866622924805, 11.176712989807129, 4.549838542938232, 4.787262439727783, 3.8886208534240723, 5.674631118774414, 5.411561012268066, 5.854441165924072, 4.715186595916748, 9.1619291305542, 2.800687074661255, 3.5294113159179688, 6.680697917938232, 4.835419178009033, 5.8056817054748535, 13.301876068115234, 13.37607192993164, 4.519415855407715, 5.441255569458008, 4.011094570159912, 5.837248802185059, 4.394224166870117, 3.6040055751800537, 5.182343482971191, 4.788363456726074, 5.6913886070251465, 5.7255377769470215, 11.92723274230957, 2.0849850177764893, 3.6036975383758545, 9.193964958190918, 5.426862716674805, 4.82158899307251, 4.113875865936279, 11.487122535705566, 5.145896911621094, 8.052085876464844, 7.400834560394287, 4.458528995513916, 4.7557244300842285, 5.432872295379639, 13.70753002166748, 9.4484281539917, 4.177211761474609, 4.623508930206299, 4.998555660247803, 4.189419746398926, 4.823527812957764, 5.811702728271484, 5.039627552032471, 5.411378860473633, 4.730944633483887, 17.25563621520996, 3.913215398788452, 4.765329360961914, 2.849806308746338, 4.574875354766846, 4.539216995239258, 5.741963863372803, 8.045116424560547, 5.457376956939697, 11.920001983642578, 5.530325412750244, 4.788229942321777, 5.974100112915039, 5.538565635681152, 5.671099662780762, 6.036007881164551, 4.779487609863281, 5.917189598083496, 5.596531867980957, 5.030093193054199, 11.043994903564453, 4.44013786315918, 17.17405128479004, 3.7668612003326416, 12.265331268310547, 4.916043758392334, 3.9269542694091797, 4.879618167877197, 4.841772556304932, 13.168598175048828, 6.606761932373047, 3.3665244579315186, 4.565711975097656, 14.328600883483887, 4.6764655113220215, 13.19704532623291, 5.07863712310791, 16.081918716430664, 6.782973766326904, 4.998238563537598, 5.155763626098633, 12.518500328063965, 3.5306930541992188, 12.369583129882812, 5.200041770935059, 5.113644599914551, 6.033398628234863, 4.358178615570068, 15.792545318603516, 7.952602386474609, 9.625030517578125, 4.175711154937744, 5.2735490798950195, 4.569665431976318, 4.560827732086182, 5.171348571777344, 10.816732406616211, 4.58732271194458, 4.163180828094482, 4.265420913696289, 0.33569565415382385, 5.184194087982178, 4.2483649253845215, 4.51607084274292, 17.28006362915039, 5.7898268699646, 4.967806339263916, 6.0228776931762695, 4.389891147613525, 5.5200371742248535, 4.390588283538818, 9.938344955444336, 4.777275085449219, 4.875135898590088, 14.421343803405762, 0.5735735893249512, 5.182427406311035, 5.6822333335876465, 4.78117561340332, 4.411609172821045, 6.699054718017578, 5.021071434020996, 4.935041904449463, 5.905668258666992, 5.387300968170166, 5.2420654296875, 4.508430004119873, 5.35100793838501, 5.284671306610107, 8.74495792388916, 5.098982810974121, 4.223794460296631, 3.6668243408203125, 5.88055944442749, 4.277469158172607, 5.023763656616211, 5.177026748657227, 12.405662536621094, 4.996928691864014, 16.11874008178711, 5.646949291229248, 4.7709479331970215, 5.155971050262451, 4.942803382873535, 4.564337730407715, 0.15056490898132324, 3.987942934036255, 3.8321781158447266, 5.524244785308838, 10.801331520080566, 5.184998512268066, 4.736409664154053, 5.671297073364258, 4.3586225509643555, 12.315608978271484, 4.878908634185791, 5.238427639007568, 7.620031833648682, 5.5522236824035645, 4.422486305236816, 14.154348373413086, 5.303524017333984, 14.848692893981934, 5.548923492431641, 18.552011489868164, 13.669962882995605, 5.9614033699035645, 5.086508274078369, 17.928327560424805, 5.395679473876953, 11.051158905029297, 5.083343505859375, 18.32401466369629, 17.512208938598633, 12.720041275024414, 16.60308837890625, 4.401881217956543, 16.11399269104004, 5.077943325042725, 12.787595748901367, 19.039798736572266, 18.068496704101562, 7.89943265914917, 4.4524712562561035, 15.627341270446777, 12.293262481689453, 17.22826385498047, 9.915717124938965, 17.35756492614746, 14.068366050720215, 8.621957778930664, 10.497710227966309, 5.230727195739746, 16.7091064453125, 16.673765182495117, 5.72080135345459, 15.663454055786133, 15.720539093017578, 9.189577102661133, 19.161510467529297, 0.5351740717887878, 19.460655212402344, 3.9408960342407227, 18.498353958129883, 5.302842140197754, 5.440714359283447, 9.67551040649414, 5.892725467681885, 15.911284446716309, 4.778055667877197, 11.276971817016602, 4.941733360290527, 17.419137954711914, 5.496722221374512, 4.520913600921631, 12.493147850036621, 9.87442684173584, 4.834017753601074, 13.690235137939453, 5.42940092086792, 4.383058547973633, 18.651138305664062, 4.592430114746094, 18.407468795776367, 13.238051414489746, 14.941625595092773, 4.770451068878174, 16.884708404541016, 15.330111503601074, 17.08034324645996, 17.1348819732666, 5.189625263214111, 8.909904479980469, 17.540069580078125, 18.354433059692383, 15.719158172607422, 6.798600673675537, 11.163714408874512, 4.883666038513184, 17.894615173339844, 17.711620330810547, 13.207275390625, 18.520465850830078, 5.280092716217041, 4.701605796813965, 18.687049865722656, 11.455135345458984, 8.847326278686523, 13.01528549194336, 5.5991950035095215, 19.11229133605957, 18.752586364746094, 14.88890552520752, 19.06498908996582, 4.485000133514404, 4.933135032653809, 5.63778829574585, 15.603219985961914, 12.934735298156738, 15.998760223388672, 9.71158218383789, 4.742616653442383, 5.303997039794922, 16.046876907348633, 4.126923084259033, 12.385497093200684, 4.861180782318115, 17.348896026611328, 13.839448928833008, 16.034652709960938, 4.180015563964844, 13.07602310180664, 4.344780921936035, 14.16050910949707, 17.924266815185547, 15.625362396240234, 13.858269691467285, 5.896648406982422, 18.003246307373047, 18.315723419189453, 3.9338719844818115, 16.218971252441406, 4.3593010902404785, 17.149763107299805, 10.015291213989258, 13.720059394836426, 17.757802963256836, 9.020910263061523, 10.479132652282715, 4.967861652374268, 18.510679244995117, 12.421311378479004, 4.460718631744385, 6.394220352172852, 13.255269050598145, 8.36658763885498, 14.225605010986328, 4.802188396453857, 5.713053226470947, 15.959064483642578, 16.688426971435547, 18.49287223815918, 17.332887649536133, 4.1623969078063965, 4.800285816192627, 9.207073211669922, 5.882004261016846, 5.696922302246094, 6.190279483795166, 4.898548603057861, 4.603597640991211, 17.924938201904297, 5.415302276611328, 3.7296557426452637, 16.82424545288086, 4.925891399383545, 13.875646591186523, 5.097554683685303, 10.598587036132812, 16.880399703979492, 10.193923950195312, 13.470894813537598, 17.80744743347168, 12.775854110717773, 15.731062889099121, 16.739748001098633, 12.883881568908691, 19.39315414428711, 18.657995223999023, 5.475387096405029, 13.21896743774414, 13.815542221069336, 13.628844261169434, 8.383198738098145, 19.331199645996094, 10.09178638458252, 17.398576736450195, 14.233011245727539, 13.017931938171387, 17.01387596130371, 4.442006587982178, 5.156713485717773, 4.111932277679443, 13.110828399658203, 13.562901496887207, 4.449038982391357, 15.922409057617188, 16.279956817626953, 13.575190544128418, 13.218729972839355, 17.26251220703125, 16.159820556640625, 12.40837287902832, 13.27970027923584, 13.669867515563965, 6.0215325355529785, 9.322540283203125, 5.082954406738281, 17.996143341064453, 13.865886688232422, 14.925971031188965, 5.124370574951172, 5.070621490478516, 5.7797112464904785, 4.194552898406982, 4.521969795227051, 3.962096691131592, 12.56119441986084, 5.757325649261475, 4.977635383605957, 5.754438400268555, 15.573002815246582, 5.018125057220459, 4.175964832305908, 5.701267719268799, 4.6121697425842285, 15.987984657287598, 13.407285690307617, 10.745759010314941, 5.65767765045166, 4.1526031494140625, 5.350480556488037, 7.818725109100342, 4.574267864227295, 3.9408645629882812, 5.5934038162231445, 3.5235683917999268, 8.292047500610352, 5.273946762084961, 4.9496378898620605, 5.478018760681152, 6.763382911682129, 3.9907495975494385, 4.499429225921631, 4.949487686157227, 5.129184722900391, 4.535001277923584, 4.631804943084717, 9.253990173339844, 15.726799011230469, 12.637805938720703, 4.249852657318115, 5.811942100524902, 5.162024974822998, 5.139789581298828, 5.333317756652832, 5.318516731262207, 5.335659027099609, 4.571465969085693, 3.6510298252105713, 5.723919868469238, 4.363470077514648, 10.124887466430664, 11.916751861572266, 5.451762676239014, 4.964669704437256, 6.192673683166504, 4.709874629974365, 4.967352867126465, 4.617320537567139, 4.0576653480529785, 5.632878303527832, 12.778180122375488, 12.700299263000488, 12.29903793334961, 5.3927507400512695, 4.8236083984375, 5.082896709442139, 8.959239959716797, 5.310647964477539, 4.930104732513428, 17.283811569213867, 5.357790470123291, 3.120774984359741, 4.649632453918457, 15.238862991333008, 5.727959156036377, 5.5575432777404785, 4.743164539337158, 5.083998203277588, 3.4869046211242676, 4.130978107452393, 4.214688301086426, 13.154516220092773, 3.8548800945281982, 5.386407375335693, 16.231456756591797, 10.2031888961792, 5.427969455718994, 18.405908584594727, 4.397852897644043, 5.482773780822754, 16.053359985351562, 5.183570384979248, 5.5777997970581055, 3.895972967147827, 4.4884562492370605, 4.2270708084106445, 5.140254020690918, 5.154702186584473, 5.3654255867004395, 4.954047679901123, 5.031722545623779, 4.718134880065918, 5.670444965362549, 8.940964698791504, 4.548308372497559, 5.40823221206665, 4.4522705078125, 5.153629302978516, 19.645666122436523, 2.7825214862823486, 0.5251732468605042, 3.553682565689087, 4.515095233917236, 9.540135383605957, 10.432344436645508, 9.994301795959473, 10.141763687133789, 10.612321853637695, 17.058088302612305, 8.899067878723145, 5.893093585968018, 3.9424617290496826, 14.17441177368164, 10.951977729797363, 10.608007431030273, 9.02489185333252, 4.108254432678223, 9.837939262390137, 17.957258224487305, 4.304704666137695, 11.71360969543457, 5.291807174682617, 14.732955932617188, 10.097846984863281, 18.529338836669922, 9.502131462097168, 13.252727508544922, 14.646278381347656, 9.6951265335083, 10.574116706848145, 5.132018566131592, 5.303653717041016, 4.31008768081665, 17.0157527923584, 3.940108299255371, 14.702799797058105, 3.3807127475738525, 15.323310852050781, 4.0134477615356445, 4.047790050506592, 7.467541694641113, 3.4676449298858643, 1.4685050249099731, 9.854695320129395, 14.859376907348633, 5.386844635009766, 13.38888168334961, 5.363986968994141, 13.328421592712402, 3.452029228210449, 16.885128021240234, 5.261617660522461, 9.601557731628418, 4.793117523193359, 4.991833686828613, 4.348990440368652, 5.111310005187988, 4.813961029052734, 4.906339168548584, 10.684033393859863, 12.963287353515625, 15.696757316589355, 9.645149230957031, 4.175943374633789, 10.139228820800781, 9.557209968566895, 15.45413589477539, 3.769784688949585, 10.15548324584961, 10.110002517700195, 4.972275257110596, 5.097451686859131, 5.0921244621276855, 5.5669755935668945, 10.100287437438965, 10.67440414428711, 6.352123260498047, 5.4941487312316895, 10.318170547485352, 3.7557907104492188, 13.673315048217773, 10.337096214294434, 8.50686264038086, 5.681310176849365, 15.43366527557373, 10.293840408325195, 2.203068971633911, 6.2404704093933105, 10.19975471496582, 9.867314338684082, 4.582111835479736, 11.861676216125488, 6.837866306304932, 5.105314254760742, 5.914017200469971, 4.9655842781066895, 5.889593124389648, 5.33463191986084, 3.121335744857788, 5.524789810180664, 3.9631998538970947, 4.600924015045166, 2.799394369125366, 5.91128396987915, 15.246476173400879, 13.066461563110352, 17.838836669921875, 13.683857917785645, 5.3333420753479, 5.756760597229004, 4.559209823608398, 13.172815322875977, 4.951529026031494, 4.185275554656982, 17.39546012878418, 11.925089836120605, 5.403104782104492, 8.658998489379883, 16.440160751342773, 5.681839942932129, 5.071000576019287, 4.032144069671631, 4.7230119705200195, 5.527742862701416, 5.111504554748535, 3.6549882888793945, 5.328812599182129, 14.536432266235352, 5.360605239868164, 6.942025661468506, 9.53549575805664, 4.280254364013672, 8.962886810302734, 5.155792713165283, 3.9158973693847656, 16.78748893737793, 10.449602127075195, 4.25675630569458, 17.488452911376953, 8.341137886047363, 4.8448333740234375, 3.3860788345336914, 5.621849536895752, 15.570411682128906, 6.087020397186279, 5.442601680755615, 4.419294357299805, 4.679549694061279, 4.361526012420654, 11.357162475585938, 4.465405464172363, 5.653762340545654, 5.3119964599609375, 4.742670059204102, 4.9326300621032715, 4.149045467376709, 4.842787742614746, 12.952742576599121, 5.409664630889893, 5.127193450927734, 4.925112247467041, 4.542981147766113, 13.140250205993652, 5.651235103607178, 5.45109224319458, 4.713686466217041, 5.392909049987793, 4.556039810180664, 4.9827775955200195, 5.796004772186279, 5.111384391784668, 6.007071018218994, 5.322481155395508, 5.605838775634766, 4.348941326141357, 4.589930534362793, 4.193188190460205, 5.279505729675293, 13.110236167907715, 15.506714820861816, 4.645614147186279, 3.9623754024505615, 4.101985454559326, 4.82055139541626, 4.1664018630981445, 17.907075881958008, 4.469496250152588, 4.348212718963623, 3.6401829719543457, 10.360483169555664, 4.904969692230225, 5.376994609832764, 5.379955291748047, 4.546724796295166, 15.250697135925293, 4.426939964294434, 5.3836140632629395, 12.853907585144043, 3.7772696018218994, 4.49744176864624, 4.594611644744873, 4.5656304359436035, 9.33221435546875, 5.787011623382568, 15.657365798950195, 5.165612697601318, 4.528410911560059, 3.781151056289673, 5.244050979614258, 3.9434313774108887, 4.755361557006836, 5.949527740478516, 12.83112907409668, 4.793675899505615, 4.963103294372559, 3.53579044342041, 7.119644641876221, 4.563024044036865, 13.861395835876465, 5.100615978240967, 8.654142379760742, 5.697228908538818, 3.9533677101135254, 6.0639777183532715, 5.531511306762695, 5.005238056182861, 4.141024589538574, 12.9185152053833, 4.496280670166016, 8.059532165527344, 5.192032814025879, 10.125459671020508, 5.170522689819336, 12.541692733764648, 5.831854343414307, 3.8240416049957275, 14.133506774902344, 4.3040690422058105, 3.5939218997955322, 5.070793151855469, 4.579246997833252, 5.155787944793701, 5.075836181640625, 17.33208656311035, 4.330099582672119, 10.168285369873047, 3.6837754249572754, 16.585599899291992, 4.917686939239502, 6.796038627624512, 9.618416786193848, 5.805150985717773, 6.221713542938232, 5.573029041290283, 5.682135105133057, 3.246913433074951, 4.226066589355469, 13.098176002502441, 4.235090255737305, 5.4158854484558105, 4.002654552459717, 5.081496715545654, 5.068644046783447, 4.504974842071533, 4.386946201324463, 5.727439880371094, 3.9740071296691895, 5.254293918609619, 5.303465366363525, 5.763784885406494, 9.708416938781738, 14.253581047058105, 5.416652202606201, 16.872499465942383, 5.4524407386779785, 4.784117221832275, 4.3282976150512695, 3.5531249046325684, 5.985421657562256, 13.925293922424316, 5.084057331085205, 4.945130348205566, 4.038288593292236, 4.503634452819824, 5.279601573944092, 4.337911605834961, 9.130645751953125, 5.159445762634277, 19.130512237548828, 12.880448341369629, 4.5634870529174805, 4.550248622894287, 4.326031684875488, 3.257652759552002, 6.180185794830322, 4.535065650939941, 5.188265323638916, 4.741994380950928, 11.559941291809082, 5.990219593048096, 8.384517669677734, 9.118337631225586, 4.913684368133545, 5.079574108123779, 6.71052885055542, 4.55762243270874, 4.837366580963135, 7.898940563201904, 4.585797309875488, 3.1368141174316406, 12.773907661437988, 5.773284912109375, 5.498630523681641, 8.912778854370117, 5.692325592041016, 4.722810745239258, 4.64197301864624, 5.303138256072998, 5.397250175476074, 8.82777214050293, 4.121395587921143, 3.645094156265259, 5.812004566192627, 5.209216117858887, 4.165523529052734, 6.903847694396973, 4.734848499298096, 5.082160949707031, 5.081845760345459, 4.27740478515625, 15.108329772949219, 5.141334533691406, 16.46852684020996, 5.289391040802002, 5.227656841278076, 4.93272590637207, 5.717235088348389, 5.303997039794922, 15.962560653686523, 5.938408851623535, 4.244776725769043, 4.904217720031738, 10.145936012268066, 5.651362419128418, 4.784602642059326, 4.17523193359375, 5.148867130279541, 5.415876865386963, 4.00203800201416, 4.228323459625244, 3.2716188430786133, 3.5889663696289062, 4.3077850341796875, 11.276590347290039, 5.080915451049805, 6.368007183074951, 6.511624336242676, 5.31121826171875, 5.229424476623535, 17.480783462524414, 6.38059139251709, 4.1976237297058105, 6.129356384277344, 10.618865013122559, 4.366638660430908, 5.080538272857666, 4.941689968109131, 4.034636497497559, 4.780570030212402, 4.180746078491211, 6.066490173339844, 5.725137233734131, 6.173359394073486, 4.86941385269165, 4.123899936676025, 4.566684246063232, 11.869234085083008, 10.3783540725708, 3.556142807006836, 3.9471254348754883, 2.791934013366699, 11.088899612426758, 4.91849946975708, 4.875551223754883, 4.135287284851074, 5.353432655334473, 5.324976921081543, 10.064950942993164, 5.057662010192871, 5.5122809410095215, 5.903476238250732, 3.9176535606384277, 5.537961006164551, 5.9663519859313965, 6.2753496170043945, 7.136383056640625, 13.860431671142578, 4.813246726989746, 7.437810897827148, 7.654592990875244, 5.344651222229004, 2.879504680633545, 9.793561935424805, 4.675278186798096, 9.381928443908691, 6.323338985443115, 11.711418151855469, 5.419144630432129, 6.171509742736816, 5.774709224700928, 8.7847900390625, 4.532647609710693, 4.716775417327881, 9.891239166259766, 4.386129856109619, 5.60302734375, 4.828085422515869, 6.471704006195068, 6.045642852783203, 6.843472480773926, 5.904488563537598, 9.587766647338867, 4.748119354248047, 4.8807454109191895, 9.020931243896484, 5.301510810852051, 6.548757553100586, 4.6566243171691895, 4.346902847290039, 5.049755096435547, 6.398040294647217, 5.281864643096924, 6.864691734313965, 12.896549224853516, 17.595970153808594, 5.115339756011963, 9.494683265686035, 5.883342266082764, 4.383839130401611, 10.663141250610352, 5.57423210144043, 4.765977382659912, 4.750500202178955, 4.914551734924316, 4.270307540893555, 5.415207862854004, 4.924205780029297, 5.626524925231934, 8.864083290100098, 5.013330459594727, 5.820399284362793, 5.271122455596924, 4.438851833343506, 4.923441410064697, 5.028639793395996, 5.8406829833984375, 7.843321323394775, 5.9055609703063965, 14.104877471923828, 8.419082641601562, 4.496876239776611, 5.58146858215332, 7.1439208984375, 4.990598678588867, 9.191009521484375, 4.872962474822998, 7.771991729736328, 4.8588385581970215, 5.468686580657959, 7.500785827636719, 4.789162635803223, 6.254732131958008, 3.6763322353363037, 16.295238494873047, 9.588534355163574, 6.1467790603637695, 9.819308280944824, 9.001474380493164, 2.790201425552368, 5.462092876434326, 3.1954023838043213, 4.167834281921387, 6.061975479125977, 5.504941940307617, 4.907775402069092, 4.507379055023193, 6.011661052703857, 6.561768531799316, 4.46767520904541, 4.227834701538086, 4.598701477050781, 8.739155769348145, 10.004349708557129, 13.819072723388672, 10.89057731628418, 5.315662860870361, 16.1246280670166, 5.460082530975342, 4.970700263977051, 16.96367073059082, 8.914180755615234, 4.019736289978027, 9.243911743164062, 6.057663917541504, 6.35331916809082, 5.474359512329102, 17.514184951782227, 5.261939525604248, 5.86850118637085, 9.142680168151855, 5.170568943023682, 16.632869720458984, 7.8358154296875, 6.21964693069458, 6.691040992736816, 5.439883232116699, 8.562925338745117, 5.203409671783447, 6.507635593414307, 4.759357929229736, 4.568706512451172, 12.828710556030273, 7.540319919586182, 5.106721878051758, 6.501777648925781, 5.370035171508789, 8.74565315246582, 8.792671203613281, 6.342553615570068, 9.119808197021484, 8.889719009399414, 5.768919944763184, 6.25084924697876, 6.6422319412231445, 5.462961673736572, 5.644998073577881, 14.956674575805664, 4.71843147277832, 8.713933944702148, 15.764261245727539, 5.055436611175537, 5.843024730682373, 9.494450569152832, 16.659168243408203, 15.398205757141113, 18.057260513305664, 17.50431251525879, 5.739363670349121, 6.8387651443481445, 6.470894813537598, 5.836517810821533, 5.981732368469238, 6.103765964508057, 5.165115833282471, 9.519691467285156, 9.9227933883667, 9.346721649169922, 7.163338661193848, 5.143340110778809, 5.689800262451172, 6.316987037658691, 6.048430919647217, 5.1195220947265625, 9.370100021362305, 5.645392417907715, 6.257205486297607, 10.049723625183105, 5.7540178298950195, 11.794777870178223, 5.717441558837891, 5.76378059387207, 5.433036804199219, 4.0995659828186035, 4.628201961517334, 5.268974304199219, 9.038091659545898, 7.786240577697754, 5.903985977172852, 6.127259254455566, 5.7481513023376465, 5.174803256988525, 16.362228393554688, 6.206791877746582, 5.209156513214111, 9.882528305053711, 5.782385349273682, 6.39432954788208, 5.34733772277832, 5.559499263763428, 5.688969135284424, 5.294985294342041, 4.747199535369873, 5.0811357498168945, 5.541911602020264, 5.50613260269165, 4.639281272888184, 10.84182357788086, 18.743228912353516, 14.517626762390137, 16.24742889404297, 8.971163749694824, 4.453278541564941, 4.724874019622803, 5.300570487976074, 5.027865409851074, 16.61313247680664, 4.0009565353393555, 5.269027233123779, 10.552825927734375, 4.476410388946533, 4.650553226470947, 5.128300666809082, 10.848752975463867, 4.412700653076172, 4.428258895874023, 4.797132968902588, 18.400421142578125, 4.120309829711914, 5.292090892791748, 18.488027572631836, 5.87211275100708, 4.76897668838501, 5.995363235473633, 6.804235458374023, 4.912012100219727, 10.082995414733887, 5.40623664855957, 12.947449684143066, 4.933841705322266, 5.19331693649292, 18.74309539794922, 16.48192024230957, 5.1953043937683105, 12.458727836608887, 5.385964870452881, 5.005023002624512, 14.181047439575195, 18.646442413330078, 17.447017669677734, 10.559526443481445, 4.546105861663818, 5.04160213470459, 5.037566184997559, 4.813779830932617, 2.9295620918273926, 5.371345043182373, 16.30873680114746, 5.226707935333252, 16.620180130004883, 5.712826251983643, 9.972248077392578, 9.206348419189453, 5.15323543548584, 5.700067520141602, 4.514277458190918, 5.289299011230469, 4.734695911407471, 4.802450656890869, 4.108088493347168, 5.408239841461182, 4.562430381774902, 5.385059833526611, 18.188142776489258, 4.190847873687744, 11.241263389587402, 4.07113790512085, 5.498453140258789, 5.477626800537109, 9.86517333984375, 4.451681613922119, 4.458750247955322, 4.149960994720459, 16.920738220214844, 15.630507469177246, 5.255780220031738, 5.0074615478515625, 5.242364406585693, 4.560951232910156, 4.528902530670166, 4.580466270446777, 6.703253269195557, 5.004365921020508, 5.891897201538086, 16.787572860717773, 16.862672805786133, 3.4881343841552734, 10.655786514282227, 4.292080879211426, 11.599770545959473, 5.6963653564453125, 5.318096160888672, 5.377655506134033, 18.8333797454834, 9.707207679748535, 5.163053512573242, 16.640914916992188, 5.093742847442627, 13.610671043395996, 11.233098983764648, 11.704376220703125, 4.55063009262085, 5.2024383544921875, 5.008254528045654, 17.427522659301758, 17.158390045166016, 3.6052207946777344, 17.191545486450195, 14.578851699829102, 17.093713760375977, 17.1046199798584, 5.427371501922607, 6.201472759246826, 4.1900811195373535, 4.669013500213623, 5.783201694488525, 17.55302619934082, 15.960329055786133, 16.91977310180664, 17.298770904541016, 16.680252075195312, 4.228640556335449, 6.3874945640563965, 7.042008399963379, 4.622107982635498, 5.8802666664123535, 4.632401943206787, 9.505132675170898, 16.792617797851562, 5.385394096374512, 12.526589393615723, 15.205717086791992, 4.09119176864624, 17.224533081054688, 16.979759216308594, 12.412140846252441, 4.559094429016113, 4.631697654724121, 5.549369812011719, 17.2282657623291, 3.9436399936676025, 11.412163734436035, 4.921826362609863, 4.442664623260498, 4.149219512939453, 17.470481872558594, 17.731225967407227, 17.003372192382812, 4.183598518371582, 5.51882266998291, 5.88079309463501, 4.164175987243652, 12.614286422729492, 3.9010868072509766, 4.110557556152344, 5.5638885498046875, 6.526922225952148, 17.427122116088867, 7.0374755859375, 17.976722717285156, 3.884434223175049, 17.898515701293945, 5.508213996887207, 5.44423770904541, 9.809126853942871, 4.460576057434082, 16.76264762878418, 4.721776485443115, 16.98277473449707, 4.268588542938232, 5.6658477783203125, 17.48208999633789, 18.10268783569336, 4.410303592681885, 16.91750144958496, 17.60175895690918, 18.076814651489258, 4.970762252807617, 5.501548767089844, 5.362068176269531, 4.265923500061035, 5.352439880371094, 4.988935947418213, 5.499671936035156, 5.705205917358398, 10.772139549255371, 4.895142555236816, 15.031835556030273, 10.801840782165527, 3.809988260269165, 16.72861671447754, 4.6441521644592285, 9.652188301086426, 3.278484344482422, 4.565948486328125, 14.432748794555664, 12.503846168518066, 4.603116035461426, 4.552150249481201, 10.955025672912598, 17.44365119934082, 7.391824245452881, 14.038207054138184, 4.4669952392578125, 7.744261264801025, 4.120951175689697, 4.933323860168457, 11.581923484802246, 5.161901473999023, 18.447372436523438, 7.544183254241943, 4.8576741218566895, 8.752860069274902, 5.606770038604736, 17.644479751586914, 18.005887985229492, 4.877925395965576, 6.100661277770996, 4.372008800506592, 4.6152448654174805, 15.29633903503418, 7.682251453399658, 10.480031967163086, 14.014615058898926, 4.176311016082764, 9.934789657592773, 6.482000350952148, 8.447793960571289, 3.856156587600708, 9.063156127929688, 14.784773826599121, 3.870493173599243, 5.154481887817383, 5.025649070739746, 4.207087993621826, 11.712196350097656, 4.20383358001709, 4.782806873321533, 4.7835822105407715, 5.0111918449401855, 8.783260345458984, 4.165546894073486, 4.410393238067627, 8.831685066223145, 13.120429039001465, 4.1623148918151855, 4.0243940353393555, 10.196318626403809, 4.211558818817139, 7.5233564376831055, 4.5544915199279785, 5.17565393447876, 15.081656455993652, 14.800506591796875, 5.461798191070557, 9.084175109863281, 15.84568977355957, 16.14518928527832, 9.42362117767334, 8.585519790649414, 18.097461700439453, 4.738430500030518, 17.5235595703125, 4.931071758270264, 6.551333904266357, 3.8810641765594482, 14.829337120056152, 12.599615097045898, 16.660486221313477, 5.218584060668945, 14.284125328063965, 4.524718284606934, 3.9664440155029297, 5.935117244720459, 4.258476257324219, 4.754830360412598, 18.12983512878418, 9.941706657409668, 4.641426086425781, 5.238903999328613, 4.823155879974365, 15.54565715789795, 13.644442558288574, 5.130292892456055, 5.641364097595215, 9.990480422973633, 8.985428810119629, 8.89560604095459, 4.847850799560547, 9.7355318069458, 4.079783916473389]
Cosines similarity random samples
[0.7894506454467773, -0.25079047679901123, 0.8481318354606628, 0.7932479381561279, 0.18274426460266113, 0.8820716738700867, -0.6165598630905151, 0.8194253444671631, -0.24290534853935242, 0.7978193759918213, -0.25501617789268494, 0.7710122466087341, 0.8892099857330322, 0.9460906982421875, 0.8855817914009094, 0.8218346238136292, 0.1790563315153122, -0.11145901679992676, 0.7019446492195129, -0.7568866014480591, 0.9214354753494263, 0.9619282484054565, 0.8694511651992798, 0.8587622046470642, 0.8363913297653198, 0.5365345478057861, 0.8975783586502075, 0.8815239667892456, 0.7190521955490112, 0.6704840660095215, 0.8243734836578369, 0.8029561042785645, 0.7971384525299072, 0.7596721053123474, -0.5643547177314758, 0.8082230687141418, 0.8409239053726196, 0.8823538422584534, 0.8264862895011902, 0.8822453022003174, -0.18657414615154266, 0.8020778894424438, -0.7943779826164246, -0.502596914768219, 0.3332888185977936, 0.83213210105896, 0.8839836716651917, -0.6548299789428711, 0.23602300882339478, 0.8595894575119019, 0.8443233966827393, 0.8417034149169922, 0.8480165600776672, 0.5663755536079407, 0.9334949254989624, 0.9449810981750488, 0.797046422958374, 0.8362051844596863, -0.7957439422607422, -0.296689510345459, 0.770893931388855, 0.8741565942764282, 0.7975923418998718, -0.6689575910568237, 0.8420067429542542, 0.8816449642181396, 0.9093579053878784, -0.2145264446735382, -0.263678640127182, 0.06922373920679092, 0.8140227794647217, 0.8804863691329956, 0.8697144985198975, 0.9458409547805786, 0.8974863290786743, -0.512995719909668, 0.7550686001777649, 0.4450340270996094, 0.7390533685684204, 0.805150032043457, 0.8736709356307983, 0.8711743950843811, 0.8769505023956299, 0.8333684206008911, 0.8605320453643799, 0.8554821014404297, 0.8214907646179199, 0.8786712884902954, 0.8303244113922119, -0.01883602887392044, 0.870578408241272, 0.8409038186073303, 0.786841094493866, 0.9331057667732239, 0.772501528263092, 0.9958024024963379, 0.8382405042648315, 0.8211151957511902, 0.6972371339797974, 0.8466923236846924, 0.7558773756027222, 0.8326301574707031, 0.6998248100280762, 0.8701972961425781, 0.7995581030845642, 0.42325085401535034, 0.8620721101760864, 0.7529820799827576, 0.8942985534667969, 0.39348575472831726, 0.4361081123352051, 0.8607304096221924, 0.8590667247772217, 0.8299731016159058, 0.741560161113739, 0.7894095182418823, 0.850571870803833, 0.791789174079895, 0.8560024499893188, 0.5916067957878113, 0.5683256983757019, 0.82035893201828, -0.0905296579003334, 0.4952167868614197, -0.5895516872406006, 0.8424050807952881, 0.8538399338722229, 0.8548068404197693, 0.8499612808227539, 0.9055503606796265, 0.870745062828064, 0.8142138719558716, 0.8284081220626831, 0.40990298986434937, -0.635523796081543, 0.8850734829902649, 0.3085682988166809, -0.7686642408370972, 0.702788770198822, 0.77970290184021, 0.8428073525428772, 0.2943161129951477, 0.7979806661605835, 0.8015483021736145, -0.21489597856998444, -0.23908516764640808, 0.8898390531539917, 0.8590055108070374, 0.8592612147331238, 0.7284178733825684, 0.8835687637329102, -0.30074676871299744, -0.12185146659612656, 0.8608980178833008, 0.8197669982910156, 0.330150306224823, -0.6832459568977356, -0.033680856227874756, 0.455233633518219, 0.8112607598304749, -0.6333388090133667, 0.20369887351989746, 0.8381397724151611, -0.2549586594104767, -0.32274892926216125, 0.8279315233230591, 0.842240571975708, 0.2789865732192993, 0.9100330471992493, 0.5456883907318115, 0.8234766721725464, 0.9160808324813843, 0.8252094984054565, 0.8742644786834717, 0.8562121391296387, 0.43901801109313965, 0.44009485840797424, -0.5680062770843506, 0.7852535247802734, 0.9096142053604126, 0.9923035502433777, 0.8311278820037842, 0.646728515625, 0.7717366218566895, -0.5245504379272461, 0.005811460316181183, 0.43572965264320374, 0.844947338104248, 0.6961703300476074, 0.8600946068763733, 0.8644561767578125, 0.9128147959709167, 0.9684692025184631, 0.8531642556190491, 0.8089615106582642, 0.8071427345275879, 0.8430749177932739, 0.8451128602027893, -0.30207642912864685, 0.8147349953651428, 0.6327496767044067, -0.25211799144744873, 0.7983129024505615, 0.8064002990722656, 0.5539019703865051, 0.5520826578140259, 0.8586574792861938, -0.5155096054077148, 0.8387596607208252, 0.43281903862953186, 0.8706860542297363, 0.8339976072311401, 0.3858155310153961, 0.8051612377166748, 0.8435242176055908, 0.8310635089874268, 0.8063579797744751, 0.7678611874580383, 0.4360266327857971, -0.10552968084812164, 0.02287229895591736, 0.852328360080719, 0.8214873671531677, 0.5698319673538208, 0.8923787474632263, 0.8719331622123718, 0.771144449710846, -0.15822146832942963, 0.6248993873596191, 0.84030681848526, 0.8308650255203247, 0.7639312148094177, 0.5516685247421265, 0.5204733610153198, 0.9061861038208008, 0.8260079622268677, 0.818804919719696, 0.8047258853912354, 0.9345554113388062, 0.8073221445083618, -0.8056365251541138, 0.8502013683319092, 0.38128095865249634, -0.25090691447257996, -0.6312984228134155, 0.6997830867767334, 0.8391138315200806, -0.2172996997833252, 0.8842945694923401, 0.7667093276977539, -0.6089664697647095, -0.6436207294464111, 0.8108736276626587, 0.8798592686653137, 0.8981188535690308, 0.7838507294654846, 0.4553326666355133, 0.07251443713903427, 0.8649056553840637, 0.6606162786483765, 0.17613333463668823, 0.8678091764450073, 0.7798951268196106, 0.6500570178031921, 0.4897158145904541, 0.4341180622577667, 0.8453865051269531, 0.5026907920837402, -0.28694915771484375, 0.8312914967536926, 0.8324865102767944, -0.21056821942329407, 0.7980945110321045, 0.4928729832172394, -0.3221006393432617, 0.8707599639892578, 0.8693618178367615, -0.16968005895614624, 0.8321454524993896, 0.8597043752670288, 0.8389720320701599, -0.6303393840789795, 0.9191226959228516, 0.8706570863723755, -0.7092816829681396, -0.12332937121391296, 0.7790209650993347, 0.8710645437240601, 0.8683785796165466, 0.4792206585407257, 0.45242974162101746, 0.36824458837509155, 0.7666051387786865, 0.565055251121521, 0.8246095180511475, 0.8421632051467896, 0.9220917820930481, -0.6552459001541138, 0.8705121874809265, -0.3377346396446228, -0.2531009316444397, -0.7160048484802246, 0.7533504962921143, -0.7278606295585632, 0.30436694622039795, 0.5547733306884766, -0.2244463562965393, -0.2444233000278473, 0.7772343158721924, 0.6817507147789001, -0.6067869663238525, 0.7578893899917603, 0.7997594475746155, 0.5909654498100281, -0.03970329463481903, 0.5149685144424438, 0.6875691413879395, -0.08082752674818039, 0.7102460861206055, 0.6723870038986206, 0.663927435874939, 0.6544130444526672, -0.562407910823822, 0.7612583637237549, 0.5446929335594177, 0.5891841053962708, 0.3979288339614868, 0.4866536259651184, 0.4313777685165405, 0.6884251236915588, 0.7491781711578369, 0.8059424161911011, 0.7722207903862, -0.37810495495796204, 0.3259970545768738, 0.523298978805542, 0.5178812146186829, 0.7538956999778748, -0.20524398982524872, 0.36838531494140625, 0.28092068433761597, 0.6983813047409058, -0.30060410499572754, -0.006783248856663704, 0.06833319365978241, 0.7565560340881348, 0.6956942081451416, 0.7427788972854614, 0.12275262176990509, 0.6604396104812622, -0.19879010319709778, -0.6386064887046814, 0.4747008681297302, 0.6552367210388184, 0.1565282642841339, -0.4928899109363556, 0.6724553108215332, -0.31864896416664124, 0.4853924512863159, 0.7505218982696533, -0.5466501712799072, 0.8198837637901306, 0.7333692908287048, 0.7442498207092285, -0.5590391159057617, 0.7136821746826172, 0.7432089447975159, -0.2222057282924652, 0.7734321355819702, -0.43517249822616577, 0.49323368072509766, 0.44568225741386414, -0.3664247989654541, -0.580535888671875, -0.538266658782959, 0.4711204171180725, 0.7997618317604065, -0.18068841099739075, 0.7593643665313721, 0.3172730505466461, 0.11882197856903076, -0.7385268211364746, -0.6263289451599121, 0.780551552772522, -0.6829758882522583, 0.6869879961013794, -0.4025093913078308, 0.7204843163490295, -0.27868732810020447, 0.39842721819877625, -0.6300480365753174, 0.639744758605957, -0.5632316470146179, -0.4795057475566864, 0.6061763763427734, -0.3198259472846985, 0.7443130016326904, 0.7254641056060791, -0.12115437537431717, -0.23639985918998718, 0.8374145030975342, 0.8616316318511963, 0.8340092897415161, 0.7747821807861328, 0.8640419840812683, 0.4841517508029938, 0.7690147161483765, 0.8081384897232056, 0.7631277441978455, 0.828110933303833, 0.7664051055908203, -0.5944795608520508, 0.40340039134025574, 0.7847535610198975, 0.8347890377044678, 0.8563698530197144, 0.8066091537475586, -0.11416000127792358, 0.9203389883041382, 0.9142954349517822, -0.5753548741340637, 0.8708570003509521, -0.5802758932113647, 0.830267071723938, 0.8755836486816406, 0.8102856874465942, 0.8635048866271973, 0.8312565088272095, 0.8355716466903687, 0.8041185140609741, 0.8815454840660095, 0.7671157717704773, 0.8466554880142212, 0.8369044065475464, 0.6690388917922974, 0.8012728095054626, -0.5767802000045776, 0.8067141771316528, 0.101824551820755, 0.7837490439414978, 0.8560923337936401, 0.7517480850219727, 0.7483490109443665, 0.8621433973312378, 0.8069138526916504, 0.7403669953346252, 0.8342903256416321, 0.8919496536254883, 0.879332423210144, -0.17443256080150604, 0.8209958672523499, 0.7711104154586792, 0.8430451154708862, -0.5495634078979492, 0.8769264817237854, 0.8578919768333435, 0.896016538143158, 0.7686449289321899, 0.05199733376502991, -0.615568995475769, 0.9456084966659546, 0.7949424386024475, 0.9254257082939148, 0.7892868518829346, 0.7949061393737793, 0.871673047542572, 0.7713500261306763, 0.8741586804389954, 0.859691858291626, 0.8805118799209595, 0.8465487957000732, 0.852284848690033, 0.7782275080680847, 0.8707910776138306, 0.8292884826660156, 0.7880486845970154, 0.8341693878173828, 0.7625640630722046, 0.8420103192329407, 0.799703061580658, 0.5553978681564331, 0.8472809195518494, 0.8795781135559082, 0.8345596790313721, 0.8624365329742432, 0.8640156388282776, 0.8889771699905396, 0.8279455900192261, 0.7941039800643921, 0.8901041746139526, 0.527785062789917, 0.7059959769248962, 0.799668550491333, 0.9433258771896362, 0.769152045249939, 0.3574056625366211, 0.8520385026931763, 0.7863571047782898, 0.8386938571929932, 0.028433412313461304, 0.8356835842132568, 0.8842392563819885, 0.8095071315765381, 0.8752580881118774, 0.645323634147644, -0.23496122658252716, 0.8193557262420654, 0.8265583515167236, 0.8411951661109924, 0.47998756170272827, 0.8658789396286011, -0.5633987784385681, 0.8239351511001587, 0.7969763278961182, 0.8429096937179565, 0.8504517674446106, 0.8295334577560425, 0.8086340427398682, 0.8002559542655945, 0.4030764698982239, 0.8711599111557007, -0.12363289296627045, 0.7892787456512451, 0.7983036041259766, -0.8026307821273804, 0.9216773509979248, 0.3850897252559662, 0.49644988775253296, 0.8686251640319824, 0.7755944728851318, 0.6147575378417969, 0.8683279156684875, 0.8371756076812744, 0.6216217279434204, 0.7588309049606323, 0.8686845302581787, 0.9269461035728455, -0.5503395199775696, 0.7088574171066284, 0.1742587834596634, -0.6567297577857971, 0.8063027858734131, 0.776409924030304, 0.8003548383712769, 0.8397693037986755, 0.8791435360908508, 0.835090160369873, 0.4618811011314392, 0.5863077044487, 0.8024307489395142, 0.7729701399803162, 0.885610818862915, 0.9065110087394714, 0.9179441332817078, 0.8624416589736938, 0.8272458910942078, 0.8311216831207275, 0.8676302433013916, 0.8583258390426636, 0.6678162813186646, 0.9167693853378296, 0.8391224145889282, -0.6985042691230774, 0.8969781994819641, 0.7965185642242432, 0.8123750686645508, 0.7655491828918457, 0.9688305258750916, 0.857162356376648, 0.8130655288696289, 0.8578277826309204, 0.28620362281799316, 0.9186996221542358, 0.8926792144775391, 0.8935097455978394, 0.7979339361190796, 0.7974897623062134, 0.9392057657241821, 0.8783574104309082, 0.8648462891578674, 0.367600679397583, 0.8144727349281311, 0.9059550166130066, 0.7923687100410461, 0.4789365530014038, -0.6569409370422363, 0.8833428621292114, 0.8142312169075012, 0.7816015481948853, 0.8436975479125977, 0.9456313848495483, 0.8815865516662598, 0.7637197971343994, 0.8046711683273315, 0.8756471872329712, 0.3625893294811249, 0.8049275279045105, 0.8663647174835205, -0.8165160417556763, 0.808800458908081, 0.8334811925888062, 0.19629932940006256, 0.8563284277915955, 0.8055969476699829, 0.8510111570358276, 0.878126859664917, 0.9445745944976807, 0.8171202540397644, 0.776477575302124, 0.7846733927726746, 0.5922334790229797, -0.5931267142295837, 0.824831485748291, 0.844529390335083, 0.7948810458183289, 0.22900685667991638, 0.16010379791259766, 0.844658613204956, 0.868841290473938, 0.9131083488464355, 0.8529087901115417, 0.2672244608402252, 0.794324517250061, 0.8469291925430298, 0.8398692607879639, 0.8210837244987488, 0.8815160989761353, 0.1631285399198532, -0.6119351387023926, 0.8616693019866943, 0.8358218669891357, 0.8220800161361694, -0.5690599679946899, 0.8824481964111328, -0.4321192502975464, 0.269722044467926, 0.7847135066986084, 0.8743007183074951, 0.8429150581359863, 0.44215238094329834, 0.8408164978027344, 0.7638589143753052, 0.791192352771759, 0.879248321056366, 0.8203803300857544, -0.4021477997303009, 0.0437963604927063, 0.7748703956604004, -0.5325972437858582, 0.7393321990966797, 0.3226003050804138, 0.9273998737335205, 0.8861111998558044, 0.8575044870376587, 0.7627094388008118, 0.8963816165924072, 0.8013954162597656, 0.3926876187324524, 0.29334211349487305, 0.8810028433799744, 0.8040204048156738, 0.8565496206283569, 0.37065955996513367, 0.8612825274467468, 0.9153066873550415, 0.18249370157718658, 0.8545737266540527, 0.4043717384338379, 0.7925887703895569, 0.6465290784835815, 0.8880497217178345, -0.5318182110786438, 0.7664297223091125, 0.8925269842147827, 0.8714346885681152, 0.8003631234169006, 0.8275274038314819, 0.8454564809799194, 0.876757025718689, 0.8556283712387085, 0.9151753187179565, -0.30922171473503113, 0.9071782827377319, 0.8224312663078308, 0.9089120626449585, 0.8045458793640137, 0.8569526672363281, 0.27178677916526794, 0.8551960587501526, 0.8210493326187134, 0.8651635050773621, 0.8233217597007751, 0.7752617001533508, 0.7807302474975586, 0.8848539590835571, 0.8913692831993103, 0.8955783247947693, 0.8680034875869751, 0.85288405418396, 0.24937023222446442, 0.8319379091262817, 0.8741463422775269, 0.8319007158279419, 0.8732227087020874, 0.8234168291091919, 0.3070871829986572, 0.8301211595535278, 0.8802824020385742, 0.7170850038528442, 0.9117714762687683, 0.7888666987419128, 0.7975254058837891, 0.8284182548522949, 0.81397545337677, 0.8363450765609741, 0.8294037580490112, 0.8532823920249939, 0.8415766358375549, -0.20489342510700226, 0.9070605635643005, 0.875635027885437, 0.7841014862060547, 0.8236864805221558, -0.09649528563022614, 0.8066598773002625, 0.8534832000732422, 0.9603903293609619, 0.11802153289318085, 0.8525539040565491, 0.8413943648338318, 0.8933497667312622, 0.7742310762405396, 0.8087238073348999, 0.8008273839950562, 0.841626763343811, 0.32719260454177856, 0.9449492692947388, 0.9140163660049438, 0.7100486755371094, 0.8286517858505249, 0.7574409246444702, -0.3129284977912903, -0.30036479234695435, 0.8566159605979919, 0.7941551804542542, 0.889430046081543, 0.7672004699707031, 0.8627310991287231, 0.9071084856987, 0.8148665428161621, 0.8349487781524658, 0.7774204015731812, 0.7682304382324219, -0.01703297346830368, 0.9695559740066528, 0.9065670967102051, 0.18103866279125214, 0.780910849571228, 0.8335089683532715, 0.8823724985122681, -0.14145097136497498, 0.8094370365142822, 0.5778226852416992, 0.549332857131958, 0.857367753982544, 0.8465468287467957, 0.7973246574401855, -0.41079747676849365, 0.43683549761772156, 0.8757246136665344, 0.8445855379104614, 0.8318038582801819, 0.8767536878585815, 0.8400793671607971, 0.7472794055938721, 0.8283888101577759, 0.7728660106658936, 0.8497517704963684, -0.6848798990249634, 0.8922331929206848, 0.8526681661605835, 0.9422793388366699, 0.8564150333404541, 0.8557881712913513, 0.7968895435333252, 0.4622311592102051, 0.7905585765838623, -0.09237268567085266, 0.8057860136032104, 0.8412696719169617, 0.7640112638473511, 0.7595279812812805, 0.7698859572410583, 0.7242090702056885, 0.8397967219352722, 0.7187776565551758, 0.77552330493927, 0.8222398161888123, 0.18610511720180511, 0.8638608455657959, -0.6757409572601318, 0.9022810459136963, 0.2349923700094223, 0.8243286609649658, 0.8933845162391663, 0.8322070240974426, 0.8454046845436096, -0.3491954207420349, 0.6730067729949951, 0.9212132692337036, 0.8586652278900146, -0.26192963123321533, 0.8438614010810852, -0.40384170413017273, 0.814609169960022, -0.6655135750770569, 0.6231575012207031, 0.8285716772079468, 0.81287682056427, 0.25752830505371094, 0.913273811340332, 0.01845727674663067, 0.8007979989051819, 0.8132100105285645, 0.766681432723999, 0.8675647974014282, -0.3499831259250641, 0.6448569297790527, 0.3956770896911621, 0.8801999092102051, 0.8045398592948914, 0.851248025894165, 0.8555110692977905, 0.8347938060760498, 0.19361281394958496, 0.85381019115448, 0.8768371343612671, 0.8743029832839966, 0.999293327331543, 0.8077874183654785, 0.8754221200942993, 0.8587222695350647, -0.7280904650688171, 0.7599483728408813, 0.8128232359886169, 0.7442538738250732, 0.8700957298278809, 0.7775178551673889, 0.8658207654953003, 0.3410509526729584, 0.8403213024139404, 0.8341784477233887, -0.3512037694454193, 0.9983450770378113, 0.7974090576171875, 0.7807599902153015, 0.8466742634773254, 0.8665686249732971, 0.6924431920051575, 0.8217642307281494, 0.8229084014892578, 0.7410084009170532, 0.7891925573348999, 0.7954387664794922, 0.8499302268028259, 0.8043253421783447, 0.807409942150116, 0.5220673084259033, 0.820456862449646, 0.874085545539856, 0.9060295820236206, 0.748394250869751, 0.8729913234710693, 0.8274386525154114, 0.805478572845459, -0.14146797358989716, 0.8214514255523682, -0.7969821691513062, 0.7906004786491394, 0.850633442401886, 0.8133426904678345, 0.8243011236190796, 0.8541548252105713, 0.9998525381088257, 0.8856530785560608, 0.8977199196815491, 0.7669512629508972, 0.1407935917377472, 0.8156229257583618, 0.8460958003997803, 0.7748121023178101, 0.864908754825592, -0.053385719656944275, 0.8330019116401672, 0.7980514764785767, 0.6571210622787476, 0.7843258380889893, 0.8590484261512756, -0.10970649123191833, 0.7984390258789062, -0.2701132297515869, 0.781697154045105, -0.640272855758667, -0.29407262802124023, 0.7422803640365601, 0.8177661895751953, -0.5783945322036743, 0.8131192922592163, 0.083664670586586, 0.8177133798599243, -0.5729181170463562, -0.8133983016014099, -0.16749992966651917, -0.371997207403183, 0.8631513118743896, -0.4664272665977478, 0.8183563947677612, -0.13200043141841888, -0.8444744348526001, -0.7254535555839539, 0.5719815492630005, 0.8584381341934204, -0.6385382413864136, -0.13779716193675995, -0.5836153030395508, 0.19704146683216095, -0.5927783250808716, -0.2347830832004547, 0.5005093812942505, 0.24187444150447845, 0.8018803000450134, -0.561639666557312, -0.5123341083526611, 0.7666622400283813, -0.5159744620323181, -0.5198715925216675, 0.42172759771347046, -0.828601598739624, 0.9984598159790039, -0.8150748014450073, 0.8899306058883667, -0.8069977760314941, 0.7953919172286987, 0.7955912351608276, 0.32788145542144775, 0.7487298250198364, -0.6657056212425232, 0.8357200622558594, 0.09643048793077469, 0.8246679306030273, -0.3288719654083252, 0.7870622277259827, 0.8557222485542297, -0.10246191918849945, 0.4111221432685852, 0.8289356231689453, -0.5580223798751831, 0.787816047668457, 0.8652690052986145, -0.8211973905563354, 0.8480827212333679, -0.6381882429122925, -0.17044880986213684, -0.2952277660369873, 0.841884970664978, -0.6756490468978882, -0.2749750316143036, -0.5047124624252319, -0.5541205406188965, 0.8303247094154358, 0.4641832113265991, -0.5903107523918152, -0.8376606702804565, -0.6059952974319458, 0.7246124744415283, 0.12569893896579742, 0.8347066640853882, -0.6045507788658142, -0.5976114273071289, -0.28384679555892944, -0.8387580513954163, 0.8144412040710449, 0.8405948877334595, -0.8772112131118774, -0.11099457740783691, 0.42960190773010254, -0.144619420170784, 0.7705060243606567, -0.8124572038650513, -0.8397932052612305, -0.285854697227478, -0.8419555425643921, 0.8588169813156128, 0.8319926261901855, 0.7836588025093079, -0.6112499833106995, -0.2673604488372803, -0.3006376326084137, 0.3866073191165924, 0.8495733737945557, 0.7998061180114746, -0.7159675359725952, 0.8771184086799622, -0.030011270195245743, 0.8320200443267822, -0.6116076707839966, -0.2556963562965393, -0.6102181673049927, 0.8760274052619934, -0.2112918198108673, 0.8655468225479126, -0.47125884890556335, -0.622141420841217, -0.6255745887756348, -0.38910531997680664, 0.7642416954040527, -0.7511263489723206, -0.635104238986969, 0.890850841999054, -0.6484180688858032, 0.8664770126342773, -0.6815063953399658, 0.358204185962677, -0.3133802115917206, -0.6260713934898376, 0.43583640456199646, 0.21578781306743622, 0.8249411582946777, -0.7953967452049255, -0.15294791758060455, 0.8578948974609375, 0.7401196360588074, -0.3384590744972229, 0.5890548229217529, -0.30451154708862305, 0.8461865186691284, 0.7660213112831116, -0.4138731062412262, -0.6959139704704285, -0.8226799964904785, -0.8039002418518066, 0.8764491081237793, 0.8412876725196838, 0.4651840329170227, 0.7539843916893005, 0.7692840099334717, 0.7171415686607361, 0.8262823820114136, 0.8493874073028564, -0.816311240196228, 0.7893989682197571, 0.8996244668960571, -0.7304744720458984, 0.82851243019104, -0.43076932430267334, 0.8161474466323853, 0.09272171556949615, -0.5886480808258057, 0.31515786051750183, -0.3649056553840637, -0.7365106344223022, -0.2979338467121124, -0.6525956988334656, -0.6944929361343384, -0.20386502146720886, -0.7751513719558716, -0.7611366510391235, 0.7850581407546997, -0.2967469096183777, -0.30289608240127563, -0.261000394821167, 0.5321505069732666, -0.7841511964797974, 0.2621724605560303, -0.5458564758300781, -0.4348268210887909, -0.2438218593597412, -0.7390717267990112, 0.8610000610351562, 0.8119744062423706, 0.8800932168960571, -0.24753150343894958, -0.27884790301322937, 0.8593805432319641, -0.6055480241775513, -0.6515070199966431, -0.20427386462688446, -0.2902337908744812, -0.5874062180519104, -0.6995337009429932, -0.1436607390642166, -0.3509301543235779, -0.2829490303993225, 0.7420316934585571, 0.4116148352622986, 0.8173027038574219, -0.5270733833312988, -0.2702305316925049, -0.272312730550766, 0.8148592710494995, 0.8194582462310791, 0.7683934569358826, 0.8734543919563293, 0.8524729013442993, 0.8904719948768616, -0.03234519064426422, 0.7694230079650879, 0.8269027471542358, 0.7724196910858154, -0.5828323364257812, 0.8265494108200073, 0.8730257749557495, 0.7716131806373596, 0.8494044542312622, -0.621055006980896, -0.26784080266952515, 0.18116337060928345, 0.801356315612793, 0.8826603889465332, 0.797850489616394, 0.589810848236084, 0.8581364750862122, 0.8892941474914551, 0.7787514328956604, 0.9125640392303467, 0.5540809631347656, 0.8076701760292053, 0.8201828002929688, 0.7884379029273987, 0.6135784983634949, 0.8863723278045654, 0.856580376625061, 0.8288957476615906, 0.8352850079536438, 0.854891300201416, 0.8515245318412781, 0.4516611695289612, -0.4567524492740631, -0.11224296689033508, 0.8725048303604126, 0.7599064111709595, 0.8081071376800537, 0.8132063150405884, 0.8106098175048828, 0.8243892192840576, 0.7955697178840637, 0.8514122366905212, 0.905647873878479, 0.7617893815040588, 0.8641140460968018, 0.3547537922859192, 0.08307304978370667, 0.7881714105606079, 0.826609194278717, 0.7287079691886902, 0.8420671224594116, 0.8261131644248962, 0.8476392030715942, 0.882723331451416, 0.7726891040802002, -0.12412033975124359, -0.2621394097805023, -0.10208817571401596, 0.7936611175537109, 0.8360924124717712, 0.8171842098236084, 0.48347926139831543, 0.8039888739585876, 0.8408788442611694, -0.6157760620117188, 0.8184225559234619, 0.9312518835067749, 0.8472669124603271, -0.3649009168148041, 0.7602899074554443, 0.802747368812561, 0.8475449085235596, 0.8166112303733826, 0.9146347045898438, 0.8758136630058289, 0.8723408579826355, -0.19718965888023376, 0.8949011564254761, 0.7957643866539001, -0.6489992141723633, 0.3113500773906708, 0.789900004863739, -0.6406209468841553, 0.8639247417449951, 0.7843664884567261, -0.6376315951347351, 0.8057763576507568, 0.7727053761482239, 0.8921377062797546, 0.8573200106620789, 0.873525083065033, 0.814353346824646, 0.8115420341491699, 0.7977108955383301, 0.8223268985748291, 0.8192059993743896, 0.8387678861618042, 0.7735496163368225, 0.2818807065486908, 0.8550485372543335, 0.7967621088027954, 0.8611338138580322, 0.8174952268600464, -0.8554410934448242, 0.9454050660133362, 0.9982820749282837, 0.9122437834739685, 0.8520689606666565, 0.3669852912425995, 0.28793787956237793, 0.3153480291366577, 0.31160593032836914, 0.2682211697101593, -0.335036963224411, 0.4340674579143524, 0.7583155632019043, 0.8931494951248169, -0.38091832399368286, 0.1346006691455841, 0.20717856287956238, 0.4720996022224426, 0.8790558576583862, 0.40615925192832947, -0.7763510346412659, 0.8709883689880371, 0.07905002683401108, 0.7987498044967651, -0.19152668118476868, 0.36103108525276184, -0.5990190505981445, 0.41376805305480957, 0.007901445031166077, -0.17971636354923248, 0.33584266901016235, 0.18687766790390015, 0.8107234835624695, 0.8014649152755737, 0.8739186525344849, -0.5698057413101196, 0.8920775055885315, -0.21583761274814606, 0.9203553795814514, -0.27995043992996216, 0.882017970085144, 0.8869427442550659, 0.5426573753356934, 0.9153372645378113, 0.9850028157234192, 0.337393581867218, -0.1888195127248764, 0.7990589141845703, -0.2519427537918091, 0.8081179857254028, -0.10114749521017075, 0.9188735485076904, -0.5487833023071289, 0.8109641671180725, 0.3789738416671753, 0.8395286798477173, 0.8485180735588074, 0.8711395263671875, 0.8186094164848328, 0.8360704779624939, 0.829909086227417, 0.20614215731620789, -0.18393903970718384, -0.17343318462371826, 0.4144945442676544, 0.8790066242218018, 0.3544518053531647, 0.37770771980285645, -0.22895285487174988, 0.8969923257827759, 0.297270804643631, 0.3059784770011902, 0.8263053894042969, 0.8085472583770752, 0.8178678750991821, 0.7819324135780334, 0.3281945586204529, 0.26952049136161804, 0.6808264851570129, 0.78887540102005, 0.2479129582643509, 0.9000616669654846, -0.2404630035161972, 0.28295087814331055, 0.5476427674293518, 0.7673636674880981, -0.2687252163887024, 0.319988489151001, 0.9661024212837219, 0.6954079866409302, 0.3729317784309387, 0.3477051258087158, 0.8546092510223389, 0.02934645116329193, 0.6198813915252686, 0.8146244287490845, 0.773157000541687, 0.8249571323394775, 0.7630586624145508, 0.8262268304824829, 0.9327554702758789, 0.7919628620147705, 0.8866382837295532, 0.8533299565315247, 0.9456373453140259, 0.7468292713165283, -0.3556530475616455, -0.10426506400108337, -0.5024926662445068, -0.309942364692688, 0.8046286106109619, 0.7803076505661011, 0.8558617234230042, -0.3739774823188782, 0.8290537595748901, 0.8772861957550049, -0.47620198130607605, -0.019810616970062256, 0.7967327237129211, 0.5754750967025757, -0.35827723145484924, 0.7765152454376221, 0.8227008581161499, 0.8879910707473755, 0.8494758605957031, 0.7877815365791321, 0.8142660856246948, 0.9076991677284241, 0.8017375469207764, -0.3241303563117981, 0.8099216222763062, 0.6988678574562073, 0.4521104097366333, 0.8719412088394165, 0.42057275772094727, 0.8211197257041931, 0.8925809860229492, -0.3718293011188507, 0.28923606872558594, 0.8691157102584839, -0.6198536157608032, 0.6067900657653809, 0.8365705013275146, 0.9208202958106995, 0.8045505285263062, -0.2838055491447449, 0.7448222637176514, 0.8222291469573975, 0.8678850531578064, 0.8403322100639343, 0.8678480386734009, 0.043489422649145126, 0.8600070476531982, 0.7767506837844849, 0.8015652298927307, 0.8427385687828064, 0.8332157135009766, 0.8771560788154602, 0.8372585773468018, -0.26272010803222656, 0.7901390790939331, 0.8174821138381958, 0.8325735330581665, 0.8553960919380188, -0.28046178817749023, 0.7679101824760437, 0.7917336225509644, 0.8462204933166504, 0.8009327054023743, 0.855816662311554, 0.8271999955177307, 0.7645934820175171, 0.8203052282333374, 0.7535740733146667, 0.8000771403312683, 0.7922953963279724, 0.8716428279876709, 0.8589640259742737, 0.8819240927696228, 0.8092961311340332, -0.22564134001731873, -0.336134672164917, 0.849827229976654, 0.8881009221076965, 0.8837229013442993, 0.8355314135551453, 0.8782902956008911, -0.6368635892868042, 0.8620144128799438, 0.8656864166259766, 0.910150408744812, 0.38495033979415894, 0.8314762115478516, 0.7800197601318359, 0.7936693429946899, 0.8523262739181519, -0.30475831031799316, 0.866550624370575, 0.7978721857070923, -0.08676744252443314, 0.9047147035598755, 0.8625621795654297, 0.8534706830978394, 0.8540061116218567, 0.4405895173549652, 0.767432689666748, -0.20958904922008514, 0.813240647315979, 0.8526490330696106, 0.8996317386627197, 0.8246026635169983, 0.8919668197631836, 0.8408512473106384, 0.791085958480835, -0.252963662147522, 0.8374889492988586, 0.8350064754486084, 0.9128999710083008, 0.6777428388595581, 0.8569343090057373, -0.25566616654396057, 0.8279987573623657, 0.5530190467834473, 0.776311993598938, 0.892220675945282, 0.8430317044258118, 0.8230389356613159, 0.8239696025848389, 0.8783984184265137, -0.2061387002468109, 0.8661264181137085, 0.6180177927017212, 0.8155871033668518, 0.3399481177330017, 0.8083754777908325, 0.2449636310338974, 0.7628204822540283, 0.8957920670509338, -0.26615679264068604, 0.8706518411636353, 0.9109859466552734, 0.813348650932312, 0.8564268350601196, 0.8355790376663208, 0.8239498138427734, -0.7833261489868164, 0.8683339357376099, 0.34444066882133484, 0.9048287272453308, -0.5303493738174438, 0.8330236673355103, 0.7083309888839722, 0.42272841930389404, 0.768425464630127, 0.785427987575531, 0.7831714153289795, 0.7796039581298828, 0.929068922996521, 0.8751075863838196, -0.26702576875686646, 0.8741892576217651, 0.8052828907966614, 0.8880258798599243, 0.8219766616821289, 0.819186806678772, 0.8597277402877808, 0.8655785322189331, 0.7720114588737488, 0.8899658918380737, 0.8255261182785034, 0.8051341772079468, 0.7743276953697205, 0.39554309844970703, -0.25205230712890625, 0.8058226108551025, -0.5224224328994751, 0.7931720018386841, 0.8382183313369751, 0.8759921789169312, 0.9103975296020508, 0.7540957927703857, -0.19988776743412018, 0.8207033276557922, 0.8283423781394958, 0.89106285572052, 0.8620517253875732, 0.8079264163970947, 0.8661644458770752, 0.4303104877471924, 0.8154052495956421, -0.7947044372558594, -0.2573640048503876, 0.8567194938659668, 0.858324408531189, 0.8743633031845093, 0.9304425716400146, 0.7629969120025635, 0.858324408531189, 0.8155536651611328, 0.8456689715385437, 0.07870665192604065, 0.7582339644432068, 0.5442252159118652, 0.5225117206573486, 0.8399789929389954, 0.8260408043861389, 0.7028771638870239, 0.8607571721076965, 0.8423949480056763, 0.5839943885803223, 0.8581399917602539, 0.930389404296875, -0.17298254370689392, 0.7617228031158447, 0.7937352657318115, 0.5155657529830933, 0.7785633206367493, 0.8435589075088501, 0.8656768798828125, 0.8122403621673584, 0.795465350151062, 0.46318483352661133, 0.8868944644927979, 0.9102627038955688, 0.7605708837509155, 0.8013749718666077, 0.8792141079902649, 0.6905162334442139, 0.8494668006896973, 0.8263521790504456, 0.8211643695831299, 0.8696335554122925, -0.16497822105884552, 0.8243114948272705, -0.30851444602012634, 0.7995977401733398, 0.8153306245803833, 0.8322860598564148, 0.7769134044647217, 0.8014889359474182, -0.6503366231918335, 0.7482932806015015, 0.8766937851905823, 0.8354870080947876, 0.3195732831954956, 0.781054675579071, 0.8397951722145081, 0.881560206413269, 0.8202364444732666, 0.7984851598739624, 0.8954261541366577, 0.8785269856452942, 0.9242626428604126, 0.9130650758743286, 0.8765895366668701, 0.03995032235980034, 0.8246407508850098, 0.6864362955093384, 0.7423133850097656, 0.8091188669204712, 0.8097282648086548, -0.7412683367729187, 0.7020717859268188, 0.8790555000305176, 0.7346562147140503, 0.23641294240951538, 0.8675267100334167, 0.8217673897743225, 0.8453819155693054, 0.8887695670127869, 0.8597727417945862, 0.8842726945877075, 0.7461048364639282, 0.7727888822555542, 0.7004216909408569, 0.8286423683166504, 0.8793408870697021, 0.8549038767814636, -0.12374871969223022, 0.27776017785072327, 0.908776044845581, 0.8912795782089233, 0.9473393559455872, 0.17509403824806213, 0.8295377492904663, 0.8373818397521973, 0.8800061941146851, 0.8045731782913208, 0.8061940670013428, 0.3075862228870392, 0.809619665145874, 0.7950403690338135, 0.7687724828720093, 0.8930046558380127, 0.7779021859169006, 0.776814341545105, 0.7487996220588684, 0.6594915390014648, -0.051794420927762985, 0.8716570138931274, 0.6182334423065186, 0.6193989515304565, 0.8342443704605103, 0.9411256313323975, 0.4375135898590088, 0.842061460018158, 0.3878580331802368, 0.7476147413253784, -0.036928441375494, 0.8125578761100769, 0.7483962774276733, 0.778488278388977, 0.4627189338207245, 0.8633478283882141, 0.8446215987205505, 0.38801032304763794, 0.8634865283966064, 0.8363730907440186, 0.8341808915138245, 0.6857179403305054, 0.7941291332244873, 0.6337711215019226, 0.7702039480209351, 0.3801330029964447, 0.8504568934440613, 0.8224110007286072, 0.5270688533782959, 0.8174067139625549, 0.7160181403160095, 0.8374692797660828, 0.8605377674102783, 0.8668620586395264, 0.7396053075790405, 0.8022546768188477, 0.7561485171318054, -0.27734875679016113, -0.7245374917984009, 0.838878870010376, 0.45748525857925415, 0.7924478054046631, 0.8640231490135193, 0.3530611991882324, 0.7861853837966919, 0.8484814167022705, 0.8386234641075134, 0.8254418969154358, 0.8739311695098877, 0.7916286587715149, 0.8425250053405762, 0.8308600187301636, 0.4837370812892914, 0.8350600600242615, 0.7787829637527466, 0.8223138451576233, 0.8635480403900146, 0.8385940790176392, 0.816001296043396, 0.7589733600616455, 0.6031584739685059, 0.7574120163917542, -0.15061677992343903, 0.5569806694984436, 0.8619377017021179, 0.8033841848373413, 0.6458638906478882, 0.8369607925415039, 0.4132795035839081, 0.841057300567627, 0.629539430141449, 0.8411216735839844, 0.7860540151596069, 0.637954831123352, 0.8421489000320435, 0.7205214500427246, 0.9059122800827026, -0.6484299898147583, 0.32528236508369446, 0.7409939765930176, 0.41305476427078247, 0.4867672324180603, 0.9471580982208252, 0.7684344053268433, 0.9292618036270142, 0.872532069683075, 0.795140266418457, 0.817692756652832, 0.8310855627059937, 0.8704319000244141, 0.7204008102416992, 0.6765441298484802, 0.8744432330131531, 0.8871983885765076, 0.8536993861198425, 0.5348344445228577, 0.3789088726043701, -0.39714545011520386, 0.25091850757598877, 0.8049548268318176, -0.23032400012016296, 0.7875872254371643, 0.8165468573570251, -0.6146885752677917, 0.48527854681015015, 0.8934101462364197, 0.4903193414211273, 0.7935266494750977, 0.6918923258781433, 0.8137546181678772, -0.501960039138794, 0.8087149858474731, 0.7566388249397278, 0.4516935348510742, 0.8490367531776428, -0.4180649220943451, 0.5935006141662598, 0.7600482702255249, 0.6898050308227539, 0.814603328704834, 0.5827986001968384, 0.8126659989356995, 0.6802107095718384, 0.8426845073699951, 0.85813969373703, -0.10985107719898224, 0.6443566083908081, 0.8066942095756531, 0.7403349280357361, 0.8314356803894043, 0.5355539321899414, 0.4956403970718384, 0.744800865650177, 0.43827635049819946, 0.48221054673194885, 0.8059946894645691, 0.712658166885376, 0.6732094287872314, 0.8042244911193848, 0.8035917282104492, -0.31549227237701416, 0.8445653915405273, 0.5200745463371277, -0.6532867550849915, 0.831066370010376, 0.7596845030784607, 0.46397557854652405, -0.5360639691352844, -0.26171115040779114, -0.5967533588409424, -0.5328978896141052, 0.7903378009796143, 0.6694530248641968, 0.7381910085678101, 0.7861667275428772, 0.7426719069480896, 0.7207151651382446, 0.8231576085090637, 0.4775025248527527, 0.3691934049129486, 0.43979179859161377, 0.6735451817512512, 0.8229861259460449, 0.7706243395805359, 0.753795325756073, 0.7353651523590088, 0.8412685394287109, 0.4306064248085022, 0.7875341176986694, 0.7037752270698547, 0.3790264129638672, 0.7950901985168457, -0.05142076313495636, 0.7586140036582947, 0.7664053440093994, 0.8189213871955872, 0.8963272571563721, 0.880226194858551, 0.8095412850379944, 0.5228978395462036, 0.6199178695678711, 0.7963582277297974, 0.7349910736083984, 0.7662795782089233, 0.8432328104972839, -0.47931936383247375, 0.7469221949577332, 0.8306674957275391, 0.39316606521606445, 0.7766317129135132, 0.7107376456260681, 0.8135347366333008, 0.7911008596420288, 0.8085125088691711, 0.8038151264190674, 0.8398933410644531, 0.8191003799438477, 0.7757704854011536, 0.7889033555984497, 0.8443155288696289, 0.26700809597969055, -0.5703369975090027, -0.23410028219223022, -0.6078072190284729, 0.5176922678947449, 0.8581031560897827, 0.8431971073150635, 0.8019523024559021, 0.8183364868164062, -0.6823477149009705, 0.8875568509101868, 0.8054718971252441, 0.24740125238895416, 0.8579561710357666, 0.8375680446624756, 0.8143725395202637, 0.23836098611354828, 0.8616043925285339, 0.8622114658355713, 0.8304667472839355, -0.5998077988624573, 0.8802065849304199, 0.8014696836471558, -0.6166532635688782, 0.7443113327026367, 0.8411311507225037, 0.724754810333252, 0.6969621181488037, 0.8242429494857788, 0.2426775097846985, 0.7990412712097168, -0.002032272517681122, 0.8406268358230591, 0.8038367629051208, -0.797092080116272, -0.7174699306488037, 0.8026891350746155, -0.36464524269104004, 0.793573260307312, 0.8197734355926514, -0.43945157527923584, -0.7974826693534851, -0.7359229326248169, 0.2607691287994385, 0.8548470735549927, 0.815649151802063, 0.8226142525672913, 0.8323805332183838, 0.9389165043830872, 0.805577278137207, -0.7036880254745483, 0.8246144652366638, -0.6775401830673218, 0.7624105215072632, 0.3197106420993805, 0.3682652413845062, 0.8074178695678711, 0.7710411548614502, 0.8485909104347229, 0.8027863502502441, 0.8427774906158447, 0.8373682498931885, 0.8763473033905029, 0.7859362363815308, 0.8526865243911743, 0.7933490872383118, -0.6136041283607483, 0.8773998022079468, 0.17961713671684265, 0.8823860287666321, 0.8051382899284363, 0.7863591909408569, 0.40284717082977295, 0.8574919700622559, 0.8610212802886963, 0.8758922815322876, -0.5573839545249939, -0.30770084261894226, 0.8224878311157227, 0.8344039916992188, 0.8004512786865234, 0.8518472909927368, 0.8554874062538147, 0.8481006622314453, 0.6955000758171082, 0.81778484582901, 0.7570130825042725, -0.6765444278717041, -0.630217969417572, 0.9134913682937622, 0.15808606147766113, 0.8668373823165894, -0.007970981299877167, 0.7719516754150391, 0.7957616448402405, 0.8008460998535156, -0.7543363571166992, 0.3435107469558716, 0.8035299777984619, -0.5336246490478516, 0.8174769878387451, -0.13099196553230286, 0.14153864979743958, 0.09346126019954681, 0.850470781326294, 0.8101065158843994, 0.8268933892250061, -0.6124187111854553, -0.55427086353302, 0.9063581228256226, -0.5932693481445312, -0.26944735646247864, -0.6010488271713257, -0.6287281513214111, 0.8123995661735535, 0.7270470261573792, 0.8744051456451416, 0.8442928791046143, 0.7609348297119141, -0.5892013311386108, -0.4687386155128479, -0.5879919528961182, -0.6053488254547119, -0.527060329914093, 0.8719403743743896, 0.7035245299339294, 0.7257797718048096, 0.8506835699081421, 0.7620244026184082, 0.8475533723831177, 0.39985060691833496, -0.5833995342254639, 0.7900425791740417, -0.04025992751121521, -0.33154693245887756, 0.8806443214416504, -0.5864226818084717, -0.5934385657310486, -0.09785671532154083, 0.8525975346565247, 0.8451628684997559, 0.7822788953781128, -0.6170783042907715, 0.8862646818161011, 0.1252908557653427, 0.8220139145851135, 0.8569619059562683, 0.8764610290527344, -0.5761719942092896, -0.643736720085144, -0.5338072180747986, 0.8751639127731323, 0.7818093299865723, 0.7540525197982788, 0.8774678707122803, -0.18394619226455688, 0.890947699546814, 0.8785346150398254, 0.7709072828292847, 0.6616460084915161, -0.6150230765342712, 0.6701250076293945, -0.614942193031311, 0.8931783437728882, -0.8184560537338257, 0.7854107618331909, 0.7883989810943604, 0.4852314591407776, 0.8599724769592285, -0.5751246213912964, 0.8426220417022705, -0.5666197538375854, 0.8729969263076782, 0.7731095552444458, -0.6454148292541504, -0.6300908923149109, 0.8611286878585815, -0.5507388114929199, -0.47661399841308594, -0.6448829174041748, 0.8262217044830322, 0.7704024910926819, 0.8098077178001404, 0.8694710731506348, 0.7967239022254944, 0.819838285446167, 0.7827322483062744, 0.7638749480247498, 0.19196413457393646, 0.8211659789085388, -0.38760024309158325, 0.16406236588954926, 0.895440936088562, -0.5869917869567871, 0.8442394137382507, 0.41662120819091797, 0.9230072498321533, 0.8499668836593628, -0.283883661031723, -0.026023291051387787, 0.8487439751625061, 0.8506709337234497, 0.11130484938621521, -0.4244624972343445, 0.6721264123916626, -0.1771283745765686, 0.8583188056945801, 0.6113131046295166, 0.8801798224449158, 0.8306021690368652, 0.4344978928565979, 0.8124013543128967, -0.8087440133094788, 0.5859758853912354, 0.8345606327056885, 0.46316200494766235, 0.815078616142273, -0.5322147607803345, -0.830737829208374, 0.8345303535461426, 0.7104709148406982, 0.8627681136131287, 0.8499699831008911, -0.23953041434288025, 0.6544128060340881, 0.13683918118476868, -0.16276055574417114, 0.8736603260040283, 0.40321701765060425, 0.739132285118103, 0.5193948745727539, 0.8960468769073486, 0.4664798378944397, -0.19820065796375275, 0.8966186046600342, 0.8164717555046082, 0.8220168352127075, 0.8728992938995361, 0.06894703209400177, 0.8707252740859985, 0.8406702876091003, 0.841708779335022, 0.839258074760437, 0.4595075845718384, 0.8794127702713013, 0.8614484071731567, 0.48767539858818054, -0.03380327671766281, 0.8784977197647095, 0.8864296078681946, 0.2423880398273468, 0.875866174697876, 0.5892897248268127, 0.8565895557403564, 0.8183085918426514, -0.38657209277153015, -0.230142280459404, 0.7834135293960571, 0.4542962908744812, -0.19490531086921692, -0.43829870223999023, 0.4013981223106384, 0.5075181722640991, -0.6266172528266907, 0.8462495803833008, -0.732207179069519, 0.819915235042572, 0.7326676845550537, 0.8941621780395508, -0.20995968580245972, -0.07406766712665558, -0.720024049282074, 0.8035266399383545, -0.08707450330257416, 0.8521476984024048, 0.8891152739524841, 0.7434204816818237, 0.8728606700897217, 0.8461148738861084, -0.6046158075332642, 0.291279137134552, 0.8451613187789917, 0.806431233882904, 0.8401410579681396, -0.5373054146766663, -0.033992186188697815, 0.8120583891868591, 0.7762024402618408, 0.37182390689849854, 0.4119613766670227, 0.47025078535079956, 0.8415926694869995, 0.4242820739746094, 0.885395884513855]
